{
  "betas": [
    -0.9063103795051575,
    0.9333333969116211,
    1.4664727449417114,
    -0.021480649709701538,
    0.06812271475791931,
    0.19207990169525146,
    0.39472296833992004,
    0.4951668679714203,
    0.09696202725172043,
    0.9249590039253235
  ],
  "joints": [
    [
      0.9542195200920105,
      -0.29629483819007874,
      0.040919579565525055,
      0.29677316546440125,
      0.954928994178772,
      -0.006017424166202545,
      -0.03729236498475075,
      0.017885778099298477,
      0.9991442561149597
    ],
    [
      0.9606808423995972,
      0.24399207532405853,
      -0.13251478970050812,
      -0.22260798513889313,
      0.9620836973190308,
      0.1576092690229416,
      0.16594572365283966,
      -0.1219133585691452,
      0.9785699844360352
    ],
    [
      0.9998994469642639,
      0.002895686076954007,
      0.013883870095014572,
      -0.0015603184001520276,
      0.9954527616500854,
      -0.09524384886026382,
      -0.014096532016992569,
      0.09521260112524033,
      0.9953571557998657
    ],
    [
      0.9999862909317017,
      -0.005153919104486704,
      -0.0009562305640429258,
      0.004965729080140591,
      0.9898393154144287,
      -0.14210358262062073,
      0.0016789039364084601,
      0.1420968770980835,
      0.9898513555526733
    ],
    [
      0.9996816515922546,
      -0.00015574834833387285,
      -0.025231607258319855,
      -0.007587254047393799,
      0.9518455266952515,
      -0.3064841032028198,
      0.024064328521490097,
      0.3065779507160187,
      0.9515413045883179
    ],
    [
      0.9934250116348267,
      -0.03616144135594368,
      -0.10862396657466888,
      0.03720484673976898,
      0.9992788434028625,
      0.007593876216560602,
      0.10827101767063141,
      -0.01158528495579958,
      0.9940539598464966
    ],
    [
      0.9965503215789795,
      0.00958742294460535,
      0.08243393152952194,
      -0.0037834991235285997,
      0.9975203275680542,
      -0.07027702778577805,
      -0.08290330320596695,
      0.0697227194905281,
      0.9941154718399048
    ],
    [
      0.9297934174537659,
      -0.3591442108154297,
      -0.0806206688284874,
      0.35081127285957336,
      0.9309539794921875,
      -0.1012730747461319,
      0.11142575740814209,
      0.06588039547204971,
      0.9915867447853088
    ],
    [
      0.9994800686836243,
      0.029100367799401283,
      0.01388460211455822,
      -0.029246527701616287,
      0.9995177388191223,
      0.010442578233778477,
      -0.013574021868407726,
      -0.010843224823474884,
      0.9998491406440735
    ],
    [
      0.9804688692092896,
      -0.14254580438137054,
      0.13550440967082977,
      0.053838249295949936,
      0.8571908473968506,
      0.5121769905090332,
      -0.18916183710098267,
      -0.49487829208374023,
      0.8481233716011047
    ],
    [
      0.9315100908279419,
      0.3579840660095215,
      0.06431490182876587,
      -0.3489089906215668,
      0.9294474720954895,
      -0.11995825916528702,
      -0.10272045433521271,
      0.08930227160453796,
      0.9906935691833496
    ],
    [
      0.9933282732963562,
      0.032602135092020035,
      -0.11061646789312363,
      -0.019853360950946808,
      0.9932301640510559,
      0.11445419490337372,
      0.11359905451536179,
      -0.11149448156356812,
      0.9872508645057678
    ],
    [
      0.908859133720398,
      0.12680718302726746,
      -0.3973599672317505,
      -0.021992556750774384,
      0.9659098386764526,
      0.2579428553581238,
      0.41652292013168335,
      -0.22569476068019867,
      0.8806647658348083
    ],
    [
      0.8912854194641113,
      -0.2052232176065445,
      0.4043435752391815,
      0.14906103909015656,
      0.9747663140296936,
      0.16616736352443695,
      -0.4282418191432953,
      -0.08783066272735596,
      0.8993858098983765
    ],
    [
      0.999049961566925,
      -0.03621295094490051,
      -0.02424779161810875,
      0.038540925830602646,
      0.9938659071922302,
      0.1036587730050087,
      0.020345263183116913,
      -0.10449481010437012,
      0.994317352771759
    ],
    [
      0.28830763697624207,
      0.7195316553115845,
      -0.6317854523658752,
      -0.7881326079368591,
      0.5530333518981934,
      0.2701871991157532,
      0.5438066720962524,
      0.42003366351127625,
      0.7265300750732422
    ],
    [
      0.4556819200515747,
      -0.7567685842514038,
      0.46867403388023376,
      0.7532015442848206,
      0.6084028482437134,
      0.250066876411438,
      -0.4743853509426117,
      0.23905503749847412,
      0.8472374677658081
    ],
    [
      0.003394578117877245,
      -0.41883718967437744,
      -0.9080550074577332,
      0.18732084333896637,
      0.8922525644302368,
      -0.41084814071655273,
      0.9822929501533508,
      -0.16870296001434326,
      0.08148575574159622
    ],
    [
      0.06876517087221146,
      0.42529797554016113,
      0.9024372100830078,
      -0.22812069952487946,
      0.8873156905174255,
      -0.40078890323638916,
      -0.971201479434967,
      -0.17830431461334229,
      0.15803568065166473
    ],
    [
      0.9056845307350159,
      -0.28217509388923645,
      0.31640613079071045,
      0.38153475522994995,
      0.8678914904594421,
      -0.3181126117706299,
      -0.18484272062778473,
      0.40882956981658936,
      0.8936955332756042
    ],
    [
      0.9215619564056396,
      0.3812240660190582,
      -0.07342944294214249,
      -0.3840774595737457,
      0.8676514029502869,
      -0.31569862365722656,
      -0.056640736758708954,
      0.31913837790489197,
      0.9460141062736511
    ],
    [
      0.9827486872673035,
      0.0011881523532792926,
      -0.18494196236133575,
      0.003559461794793606,
      0.9996726512908936,
      0.025336705148220062,
      0.18491151928901672,
      -0.025557909160852432,
      0.9824227690696716
    ],
    [
      0.9766826033592224,
      -0.05108275264501572,
      0.20852228999137878,
      0.056580040603876114,
      0.9981879591941833,
      -0.02048000879585743,
      -0.20709827542304993,
      0.03180066868662834,
      0.9778030514717102
    ]
  ],
  "root_rot": [
    -0.8944128155708313,
    -0.04507739841938019,
    -0.4449649155139923,
    0.07747065275907516,
    -0.9954833388328552,
    -0.054873861372470856,
    -0.44048163294792175,
    -0.08355160802602768,
    0.8938652276992798
  ],
  "root_trans": [
    -0.500569224357605,
    0.4936085045337677,
    2.341472864151001
  ]
}