{
  "betas": [
    -0.9813695549964905,
    0.7014768719673157,
    1.4220871925354004,
    0.33013224601745605,
    0.1448509693145752,
    -0.4065723717212677,
    -0.4196271300315857,
    0.6738371849060059,
    0.3264099657535553,
    0.7236263751983643
  ],
  "joints": [
    [
      0.9639514088630676,
      -0.26554229855537415,
      0.016884874552488327,
      0.26495540142059326,
      0.9521230459213257,
      -0.15251362323760986,
      0.024422338232398033,
      0.15148943662643433,
      0.9881572127342224
    ],
    [
      0.9866825342178345,
      0.15382365882396698,
      -0.052877143025398254,
      -0.1274208426475525,
      0.9330097436904907,
      0.3365364670753479,
      0.10110216587781906,
      -0.3253169655799866,
      0.9401847720146179
    ],
    [
      0.9978210926055908,
      -0.038092754781246185,
      0.053868841379880905,
      0.04252118244767189,
      0.9955913424491882,
      -0.08360560983419418,
      -0.050446584820747375,
      0.08571401983499527,
      0.9950417876243591
    ],
    [
      0.9861621856689453,
      -0.019005699083209038,
      -0.16469061374664307,
      -0.014626570045948029,
      0.979558527469635,
      -0.20062683522701263,
      0.1651371568441391,
      0.20025944709777832,
      0.9657256007194519
    ],
    [
      0.9978762865066528,
      -0.06371467560529709,
      -0.01354561373591423,
      0.05086278170347214,
      0.8920605182647705,
      -0.4490446150302887,
      0.040694236755371094,
      0.4474019408226013,
      0.8934067487716675
    ],
    [
      0.9985207319259644,
      -0.026874681934714317,
      -0.04726742208003998,
      0.02003272995352745,
      0.9899930953979492,
      -0.1396872103214264,
      0.05054846405982971,
      0.13853366672992706,
      0.989067018032074
    ],
    [
      0.9854921102523804,
      0.09913566708564758,
      0.13775821030139923,
      -0.13215844333171844,
      0.9574975967407227,
      0.25638362765312195,
      -0.10648638755083084,
      -0.27087000012397766,
      0.9567079544067383
    ],
    [
      0.9009061455726624,
      -0.2744806408882141,
      -0.3361969590187073,
      0.33566880226135254,
      0.9316933751106262,
      0.13883019983768463,
      0.27512630820274353,
      -0.23792384564876556,
      0.9315028786659241
    ],
    [
      0.9967313408851624,
      -0.008166478015482426,
      0.08037347346544266,
      0.006038533989340067,
      0.9996256828308105,
      0.026683224365115166,
      -0.08056129515171051,
      -0.02611066959798336,
      0.9964075684547424
    ],
    [
      0.9073646664619446,
      -0.38376104831695557,
      0.17151351273059845,
      0.20328721404075623,
      0.7577692270278931,
      0.6200485229492188,
      -0.36791813373565674,
      -0.5277435779571533,
      0.7655867338180542
    ],
    [
      0.8325800895690918,
      0.3064068555831909,
      0.4614381492137909,
      -0.41948413848876953,
      0.8928205370903015,
      0.16402588784694672,
      -0.36172279715538025,
      -0.3301306962966919,
      0.8718774318695068
    ],
    [
      0.906251847743988,
      -0.012334810569882393,
      -0.4225582182407379,
      0.01465360913425684,
      0.9998900890350342,
      0.0022397013381123543,
      0.4224841594696045,
      -0.008221736177802086,
      0.9063329696655273
    ],
    [
      0.9336850643157959,
      0.33516809344291687,
      0.12607355415821075,
      -0.3313608765602112,
      0.9421420693397522,
      -0.05067862942814827,
      -0.13576506078243256,
      0.005542032886296511,
      0.990725576877594
    ],
    [
      0.8877661824226379,
      -0.3905187249183655,
      0.24365195631980896,
      0.3850247263908386,
      0.9201052188873291,
      0.07184979319572449,
      -0.25224411487579346,
      0.030026210471987724,
      0.9671976566314697
    ],
    [
      0.9957683682441711,
      0.007879659533500671,
      -0.09156064689159393,
      -0.0010777803836390376,
      0.9972500801086426,
      0.0741015300154686,
      0.091892771422863,
      -0.07368927448987961,
      0.9930385947227478
    ],
    [
      0.6335669755935669,
      0.7504819631576538,
      -0.188068225979805,
      -0.7268782258033752,
      0.49411341547966003,
      -0.4769696295261383,
      -0.2650301158428192,
      0.43889492750167847,
      0.8585629463195801
    ],
    [
      0.8155971169471741,
      -0.47750332951545715,
      0.32679033279418945,
      0.4396246075630188,
      0.8785886764526367,
      0.1865798681974411,
      -0.37620681524276733,
      -0.008508939296007156,
      0.9264966249465942
    ],
    [
      -0.2935240864753723,
      -0.2878059446811676,
      -0.9115982055664062,
      0.025705387815833092,
      0.9508817195892334,
      -0.308485209941864,
      0.9556059837341309,
      -0.11398082226514816,
      -0.27170851826667786
    ],
    [
      0.5135178565979004,
      0.2290317267179489,
      0.8269485235214233,
      -0.5636484622955322,
      0.8166808485984802,
      0.12382606416940689,
      -0.6469928026199341,
      -0.5296952128410339,
      0.548473596572876
    ],
    [
      0.9475440979003906,
      -0.3087140619754791,
      0.08279905468225479,
      0.3138033449649811,
      0.8493132591247559,
      -0.4244931936264038,
      0.06072466820478439,
      0.42820870876312256,
      0.9016372561454773
    ],
    [
      0.9277417659759521,
      0.3356161415576935,
      -0.16326971352100372,
      -0.3684494197368622,
      0.7538509368896484,
      -0.5440163016319275,
      -0.05949960649013519,
      0.5648632645606995,
      0.8230365514755249
    ],
    [
      0.8957140445709229,
      0.06862988322973251,
      -0.4393021762371063,
      -0.09470360726118088,
      0.9947920441627502,
      -0.03768453747034073,
      0.43442797660827637,
      0.0753580704331398,
      0.8975486755371094
    ],
    [
      0.9786468148231506,
      -0.11229689419269562,
      0.17216229438781738,
      0.07482478022575378,
      0.9747354388237,
      0.21045687794685364,
      -0.19144634902477264,
      -0.19308094680309296,
      0.962324321269989
    ]
  ],
  "root_rot": [
    0.823530375957489,
    0.03339235484600067,
    -0.5662884712219238,
    0.02908594347536564,
    -0.9994385242462158,
    -0.016635416075587273,
    -0.5665259957313538,
    -0.0027712651062756777,
    -0.8240392208099365
  ],
  "root_trans": [
    -0.7113128900527954,
    0.545440673828125,
    2.426762819290161
  ]
}