{
  "betas": [
    -0.7486611008644104,
    1.0346993207931519,
    1.639812707901001,
    0.21075105667114258,
    0.37745681405067444,
    -0.1317846179008484,
    -0.11351996660232544,
    0.9520087242126465,
    0.2080925852060318,
    1.2119226455688477
  ],
  "joints": [
    [
      0.9797366857528687,
      -0.19576777517795563,
      -0.04232074320316315,
      0.1927020102739334,
      0.9789457321166992,
      -0.06731446832418442,
      0.05460771173238754,
      0.05779515951871872,
      0.9968339204788208
    ],
    [
      0.9910793304443359,
      0.11468885838985443,
      0.06788407266139984,
      -0.1167694553732872,
      0.5017440915107727,
      0.8570985198020935,
      0.06423921883106232,
      -0.8573793768882751,
      0.5106603503227234
    ],
    [
      0.99555504322052,
      -0.0713912695646286,
      -0.06142822653055191,
      0.05586298927664757,
      0.9727256894111633,
      -0.22513142228126526,
      0.07582522183656693,
      0.22069916129112244,
      0.9723901152610779
    ],
    [
      0.9937617778778076,
      0.008741755038499832,
      -0.1111796647310257,
      -0.06893709301948547,
      0.83179771900177,
      -0.5507814288139343,
      0.08766420185565948,
      0.5550100207328796,
      0.8272114396095276
    ],
    [
      0.9575414061546326,
      -0.26983827352523804,
      0.10149799287319183,
      0.09367679059505463,
      -0.04174135997891426,
      -0.9947272539138794,
      0.27265214920043945,
      0.9620004892349243,
      -0.014691497199237347
    ],
    [
      0.996224582195282,
      -0.01751622185111046,
      -0.08502806723117828,
      0.007979041896760464,
      0.993762195110321,
      -0.1112343966960907,
      0.08644608408212662,
      0.1101359948515892,
      0.9901500940322876
    ],
    [
      0.9982349276542664,
      0.04487210884690285,
      0.038905151188373566,
      -0.05400703847408295,
      0.9583745002746582,
      0.28035974502563477,
      -0.024705374613404274,
      -0.28196603059768677,
      0.9591063261032104
    ],
    [
      0.9060478806495667,
      -0.3579801321029663,
      -0.22567105293273926,
      0.2739145755767822,
      0.9026103615760803,
      -0.3320622742176056,
      0.3225647211074829,
      0.2390497624874115,
      0.9158641695976257
    ],
    [
      0.9999401569366455,
      0.010213547386229038,
      -0.003920858725905418,
      -0.01011176872998476,
      0.9996324181556702,
      0.025155333802103996,
      0.004176342859864235,
      -0.025114182382822037,
      0.9996758699417114
    ],
    [
      0.9151352643966675,
      -0.38079074025154114,
      0.1323850154876709,
      0.2370539754629135,
      0.7738785147666931,
      0.5872967839241028,
      -0.326087087392807,
      -0.5060736536979675,
      0.7984714508056641
    ],
    [
      0.8440107107162476,
      0.30247536301612854,
      0.4428933560848236,
      -0.42009225487709045,
      0.8862131237983704,
      0.1953173577785492,
      -0.33341920375823975,
      -0.35090601444244385,
      0.8750409483909607
    ],
    [
      0.9577111601829529,
      -0.10875997692346573,
      -0.266384094953537,
      0.07995881140232086,
      0.9899424910545349,
      -0.11670618504285812,
      0.2763979136943817,
      0.09047107398509979,
      0.9567753076553345
    ],
    [
      0.9445362091064453,
      0.32528063654899597,
      -0.045208126306533813,
      -0.324410080909729,
      0.9455694556236267,
      0.025623120367527008,
      0.05108213052153587,
      -0.009535995312035084,
      0.9986488819122314
    ],
    [
      0.9217284917831421,
      -0.0785086378455162,
      0.37980642914772034,
      0.027151716873049736,
      0.989956796169281,
      0.13873818516731262,
      -0.3868841230869293,
      -0.1175665408372879,
      0.914603054523468
    ],
    [
      0.9914618730545044,
      -0.016384705901145935,
      0.12936310470104218,
      0.013623841106891632,
      0.9996607303619385,
      0.02219819463789463,
      -0.12968294322490692,
      -0.020246243104338646,
      0.9913487434387207
    ],
    [
      0.6705852150917053,
      0.6895759701728821,
      -0.2734968364238739,
      -0.7384147047996521,
      0.5851256847381592,
      -0.3352188766002655,
      -0.07112884521484375,
      0.42674684524536133,
      0.9015697240829468
    ],
    [
      0.788277268409729,
      -0.2971538007259369,
      0.5388122200965881,
      0.22636394202709198,
      0.9542984366416931,
      0.19512523710727692,
      -0.572169840335846,
      -0.031845130026340485,
      0.819516658782959
    ],
    [
      -0.41009727120399475,
      -0.32846224308013916,
      -0.8508424162864685,
      -0.1347322016954422,
      0.9444810748100281,
      -0.2996712625026703,
      0.902035117149353,
      -0.008258499205112457,
      -0.43158355355262756
    ],
    [
      -0.632396936416626,
      0.14342938363552094,
      0.761250376701355,
      -0.10594731569290161,
      0.9574602842330933,
      -0.26841193437576294,
      -0.7673651576042175,
      -0.2503953278064728,
      -0.5902990102767944
    ],
    [
      0.9563707709312439,
      -0.2836456596851349,
      0.0700000524520874,
      0.2914065420627594,
      0.9089868068695068,
      -0.29803547263145447,
      0.020907361060380936,
      0.30543091893196106,
      0.9519845843315125
    ],
    [
      0.9667490124702454,
      0.25088071823120117,
      0.04955034703016281,
      -0.2125825434923172,
      0.8961169123649597,
      -0.38959354162216187,
      -0.14214441180229187,
      0.3661056458950043,
      0.9196529984474182
    ],
    [
      0.8326241374015808,
      0.3332759439945221,
      -0.44233956933021545,
      -0.15946783125400543,
      0.9091207385063171,
      0.38479799032211304,
      0.5303840041160583,
      -0.24985313415527344,
      0.810102641582489
    ],
    [
      0.9406112432479858,
      -0.2581704258918762,
      0.22045083343982697,
      0.154811292886734,
      0.9041120409965515,
      0.3982648253440857,
      -0.3021324872970581,
      -0.340484082698822,
      0.890385627746582
    ]
  ],
  "root_rot": [
    0.5600729584693909,
    0.30906814336776733,
    -0.7686320543289185,
    0.2568407356739044,
    -0.9468669295310974,
    -0.19358663260936737,
    -0.7876238226890564,
    -0.08899341523647308,
    -0.6096958518028259
  ],
  "root_trans": [
    -0.5207589864730835,
    0.5427924990653992,
    2.4441514015197754
  ]
}