{
  "betas": [
    -0.7401192784309387,
    1.5149744749069214,
    1.6885136365890503,
    0.48015403747558594,
    -0.03194892406463623,
    -0.3391859531402588,
    0.0862511396408081,
    0.7068506479263306,
    0.3598252236843109,
    1.0610148906707764
  ],
  "joints": [
    [
      0.9682694673538208,
      -0.23368360102176666,
      -0.08857889473438263,
      0.24828901886940002,
      0.9398249983787537,
      0.23469451069831848,
      0.028404397889971733,
      -0.2492406964302063,
      0.9680249094963074
    ],
    [
      0.9779495000839233,
      0.18378084897994995,
      -0.09919346123933792,
      -0.1787581890821457,
      0.9822160005569458,
      0.05742282420396805,
      0.10798260569572449,
      -0.03842497989535332,
      0.9934099912643433
    ],
    [
      0.9950883984565735,
      -0.019692767411470413,
      0.09701129049062729,
      0.028332095593214035,
      0.9956732988357544,
      -0.08849877119064331,
      -0.09484876692295074,
      0.09081264585256577,
      0.9913408756256104
    ],
    [
      0.9982448220252991,
      0.01823439449071884,
      -0.0563446544110775,
      -0.03600028157234192,
      0.9422875046730042,
      -0.33286362886428833,
      0.047023311257362366,
      0.33430784940719604,
      0.9412900805473328
    ],
    [
      0.9974368214607239,
      0.029294444248080254,
      0.06528079509735107,
      -0.005556490737944841,
      0.9413062930107117,
      -0.33750802278518677,
      -0.07133632898330688,
      0.3362801969051361,
      0.9390563368797302
    ],
    [
      0.9924417734146118,
      -0.028395837172865868,
      -0.11938609182834625,
      0.025593571364879608,
      0.9993612170219421,
      -0.024940595030784607,
      0.12001805007457733,
      0.02169656939804554,
      0.9925345778465271
    ],
    [
      0.9961066246032715,
      0.08415966480970383,
      0.026242099702358246,
      -0.0837281346321106,
      0.996341347694397,
      -0.017132798209786415,
      -0.027587980031967163,
      0.01486889272928238,
      0.9995087385177612
    ],
    [
      0.9045944809913635,
      -0.3706364035606384,
      -0.2105647176504135,
      0.4115995466709137,
      0.887942373752594,
      0.2052903026342392,
      0.11088129132986069,
      -0.2723728120326996,
      0.9557815790176392
    ],
    [
      0.9988769292831421,
      0.007717179600149393,
      0.046745482832193375,
      -0.008055678568780422,
      0.9999426603317261,
      0.007057306822389364,
      -0.04668834060430527,
      -0.007425948977470398,
      0.9988818168640137
    ],
    [
      0.9211027026176453,
      -0.3167036473751068,
      0.226425439119339,
      0.181537464261055,
      0.8638879060745239,
      0.46983152627944946,
      -0.34440362453460693,
      -0.3916584253311157,
      0.8532230854034424
    ],
    [
      0.8472319841384888,
      0.4615601599216461,
      0.2629832625389099,
      -0.4772695004940033,
      0.8787444233894348,
      -0.004697663709521294,
      -0.2332633137702942,
      -0.12153387814760208,
      0.9647889733314514
    ],
    [
      0.9710236191749573,
      -0.007395291700959206,
      -0.2388690859079361,
      -0.004624309949576855,
      0.9987525343894958,
      -0.04971921443939209,
      0.23893879354000092,
      0.04938313737511635,
      0.9697781205177307
    ],
    [
      0.955459475517273,
      0.2199832648038864,
      0.1967344731092453,
      -0.21533866226673126,
      0.9755034446716309,
      -0.04496951401233673,
      -0.20180770754814148,
      0.000602010521106422,
      0.9794248938560486
    ],
    [
      0.9450847506523132,
      -0.3266412317752838,
      0.010968725197017193,
      0.3267621695995331,
      0.9437097907066345,
      -0.05136469751596451,
      0.00642653601244092,
      0.05212815850973129,
      0.9986197352409363
    ],
    [
      0.9881181120872498,
      -0.12953242659568787,
      -0.08272780478000641,
      0.1290455162525177,
      0.9915750622749329,
      -0.011228593066334724,
      0.08348529785871506,
      0.0004195249348413199,
      0.9965088367462158
    ],
    [
      0.5748319029808044,
      0.7578297257423401,
      -0.3086460828781128,
      -0.8179029822349548,
      0.5208125114440918,
      -0.24451801180839539,
      -0.024556288495659828,
      0.3929992914199829,
      0.9192108511924744
    ],
    [
      0.7025256156921387,
      -0.6705237030982971,
      0.2384444624185562,
      0.6848509311676025,
      0.7280797958374023,
      0.029648033902049065,
      -0.1934863030910492,
      0.14247041940689087,
      0.9707034826278687
    ],
    [
      0.10349980741739273,
      -0.2845172882080078,
      -0.9530675411224365,
      -0.152024507522583,
      0.9424295425415039,
      -0.2978508770465851,
      0.9829427003860474,
      0.17571713030338287,
      0.05428767576813698
    ],
    [
      0.9955710768699646,
      -0.045680269598960876,
      0.08216755837202072,
      0.060376543551683426,
      0.9806215763092041,
      -0.1863761693239212,
      -0.07206156104803085,
      0.19051171839237213,
      0.9790365099906921
    ],
    [
      0.9750771522521973,
      -0.11199253052473068,
      0.19152630865573883,
      0.18726307153701782,
      0.8783800005912781,
      -0.4397513270378113,
      -0.11898399889469147,
      0.4646572470664978,
      0.8774603605270386
    ],
    [
      0.9958314299583435,
      0.030682001262903214,
      -0.08589759469032288,
      -0.06757857650518417,
      0.8806697130203247,
      -0.4688859283924103,
      0.06126106157898903,
      0.4727361500263214,
      0.8790720105171204
    ],
    [
      0.7703460454940796,
      0.34174463152885437,
      -0.5383099913597107,
      -0.3132838010787964,
      0.9381707906723022,
      0.14727172255516052,
      0.555355966091156,
      0.05519362539052963,
      0.8297792077064514
    ],
    [
      0.9262714385986328,
      -0.3226224482059479,
      0.19477182626724243,
      0.2628098130226135,
      0.9234127402305603,
      0.2797141373157501,
      -0.2700968086719513,
      -0.20790325105190277,
      0.940119206905365
    ]
  ],
  "root_rot": [
    -0.7291303873062134,
    0.024535994976758957,
    0.6839348077774048,
    -0.08741133660078049,
    -0.9945108890533447,
    -0.05750979855656624,
    0.6787695288658142,
    -0.1017158031463623,
    0.7272728085517883
  ],
  "root_trans": [
    -1.1210429668426514,
    0.529437243938446,
    2.6348395347595215
  ]
}