{
  "betas": [
    -0.5705203413963318,
    0.6211968660354614,
    1.1444629430770874,
    0.31202369928359985,
    0.4525167942047119,
    0.3202958106994629,
    0.1334938406944275,
    0.2535131573677063,
    0.1471916139125824,
    0.7395209074020386
  ],
  "joints": [
    [
      0.9538295269012451,
      -0.29945048689842224,
      -0.023209528997540474,
      0.29907774925231934,
      0.9398526549339294,
      0.16501349210739136,
      -0.027599824592471123,
      -0.1643361896276474,
      0.986018180847168
    ],
    [
      0.948624312877655,
      0.3031087815761566,
      -0.0907578095793724,
      -0.2598651051521301,
      0.910010576248169,
      0.3230339288711548,
      0.18050497770309448,
      -0.28285303711891174,
      0.9420255422592163
    ],
    [
      0.9995417594909668,
      0.008226022124290466,
      0.02912987768650055,
      0.00021374312927946448,
      0.9604219794273376,
      -0.27854904532432556,
      -0.03026832640171051,
      0.2784276306629181,
      0.9599801301956177
    ],
    [
      0.9998706579208374,
      0.012316583655774593,
      -0.010339424945414066,
      -0.014162578620016575,
      0.9789966344833374,
      -0.20338408648967743,
      0.0076172687113285065,
      0.20350421965122223,
      0.9790444374084473
    ],
    [
      0.9994388818740845,
      -0.0015192634891718626,
      -0.0334598608314991,
      -0.010380498133599758,
      0.9357350468635559,
      -0.3525508642196655,
      0.03184518590569496,
      0.352700412273407,
      0.935194194316864
    ],
    [
      0.9960931539535522,
      -0.004914329387247562,
      -0.08817140012979507,
      0.00025157027994282544,
      0.9986041784286499,
      -0.05281630903482437,
      0.08830789476633072,
      0.05258778855204582,
      0.994704008102417
    ],
    [
      0.9987183213233948,
      -0.047369785606861115,
      0.017824135720729828,
      0.047667402774095535,
      0.9987243413925171,
      -0.01666019856929779,
      -0.017012206837534904,
      0.017488477751612663,
      0.9997022747993469
    ],
    [
      0.9468258023262024,
      -0.2931753993034363,
      -0.13254839181900024,
      0.2935791313648224,
      0.955784797668457,
      -0.01693195290863514,
      0.13165177404880524,
      -0.022881831973791122,
      0.9910318851470947
    ],
    [
      0.9990847110748291,
      0.016847193241119385,
      0.03931890428066254,
      -0.01962154731154442,
      0.9972636103630066,
      0.07127602398395538,
      -0.03801051154732704,
      -0.07198227941989899,
      0.9966813921928406
    ],
    [
      0.9831536412239075,
      -0.03141952306032181,
      0.18006055057048798,
      -0.04302065819501877,
      0.917662501335144,
      0.3950250744819641,
      -0.17764630913734436,
      -0.3961166441440582,
      0.9008515477180481
    ],
    [
      0.9594253897666931,
      0.27374282479286194,
      0.06758508831262589,
      -0.2601335942745209,
      0.951819658279419,
      -0.16238762438297272,
      -0.10878126323223114,
      0.13821765780448914,
      0.9844096302986145
    ],
    [
      0.9840473532676697,
      0.03668662905693054,
      -0.17408296465873718,
      0.006508160382509232,
      0.9704288840293884,
      0.24129930138587952,
      0.17778761684894562,
      -0.23858289420604706,
      0.9547092318534851
    ],
    [
      0.8633041977882385,
      0.3840620517730713,
      -0.32741743326187134,
      -0.3365599513053894,
      0.9215512871742249,
      0.19357329607009888,
      0.3760761320590973,
      -0.05691705271601677,
      0.9248390197753906
    ],
    [
      0.8182159662246704,
      -0.3828037977218628,
      0.4289335012435913,
      0.3704219460487366,
      0.9216057658195496,
      0.11588985472917557,
      -0.4396706223487854,
      0.06406344473361969,
      0.8958714604377747
    ],
    [
      0.9937884211540222,
      -0.10865062475204468,
      -0.024074958637356758,
      0.11128593981266022,
      0.9703179001808167,
      0.21470606327056885,
      3.2415337045677006e-05,
      -0.2160516083240509,
      0.9763819575309753
    ],
    [
      0.4470040798187256,
      0.6786345839500427,
      -0.5827884674072266,
      -0.8516274690628052,
      0.5222017168998718,
      -0.045122385025024414,
      0.27371153235435486,
      0.5164885520935059,
      0.8113701343536377
    ],
    [
      0.5514993071556091,
      -0.7174715995788574,
      0.42553848028182983,
      0.7836916446685791,
      0.6204077005386353,
      0.0303601436316967,
      -0.2857898473739624,
      0.31674736738204956,
      0.9044309258460999
    ],
    [
      0.30240675806999207,
      -0.31760114431381226,
      -0.8987099528312683,
      0.034404218196868896,
      0.9458780288696289,
      -0.32269349694252014,
      0.9525578618049622,
      0.06666528433561325,
      0.2969667315483093
    ],
    [
      0.3623764216899872,
      0.3017611801624298,
      0.881829559803009,
      -0.10146542638540268,
      0.9532861113548279,
      -0.2845176160335541,
      -0.9264923334121704,
      0.01362726092338562,
      0.37606674432754517
    ],
    [
      0.9380323886871338,
      -0.24644924700260162,
      0.2436349093914032,
      0.33766013383865356,
      0.8081746697425842,
      -0.4825342893600464,
      -0.07797938585281372,
      0.5348986387252808,
      0.8413100838661194
    ],
    [
      0.9573512673377991,
      0.2715841829776764,
      -0.09859329462051392,
      -0.2868644595146179,
      0.8527673482894897,
      -0.43645933270454407,
      -0.034458305686712265,
      0.4461278021335602,
      0.8943057656288147
    ],
    [
      0.991084098815918,
      -0.08688414841890335,
      -0.10101238638162613,
      0.08377765119075775,
      0.9958833456039429,
      -0.0346074253320694,
      0.10360339283943176,
      0.025836287066340446,
      0.9942830801010132
    ],
    [
      0.9880470633506775,
      0.030154790729284286,
      0.1511741578578949,
      -0.0245740357786417,
      0.9989506006240845,
      -0.03864956274628639,
      -0.1521809846162796,
      0.03447262942790985,
      0.9877512454986572
    ]
  ],
  "root_rot": [
    -0.9421724677085876,
    -0.0625554770231247,
    -0.3292384445667267,
    0.07388248294591904,
    -0.997024416923523,
    -0.02199224941432476,
    -0.3268830478191376,
    -0.04504544287919998,
    0.9439907073974609
  ],
  "root_trans": [
    -0.5327957272529602,
    0.5842357277870178,
    2.2875888347625732
  ]
}