{
  "betas": [
    -0.6410408616065979,
    0.9338428974151611,
    1.212132215499878,
    0.42109763622283936,
    0.14614233374595642,
    -0.3372119963169098,
    -0.5953260064125061,
    0.9887843132019043,
    0.24428614974021912,
    1.239156723022461
  ],
  "joints": [
    [
      0.9846859574317932,
      -0.05763138458132744,
      0.1645359843969345,
      0.12288296222686768,
      0.8989084959030151,
      -0.42055103182792664,
      -0.12366586178541183,
      0.43432942032814026,
      0.8922244906425476
    ],
    [
      0.9899914860725403,
      -0.03648758679628372,
      0.13632847368717194,
      -0.0437861829996109,
      0.8389151096343994,
      0.5424981117248535,
      -0.13416245579719543,
      -0.5430378317832947,
      0.8289211392402649
    ],
    [
      0.9752132296562195,
      -0.06796833127737045,
      -0.21056942641735077,
      0.046961214393377304,
      0.9935504198074341,
      -0.10320951789617538,
      0.21622632443904877,
      0.0907626822590828,
      0.9721153974533081
    ],
    [
      0.9966995120048523,
      0.004408119712024927,
      -0.08105982095003128,
      -0.013162992894649506,
      0.9940864443778992,
      -0.10779064893722534,
      0.08010531961917877,
      0.1085018739104271,
      0.9908635020256042
    ],
    [
      0.9995134472846985,
      -0.014728700742125511,
      -0.02749534510076046,
      -0.008869226090610027,
      0.7109047770500183,
      -0.7032323479652405,
      0.02990427240729332,
      0.7031340003013611,
      0.7104282379150391
    ],
    [
      0.9773716330528259,
      -0.03774411976337433,
      -0.20813493430614471,
      0.03708091750741005,
      0.9992871284484863,
      -0.007088542450219393,
      0.2082541137933731,
      -0.0007896951283328235,
      0.9780744910240173
    ],
    [
      0.9921486973762512,
      0.014004632830619812,
      0.12427756935358047,
      -0.03643938899040222,
      0.9829660058021545,
      0.18013879656791687,
      -0.1196378543972969,
      -0.18325306475162506,
      0.9757587909698486
    ],
    [
      0.9069814682006836,
      -0.408727765083313,
      -0.10161807388067245,
      0.4205932915210724,
      0.8916078805923462,
      0.1677403301000595,
      0.022043336182832718,
      -0.1948772519826889,
      0.9805799722671509
    ],
    [
      0.9883512258529663,
      -0.011465968564152718,
      -0.1517575979232788,
      0.014040432870388031,
      0.9997749924659729,
      0.01590360328555107,
      0.1515410840511322,
      -0.017849087715148926,
      0.9882898330688477
    ],
    [
      0.8775825500488281,
      -0.47942447662353516,
      -0.0010176264913752675,
      0.3688535988330841,
      0.6738244891166687,
      0.6402402520179749,
      -0.3062611520290375,
      -0.5622390508651733,
      0.7681740522384644
    ],
    [
      0.8461089730262756,
      0.43701913952827454,
      0.3051456809043884,
      -0.44528889656066895,
      0.8942069411277771,
      -0.04595376178622246,
      -0.29294607043266296,
      -0.09699610620737076,
      0.9511963129043579
    ],
    [
      0.9953400492668152,
      0.06447092443704605,
      0.07170596718788147,
      -0.07433196157217026,
      0.9866853356361389,
      0.14466102421283722,
      -0.06142479181289673,
      -0.1493169516324997,
      0.9868797063827515
    ],
    [
      0.8684454560279846,
      0.31705889105796814,
      -0.3811512589454651,
      -0.26855358481407166,
      0.9470649361610413,
      0.17591765522956848,
      0.4167512357234955,
      -0.05041533336043358,
      0.9076215624809265
    ],
    [
      0.9392361044883728,
      -0.27555325627326965,
      0.20470944046974182,
      0.2715257704257965,
      0.9612292647361755,
      0.04808312654495239,
      -0.2100221812725067,
      0.01042248122394085,
      0.9776410460472107
    ],
    [
      0.9378766417503357,
      0.029653828591108322,
      0.3456994891166687,
      -0.033515024930238724,
      0.9994247555732727,
      0.00519581139087677,
      -0.34534651041030884,
      -0.016459155827760696,
      0.9383310079574585
    ],
    [
      0.41776710748672485,
      0.6102961301803589,
      -0.6730597019195557,
      -0.7699111700057983,
      0.631131112575531,
      0.0943947285413742,
      0.4823976159095764,
      0.4787611663341522,
      0.7335396409034729
    ],
    [
      0.6633469462394714,
      -0.6221359372138977,
      0.4158337116241455,
      0.6927487254142761,
      0.7206782698631287,
      -0.02686857432126999,
      -0.2829664647579193,
      0.3058914840221405,
      0.9090436100959778
    ],
    [
      -0.34829872846603394,
      -0.3562481105327606,
      -0.8670498728752136,
      -0.09628099203109741,
      0.9336718916893005,
      -0.3449447751045227,
      0.932425856590271,
      -0.036663416773080826,
      -0.3594966530799866
    ],
    [
      -0.6020216941833496,
      0.4100230932235718,
      0.6851648688316345,
      0.0511261448264122,
      0.8761200904846191,
      -0.4793742895126343,
      -0.7968412637710571,
      -0.25356391072273254,
      -0.548406183719635
    ],
    [
      0.8936849236488342,
      -0.36018019914627075,
      0.2675771713256836,
      0.43247297406196594,
      0.850351870059967,
      -0.2997814118862152,
      -0.11955942213535309,
      0.3836299777030945,
      0.9157148599624634
    ],
    [
      0.908944308757782,
      0.4052842855453491,
      -0.09780070185661316,
      -0.4013761579990387,
      0.7871927618980408,
      -0.4682144522666931,
      -0.11277195066213608,
      0.4648357033729553,
      0.8781858086585999
    ],
    [
      0.8858684301376343,
      0.3355303108692169,
      -0.3204006254673004,
      -0.18792319297790527,
      0.8909358978271484,
      0.4134223759174347,
      0.42417219281196594,
      -0.3060270845890045,
      0.8523058891296387
    ],
    [
      0.8932932615280151,
      -0.27494382858276367,
      0.35557428002357483,
      0.16827242076396942,
      0.9381284117698669,
      0.30265405774116516,
      -0.41678720712661743,
      -0.21052546799182892,
      0.8842892646789551
    ]
  ],
  "root_rot": [
    0.5172110199928284,
    -0.010422088205814362,
    -0.8557944893836975,
    0.08161308616399765,
    -0.9947686791419983,
    0.06143853813409805,
    -0.8519577980041504,
    -0.10162071883678436,
    -0.5136547684669495
  ],
  "root_trans": [
    0.008245512843132019,
    0.5781329870223999,
    2.711611270904541
  ]
}