{
  "betas": [
    -0.4594274163246155,
    0.7983760833740234,
    1.1178817749023438,
    -0.06289881467819214,
    0.5848129391670227,
    -0.21450847387313843,
    0.18316999077796936,
    0.3696807026863098,
    0.10784528404474258,
    0.7674385905265808
  ],
  "joints": [
    [
      0.9701834917068481,
      -0.24146687984466553,
      0.02092275768518448,
      0.24111098051071167,
      0.9703275561332703,
      0.018165485933423042,
      -0.024688290432095528,
      -0.012579147703945637,
      0.9996160864830017
    ],
    [
      0.9296664595603943,
      0.3301311731338501,
      -0.16350431740283966,
      -0.3109050989151001,
      0.9411572217941284,
      0.1325182169675827,
      0.19763167202472687,
      -0.07236342132091522,
      0.9776017665863037
    ],
    [
      0.9927553534507751,
      -0.11899977177381516,
      -0.016603877767920494,
      0.11695503443479538,
      0.9887329936027527,
      -0.09342718869447708,
      0.027534615248441696,
      0.0908084511756897,
      0.9954875707626343
    ],
    [
      0.9990636110305786,
      0.03515520691871643,
      -0.02521808259189129,
      -0.04007364809513092,
      0.9716256260871887,
      -0.2331046462059021,
      0.01630769856274128,
      0.23389697074890137,
      0.9721245765686035
    ],
    [
      0.997580885887146,
      0.05224386975169182,
      0.04585883021354675,
      -0.03756967931985855,
      0.9602322578430176,
      -0.2766633629798889,
      -0.05848908796906471,
      0.274271160364151,
      0.9598721265792847
    ],
    [
      0.9909501075744629,
      0.09311484545469284,
      -0.09668289124965668,
      -0.08560176938772202,
      0.9931802749633789,
      0.07915344089269638,
      0.10339390486478806,
      -0.0701608806848526,
      0.9921628832817078
    ],
    [
      0.9983372092247009,
      -0.013076233677566051,
      0.05614134296774864,
      0.008403687737882137,
      0.9965413808822632,
      0.0826716423034668,
      -0.057028207927942276,
      -0.08206237852573395,
      0.9949942231178284
    ],
    [
      0.9049668908119202,
      -0.36096030473709106,
      -0.22526106238365173,
      0.35896217823028564,
      0.9319436550140381,
      -0.05125520005822182,
      0.22843173146247864,
      -0.034475941210985184,
      0.9729492664337158
    ],
    [
      0.989903450012207,
      0.13365395367145538,
      0.04719923436641693,
      -0.13220900297164917,
      0.9906880259513855,
      -0.03252660110592842,
      -0.051107026636600494,
      0.02595803327858448,
      0.9983557462692261
    ],
    [
      0.9926592707633972,
      -0.08137825131416321,
      0.08947111666202545,
      0.04304569959640503,
      0.9290520548820496,
      0.3674362301826477,
      -0.11302464455366135,
      -0.36088767647743225,
      0.9257351160049438
    ],
    [
      0.9763153791427612,
      0.20779167115688324,
      0.06025708094239235,
      -0.20703251659870148,
      0.978156328201294,
      -0.018648166209459305,
      -0.06281577795743942,
      0.005731314420700073,
      0.9980087280273438
    ],
    [
      0.9520434737205505,
      -0.20592282712459564,
      -0.22629414498806,
      0.17515411972999573,
      0.9732412099838257,
      -0.14873671531677246,
      0.2508670687675476,
      0.1019674614071846,
      0.9626361727714539
    ],
    [
      0.880746603012085,
      0.3682365119457245,
      -0.2978040874004364,
      -0.3130255937576294,
      0.9245243072509766,
      0.21741603314876556,
      0.3553876578807831,
      -0.09826813638210297,
      0.9295390844345093
    ],
    [
      0.7413672208786011,
      0.29627111554145813,
      0.6021611094474792,
      -0.5533139109611511,
      0.7775977253913879,
      0.2986394464969635,
      -0.37976083159446716,
      -0.5545856356620789,
      0.740416407585144
    ],
    [
      0.9552289843559265,
      -0.12655477225780487,
      0.2674349844455719,
      0.03158974274992943,
      0.9423595070838928,
      0.33310768008232117,
      -0.29417625069618225,
      -0.3097459077835083,
      0.9041669368743896
    ],
    [
      0.4908815622329712,
      0.7326000332832336,
      -0.4715214967727661,
      -0.8677200675010681,
      0.4596201181411743,
      -0.18923863768577576,
      0.07808451354503632,
      0.5020424127578735,
      0.8613107800483704
    ],
    [
      0.8339446187019348,
      0.15141397714614868,
      0.530669629573822,
      -0.41600650548934937,
      0.8043292760848999,
      0.42425593733787537,
      -0.3625948131084442,
      -0.574567973613739,
      0.7337552905082703
    ],
    [
      0.22034621238708496,
      -0.4248446524143219,
      -0.878040075302124,
      -0.13004916906356812,
      0.8793326020240784,
      -0.458106130361557,
      0.9667133092880249,
      0.21513035893440247,
      0.1385069191455841
    ],
    [
      0.6047375202178955,
      0.02346634864807129,
      0.7960790991783142,
      -0.3066248893737793,
      0.9293752908706665,
      0.20553052425384521,
      -0.7350330948829651,
      -0.36838969588279724,
      0.5692234635353088
    ],
    [
      0.9588346481323242,
      -0.19398505985736847,
      0.20737850666046143,
      0.28172510862350464,
      0.7413855195045471,
      -0.609079897403717,
      -0.035595063120126724,
      0.6424306631088257,
      0.7655165791511536
    ],
    [
      0.9738645553588867,
      0.20373576879501343,
      -0.10039668530225754,
      -0.20879186689853668,
      0.6290327906608582,
      -0.7488149404525757,
      -0.08940757811069489,
      0.7502063512802124,
      0.6551311016082764
    ],
    [
      0.9896629452705383,
      0.040222860872745514,
      -0.13765685260295868,
      -0.04128594323992729,
      0.9991355538368225,
      -0.004875022917985916,
      0.13734173774719238,
      0.010507921688258648,
      0.9904680848121643
    ],
    [
      0.9896134734153748,
      -0.06417115777730942,
      0.1286362111568451,
      0.04385680705308914,
      0.9869481325149536,
      0.15495111048221588,
      -0.13690067827701569,
      -0.14770013093948364,
      0.9795114994049072
    ]
  ],
  "root_rot": [
    -0.9401271939277649,
    -0.007191649172455072,
    -0.3407479524612427,
    0.047585379332304,
    -0.9927545785903931,
    -0.11033599823713303,
    -0.33748558163642883,
    -0.1199444904923439,
    0.9336577653884888
  ],
  "root_trans": [
    -0.5830299258232117,
    0.5599936246871948,
    2.3415186405181885
  ]
}