{
  "betas": [
    -0.41948944330215454,
    0.7743907570838928,
    1.1131700277328491,
    0.004612565040588379,
    0.6536819934844971,
    -0.15086129307746887,
    0.1533801406621933,
    0.3419314920902252,
    0.12865158915519714,
    0.8056187629699707
  ],
  "joints": [
    [
      0.9647246599197388,
      -0.2586546242237091,
      0.049032680690288544,
      0.2578011155128479,
      0.9659216403961182,
      0.023107638582587242,
      -0.05333862453699112,
      -0.009651828557252884,
      0.998529851436615
    ],
    [
      0.9332543015480042,
      0.3250674903392792,
      -0.1528644561767578,
      -0.2960948646068573,
      0.937071681022644,
      0.18499872088432312,
      0.20338201522827148,
      -0.12738847732543945,
      0.9707769751548767
    ],
    [
      0.9955061674118042,
      -0.09310209006071091,
      -0.01731090433895588,
      0.0907631441950798,
      0.9902116060256958,
      -0.10603247582912445,
      0.027013307437300682,
      0.1039847731590271,
      0.9942119717597961
    ],
    [
      0.9989639520645142,
      0.039529815316200256,
      -0.022547291591763496,
      -0.04349866881966591,
      0.9750184416770935,
      -0.21782317757606506,
      0.01337351929396391,
      0.2185782790184021,
      0.9757277965545654
    ],
    [
      0.999089777469635,
      0.02800973691046238,
      0.032171402126550674,
      -0.018883313983678818,
      0.9666982293128967,
      -0.2552213966846466,
      -0.03824872151017189,
      0.25438159704208374,
      0.9663472175598145
    ],
    [
      0.9886103272438049,
      0.10872417688369751,
      -0.10406117141246796,
      -0.1026148647069931,
      0.992763340473175,
      0.062379177659749985,
      0.1100902333855629,
      -0.050990473479032516,
      0.9926127791404724
    ],
    [
      0.9951270222663879,
      -0.0388590432703495,
      0.09062127768993378,
      0.028661653399467468,
      0.9933812618255615,
      0.11123053729534149,
      -0.09434378147125244,
      -0.10809115320444107,
      0.9896543025970459
    ],
    [
      0.9036318063735962,
      -0.37869027256965637,
      -0.2001081258058548,
      0.3719555139541626,
      0.925473690032959,
      -0.07174653559923172,
      0.21236452460289001,
      -0.009598866105079651,
      0.977143406867981
    ],
    [
      0.9885858297348022,
      0.14438001811504364,
      0.04304106906056404,
      -0.1429958939552307,
      0.9891498684883118,
      -0.033683788031339645,
      -0.04743734002113342,
      0.027144616469740868,
      0.9985052943229675
    ],
    [
      0.9928285479545593,
      -0.07065244019031525,
      0.09643510729074478,
      0.03136293217539787,
      0.9323517680168152,
      0.3601894676685333,
      -0.11535971611738205,
      -0.3545818626880646,
      0.9278813004493713
    ],
    [
      0.968186616897583,
      0.23995959758758545,
      0.07095123827457428,
      -0.23921732604503632,
      0.9707819223403931,
      -0.018906956538558006,
      -0.07341508567333221,
      0.0013326990883797407,
      0.9973005652427673
    ],
    [
      0.9346268773078918,
      -0.275375634431839,
      -0.22503523528575897,
      0.2264551967382431,
      0.9487453103065491,
      -0.22045519948005676,
      0.27420908212661743,
      0.15508295595645905,
      0.9490830898284912
    ],
    [
      0.8856815695762634,
      0.39697569608688354,
      -0.24078698456287384,
      -0.3597176671028137,
      0.9145949482917786,
      0.18471388518810272,
      0.293549507856369,
      -0.07698237895965576,
      0.9528390765190125
    ],
    [
      0.7443438172340393,
      0.25099900364875793,
      0.6188309192657471,
      -0.5352166295051575,
      0.7784152626991272,
      0.32804393768310547,
      -0.3993687033653259,
      -0.575386106967926,
      0.7137474417686462
    ],
    [
      0.9692745208740234,
      -0.10410742461681366,
      0.22286425530910492,
      0.03872900456190109,
      0.9593098163604736,
      0.27968698740005493,
      -0.2429133504629135,
      -0.26246216893196106,
      0.933866560459137
    ],
    [
      0.5398797988891602,
      0.7362130880355835,
      -0.40806877613067627,
      -0.8411246538162231,
      0.49041447043418884,
      -0.22804158926010132,
      0.03223564103245735,
      0.4663517475128174,
      0.8840118050575256
    ],
    [
      0.831790030002594,
      0.06764329969882965,
      0.5509533882141113,
      -0.34826743602752686,
      0.8364835977554321,
      0.4230899214744568,
      -0.4322441816329956,
      -0.5438011288642883,
      0.7193366885185242
    ],
    [
      0.3479013442993164,
      -0.3673211932182312,
      -0.8625773787498474,
      -0.06601037085056305,
      0.9081714153289795,
      -0.4133608639240265,
      0.9352044463157654,
      0.20074783265590668,
      0.29170703887939453
    ],
    [
      0.44746729731559753,
      0.04100090637803078,
      0.893359899520874,
      -0.30079853534698486,
      0.9476467967033386,
      0.10717198252677917,
      -0.842195451259613,
      -0.3166773319244385,
      0.4363739490509033
    ],
    [
      0.9597429633140564,
      -0.2239169329404831,
      0.1695718765258789,
      0.2804435193538666,
      0.7302867770195007,
      -0.6229226589202881,
      0.015646791085600853,
      0.6454010009765625,
      0.7636836767196655
    ],
    [
      0.9570772647857666,
      0.2698170244693756,
      -0.10583875328302383,
      -0.26884374022483826,
      0.6900233030319214,
      -0.6720050573348999,
      -0.10828721523284912,
      0.6716148853302002,
      0.7329442501068115
    ],
    [
      0.9924657344818115,
      0.03714955598115921,
      -0.11675434559583664,
      -0.039067793637514114,
      0.9991358518600464,
      -0.01418357528746128,
      0.11612655222415924,
      0.01863805018365383,
      0.9930594563484192
    ],
    [
      0.9825272560119629,
      -0.09730958938598633,
      0.15865382552146912,
      0.07286804169416428,
      0.9855062961578369,
      0.15319126844406128,
      -0.17126132547855377,
      -0.1389538049697876,
      0.9753775596618652
    ]
  ],
  "root_rot": [
    -0.9654676914215088,
    -0.046684589236974716,
    -0.2563057839870453,
    0.07096638530492783,
    -0.993736982345581,
    -0.0863170325756073,
    -0.250670850276947,
    -0.10152540355920792,
    0.9627339839935303
  ],
  "root_trans": [
    -0.5889713764190674,
    0.5701372623443604,
    2.344282865524292
  ]
}