{
  "betas": [
    -0.6021439433097839,
    1.3719663619995117,
    1.1942673921585083,
    0.4262058138847351,
    -0.04732978343963623,
    -0.11366874724626541,
    -0.03148984909057617,
    0.5164287090301514,
    0.41057008504867554,
    0.5402531623840332
  ],
  "joints": [
    [
      0.9615537524223328,
      -0.263912171125412,
      -0.07592681795358658,
      0.27454888820648193,
      0.9300013184547424,
      0.24437770247459412,
      0.0061177960596978664,
      -0.2558278739452362,
      0.9667030572891235
    ],
    [
      0.985630989074707,
      0.14564138650894165,
      -0.08555805683135986,
      -0.14378897845745087,
      0.9892272353172302,
      0.027461715042591095,
      0.08863592892885208,
      -0.014764809980988503,
      0.9959546327590942
    ],
    [
      0.9944456815719604,
      -0.0033661972265690565,
      0.10519741475582123,
      0.013071263208985329,
      0.9957005977630615,
      -0.09170316904783249,
      -0.10443644225597382,
      0.09256888180971146,
      0.9902141690254211
    ],
    [
      0.9984855055809021,
      0.027194442227482796,
      -0.04782330244779587,
      -0.04075198620557785,
      0.9495765566825867,
      -0.31087571382522583,
      0.03695780411362648,
      0.31235381960868835,
      0.9492466449737549
    ],
    [
      0.997866690158844,
      0.02235867641866207,
      0.06133726239204407,
      0.0005990591016598046,
      0.93635094165802,
      -0.35106489062309265,
      -0.06528255343437195,
      0.3503526747226715,
      0.9343400001525879
    ],
    [
      0.9928663372993469,
      -0.026072515174746513,
      -0.11634773015975952,
      0.023578356951475143,
      0.9994628429412842,
      -0.022762328386306763,
      0.1168786957859993,
      0.019856657832860947,
      0.9929477572441101
    ],
    [
      0.9962441325187683,
      0.08200405538082123,
      0.027803560718894005,
      -0.08133111149072647,
      0.9963852167129517,
      -0.024529436603188515,
      -0.029714571312069893,
      0.02217601053416729,
      0.9993124008178711
    ],
    [
      0.9132892489433289,
      -0.37811824679374695,
      -0.15142442286014557,
      0.403360515832901,
      0.8912627696990967,
      0.20724612474441528,
      0.05659540742635727,
      -0.2503542900085449,
      0.9664986729621887
    ],
    [
      0.9993398189544678,
      0.0002392153110122308,
      0.036330703645944595,
      -0.0005970566999167204,
      0.9999514222145081,
      0.009839031845331192,
      -0.036326587200164795,
      -0.009854227304458618,
      0.9992914199829102
    ],
    [
      0.9407866597175598,
      -0.25332921743392944,
      0.2252662181854248,
      0.130874902009964,
      0.8844019174575806,
      0.44800105690956116,
      -0.31271764636039734,
      -0.39199167490005493,
      0.86518794298172
    ],
    [
      0.8322354555130005,
      0.43983176350593567,
      0.3375384211540222,
      -0.47139477729797363,
      0.8818234205245972,
      0.01320585235953331,
      -0.29184094071388245,
      -0.1701042205095291,
      0.9412190914154053
    ],
    [
      0.9641774296760559,
      -0.04546624794602394,
      -0.26133254170417786,
      0.02459963597357273,
      0.9962815046310425,
      -0.08257204294204712,
      0.26411497592926025,
      0.07318541407585144,
      0.9617105722427368
    ],
    [
      0.9651623368263245,
      0.2031242549419403,
      0.1649310439825058,
      -0.1987852305173874,
      0.979117751121521,
      -0.042578648775815964,
      -0.17013564705848694,
      0.008309454657137394,
      0.9853856563568115
    ],
    [
      0.9436184763908386,
      -0.32261568307876587,
      0.07418503612279892,
      0.32516419887542725,
      0.9453274607658386,
      -0.024984462186694145,
      -0.06206877529621124,
      0.047698114067316055,
      0.9969315528869629
    ],
    [
      0.990493655204773,
      -0.10897877812385559,
      -0.08394018560647964,
      0.10815799981355667,
      0.9940312504768372,
      -0.014277899637818336,
      0.08499514311552048,
      0.005063366610556841,
      0.9963685870170593
    ],
    [
      0.5450825691223145,
      0.769530177116394,
      -0.3327285051345825,
      -0.8379310965538025,
      0.48702913522720337,
      -0.24632112681865692,
      -0.027503076940774918,
      0.413068950176239,
      0.9102843403816223
    ],
    [
      0.6656899452209473,
      -0.6448315382003784,
      0.37556520104408264,
      0.6814684271812439,
      0.7303909659385681,
      0.046150341629981995,
      -0.3040686249732971,
      0.22521400451660156,
      0.9256462454795837
    ],
    [
      0.1592576503753662,
      -0.2524869740009308,
      -0.9544042348861694,
      -0.16430777311325073,
      0.9464806914329529,
      -0.27780818939208984,
      0.973468005657196,
      0.20105910301208496,
      0.10924872010946274
    ],
    [
      0.9501902461051941,
      -0.05384861305356026,
      0.3069835901260376,
      0.13778483867645264,
      0.9560603499412537,
      -0.2587737441062927,
      -0.27956026792526245,
      0.28818193078041077,
      0.9158587455749512
    ],
    [
      0.9795148372650146,
      -0.05921114236116409,
      0.192469984292984,
      0.144066721200943,
      0.8738555312156677,
      -0.46435031294822693,
      -0.14069625735282898,
      0.48256656527519226,
      0.8644847869873047
    ],
    [
      0.9968104362487793,
      0.03628469631075859,
      -0.07107997685670853,
      -0.0666700154542923,
      0.8681560754776001,
      -0.4917926490306854,
      0.043863989412784576,
      0.4949629604816437,
      0.8678061366081238
    ],
    [
      0.8288304805755615,
      0.3215014934539795,
      -0.4579046666622162,
      -0.2631542384624481,
      0.9462484121322632,
      0.18805234134197235,
      0.49375075101852417,
      -0.03536397963762283,
      0.8688840270042419
    ],
    [
      0.9427084922790527,
      -0.2799331545829773,
      0.18148872256278992,
      0.20709411799907684,
      0.9175237417221069,
      0.33950290083885193,
      -0.26155832409858704,
      -0.2824670076370239,
      0.9229299426078796
    ]
  ],
  "root_rot": [
    -0.7848168611526489,
    0.026881951838731766,
    0.6191444993019104,
    -0.10128580033779144,
    -0.9911892414093018,
    -0.08535278588533401,
    0.6113948822021484,
    -0.12969684600830078,
    0.7806248068809509
  ],
  "root_trans": [
    -1.0990257263183594,
    0.534008264541626,
    2.6003687381744385
  ]
}