{
  "betas": [
    -0.27259930968284607,
    0.8418159484863281,
    0.9292511940002441,
    0.7956033945083618,
    0.2968297600746155,
    -0.3002748191356659,
    -0.4163241386413574,
    0.4916389286518097,
    0.3283880650997162,
    0.46592140197753906
  ],
  "joints": [
    [
      0.9909302592277527,
      -0.10457509756088257,
      -0.08438665419816971,
      0.12381243705749512,
      0.9546089768409729,
      0.27090975642204285,
      0.05222584679722786,
      -0.2789008319377899,
      0.9588986039161682
    ],
    [
      0.9951675534248352,
      0.020446136593818665,
      -0.09603971987962723,
      -0.026495877653360367,
      0.9977152943611145,
      -0.0621451698243618,
      0.09454967826604843,
      0.06438950449228287,
      0.9934356212615967
    ],
    [
      0.995459794998169,
      -0.006971706170588732,
      0.09492713958024979,
      0.015961598604917526,
      0.9954180717468262,
      -0.09427616745233536,
      -0.09383492916822433,
      0.0953633263707161,
      0.9910099506378174
    ],
    [
      0.997542679309845,
      0.03041941300034523,
      0.06311335414648056,
      -0.018284626305103302,
      0.9826409220695496,
      -0.18461467325687408,
      -0.06763362139463425,
      0.18300700187683105,
      0.9807824492454529
    ],
    [
      0.999640703201294,
      0.00842852983623743,
      0.02544480934739113,
      -0.004908805247396231,
      0.9907863140106201,
      -0.1353452056646347,
      -0.02635113149881363,
      0.13517166674137115,
      0.9904717206954956
    ],
    [
      0.989757776260376,
      -0.02332940697669983,
      -0.14083778858184814,
      0.015106992796063423,
      0.9981335401535034,
      -0.05917162820696831,
      0.14195536077022552,
      0.05643794313073158,
      0.9882628917694092
    ],
    [
      0.9929584860801697,
      0.045191869139671326,
      0.10950379818677902,
      -0.03863278776407242,
      0.9973715543746948,
      -0.061297688633203506,
      -0.11198613792657852,
      0.056635625660419464,
      0.9920944571495056
    ],
    [
      0.9764177203178406,
      -0.05329994857311249,
      -0.20920732617378235,
      0.099118672311306,
      0.9715521335601807,
      0.21508610248565674,
      0.19179172813892365,
      -0.2307502180337906,
      0.953923761844635
    ],
    [
      0.9991156458854675,
      0.013858860358595848,
      0.039698563516139984,
      -0.012742466293275356,
      0.9995200037956238,
      -0.02823815867304802,
      -0.04007085785269737,
      0.027707325294613838,
      0.9988126754760742
    ],
    [
      0.9694324731826782,
      -0.22541914880275726,
      0.09688597172498703,
      0.14027836918830872,
      0.8331835269927979,
      0.5349084734916687,
      -0.2013024240732193,
      -0.5049666166305542,
      0.8393365740776062
    ],
    [
      0.8983088731765747,
      0.20973403751850128,
      0.3860735595226288,
      -0.24182401597499847,
      0.9696555137634277,
      0.03590737283229828,
      -0.3668273687362671,
      -0.12561777234077454,
      0.9217689037322998
    ],
    [
      0.9910080432891846,
      0.12907980382442474,
      0.035234805196523666,
      -0.1273232102394104,
      0.9906877875328064,
      -0.04823308065533638,
      -0.0411326102912426,
      0.0433131642639637,
      0.9982144236564636
    ],
    [
      0.9384454488754272,
      0.31142938137054443,
      -0.14943835139274597,
      -0.28598877787590027,
      0.9431213736534119,
      0.16950680315494537,
      0.19372789561748505,
      -0.11633520573377609,
      0.9741332530975342
    ],
    [
      0.9213324189186096,
      -0.3654848635196686,
      0.13254240155220032,
      0.36815497279167175,
      0.929752767086029,
      0.004658506717532873,
      -0.12493427097797394,
      0.044504109770059586,
      0.9911664128303528
    ],
    [
      0.9716707468032837,
      -0.14963442087173462,
      0.18293584883213043,
      0.167490616440773,
      0.9820871353149414,
      -0.08632370829582214,
      -0.16674195230007172,
      0.11451825499534607,
      0.9793276786804199
    ],
    [
      0.6145870685577393,
      0.6562737226486206,
      -0.43770718574523926,
      -0.6984885334968567,
      0.7105942368507385,
      0.08467371761798859,
      0.3666013181209564,
      0.2536940574645996,
      0.895121693611145
    ],
    [
      0.5848148465156555,
      -0.6866700649261475,
      0.43182840943336487,
      0.7796062231063843,
      0.6228475570678711,
      -0.06538345664739609,
      -0.22406643629074097,
      0.37489330768585205,
      0.8995827436447144
    ],
    [
      -0.0248938649892807,
      -0.2505623996257782,
      -0.9677804112434387,
      0.4915342330932617,
      0.8399096727371216,
      -0.23009970784187317,
      0.8705024123191833,
      -0.4814252257347107,
      0.10225139558315277
    ],
    [
      -0.20799820125102997,
      0.3359152376651764,
      0.918639063835144,
      0.11513536423444748,
      0.9410587549209595,
      -0.31804442405700684,
      -0.9713292717933655,
      0.03961516544222832,
      -0.2344142496585846
    ],
    [
      0.9541496634483337,
      -0.2041763812303543,
      0.2188846468925476,
      0.280152291059494,
      0.8666712045669556,
      -0.41279011964797974,
      -0.10541904717683792,
      0.45518454909324646,
      0.8841345310211182
    ],
    [
      0.9936753511428833,
      0.11077628284692764,
      -0.018383391201496124,
      -0.112139992415905,
      0.9874439835548401,
      -0.11126082390546799,
      0.005827507935464382,
      0.11261864751577377,
      0.9936211705207825
    ],
    [
      0.9431656002998352,
      0.20509152114391327,
      -0.2614881694316864,
      -0.09034270793199539,
      0.915452778339386,
      0.3921533226966858,
      0.3198074400424957,
      -0.3462419807910919,
      0.8819521069526672
    ],
    [
      0.8433251976966858,
      -0.5348572134971619,
      0.052253007888793945,
      0.18484635651111603,
      0.3799968361854553,
      0.9063301086425781,
      -0.5046132206916809,
      -0.7546722292900085,
      0.4193273186683655
    ]
  ],
  "root_rot": [
    0.21072810888290405,
    -0.10673920810222626,
    0.9716996550559998,
    -0.11128952354192734,
    -0.9901776313781738,
    -0.08463409543037415,
    0.971189022064209,
    -0.09030523151159286,
    -0.2205372154712677
  ],
  "root_trans": [
    -0.015192322432994843,
    0.536239504814148,
    2.610403537750244
  ]
}