{
  "betas": [
    -0.8583535552024841,
    0.6847063302993774,
    1.3320997953414917,
    -0.07984322309494019,
    0.0922345221042633,
    -0.15897485613822937,
    -0.044517576694488525,
    0.06338991224765778,
    0.06971266865730286,
    0.7187772989273071
  ],
  "joints": [
    [
      0.9614828824996948,
      -0.2621898949146271,
      0.08250550180673599,
      0.2529752254486084,
      0.9614916443824768,
      0.10741199553012848,
      -0.10749069601297379,
      -0.08240294456481934,
      0.9907853007316589
    ],
    [
      0.9351012110710144,
      0.3518814146518707,
      -0.04201381653547287,
      -0.33750203251838684,
      0.9204352498054504,
      0.19720862805843353,
      0.10806505382061005,
      -0.17023028433322906,
      0.9794608354568481
    ],
    [
      0.9980297684669495,
      -0.05434549227356911,
      0.03135555982589722,
      0.05616429075598717,
      0.9965941309928894,
      -0.06037941575050354,
      -0.027967419475317,
      0.062021516263484955,
      0.9976828694343567
    ],
    [
      0.9962863326072693,
      0.0860343649983406,
      0.003422613488510251,
      -0.08513803035020828,
      0.990281343460083,
      -0.10997474938631058,
      -0.012850960716605186,
      0.10927493870258331,
      0.9939285516738892
    ],
    [
      0.9906152486801147,
      0.056958772242069244,
      0.12424604594707489,
      -0.023891091346740723,
      0.9671942591667175,
      -0.2529120147228241,
      -0.13457562029361725,
      0.24757012724876404,
      0.9594781994819641
    ],
    [
      0.9916084408760071,
      -0.05990954115986824,
      -0.11455773562192917,
      0.05929659307003021,
      0.9982019662857056,
      -0.008753846399486065,
      0.11487621068954468,
      0.0018875041278079152,
      0.9933779239654541
    ],
    [
      0.9904109239578247,
      -0.030342046171426773,
      0.1347794383764267,
      0.04459286853671074,
      0.9935762882232666,
      -0.10400786250829697,
      -0.13075783848762512,
      0.10902073234319687,
      0.9854018688201904
    ],
    [
      0.8817761540412903,
      -0.3707307279109955,
      -0.29159820079803467,
      0.3776383399963379,
      0.9253116250038147,
      -0.034461859613657,
      0.28259527683258057,
      -0.07973099499940872,
      0.9559198617935181
    ],
    [
      0.9994905591011047,
      -0.008608134463429451,
      0.030733246356248856,
      0.009343048557639122,
      0.9996718764305115,
      -0.02384950965642929,
      -0.030517863109707832,
      0.024124501273036003,
      0.9992430210113525
    ],
    [
      0.98214191198349,
      0.06587328016757965,
      0.17623299360275269,
      -0.1632579267024994,
      0.763952910900116,
      0.6242778897285461,
      -0.0935104638338089,
      -0.6419008374214172,
      0.7610645294189453
    ],
    [
      0.9132393598556519,
      0.30385398864746094,
      0.2714157700538635,
      -0.3346555531024933,
      0.9394029974937439,
      0.07434821128845215,
      -0.2323777824640274,
      -0.15872851014137268,
      0.9595862030982971
    ],
    [
      0.8963395357131958,
      0.30174562335014343,
      0.3248461186885834,
      -0.2622707188129425,
      0.951595664024353,
      -0.16024881601333618,
      -0.3574765622615814,
      0.0584397092461586,
      0.9320918321609497
    ],
    [
      0.904358983039856,
      -0.11508142948150635,
      -0.4109635055065155,
      0.2004985213279724,
      0.9646396040916443,
      0.17108704149723053,
      0.37674275040626526,
      -0.23712168633937836,
      0.8954541683197021
    ],
    [
      0.9855029582977295,
      -0.09314743429422379,
      0.14180046319961548,
      0.10663670301437378,
      0.9901531338691711,
      -0.09069497883319855,
      -0.13195614516735077,
      0.10450131446123123,
      0.9857317805290222
    ],
    [
      0.8438490033149719,
      -0.11101230978965759,
      0.5249715447425842,
      0.1226891502737999,
      0.9923647046089172,
      0.01263608131557703,
      -0.5223659873008728,
      0.053745366632938385,
      0.8510259985923767
    ],
    [
      0.7900771498680115,
      0.36094930768013,
      -0.4954732358455658,
      -0.43661603331565857,
      0.8986886143684387,
      -0.041534654796123505,
      0.4302842915058136,
      0.24914714694023132,
      0.8676295876502991
    ],
    [
      0.5930518507957458,
      -0.760782778263092,
      0.2636266350746155,
      0.8049921989440918,
      0.5670106410980225,
      -0.17460379004478455,
      -0.016643544659018517,
      0.31576651334762573,
      0.9486908912658691
    ],
    [
      -0.17175552248954773,
      -0.15569445490837097,
      -0.9727586507797241,
      -0.1967451274394989,
      0.9729610681533813,
      -0.12098848074674606,
      0.9652934670448303,
      0.17060506343841553,
      -0.19774356484413147
    ],
    [
      -0.13665996491909027,
      0.3881578743457794,
      0.9114041328430176,
      0.15799060463905334,
      0.9167996644973755,
      -0.36676597595214844,
      -0.977938175201416,
      0.09387105703353882,
      -0.18661510944366455
    ],
    [
      0.9733963012695312,
      -0.2289157658815384,
      0.009863140992820263,
      0.2112841159105301,
      0.8801034092903137,
      -0.4251786768436432,
      0.08864952623844147,
      0.4159512519836426,
      0.9050556421279907
    ],
    [
      0.9818466901779175,
      0.1886199712753296,
      0.019989538937807083,
      -0.1777469962835312,
      0.951756477355957,
      -0.2501310706138611,
      -0.06620489805936813,
      0.24203728139400482,
      0.9680055975914001
    ],
    [
      0.9401282072067261,
      0.28927209973335266,
      -0.1802237182855606,
      -0.22943338751792908,
      0.9281842708587646,
      0.2929748594760895,
      0.25203028321266174,
      -0.2340845912694931,
      0.9389808773994446
    ],
    [
      0.8795899748802185,
      -0.2937597334384918,
      0.37420129776000977,
      0.22259525954723358,
      0.9492981433868408,
      0.22200089693069458,
      -0.4204435348510742,
      -0.11197435110807419,
      0.9003826379776001
    ]
  ],
  "root_rot": [
    0.9572882056236267,
    -0.07586526870727539,
    0.2790047526359558,
    -0.09189891070127487,
    -0.9947589635848999,
    0.044823966920375824,
    0.27414190769195557,
    -0.06854969263076782,
    -0.9592429399490356
  ],
  "root_trans": [
    0.27555274963378906,
    0.5166201591491699,
    2.543527126312256
  ]
}