{
  "betas": [
    -1.0019176006317139,
    0.6055901050567627,
    1.514119029045105,
    0.3994578719139099,
    0.2126636505126953,
    -0.2515515387058258,
    -0.3156392574310303,
    0.5576910376548767,
    0.22857694327831268,
    0.7243795394897461
  ],
  "joints": [
    [
      0.9569706916809082,
      -0.2900046706199646,
      0.010220862925052643,
      0.2898298501968384,
      0.9534657597541809,
      -0.08307631313800812,
      0.014347276650369167,
      0.08246389776468277,
      0.9964907765388489
    ],
    [
      0.9865112900733948,
      0.15436261892318726,
      -0.05447746068239212,
      -0.12583288550376892,
      0.9279718995094299,
      0.3507623076438904,
      0.10469815135002136,
      -0.33917587995529175,
      0.9348786473274231
    ],
    [
      0.9976286292076111,
      -0.04465124383568764,
      0.052377745509147644,
      0.05005502328276634,
      0.9930134415626526,
      -0.10685897618532181,
      -0.04724041745066643,
      0.10922733694314957,
      0.992893636226654
    ],
    [
      0.9884641170501709,
      -0.014628306962549686,
      -0.150746688246727,
      -0.01747981831431389,
      0.9776549339294434,
      -0.20948801934719086,
      0.1504427194595337,
      0.20970644056797028,
      0.9661211371421814
    ],
    [
      0.9977062940597534,
      -0.06525367498397827,
      -0.018000809475779533,
      0.05318189784884453,
      0.9201493859291077,
      -0.3879389762878418,
      0.041877880692481995,
      0.38609185814857483,
      0.9215091466903687
    ],
    [
      0.9984467625617981,
      -0.02010319009423256,
      -0.051961254328489304,
      0.015049929730594158,
      0.9952796697616577,
      -0.09587420523166656,
      0.0536433607339859,
      0.09494327008724213,
      0.9940363168716431
    ],
    [
      0.9859967827796936,
      0.09976984560489655,
      0.13362713158130646,
      -0.12711992859840393,
      0.9683009386062622,
      0.2150208055973053,
      -0.10793866962194443,
      -0.22899651527404785,
      0.9674243330955505
    ],
    [
      0.9063429832458496,
      -0.2746999263763428,
      -0.3210645616054535,
      0.33069461584091187,
      0.934134304523468,
      0.1342909336090088,
      0.26302775740623474,
      -0.22788794338703156,
      0.9374878406524658
    ],
    [
      0.9971138834953308,
      -0.004464051686227322,
      0.0757891908288002,
      0.002976920921355486,
      0.9998010396957397,
      0.019723599776625633,
      -0.07586216181516647,
      -0.01944105513393879,
      0.9969288110733032
    ],
    [
      0.9168943166732788,
      -0.365318238735199,
      0.16077081859111786,
      0.16481225192546844,
      0.7133970260620117,
      0.6811031699180603,
      -0.36351287364959717,
      -0.5980026721954346,
      0.714318573474884
    ],
    [
      0.8451672196388245,
      0.29902416467666626,
      0.443031370639801,
      -0.38656067848205566,
      0.9143880009651184,
      0.12027201056480408,
      -0.36913836002349854,
      -0.272908478975296,
      0.8884017467498779
    ],
    [
      0.9105421900749207,
      -0.022976942360401154,
      -0.4127771854400635,
      0.032611165195703506,
      0.9993350505828857,
      0.01630946435034275,
      0.41212794184684753,
      -0.028311599045991898,
      0.9106860160827637
    ],
    [
      0.9484602808952332,
      0.294629842042923,
      0.11668936908245087,
      -0.29216161370277405,
      0.9556092619895935,
      -0.0381123349070549,
      -0.12273847311735153,
      0.0020558785181492567,
      0.992436945438385
    ],
    [
      0.9137484431266785,
      -0.331597238779068,
      0.2347484827041626,
      0.3233415484428406,
      0.9433846473693848,
      0.0739978551864624,
      -0.24599559605121613,
      0.008288498036563396,
      0.9692354202270508
    ],
    [
      0.9962852597236633,
      0.005561492405831814,
      -0.08593419194221497,
      -0.0008991247159428895,
      0.9985297322273254,
      0.054198771715164185,
      0.08610927313566208,
      -0.05392017215490341,
      0.9948254823684692
    ],
    [
      0.6361580491065979,
      0.7479770183563232,
      -0.18929682672023773,
      -0.7253103256225586,
      0.4960823357105255,
      -0.47731247544288635,
      -0.26311197876930237,
      0.4409450888633728,
      0.8581022024154663
    ],
    [
      0.7982977628707886,
      -0.5074301958084106,
      0.3243998885154724,
      0.46934810280799866,
      0.8616911172866821,
      0.19287489354610443,
      -0.3774030804634094,
      -0.0017151262145489454,
      0.9260475039482117
    ],
    [
      -0.27436792850494385,
      -0.26245826482772827,
      -0.9251150488853455,
      0.0032073804177343845,
      0.9617781639099121,
      -0.2738109529018402,
      0.9616194367408752,
      -0.07809214293956757,
      -0.2630392909049988
    ],
    [
      0.42533576488494873,
      0.22089974582195282,
      0.877663254737854,
      -0.5484365224838257,
      0.834328830242157,
      0.05579204857349396,
      -0.7199353575706482,
      -0.5050729513168335,
      0.47601938247680664
    ],
    [
      0.9463729858398438,
      -0.32189369201660156,
      0.0276150144636631,
      0.30548107624053955,
      0.863735020160675,
      -0.4008030295372009,
      0.10516392439603806,
      0.38774505257606506,
      0.9157479405403137
    ],
    [
      0.9293332695960999,
      0.32791659235954285,
      -0.16973590850830078,
      -0.36724457144737244,
      0.7731106877326965,
      -0.5171375870704651,
      -0.03835334628820419,
      0.5429278016090393,
      0.8389030694961548
    ],
    [
      0.8558155298233032,
      0.15055856108665466,
      -0.49488580226898193,
      -0.15173695981502533,
      0.9876869916915894,
      0.03808131441473961,
      0.4945257902145386,
      0.042501889169216156,
      0.8681231737136841
    ],
    [
      0.9649258852005005,
      -0.17148545384407043,
      0.19877296686172485,
      0.10524962842464447,
      0.9463531970977783,
      0.30551278591156006,
      -0.24050043523311615,
      -0.273876428604126,
      0.9312095046043396
    ]
  ],
  "root_rot": [
    0.8257274627685547,
    0.004917899612337351,
    -0.5640478730201721,
    0.02509041503071785,
    -0.9992924928665161,
    0.02801787480711937,
    -0.5635110139846802,
    -0.03728732094168663,
    -0.8252666592597961
  ],
  "root_trans": [
    -0.722201943397522,
    0.5464118719100952,
    2.4460418224334717
  ]
}