{
  "betas": [
    -0.5221467018127441,
    1.3995660543441772,
    0.9295264482498169,
    0.2873630225658417,
    -0.037101566791534424,
    -0.013051610440015793,
    -0.10791230201721191,
    0.3287311792373657,
    0.4697929620742798,
    0.10685516893863678
  ],
  "joints": [
    [
      0.9566482305526733,
      -0.27892792224884033,
      -0.08380595594644547,
      0.29123079776763916,
      0.9132023453712463,
      0.28503701090812683,
      -0.002972978400066495,
      -0.29708701372146606,
      0.9548457860946655
    ],
    [
      0.9883540272712708,
      0.13404500484466553,
      -0.07203051447868347,
      -0.13372564315795898,
      0.9909751415252686,
      0.009260225109755993,
      0.07262173295021057,
      0.0004799446032848209,
      0.9973595142364502
    ],
    [
      0.9938948750495911,
      -0.007575473748147488,
      0.1100713387131691,
      0.019968707114458084,
      0.9935152530670166,
      -0.11193141341209412,
      -0.1085096225142479,
      0.11344602704048157,
      0.9876009821891785
    ],
    [
      0.9991529583930969,
      0.02775685116648674,
      -0.03037727251648903,
      -0.03445444256067276,
      0.9679372310638428,
      -0.24881787598133087,
      0.0224969033151865,
      0.24965378642082214,
      0.9680736660957336
    ],
    [
      0.9982172846794128,
      0.017540382221341133,
      0.057048551738262177,
      0.009145820513367653,
      0.8995974063873291,
      -0.43662431836128235,
      -0.05897928401827812,
      0.4363677203655243,
      0.8978332877159119
    ],
    [
      0.9943222403526306,
      -0.014088388532400131,
      -0.10547385364770889,
      0.008825442753732204,
      0.9987002015113831,
      -0.05019965022802353,
      0.1060439944267273,
      0.048983778804540634,
      0.9931541681289673
    ],
    [
      0.9901168942451477,
      0.11899947375059128,
      -0.07421393692493439,
      -0.13042765855789185,
      0.9758210182189941,
      -0.17539069056510925,
      0.051548123359680176,
      0.18333682417869568,
      0.981697678565979
    ],
    [
      0.9382339715957642,
      -0.3419177830219269,
      -0.05300202965736389,
      0.34581661224365234,
      0.9216589331626892,
      0.17594224214553833,
      -0.011307989247143269,
      -0.18340396881103516,
      0.9829725623130798
    ],
    [
      0.9986040592193604,
      0.01369252149015665,
      0.05101500824093819,
      -0.014433649368584156,
      0.9997951984405518,
      0.014187660999596119,
      -0.05081029236316681,
      -0.014904187992215157,
      0.9985972046852112
    ],
    [
      0.9495989084243774,
      -0.2374526709318161,
      0.20464129745960236,
      0.16123175621032715,
      0.9298394322395325,
      0.33076101541519165,
      -0.26882365345954895,
      -0.28109562397003174,
      0.9212594032287598
    ],
    [
      0.8452617526054382,
      0.40585461258888245,
      0.34758394956588745,
      -0.4537077844142914,
      0.8887317776679993,
      0.06561291217803955,
      -0.2822796106338501,
      -0.2131616473197937,
      0.9353503584861755
    ],
    [
      0.9376894235610962,
      -0.08770912140607834,
      -0.33622264862060547,
      0.05128639191389084,
      0.9919551610946655,
      -0.11573523283004761,
      0.3436688482761383,
      0.09128005057573318,
      0.9346441626548767
    ],
    [
      0.9599208831787109,
      0.2540477216243744,
      0.11837106943130493,
      -0.2552502751350403,
      0.9668614268302917,
      -0.0051435078494250774,
      -0.115755096077919,
      -0.02527688629925251,
      0.9929562211036682
    ],
    [
      0.9425668716430664,
      -0.3099398910999298,
      0.12451841682195663,
      0.310651570558548,
      0.9504184126853943,
      0.014156261458992958,
      -0.12273219227790833,
      0.025338616222143173,
      0.9921162128448486
    ],
    [
      0.9889830350875854,
      -0.10053664445877075,
      -0.1086503118276596,
      0.10345853865146637,
      0.9943995475769043,
      0.021584434434771538,
      0.10587179660797119,
      -0.0325874425470829,
      0.9938456416130066
    ],
    [
      0.47103917598724365,
      0.7892723679542542,
      -0.39391788840293884,
      -0.8811882138252258,
      0.44145724177360535,
      -0.16918297111988068,
      0.04036645591259003,
      0.42680758237838745,
      0.9034411907196045
    ],
    [
      0.6840757727622986,
      -0.6284504532814026,
      0.3702572286128998,
      0.6445512175559998,
      0.7584483027458191,
      0.0964876115322113,
      -0.34145861864089966,
      0.17264492809772491,
      0.9239045977592468
    ],
    [
      0.03289175406098366,
      -0.3129650354385376,
      -0.9491949081420898,
      0.00672187888994813,
      0.9497565627098083,
      -0.3129172921180725,
      0.9994363188743591,
      0.003912027925252914,
      0.0333428718149662
    ],
    [
      0.5440255999565125,
      0.19773773849010468,
      0.815436065196991,
      -0.13821734488010406,
      0.9796778559684753,
      -0.1453523188829422,
      -0.8276063203811646,
      -0.03363204002380371,
      0.5603006482124329
    ],
    [
      0.9624204039573669,
      -0.15283815562725067,
      0.22447165846824646,
      0.2308667004108429,
      0.8957321643829346,
      -0.3799531161785126,
      -0.14299514889717102,
      0.4174976348876953,
      0.8973561525344849
    ],
    [
      0.9650805592536926,
      0.2609409987926483,
      -0.023008549585938454,
      -0.2513611614704132,
      0.8977530002593994,
      -0.3617418706417084,
      -0.07373729348182678,
      0.35489344596862793,
      0.9319943785667419
    ],
    [
      0.9178261160850525,
      0.11622683703899384,
      -0.3795873820781708,
      -0.0948231965303421,
      0.9926894307136536,
      0.07467565685510635,
      0.38549163937568665,
      -0.032545577734708786,
      0.9221372604370117
    ],
    [
      0.9614575505256653,
      -0.1965337097644806,
      0.19228589534759521,
      0.113124318420887,
      0.9201586246490479,
      0.37484779953956604,
      -0.2506037652492523,
      -0.3386480212211609,
      0.9069262146949768
    ]
  ],
  "root_rot": [
    -0.8940363526344299,
    0.03950127214193344,
    0.4462493658065796,
    -0.1119956374168396,
    -0.9841833710670471,
    -0.137258842587471,
    0.4337693452835083,
    -0.1726924031972885,
    0.8843196630477905
  ],
  "root_trans": [
    -1.0705146789550781,
    0.5352261066436768,
    2.5591747760772705
  ]
}