{
  "betas": [
    -1.0469589233398438,
    0.6470992565155029,
    1.4407730102539062,
    0.3114912509918213,
    0.15562692284584045,
    -0.19942998886108398,
    -0.275188148021698,
    0.5293943881988525,
    0.2409546673297882,
    0.6813297271728516
  ],
  "joints": [
    [
      0.9517716765403748,
      -0.306296169757843,
      0.017697881907224655,
      0.3068065643310547,
      0.9500865936279297,
      -0.05661420524120331,
      0.0005261932965368032,
      0.05931363254785538,
      0.9982391595840454
    ],
    [
      0.9878739714622498,
      0.14492429792881012,
      -0.055695369839668274,
      -0.11506155878305435,
      0.9242331981658936,
      0.36407941579818726,
      0.10423947125673294,
      -0.3532561957836151,
      0.9297011494636536
    ],
    [
      0.997874915599823,
      -0.04240156337618828,
      0.049474604427814484,
      0.04802676662802696,
      0.9917691349983215,
      -0.11868990957736969,
      -0.04403475299477577,
      0.12081379443407059,
      0.9916979670524597
    ],
    [
      0.9886589646339417,
      -0.006873220205307007,
      -0.15002088248729706,
      -0.020671473816037178,
      0.9832153916358948,
      -0.181273952126503,
      0.14874877035617828,
      0.1823192536830902,
      0.9719226360321045
    ],
    [
      0.9975997805595398,
      -0.06506282836198807,
      -0.02369767427444458,
      0.051470473408699036,
      0.9256897568702698,
      -0.374765545129776,
      0.046320006251335144,
      0.3726462721824646,
      0.9268167018890381
    ],
    [
      0.9982917904853821,
      -0.01915392279624939,
      -0.05519664287567139,
      0.014099335297942162,
      0.9957920908927917,
      -0.09055035561323166,
      0.05669877305626869,
      0.08961743861436844,
      0.9943611025810242
    ],
    [
      0.9865885376930237,
      0.10947146266698837,
      0.12107480317354202,
      -0.13219383358955383,
      0.9709894061088562,
      0.19925951957702637,
      -0.09574912488460541,
      -0.2125924825668335,
      0.9724384546279907
    ],
    [
      0.9098755121231079,
      -0.2625003457069397,
      -0.3212788701057434,
      0.3170968294143677,
      0.9393686652183533,
      0.13052226603031158,
      0.2675371766090393,
      -0.2206355333328247,
      0.9379465579986572
    ],
    [
      0.997295081615448,
      -0.0029602290596812963,
      0.07344184070825577,
      0.0008588363416492939,
      0.9995898008346558,
      0.028628090396523476,
      -0.07349645346403122,
      -0.02848757989704609,
      0.9968885183334351
    ],
    [
      0.9276506900787354,
      -0.3359645903110504,
      0.16307060420513153,
      0.15153220295906067,
      0.7377241253852844,
      0.6578760743141174,
      -0.34132423996925354,
      -0.5855687260627747,
      0.7352597713470459
    ],
    [
      0.8531396985054016,
      0.30247586965560913,
      0.4250423014163971,
      -0.3784105181694031,
      0.9196540117263794,
      0.10508114099502563,
      -0.3591073155403137,
      -0.25048938393592834,
      0.8990533947944641
    ],
    [
      0.905846357345581,
      -0.03331619128584862,
      -0.4222943186759949,
      0.04065088927745819,
      0.9991382956504822,
      0.008373257704079151,
      0.4216514825820923,
      -0.02475152537226677,
      0.906420111656189
    ],
    [
      0.9487325549125671,
      0.29652881622314453,
      0.10944079607725143,
      -0.2932988107204437,
      0.9549663662910461,
      -0.04489069804549217,
      -0.11782364547252655,
      0.01049040723592043,
      0.9929792284965515
    ],
    [
      0.917500376701355,
      -0.3139214813709259,
      0.24422618746757507,
      0.3050685226917267,
      0.9494278430938721,
      0.07429708540439606,
      -0.25519856810569763,
      0.006338117178529501,
      0.966867983341217
    ],
    [
      0.9944453239440918,
      -0.002149677136912942,
      -0.10523239523172379,
      0.007182330824434757,
      0.9988468885421753,
      0.04746861010789871,
      0.10500901192426682,
      -0.04796075075864792,
      0.9933140277862549
    ],
    [
      0.6295700669288635,
      0.7522897124290466,
      -0.19416925311088562,
      -0.7332138419151306,
      0.4926208555698395,
      -0.46874523162841797,
      -0.25698038935661316,
      0.4374755918979645,
      0.8617286086082458
    ],
    [
      0.8044081330299377,
      -0.4938175082206726,
      0.3302602171897888,
      0.4508478343486786,
      0.8694602251052856,
      0.20192857086658478,
      -0.38686397671699524,
      -0.013535870239138603,
      0.9220374226570129
    ],
    [
      -0.2786664366722107,
      -0.2635971009731293,
      -0.9235051274299622,
      0.006655121222138405,
      0.9610427618026733,
      -0.2763197124004364,
      0.9603649377822876,
      -0.0831470638513565,
      -0.266056090593338
    ],
    [
      0.47786661982536316,
      0.22355368733406067,
      0.8495098948478699,
      -0.5318121910095215,
      0.8433337807655334,
      0.07722681015729904,
      -0.6991559863090515,
      -0.48868387937545776,
      0.5218896269798279
    ],
    [
      0.9480410814285278,
      -0.3172321617603302,
      0.02412162348628044,
      0.30051425099372864,
      0.868026077747345,
      -0.3952491581439972,
      0.10444754362106323,
      0.38196131587028503,
      0.9182571768760681
    ],
    [
      0.9273173213005066,
      0.33044323325157166,
      -0.17575475573539734,
      -0.3726971745491028,
      0.7721771001815796,
      -0.5146253108978271,
      -0.03434065729379654,
      0.5427243113517761,
      0.8392084836959839
    ],
    [
      0.8573209643363953,
      0.14798040688037872,
      -0.4930543899536133,
      -0.16130560636520386,
      0.9867798686027527,
      0.015684692189097404,
      0.4888571500778198,
      0.06608562171459198,
      0.869857132434845
    ],
    [
      0.9644527435302734,
      -0.17232181131839752,
      0.20033982396125793,
      0.10698463022708893,
      0.9478417038917542,
      0.3002505302429199,
      -0.24163015186786652,
      -0.2681441903114319,
      0.9325843453407288
    ]
  ],
  "root_rot": [
    0.8386948108673096,
    -0.002501401584595442,
    -0.5445959568023682,
    0.02653065323829651,
    -0.998614490032196,
    0.04544480890035629,
    -0.5439550876617432,
    -0.052562810480594635,
    -0.8374664187431335
  ],
  "root_trans": [
    -0.7191827893257141,
    0.5382413864135742,
    2.4425578117370605
  ]
}