{
  "betas": [
    -0.6171554327011108,
    1.0245745182037354,
    1.1813501119613647,
    -0.20872244238853455,
    0.363563597202301,
    0.35062116384506226,
    0.19232043623924255,
    0.20117446780204773,
    -0.2284776270389557,
    0.6122303009033203
  ],
  "joints": [
    [
      0.9763451218605042,
      -0.20426657795906067,
      0.07088959962129593,
      0.21036569774150848,
      0.9731765985488892,
      -0.09313163161277771,
      -0.04996442422270775,
      0.10584135353565216,
      0.9931269288063049
    ],
    [
      0.9484159350395203,
      0.2146233171224594,
      -0.23333235085010529,
      -0.20615990459918976,
      0.9766539335250854,
      0.060374703258275986,
      0.2408427894115448,
      -0.00915655866265297,
      0.9705208539962769
    ],
    [
      0.9985465407371521,
      0.0032607007306069136,
      0.053797539323568344,
      0.0014286163495853543,
      0.9962161779403687,
      -0.08689802885055542,
      -0.0538773275911808,
      0.08684857934713364,
      0.9947635531425476
    ],
    [
      0.9981923699378967,
      0.005273434799164534,
      -0.05986795201897621,
      -0.012605071067810059,
      0.9923567771911621,
      -0.12275611609220505,
      0.05876302719116211,
      0.12328886240720749,
      0.9906294345855713
    ],
    [
      0.9995120763778687,
      0.001076027168892324,
      -0.03121594712138176,
      -0.0076353042386472225,
      0.9775032997131348,
      -0.21078194677829742,
      0.0302868839353323,
      0.21091744303703308,
      0.9770345687866211
    ],
    [
      0.9966543912887573,
      0.015288764610886574,
      -0.08028899133205414,
      0.008985684253275394,
      0.9558966159820557,
      0.2935658097267151,
      0.08123623579740524,
      -0.29330506920814514,
      0.9525611996650696
    ],
    [
      0.9966965317726135,
      -0.0038645132444798946,
      0.08112365007400513,
      0.0028712444473057985,
      0.9999194741249084,
      0.012357106432318687,
      -0.0811648815870285,
      -0.01208336092531681,
      0.9966273903846741
    ],
    [
      0.8546543717384338,
      -0.36576637625694275,
      -0.3684844672679901,
      0.3873843550682068,
      0.9217709302902222,
      -0.01648126170039177,
      0.34568658471107483,
      -0.12865933775901794,
      0.9294877052307129
    ],
    [
      0.9960930347442627,
      0.05756313353776932,
      0.0669725313782692,
      -0.04987616464495659,
      0.9925374388694763,
      -0.11127347499132156,
      -0.07287799566984177,
      0.10749837756156921,
      0.9915306568145752
    ],
    [
      0.9707857370376587,
      -0.007451415061950684,
      0.23983211815357208,
      -0.1589498519897461,
      0.7287876009941101,
      0.6660356521606445,
      -0.17974960803985596,
      -0.6846992373466492,
      0.7063121795654297
    ],
    [
      0.8720254302024841,
      0.3962705135345459,
      0.28730013966560364,
      -0.36951860785484314,
      0.9179192781448364,
      -0.1444997936487198,
      -0.32097935676574707,
      0.01984475925564766,
      0.9468782544136047
    ],
    [
      0.994049072265625,
      -0.03869526460766792,
      -0.10182887315750122,
      0.03683268278837204,
      0.9991191625595093,
      -0.020109066739678383,
      0.10251729190349579,
      0.01623876951634884,
      0.9945987462997437
    ],
    [
      0.5638617277145386,
      -0.20909686386585236,
      -0.79896080493927,
      0.6899593472480774,
      0.650951087474823,
      0.31657347083091736,
      0.453889936208725,
      -0.7297541499137878,
      0.5113147497177124
    ],
    [
      0.6398170590400696,
      0.147327721118927,
      0.7542736530303955,
      -0.5663211941719055,
      0.75385582447052,
      0.33313924074172974,
      -0.5195329189300537,
      -0.6403093338012695,
      0.5657646059989929
    ],
    [
      0.9968388676643372,
      -0.017662443220615387,
      -0.07746145129203796,
      0.039091385900974274,
      0.9578312039375305,
      0.2846599221229553,
      0.06916720420122147,
      -0.2867881655693054,
      0.9554938077926636
    ],
    [
      0.7455136179924011,
      0.23098300397396088,
      -0.6251851320266724,
      0.06061108037829399,
      0.9106423258781433,
      0.40872591733932495,
      0.6637287735939026,
      -0.3426038920879364,
      0.6648961305618286
    ],
    [
      0.8135786652565002,
      -0.11866123974323273,
      0.569218099117279,
      -0.17054398357868195,
      0.8872010111808777,
      0.42870619893074036,
      -0.5558817386627197,
      -0.44586294889450073,
      0.7015708684921265
    ],
    [
      0.4733470380306244,
      -0.1412336528301239,
      -0.8694800138473511,
      0.522811233997345,
      0.8394560813903809,
      0.14826299250125885,
      0.7089505195617676,
      -0.5247538089752197,
      0.4711925983428955
    ],
    [
      0.4791770577430725,
      0.2697140872478485,
      0.8352506160736084,
      -0.4397696852684021,
      0.8973287343978882,
      -0.03746732696890831,
      -0.7595997452735901,
      -0.34936442971229553,
      0.5485914349555969
    ],
    [
      0.888286292552948,
      -0.3290408253669739,
      0.32043662667274475,
      0.4556520879268646,
      0.7189785838127136,
      -0.5248342156410217,
      -0.05769515782594681,
      0.6122106313705444,
      0.7885869741439819
    ],
    [
      0.8321808576583862,
      0.4253905415534973,
      -0.3556935489177704,
      -0.554470419883728,
      0.6454622745513916,
      -0.5253008604049683,
      0.006128767970949411,
      0.6343668699264526,
      0.7730078101158142
    ],
    [
      0.9418517351150513,
      0.20777854323387146,
      -0.26408952474594116,
      -0.13483865559101105,
      0.9535578489303589,
      0.2693435847759247,
      0.3077884614467621,
      -0.21807225048542023,
      0.9261267185211182
    ],
    [
      0.9639879465103149,
      -0.15329383313655853,
      0.2173204869031906,
      0.11914233863353729,
      0.9795004725456238,
      0.16243115067481995,
      -0.23776523768901825,
      -0.1306896060705185,
      0.962490439414978
    ]
  ],
  "root_rot": [
    -0.9261981248855591,
    -0.050217531621456146,
    -0.373678058385849,
    0.08184566348791122,
    -0.9942362308502197,
    -0.06925000250339508,
    -0.36804670095443726,
    -0.09472314268350601,
    0.9249697923660278
  ],
  "root_trans": [
    -0.48529285192489624,
    0.4955465793609619,
    2.428297758102417
  ]
}