{
  "betas": [
    -0.8732374310493469,
    0.9964274168014526,
    1.275089979171753,
    0.508455216884613,
    0.07870301604270935,
    -0.2751568555831909,
    -0.30728232860565186,
    0.8616148233413696,
    0.09634510427713394,
    1.036269187927246
  ],
  "joints": [
    [
      0.9968021512031555,
      -0.041920941323041916,
      0.06803002953529358,
      0.060046810656785965,
      0.9546689987182617,
      -0.29155024886131287,
      -0.052724096924066544,
      0.2947028875350952,
      0.9541333317756653
    ],
    [
      0.9942338466644287,
      0.05835460126399994,
      0.08996526151895523,
      -0.09613020718097687,
      0.8567949533462524,
      0.5066176056861877,
      -0.04751832038164139,
      -0.5123447775840759,
      0.8574641942977905
    ],
    [
      0.9906876087188721,
      -0.05158163979649544,
      -0.12600505352020264,
      0.03458555415272713,
      0.9904415011405945,
      -0.1335272341966629,
      0.1316881775856018,
      0.1279258280992508,
      0.9830021262168884
    ],
    [
      0.9996033310890198,
      0.002482010517269373,
      -0.028051692992448807,
      -0.004586720373481512,
      0.9971566796302795,
      -0.07521729916334152,
      0.02778524160385132,
      0.07531613856554031,
      0.9967725276947021
    ],
    [
      0.998507022857666,
      0.04428325593471527,
      0.03197835758328438,
      -0.031968854367733,
      0.9484767317771912,
      -0.3152298331260681,
      -0.04429014027118683,
      0.3137369155883789,
      0.9484763741493225
    ],
    [
      0.9874367117881775,
      -0.027309220284223557,
      -0.15563687682151794,
      0.02059326507151127,
      0.9987925887107849,
      -0.044601891189813614,
      0.15666699409484863,
      0.04083647578954697,
      0.9868068695068359
    ],
    [
      0.9922778606414795,
      -0.07290153950452805,
      0.10034937411546707,
      0.047827742993831635,
      0.9713621139526367,
      0.23274049162864685,
      -0.11444272100925446,
      -0.2261437475681305,
      0.9673478603363037
    ],
    [
      0.8743853569030762,
      -0.48372045159339905,
      -0.038272369652986526,
      0.46762388944625854,
      0.8610852360725403,
      -0.19964998960494995,
      0.12953056395053864,
      0.15667395293712616,
      0.9791195392608643
    ],
    [
      0.9987339377403259,
      0.014898148365318775,
      -0.048047151416540146,
      -0.015960942953824997,
      0.9996346235275269,
      -0.02181251533329487,
      0.047704633325338364,
      0.022551778703927994,
      0.99860680103302
    ],
    [
      0.9068689942359924,
      -0.3796970248222351,
      0.18280795216560364,
      0.23078273236751556,
      0.8104409575462341,
      0.5384466052055359,
      -0.35260164737701416,
      -0.44611164927482605,
      0.8225913047790527
    ],
    [
      0.8731608390808105,
      0.3969336748123169,
      0.28290241956710815,
      -0.4228934943675995,
      0.9055136442184448,
      0.034730151295661926,
      -0.24238641560077667,
      -0.14996260404586792,
      0.958519697189331
    ],
    [
      0.9717098474502563,
      -0.015734782442450523,
      -0.23565298318862915,
      0.03227690979838371,
      0.9972639083862305,
      0.0665048286318779,
      0.2339617758989334,
      -0.07222955673933029,
      0.9695590138435364
    ],
    [
      0.8612996339797974,
      0.24656474590301514,
      -0.44426199793815613,
      -0.14269550144672394,
      0.9565561413764954,
      0.25424060225486755,
      0.4876483678817749,
      -0.15558315813541412,
      0.8590651154518127
    ],
    [
      0.9024280905723572,
      -0.2419850379228592,
      0.3564641773700714,
      0.21410924196243286,
      0.969856321811676,
      0.11634416878223419,
      -0.3738725781440735,
      -0.028669986873865128,
      0.9270368218421936
    ],
    [
      0.998224139213562,
      0.04086792841553688,
      0.043339814990758896,
      -0.04186546429991722,
      0.9988729357719421,
      0.02236400917172432,
      -0.04237699881196022,
      -0.024138735607266426,
      0.9988100528717041
    ],
    [
      0.3633944094181061,
      0.5970867276191711,
      -0.7151447534561157,
      -0.7453535199165344,
      0.6468555331230164,
      0.16132614016532898,
      0.5589209794998169,
      0.47441062331199646,
      0.6801043748855591
    ],
    [
      0.6252701282501221,
      -0.6440392136573792,
      0.440738707780838,
      0.6812507510185242,
      0.7259476780891418,
      0.09432590007781982,
      -0.3807028532028198,
      0.2412743866443634,
      0.8926656246185303
    ],
    [
      -0.3071616291999817,
      -0.421936571598053,
      -0.8530071377754211,
      -0.02256767638027668,
      0.8993160724639893,
      -0.43671655654907227,
      0.9513896703720093,
      -0.11489219218492508,
      -0.28575751185417175
    ],
    [
      -0.5346930027008057,
      0.4157317578792572,
      0.7357109189033508,
      -0.0611259900033474,
      0.8493077754974365,
      -0.5243470668792725,
      -0.8428327441215515,
      -0.3253357708454132,
      -0.42870691418647766
    ],
    [
      0.7829720377922058,
      -0.45496588945388794,
      0.42421790957450867,
      0.6033961176872253,
      0.7212623953819275,
      -0.34013769030570984,
      -0.151221364736557,
      0.5222897529602051,
      0.8392529487609863
    ],
    [
      0.7648248672485352,
      0.5727211236953735,
      -0.2950144410133362,
      -0.6423811316490173,
      0.6432164907455444,
      -0.41667628288269043,
      -0.04888111725449562,
      0.5081961154937744,
      0.859853208065033
    ],
    [
      0.8848711848258972,
      0.2854114770889282,
      -0.36816203594207764,
      -0.16131021082401276,
      0.9291649460792542,
      0.3326132297515869,
      0.4370148777961731,
      -0.2349315732717514,
      0.8682310581207275
    ],
    [
      0.9185944199562073,
      -0.3137969374656677,
      0.2402411848306656,
      0.19787849485874176,
      0.8914082050323486,
      0.40771985054016113,
      -0.34209421277046204,
      -0.32699060440063477,
      0.8809362649917603
    ]
  ],
  "root_rot": [
    0.6548362374305725,
    0.042082030326128006,
    -0.7545982599258423,
    0.07453219592571259,
    -0.9971773624420166,
    0.00906857568770647,
    -0.7520866990089417,
    -0.062180295586586,
    -0.6561243534088135
  ],
  "root_trans": [
    0.1612226963043213,
    0.5138636231422424,
    2.7344346046447754
  ]
}