{
  "betas": [
    -0.5749854445457458,
    0.8845481872558594,
    1.3825151920318604,
    0.27849283814430237,
    0.1656574010848999,
    -0.3844306468963623,
    -0.3661372661590576,
    0.32206231355667114,
    -0.10393920540809631,
    0.4669944643974304
  ],
  "joints": [
    [
      0.9455875754356384,
      -0.32217854261398315,
      -0.045441992580890656,
      0.32509681582450867,
      0.9298456311225891,
      0.1723344326019287,
      -0.013268419541418552,
      -0.17773036658763885,
      0.9839897155761719
    ],
    [
      0.9447520971298218,
      0.3252394497394562,
      -0.04077751561999321,
      -0.32125774025917053,
      0.943448007106781,
      0.08184956759214401,
      0.06509217619895935,
      -0.06422745436429977,
      0.9958101511001587
    ],
    [
      0.9979231357574463,
      -0.04195525124669075,
      0.048880670219659805,
      0.04505278170108795,
      0.9969264268875122,
      -0.06409312039613724,
      -0.04604139178991318,
      0.06616220623254776,
      0.9967461228370667
    ],
    [
      0.9984278678894043,
      0.01783563196659088,
      -0.053138501942157745,
      -0.022997256368398666,
      0.9949044585227966,
      -0.09816502034664154,
      0.05111689120531082,
      0.0992327332496643,
      0.9937505125999451
    ],
    [
      0.9783269762992859,
      0.035472478717565536,
      0.20400503277778625,
      0.001842889585532248,
      0.9836865663528442,
      -0.17988158762454987,
      -0.20705784857273102,
      0.17635896801948547,
      0.9623017311096191
    ],
    [
      0.9881877899169922,
      -0.06098729744553566,
      -0.14058926701545715,
      0.06659428030252457,
      0.9971475601196289,
      0.03552418202161789,
      0.13802172243595123,
      -0.0444670096039772,
      0.9894304275512695
    ],
    [
      0.9971780180931091,
      0.07493628561496735,
      0.00452602282166481,
      -0.07328566908836365,
      0.9847453832626343,
      -0.15781548619270325,
      -0.016283083707094193,
      0.15703845024108887,
      0.9874582290649414
    ],
    [
      0.9152823686599731,
      -0.38683661818504333,
      -0.11231959611177444,
      0.4021657407283783,
      0.8933682441711426,
      0.2003892958164215,
      0.0228248480707407,
      -0.22858387231826782,
      0.9732566475868225
    ],
    [
      0.9996713399887085,
      0.006272620055824518,
      0.024857694283127785,
      -0.004695015028119087,
      0.9980010390281677,
      -0.06302351504564285,
      -0.02520332671701908,
      0.06288608908653259,
      0.9977024793624878
    ],
    [
      0.9624312520027161,
      -0.011830429546535015,
      0.27126768231391907,
      -0.17392416298389435,
      0.7403316497802734,
      0.64935302734375,
      -0.20851017534732819,
      -0.6721376776695251,
      0.7104607224464417
    ],
    [
      0.9451073408126831,
      0.24235230684280396,
      0.21917448937892914,
      -0.2465730458498001,
      0.9690884947776794,
      -0.008316869847476482,
      -0.21441508829593658,
      -0.04618218541145325,
      0.9756501913070679
    ],
    [
      0.8696291446685791,
      0.31812262535095215,
      0.37754887342453003,
      -0.29185718297958374,
      0.9480496048927307,
      -0.12657561898231506,
      -0.3982016146183014,
      -0.0001165133435279131,
      0.9172979593276978
    ],
    [
      0.7322226762771606,
      -0.024604644626379013,
      -0.680620551109314,
      0.32313379645347595,
      0.8922565579414368,
      0.3153771162033081,
      0.599528431892395,
      -0.45085781812667847,
      0.6612810492515564
    ],
    [
      0.9593800902366638,
      -0.16285815834999084,
      0.2303626984357834,
      0.17538639903068542,
      0.9838825464248657,
      -0.03485340252518654,
      -0.2209736704826355,
      0.07384014874696732,
      0.9724804162979126
    ],
    [
      0.8670002818107605,
      -0.16269385814666748,
      0.47100022435188293,
      0.18379411101341248,
      0.982964038848877,
      0.001215813448652625,
      -0.463174045085907,
      0.08551295846700668,
      0.8821322917938232
    ],
    [
      0.3484423756599426,
      0.6360299587249756,
      -0.6885156631469727,
      -0.5820715427398682,
      0.7225792407989502,
      0.37292349338531494,
      0.7346976399421692,
      0.27082303166389465,
      0.6219921708106995
    ],
    [
      0.5850419402122498,
      -0.7556504011154175,
      0.2944798469543457,
      0.810876190662384,
      0.5514480471611023,
      -0.19592060148715973,
      -0.0143428398296237,
      0.35340845584869385,
      0.9353591203689575
    ],
    [
      0.07430437952280045,
      -0.2704034447669983,
      -0.9598754644393921,
      -0.1947808414697647,
      0.9400619268417358,
      -0.279899924993515,
      0.9780282974243164,
      0.20776313543319702,
      0.017181308940052986
    ],
    [
      -0.11498355865478516,
      0.4165756106376648,
      0.9018001556396484,
      0.14069680869579315,
      0.9054990410804749,
      -0.40034475922584534,
      -0.9833530187606812,
      0.08084733784198761,
      -0.16272836923599243
    ],
    [
      0.971129298210144,
      -0.12319668382406235,
      0.20428034663200378,
      0.20112168788909912,
      0.8833400011062622,
      -0.4233916699886322,
      -0.12828855216503143,
      0.4522532820701599,
      0.8826148509979248
    ],
    [
      0.9878846406936646,
      0.1529657244682312,
      0.02618013322353363,
      -0.14066949486732483,
      0.9538676738739014,
      -0.2652330696582794,
      -0.06554395705461502,
      0.2583369314670563,
      0.9638288617134094
    ],
    [
      0.8744828701019287,
      0.38911959528923035,
      -0.2895957827568054,
      -0.2591511607170105,
      0.8794849514961243,
      0.3991827070713043,
      0.4100249707698822,
      -0.27402931451797485,
      0.8699353337287903
    ],
    [
      0.8321508169174194,
      -0.4742871820926666,
      0.2873615026473999,
      0.3129485249519348,
      0.8294300436973572,
      0.4627190828323364,
      -0.4578080177307129,
      -0.2951227128505707,
      0.8386383652687073
    ]
  ],
  "root_rot": [
    0.9115687012672424,
    -0.09185994416475296,
    0.4007546007633209,
    -0.10537923127412796,
    -0.9943624138832092,
    0.011773625388741493,
    0.39741379022598267,
    -0.052963681519031525,
    -0.9161098003387451
  ],
  "root_trans": [
    0.17997679114341736,
    0.5476998090744019,
    2.5957119464874268
  ]
}