{
  "betas": [
    -0.7036303281784058,
    0.5316910743713379,
    1.2836532592773438,
    0.5072078108787537,
    -0.06791973114013672,
    0.35384419560432434,
    -0.11681711673736572,
    0.3479158282279968,
    -0.12247917056083679,
    0.9088138341903687
  ],
  "joints": [
    [
      0.9907846450805664,
      -0.036230701953172684,
      0.13051073253154755,
      0.07978561520576477,
      0.934760332107544,
      -0.3462039530277252,
      -0.10945305973291397,
      0.353426456451416,
      0.9290368556976318
    ],
    [
      0.9933038353919983,
      0.03861917927861214,
      0.10888602584600449,
      -0.0893561989068985,
      0.8542214035987854,
      0.5121731758117676,
      -0.07323304563760757,
      -0.5184731483459473,
      0.8519522547721863
    ],
    [
      0.981607973575592,
      -0.06709813326597214,
      -0.17872771620750427,
      0.048732656985521317,
      0.9932522177696228,
      -0.10523832589387894,
      0.18458300828933716,
      0.09459290653467178,
      0.9782541394233704
    ],
    [
      0.9990983605384827,
      0.018104402348399162,
      -0.03840070962905884,
      -0.021943625062704086,
      0.994538426399231,
      -0.1020386666059494,
      0.03634363412857056,
      0.10278932750225067,
      0.994038999080658
    ],
    [
      0.9987899661064148,
      0.028251422569155693,
      0.040254831314086914,
      -0.009202451445162296,
      0.9114388227462769,
      -0.4113326668739319,
      -0.048310551792383194,
      0.4104645252227783,
      0.9105959534645081
    ],
    [
      0.9838526248931885,
      0.008293182589113712,
      -0.17878836393356323,
      0.01140121091157198,
      0.9939932227134705,
      0.10884644091129303,
      0.17861708998680115,
      -0.10912726074457169,
      0.9778482913970947
    ],
    [
      0.9772080779075623,
      -0.17592796683311462,
      0.11880096793174744,
      0.15516063570976257,
      0.9738643169403076,
      0.16587185859680176,
      -0.14487752318382263,
      -0.1436581015586853,
      0.978965163230896
    ],
    [
      0.840415358543396,
      -0.5416235327720642,
      -0.018600715324282646,
      0.5338521003723145,
      0.8332895636558533,
      -0.14363311231136322,
      0.09329484403133392,
      0.11078144609928131,
      0.9894562363624573
    ],
    [
      0.9937988519668579,
      0.02934700809419155,
      -0.10725028067827225,
      -0.03915301710367203,
      0.995126485824585,
      -0.0905008539557457,
      0.10407166182994843,
      0.09413881599903107,
      0.9901045560836792
    ],
    [
      0.9445649981498718,
      -0.1968143731355667,
      0.26279503107070923,
      -0.03745868429541588,
      0.7305854558944702,
      0.681793212890625,
      -0.3261808454990387,
      -0.6538418531417847,
      0.6827130317687988
    ],
    [
      0.8536339402198792,
      0.39710715413093567,
      0.33706843852996826,
      -0.42335450649261475,
      0.905951201915741,
      0.0048359110951423645,
      -0.3034471869468689,
      -0.14682751893997192,
      0.941467821598053
    ],
    [
      0.9968235492706299,
      0.05565084517002106,
      -0.056970592588186264,
      -0.06385262310504913,
      0.9859915375709534,
      -0.15408889949321747,
      0.04759735241532326,
      0.1572371870279312,
      0.9864130616188049
    ],
    [
      0.7878354787826538,
      -0.05723941698670387,
      -0.6132200956344604,
      0.29968664050102234,
      0.9054752588272095,
      0.3005036413669586,
      0.5380550026893616,
      -0.4205212891101837,
      0.7305194139480591
    ],
    [
      0.9055308103561401,
      0.07127100229263306,
      0.41825148463249207,
      -0.15495596826076508,
      0.9732472896575928,
      0.16964218020439148,
      -0.3949715197086334,
      -0.21842680871486664,
      0.8923493027687073
    ],
    [
      0.9974623322486877,
      0.02735717222094536,
      0.06573028862476349,
      -0.027397748082876205,
      0.9996246099472046,
      -0.0002841484092641622,
      -0.06571338325738907,
      -0.0015174347208812833,
      0.9978374242782593
    ],
    [
      0.4040963053703308,
      0.6494906544685364,
      -0.6441025137901306,
      -0.5711645483970642,
      0.7291715741157532,
      0.37693485617637634,
      0.7144769430160522,
      0.21557049453258514,
      0.6656215786933899
    ],
    [
      0.7358376383781433,
      -0.5164253115653992,
      0.43800437450408936,
      0.44942280650138855,
      0.856279194355011,
      0.25456830859184265,
      -0.5065195560455322,
      0.009528220631182194,
      0.8621757626533508
    ],
    [
      -0.10362636297941208,
      -0.3197469115257263,
      -0.9418192505836487,
      0.2509125769138336,
      0.9078867435455322,
      -0.33583420515060425,
      0.9624471068382263,
      -0.27111557126045227,
      -0.013852478936314583
    ],
    [
      -0.36411261558532715,
      0.3183005452156067,
      0.875275194644928,
      -0.2836091220378876,
      0.857261598110199,
      -0.42973053455352783,
      -0.8871233463287354,
      -0.40470632910728455,
      -0.22186681628227234
    ],
    [
      0.8764069676399231,
      -0.28115227818489075,
      0.3909783661365509,
      0.43986406922340393,
      0.7978510856628418,
      -0.4122537076473236,
      -0.1960364580154419,
      0.5332794189453125,
      0.8229110240936279
    ],
    [
      0.8433064222335815,
      0.4329470694065094,
      -0.3184197247028351,
      -0.5372122526168823,
      0.6960577964782715,
      -0.4763471186161041,
      0.01540544256567955,
      0.5727655291557312,
      0.8195744752883911
    ],
    [
      0.8894047737121582,
      0.32722076773643494,
      -0.31919535994529724,
      -0.2038315087556839,
      0.908902108669281,
      0.3637988865375519,
      0.40915989875793457,
      -0.25850239396095276,
      0.8750797510147095
    ],
    [
      0.9162136912345886,
      -0.2500000298023224,
      0.3131332993507385,
      0.15747402608394623,
      0.9432647824287415,
      0.2923240661621094,
      -0.3684486746788025,
      -0.21852096915245056,
      0.9036006331443787
    ]
  ],
  "root_rot": [
    0.5621891021728516,
    0.05412028357386589,
    -0.8252360820770264,
    0.05757354199886322,
    -0.9979966878890991,
    -0.02622843161225319,
    -0.8250023126602173,
    -0.032766424119472504,
    -0.5641787648200989
  ],
  "root_trans": [
    0.12258750945329666,
    0.5254490375518799,
    2.728328227996826
  ]
}