{
  "betas": [
    -0.211030513048172,
    0.8561402559280396,
    1.5119104385375977,
    0.8829174041748047,
    0.06893372535705566,
    0.1538899838924408,
    0.32067301869392395,
    0.568727970123291,
    -0.12012115120887756,
    0.7832275032997131
  ],
  "joints": [
    [
      0.9307573437690735,
      -0.24902501702308655,
      -0.26772597432136536,
      0.3375595211982727,
      0.3038423955440521,
      0.8909171223640442,
      -0.14051416516304016,
      -0.9196012020111084,
      0.36686429381370544
    ],
    [
      0.9829365611076355,
      -0.17538686096668243,
      -0.055453695356845856,
      0.17919482290744781,
      0.9810720682144165,
      0.07339459657669067,
      0.041531626135110855,
      -0.08207925409078598,
      0.9957600235939026
    ],
    [
      0.9865654110908508,
      0.08053168654441833,
      0.14213857054710388,
      -0.017608940601348877,
      0.9174087643623352,
      -0.3975564241409302,
      -0.1624150425195694,
      0.38971248269081116,
      0.906501829624176
    ],
    [
      0.8569551706314087,
      0.4131428897380829,
      -0.30812472105026245,
      -0.09171581268310547,
      -0.4660598039627075,
      -0.8799866437911987,
      -0.5071647763252258,
      0.7823689579963684,
      -0.36150062084198
    ],
    [
      0.9983986616134644,
      -0.040812160819768906,
      -0.03917314112186432,
      0.025064706802368164,
      0.9399321675300598,
      -0.3404397964477539,
      0.05071417987346649,
      0.3389127552509308,
      0.9394499659538269
    ],
    [
      0.988552451133728,
      -0.08539140969514847,
      -0.12438856065273285,
      0.10731757432222366,
      0.977447509765625,
      0.18187741935253143,
      0.10605251789093018,
      -0.19314442574977875,
      0.9754221439361572
    ],
    [
      0.971306324005127,
      -0.2132551372051239,
      0.10529129952192307,
      0.2187769114971161,
      0.9747874736785889,
      -0.04388722404837608,
      -0.0932774618268013,
      0.06566324084997177,
      0.9934725165367126
    ],
    [
      0.9047582149505615,
      -0.2660461664199829,
      -0.33261388540267944,
      0.34538519382476807,
      0.9152517914772034,
      0.20742034912109375,
      0.24924208223819733,
      -0.3025451898574829,
      0.9199699759483337
    ],
    [
      0.9988977313041687,
      -0.046937666833400726,
      -0.00039278497570194304,
      0.04649947211146355,
      0.9906459450721741,
      -0.12829044461250305,
      0.006410764995962381,
      0.12813077867031097,
      0.9917365908622742
    ],
    [
      0.9185047149658203,
      -0.29258304834365845,
      0.26597753167152405,
      -0.047931917011737823,
      0.5853151679039001,
      0.8093878030776978,
      -0.3924938440322876,
      -0.7561755180358887,
      0.5235906839370728
    ],
    [
      0.7760570645332336,
      0.3497941792011261,
      0.5247661471366882,
      -0.21903033554553986,
      0.9297835826873779,
      -0.29585158824920654,
      -0.5914061665534973,
      0.11465799063444138,
      0.7981806397438049
    ],
    [
      0.9855139851570129,
      0.15499559044837952,
      -0.06883855909109116,
      -0.1679324358701706,
      0.9485415816307068,
      -0.26845425367355347,
      0.02368701435625553,
      0.27612558007240295,
      0.9608297944068909
    ],
    [
      0.840623676776886,
      -0.3676835596561432,
      -0.3976941704750061,
      0.5110754370689392,
      0.7815781235694885,
      0.3576834797859192,
      0.1793147325515747,
      -0.5039288997650146,
      0.8449271321296692
    ],
    [
      0.944959282875061,
      -0.22238564491271973,
      0.23999281227588654,
      0.2148880809545517,
      0.9749553203582764,
      0.05731666833162308,
      -0.24672868847846985,
      -0.0025903237983584404,
      0.9690811038017273
    ],
    [
      0.9968142509460449,
      -0.012891803868114948,
      -0.07870911061763763,
      0.027790425345301628,
      0.9811478853225708,
      0.19125010073184967,
      0.07475971430540085,
      -0.1928281933069229,
      0.9783804416656494
    ],
    [
      0.8639383912086487,
      0.12885436415672302,
      -0.4868336021900177,
      0.02362765744328499,
      0.95527583360672,
      0.2947706878185272,
      0.5030428767204285,
      -0.26616644859313965,
      0.8222549557685852
    ],
    [
      0.7230421304702759,
      -0.6719511151313782,
      0.16028641164302826,
      0.6879045963287354,
      0.7215936183929443,
      -0.0780375525355339,
      -0.06322424113750458,
      0.16668620705604553,
      0.9839808344841003
    ],
    [
      0.5535639524459839,
      -0.0856410413980484,
      -0.8283916711807251,
      0.40999069809913635,
      0.8938354849815369,
      0.18156519532203674,
      0.7248963117599487,
      -0.4401407837867737,
      0.5299071073532104
    ],
    [
      0.7733474969863892,
      0.16831153631210327,
      0.6112322807312012,
      0.004932762123644352,
      0.9624888896942139,
      -0.2712761461734772,
      -0.6339632272720337,
      0.21280577778816223,
      0.7435081601142883
    ],
    [
      0.958821713924408,
      -0.1785983294248581,
      0.220824733376503,
      0.27945220470428467,
      0.7319972515106201,
      -0.6213585734367371,
      -0.05066949129104614,
      0.6574820280075073,
      0.7517645359039307
    ],
    [
      0.9890366196632385,
      0.14658379554748535,
      -0.017880691215395927,
      -0.14101776480674744,
      0.9015966653823853,
      -0.4089467525482178,
      -0.043823808431625366,
      0.4069848358631134,
      0.9123830199241638
    ],
    [
      0.9292675256729126,
      0.2429029643535614,
      -0.27831628918647766,
      -0.1367720663547516,
      0.9261053800582886,
      0.3515995740890503,
      0.34315478801727295,
      -0.28866419196128845,
      0.8938220143318176
    ],
    [
      0.8960297107696533,
      -0.3654133379459381,
      0.2521979808807373,
      0.26747965812683105,
      0.8976403474807739,
      0.3502804934978485,
      -0.3543802499771118,
      -0.24640391767024994,
      0.9020530581474304
    ]
  ],
  "root_rot": [
    -0.10301040858030319,
    0.19378165900707245,
    -0.9756215214729309,
    -0.005561615340411663,
    -0.9809362888336182,
    -0.19425004720687866,
    -0.9946646690368652,
    -0.014583742246031761,
    0.10212438553571701
  ],
  "root_trans": [
    -0.020425453782081604,
    0.48451611399650574,
    2.6050755977630615
  ]
}