{
  "betas": [
    -0.25581610202789307,
    0.4342661499977112,
    0.7136248350143433,
    0.6511811017990112,
    0.41267120838165283,
    0.346782922744751,
    -0.44888836145401,
    0.44575661420822144,
    -0.314165860414505,
    0.2030259519815445
  ],
  "joints": [
    [
      0.9942970275878906,
      -0.0952114462852478,
      0.04804418608546257,
      0.0921105295419693,
      0.9937483072280884,
      0.06308747082948685,
      -0.053750474005937576,
      -0.05830230936408043,
      0.9968509674072266
    ],
    [
      0.9798671007156372,
      -0.19934247434139252,
      0.011097055859863758,
      0.19356010854244232,
      0.9621289968490601,
      0.1919434368610382,
      -0.04893928021192551,
      -0.18593110144138336,
      0.9813433289527893
    ],
    [
      0.9996671080589294,
      -0.024873053655028343,
      -0.006858717184513807,
      0.024020589888095856,
      0.994231104850769,
      -0.10453449189662933,
      0.009419242851436138,
      0.10433494299650192,
      0.9944975972175598
    ],
    [
      0.9904977679252625,
      0.13407672941684723,
      -0.030620312318205833,
      -0.11352812498807907,
      0.6714520454406738,
      -0.7323002219200134,
      -0.0776243507862091,
      0.7288179993629456,
      0.6802932024002075
    ],
    [
      0.9994920492172241,
      0.016911767423152924,
      0.02700955606997013,
      -0.007791501935571432,
      0.9515279531478882,
      -0.30746352672576904,
      -0.03090009279549122,
      0.307096928358078,
      0.9511764049530029
    ],
    [
      0.9864321351051331,
      0.04510332643985748,
      -0.1578521728515625,
      0.007989025674760342,
      0.9471922516822815,
      0.32056668400764465,
      0.16397498548030853,
      -0.31747838854789734,
      0.9339805245399475
    ],
    [
      0.8971085548400879,
      0.22924374043941498,
      0.3776819109916687,
      -0.0853535532951355,
      0.928674042224884,
      -0.3609420955181122,
      -0.4334871470928192,
      0.29156771302223206,
      0.852688193321228
    ],
    [
      0.9188782572746277,
      -0.17013444006443024,
      -0.35597342252731323,
      0.2298879623413086,
      0.9641400575637817,
      0.13260997831821442,
      0.320646733045578,
      -0.2036864161491394,
      0.9250391721725464
    ],
    [
      0.9978755116462708,
      0.05704116448760033,
      -0.031475555151700974,
      -0.061415042728185654,
      0.9848259687423706,
      -0.16231495141983032,
      0.021739305928349495,
      0.16390319168567657,
      0.9862369298934937
    ],
    [
      0.9847225546836853,
      -0.00892940815538168,
      0.17390136420726776,
      -0.1504034548997879,
      0.45965877175331116,
      0.8752670884132385,
      -0.08775091916322708,
      -0.8880506753921509,
      0.45129334926605225
    ],
    [
      0.7527655959129333,
      0.3862382173538208,
      0.5330703854560852,
      -0.29958656430244446,
      0.9220669269561768,
      -0.24503150582313538,
      -0.5861670970916748,
      0.02475055679678917,
      0.8098120093345642
    ],
    [
      0.9925233721733093,
      0.10205909609794617,
      0.06694167107343674,
      -0.0930776596069336,
      0.9876816272735596,
      -0.12578347325325012,
      -0.07895441353321075,
      0.11861227452754974,
      0.98979651927948
    ],
    [
      0.5619745254516602,
      -0.31637972593307495,
      -0.7642567753791809,
      0.6937035918235779,
      0.683506429195404,
      0.22714386880397797,
      0.4505106210708618,
      -0.6578168272972107,
      0.6035869717597961
    ],
    [
      0.732585608959198,
      0.29589757323265076,
      0.6129950881004333,
      -0.5610578060150146,
      0.7724028825759888,
      0.29767081141471863,
      -0.38539910316467285,
      -0.5619950294494629,
      0.7318668961524963
    ],
    [
      0.9838381409645081,
      -0.1430378556251526,
      -0.10771568864583969,
      0.1674865186214447,
      0.947880744934082,
      0.27105429768562317,
      0.06333059817552567,
      -0.2847144901752472,
      0.9565181136131287
    ],
    [
      0.8404138684272766,
      -0.01872788742184639,
      -0.5416213870048523,
      0.22389063239097595,
      0.9221287965774536,
      0.3155178129673004,
      0.4935356378555298,
      -0.38642948865890503,
      0.7791628241539001
    ],
    [
      0.8296458721160889,
      -0.025836806744337082,
      0.5576918721199036,
      -0.24972626566886902,
      0.8762487769126892,
      0.4120982885360718,
      -0.49932408332824707,
      -0.48116594552993774,
      0.7205240726470947
    ],
    [
      0.6561270952224731,
      -0.14167830348014832,
      -0.7412317991256714,
      0.5955489277839661,
      0.7004629373550415,
      0.3932850658893585,
      0.463485449552536,
      -0.6994847655296326,
      0.5439690947532654
    ],
    [
      0.5409038066864014,
      0.23645460605621338,
      0.8071631789207458,
      -0.5710364580154419,
      0.8078343868255615,
      0.14601711928844452,
      -0.6175277233123779,
      -0.5399007797241211,
      0.5719848871231079
    ],
    [
      0.8836864233016968,
      -0.3488544225692749,
      0.3120878338813782,
      0.46752265095710754,
      0.6253128051757812,
      -0.624825119972229,
      0.02282048389315605,
      0.6980576515197754,
      0.715677797794342
    ],
    [
      0.7994481921195984,
      0.48183104395866394,
      -0.3587777018547058,
      -0.6001008152961731,
      0.6679708957672119,
      -0.4401066303253174,
      0.027596041560173035,
      0.5671452879905701,
      0.8231553435325623
    ],
    [
      0.9405401349067688,
      0.21185165643692017,
      -0.26552456617355347,
      -0.125998392701149,
      0.9435033202171326,
      0.30647334456443787,
      0.31545019149780273,
      -0.25479477643966675,
      0.9140956997871399
    ],
    [
      0.9454519152641296,
      -0.23009316623210907,
      0.2306029498577118,
      0.17537301778793335,
      0.9560601711273193,
      0.23493248224258423,
      -0.2745266556739807,
      -0.18167583644390106,
      0.9442610740661621
    ]
  ],
  "root_rot": [
    -0.08111950755119324,
    -0.027303572744131088,
    0.9963303208351135,
    -0.11934302002191544,
    -0.9921669363975525,
    -0.03690618276596069,
    0.9895336627960205,
    -0.12189888209104538,
    0.07722560316324234
  ],
  "root_trans": [
    -0.2519065737724304,
    0.5498970746994019,
    2.645437240600586
  ]
}