{
  "betas": [
    -1.0182225704193115,
    1.1353095769882202,
    0.9002604484558105,
    0.0870058536529541,
    -0.20933330059051514,
    0.41289690136909485,
    0.5418249368667603,
    0.6555724143981934,
    -0.3413860499858856,
    0.8930320143699646
  ],
  "joints": [
    [
      0.9720841646194458,
      0.001569258514791727,
      -0.2346271276473999,
      0.1946267932653427,
      0.5531061291694641,
      0.8100579977035522,
      0.1310448944568634,
      -0.8331093192100525,
      0.5373603105545044
    ],
    [
      0.9840258359909058,
      -0.17782987654209137,
      0.00834090355783701,
      0.17783339321613312,
      0.9840605854988098,
      0.0003259028017055243,
      -0.008265909738838673,
      0.0011625944171100855,
      0.9999651312828064
    ],
    [
      0.9841206669807434,
      0.03507594019174576,
      0.17400088906288147,
      0.009593868628144264,
      0.9683366417884827,
      -0.24946331977844238,
      -0.17724162340164185,
      0.2471713274717331,
      0.9526236057281494
    ],
    [
      0.9671758413314819,
      0.2508668005466461,
      0.0404570996761322,
      -0.011941001750528812,
      0.2039058804512024,
      -0.9789177179336548,
      -0.25382739305496216,
      0.9463024139404297,
      0.20020844042301178
    ],
    [
      0.9997978210449219,
      -0.018335450440645218,
      0.008246244862675667,
      0.01926140859723091,
      0.7560555934906006,
      -0.6542239189147949,
      0.005760875530540943,
      0.6542505621910095,
      0.7562559247016907
    ],
    [
      0.9931336045265198,
      0.04561461880803108,
      -0.10772576183080673,
      -0.04086588695645332,
      0.9981103539466858,
      0.04588630422949791,
      0.10961530357599258,
      -0.041168928146362305,
      0.9931210279464722
    ],
    [
      0.9828335642814636,
      0.04875316098332405,
      0.17793622612953186,
      -0.0016010260442271829,
      0.9666708707809448,
      -0.25601717829704285,
      -0.18448741734027863,
      0.2513374090194702,
      0.9501546621322632
    ],
    [
      0.8336082696914673,
      -0.5213132500648499,
      -0.18256433308124542,
      0.4612010717391968,
      0.8388034701347351,
      -0.28931352496147156,
      0.30395856499671936,
      0.15697526931762695,
      0.9396637678146362
    ],
    [
      0.9944680333137512,
      0.09066307544708252,
      0.05304257199168205,
      -0.08690649271011353,
      0.9938035607337952,
      -0.06929437071084976,
      -0.05899633839726448,
      0.06430129706859589,
      0.9961850643157959
    ],
    [
      0.9622370004653931,
      -0.2707957923412323,
      0.027742041274905205,
      0.15586122870445251,
      0.6316339373588562,
      0.7594379186630249,
      -0.22317537665367126,
      -0.7264353632926941,
      0.6499881148338318
    ],
    [
      0.7685338854789734,
      0.43699419498443604,
      0.46732398867607117,
      -0.45557713508605957,
      0.8866077661514282,
      -0.07985049486160278,
      -0.44922730326652527,
      -0.1515342742204666,
      0.8804726600646973
    ],
    [
      0.9824573993682861,
      0.0019215357024222612,
      -0.18647725880146027,
      -0.04387656971812248,
      0.9742579460144043,
      -0.22112500667572021,
      0.18125206232070923,
      0.22542788088321686,
      0.957251250743866
    ],
    [
      0.8363351821899414,
      -0.013158503919839859,
      -0.5480605363845825,
      0.18025505542755127,
      0.9507273435592651,
      0.2522412836551666,
      0.5177370309829712,
      -0.30974891781806946,
      0.7974985837936401
    ],
    [
      0.8183948397636414,
      0.07586778700351715,
      0.5696261525154114,
      -0.19515851140022278,
      0.9690272808074951,
      0.15132512152194977,
      -0.5405026078224182,
      -0.23501108586788177,
      0.8078531622886658
    ],
    [
      0.9944410920143127,
      -0.0937323197722435,
      -0.047972001135349274,
      0.09592538326978683,
      0.9943408966064453,
      0.04565710946917534,
      0.04342097416520119,
      -0.05000503361225128,
      0.9978047609329224
    ],
    [
      0.451969176530838,
      0.59079909324646,
      -0.6683414578437805,
      -0.5948753952980042,
      0.7579294443130493,
      0.267705500125885,
      0.6647158265113831,
      0.27658525109291077,
      0.6940125823020935
    ],
    [
      0.8815214037895203,
      -0.280661404132843,
      0.37966984510421753,
      0.2135830819606781,
      0.9542033672332764,
      0.20947138965129852,
      -0.42107275128364563,
      -0.10356245934963226,
      0.9010952115058899
    ],
    [
      -0.44431501626968384,
      -0.4283568859100342,
      -0.7868255972862244,
      0.09542150050401688,
      0.8506559133529663,
      -0.5169906616210938,
      0.8907743096351624,
      -0.3047868013381958,
      -0.33708474040031433
    ],
    [
      -0.3933067321777344,
      0.26164156198501587,
      0.8813928961753845,
      -0.1347215622663498,
      0.931905210018158,
      -0.33675333857536316,
      -0.9094832539558411,
      -0.2511900067329407,
      -0.3312758207321167
    ],
    [
      0.852643609046936,
      -0.336783230304718,
      0.39946961402893066,
      0.4804428219795227,
      0.8058567643165588,
      -0.34607744216918945,
      -0.2053622007369995,
      0.48700299859046936,
      0.8489136695861816
    ],
    [
      0.844699501991272,
      0.49568840861320496,
      -0.20193010568618774,
      -0.5242706537246704,
      0.6902543902397156,
      -0.4986873269081116,
      -0.10781039297580719,
      0.5271069407463074,
      0.842932403087616
    ],
    [
      0.8285566568374634,
      0.4365159869194031,
      -0.3506387174129486,
      -0.263167142868042,
      0.8563762903213501,
      0.4442550837993622,
      0.4942031800746918,
      -0.2758139669895172,
      0.8244329690933228
    ],
    [
      0.8947209119796753,
      -0.3982180058956146,
      0.20222990214824677,
      0.28358182311058044,
      0.8563342094421387,
      0.43159353733062744,
      -0.34504473209381104,
      -0.3288070261478424,
      0.8791075348854065
    ]
  ],
  "root_rot": [
    0.5023402571678162,
    0.25095465779304504,
    -0.8274514079093933,
    0.10910547524690628,
    -0.9677042365074158,
    -0.22725416719913483,
    -0.8577587604522705,
    0.023879442363977432,
    -0.5134973526000977
  ],
  "root_trans": [
    -0.2082674354314804,
    0.30678457021713257,
    2.502166509628296
  ]
}