{
  "betas": [
    -0.5405570864677429,
    0.8504582643508911,
    0.5158218145370483,
    -0.10255303978919983,
    0.5162297487258911,
    0.18709978461265564,
    -0.5264185667037964,
    0.29896000027656555,
    -0.18488669395446777,
    0.418588250875473
  ],
  "joints": [
    [
      0.9381093978881836,
      -0.32285481691360474,
      0.12536217272281647,
      0.33528241515159607,
      0.9373099207878113,
      -0.09505707025527954,
      -0.08681357651948929,
      0.13120564818382263,
      0.9875468015670776
    ],
    [
      0.9971142411231995,
      0.0737636610865593,
      0.017947543412446976,
      -0.07577835023403168,
      0.9528800845146179,
      0.2937297821044922,
      0.00456473371013999,
      -0.29424217343330383,
      0.9557200074195862
    ],
    [
      0.9987913966178894,
      -0.025746261700987816,
      -0.041866056621074677,
      0.02058686502277851,
      0.9926440119743347,
      -0.1193062886595726,
      0.0446297824382782,
      0.11830021440982819,
      0.9919743537902832
    ],
    [
      0.9794907569885254,
      0.03992009907960892,
      -0.19749455153942108,
      -0.09152333438396454,
      0.9613713026046753,
      -0.2595933675765991,
      0.17950260639190674,
      0.272344708442688,
      0.9453079104423523
    ],
    [
      0.9958006143569946,
      -0.0022585515398532152,
      0.09152011573314667,
      0.046953823417425156,
      0.8707946538925171,
      -0.48939967155456543,
      -0.07858988642692566,
      0.4916417598724365,
      0.8672438859939575
    ],
    [
      0.9904074668884277,
      0.024775763973593712,
      -0.1359381526708603,
      0.013745451346039772,
      0.961248517036438,
      0.27534031867980957,
      0.1374921202659607,
      -0.2745676636695862,
      0.9516871571540833
    ],
    [
      0.984295666217804,
      0.10537369549274445,
      0.14162783324718475,
      -0.09357985854148865,
      0.9917576909065247,
      -0.08751768618822098,
      -0.14968258142471313,
      0.0728897675871849,
      0.9860436320304871
    ],
    [
      0.9012924432754517,
      -0.35402920842170715,
      -0.24967032670974731,
      0.39502301812171936,
      0.9082232117652893,
      0.13815709948539734,
      0.17784474790096283,
      -0.2231454849243164,
      0.9584243893623352
    ],
    [
      0.9979044795036316,
      0.02959722839295864,
      -0.057538583874702454,
      -0.035149816423654556,
      0.9945636987686157,
      -0.09801823645830154,
      0.054324716329574585,
      0.09983529895544052,
      0.9935199022293091
    ],
    [
      0.9834643602371216,
      -0.05517822131514549,
      0.1724914312362671,
      -0.11655744165182114,
      0.5361215472221375,
      0.8360550999641418,
      -0.1386084109544754,
      -0.8423354625701904,
      0.5208250284194946
    ],
    [
      0.8678746223449707,
      0.23469224572181702,
      0.43785059452056885,
      -0.2901194095611572,
      0.9549001455307007,
      0.06321707367897034,
      -0.4032670557498932,
      -0.1818934679031372,
      0.8968223929405212
    ],
    [
      0.9995371103286743,
      -0.013954603113234043,
      0.027035480365157127,
      0.015816988423466682,
      0.9974254965782166,
      -0.06994474679231644,
      -0.025989824905991554,
      0.07033998519182205,
      0.9971845149993896
    ],
    [
      0.5373865962028503,
      -0.21512535214424133,
      -0.8154364824295044,
      0.68218594789505,
      0.6793643832206726,
      0.2703447937965393,
      0.495820552110672,
      -0.7015589475631714,
      0.5118368268013
    ],
    [
      0.6650027632713318,
      0.3010897934436798,
      0.6834589242935181,
      -0.5974072813987732,
      0.7636407017707825,
      0.24486185610294342,
      -0.44819167256355286,
      -0.5711371898651123,
      0.6876963973045349
    ],
    [
      0.9929574131965637,
      -0.10125739127397537,
      0.06150231882929802,
      0.08343938738107681,
      0.9662530422210693,
      0.24370639026165009,
      -0.08410388231277466,
      -0.23685835301876068,
      0.9678969979286194
    ],
    [
      0.7797303199768066,
      0.2269974648952484,
      -0.5835175514221191,
      0.0829034075140953,
      0.8863282203674316,
      0.4555758833885193,
      0.6206026077270508,
      -0.4036019444465637,
      0.672278106212616
    ],
    [
      0.8580056428909302,
      0.07074937224388123,
      0.5087445378303528,
      -0.29504942893981934,
      0.8786401748657227,
      0.3754160702228546,
      -0.42044296860694885,
      -0.47221386432647705,
      0.7747527956962585
    ],
    [
      0.4746061861515045,
      -0.13800358772277832,
      -0.8693124055862427,
      0.6220625042915344,
      0.7513227462768555,
      0.22034592926502228,
      0.6227257251739502,
      -0.6453441381454468,
      0.4424292743206024
    ],
    [
      0.46848925948143005,
      0.19367533922195435,
      0.861979067325592,
      -0.4971155822277069,
      0.8643516302108765,
      0.07597596943378448,
      -0.7303383350372314,
      -0.4640970826148987,
      0.5012184977531433
    ],
    [
      0.9134606719017029,
      -0.28058061003685,
      0.2947273552417755,
      0.4022294282913208,
      0.7323055267333984,
      -0.549490749835968,
      -0.06165400147438049,
      0.6204861402511597,
      0.7817900776863098
    ],
    [
      0.9133569598197937,
      0.34882622957229614,
      -0.20999854803085327,
      -0.3988173007965088,
      0.6625957489013672,
      -0.6339649558067322,
      -0.08199946582317352,
      0.6627873182296753,
      0.744304358959198
    ],
    [
      0.9507315158843994,
      0.2088347226381302,
      -0.2291232943534851,
      -0.16042743623256683,
      0.9638344645500183,
      0.21280540525913239,
      0.2652781009674072,
      -0.16556316614151,
      0.9498506188392639
    ],
    [
      0.9773603677749634,
      -0.11856422573328018,
      0.17524020373821259,
      0.10288713127374649,
      0.990047812461853,
      0.09601932764053345,
      -0.18488061428070068,
      -0.07581553608179092,
      0.9798322319984436
    ]
  ],
  "root_rot": [
    0.9193271398544312,
    -0.03987330198287964,
    -0.3914686143398285,
    0.006958730053156614,
    -0.9930497407913208,
    0.11748967319726944,
    -0.39343249797821045,
    -0.11073558032512665,
    -0.9126601219177246
  ],
  "root_trans": [
    -0.05373877286911011,
    0.4833717942237854,
    2.6143317222595215
  ]
}