{
  "betas": [
    -0.46235352754592896,
    0.6932762861251831,
    1.2212258577346802,
    0.08053895831108093,
    0.7497433423995972,
    -0.23074573278427124,
    0.2024385929107666,
    0.4824148118495941,
    0.051998600363731384,
    0.9186565279960632
  ],
  "joints": [
    [
      0.9673227667808533,
      -0.25118786096572876,
      0.03451644256711006,
      0.24974210560321808,
      0.9674310088157654,
      0.04130532965064049,
      -0.043767672032117844,
      -0.03133537620306015,
      0.9985502362251282
    ],
    [
      0.9360784292221069,
      0.32219481468200684,
      -0.14123626053333282,
      -0.29206734895706177,
      0.935568630695343,
      0.1985144019126892,
      0.1960965394973755,
      -0.14457455277442932,
      0.9698681831359863
    ],
    [
      0.9955911636352539,
      -0.09174493700265884,
      -0.019522350281476974,
      0.08886493742465973,
      0.9891788959503174,
      -0.11673910170793533,
      0.030021322891116142,
      0.11448957026004791,
      0.9929707050323486
    ],
    [
      0.9993661642074585,
      0.02977418527007103,
      -0.019512875005602837,
      -0.03351305052638054,
      0.9717475771903992,
      -0.2336309403181076,
      0.012005418539047241,
      0.23413679003715515,
      0.9721294641494751
    ],
    [
      0.9987486600875854,
      0.03694465011358261,
      0.03370917588472366,
      -0.026749080047011375,
      0.9641177654266357,
      -0.2641237676143646,
      -0.042257580906152725,
      0.2628915309906006,
      0.963899552822113
    ],
    [
      0.9890390634536743,
      0.10360235720872879,
      -0.10520686954259872,
      -0.09644356369972229,
      0.9928025007247925,
      0.07100561261177063,
      0.1118059977889061,
      -0.060080789029598236,
      0.9919122457504272
    ],
    [
      0.9963590502738953,
      -0.0380459725856781,
      0.07629656791687012,
      0.028928332030773163,
      0.9926828742027283,
      0.11723439395427704,
      -0.08019858598709106,
      -0.11460041254758835,
      0.9901691675186157
    ],
    [
      0.9128243923187256,
      -0.3639611005783081,
      -0.18515926599502563,
      0.36093851923942566,
      0.9311935901641846,
      -0.05100889503955841,
      0.19098436832427979,
      -0.020268945023417473,
      0.9813838005065918
    ],
    [
      0.9888722896575928,
      0.14295253157615662,
      0.041184354573488235,
      -0.14173783361911774,
      0.9894169569015503,
      -0.031056633219122887,
      -0.04518812149763107,
      0.02487366460263729,
      0.9986687898635864
    ],
    [
      0.9863754510879517,
      -0.0961463451385498,
      0.13348937034606934,
      0.04589219391345978,
      0.9400399327278137,
      0.3379628360271454,
      -0.15797922015190125,
      -0.32723212242126465,
      0.9316446781158447
    ],
    [
      0.9677335023880005,
      0.2504388689994812,
      0.0277879498898983,
      -0.24962589144706726,
      0.9678869247436523,
      -0.029693644493818283,
      -0.0343320369720459,
      0.02179894410073757,
      0.9991726279258728
    ],
    [
      0.9265348315238953,
      -0.27185994386672974,
      -0.2600487470626831,
      0.2292705625295639,
      0.9560766220092773,
      -0.18262642621994019,
      0.298275351524353,
      0.10958822071552277,
      0.9481678009033203
    ],
    [
      0.8891857266426086,
      0.38304898142814636,
      -0.250244140625,
      -0.33742770552635193,
      0.9183627963066101,
      0.2067662477493286,
      0.30901652574539185,
      -0.09941430389881134,
      0.945846438407898
    ],
    [
      0.7516289949417114,
      0.24958494305610657,
      0.6105418801307678,
      -0.5284385681152344,
      0.7818059921264648,
      0.3309563994407654,
      -0.3947235345840454,
      -0.5713902115821838,
      0.7195183634757996
    ],
    [
      0.9808728694915771,
      -0.07221236824989319,
      0.1807590126991272,
      0.023313136771321297,
      0.9655367136001587,
      0.2592206597328186,
      -0.19324839115142822,
      -0.25004842877388,
      0.9487522840499878
    ],
    [
      0.5257737636566162,
      0.7249888777732849,
      -0.4449191987514496,
      -0.8492529988288879,
      0.47708502411842346,
      -0.2261839658021927,
      0.04828343540430069,
      0.49677056074142456,
      0.8665378093719482
    ],
    [
      0.8422325849533081,
      0.07984849065542221,
      0.533168375492096,
      -0.3447990119457245,
      0.8400396704673767,
      0.41886404156684875,
      -0.4144369065761566,
      -0.536616861820221,
      0.7350404858589172
    ],
    [
      0.23484189808368683,
      -0.3816379904747009,
      -0.893980860710144,
      -0.11032619327306747,
      0.9032933712005615,
      -0.4145953059196472,
      0.9657522439956665,
      0.19599387049674988,
      0.17002646625041962
    ],
    [
      0.26978299021720886,
      0.046237923204898834,
      0.9618104100227356,
      -0.35124272108078003,
      0.9347498416900635,
      0.05358479917049408,
      -0.8965744376182556,
      -0.35228514671325684,
      0.26842033863067627
    ],
    [
      0.9623752236366272,
      -0.2227405160665512,
      0.1556297391653061,
      0.2710474729537964,
      0.7465314865112305,
      -0.6076380610466003,
      0.019163120537996292,
      0.6269588470458984,
      0.7788166403770447
    ],
    [
      0.9609526991844177,
      0.27179551124572754,
      -0.051934774965047836,
      -0.24510754644870758,
      0.7489646673202515,
      -0.6156088709831238,
      -0.12842239439487457,
      0.6043004989624023,
      0.786338746547699
    ],
    [
      0.991558313369751,
      0.05080636590719223,
      -0.11929281800985336,
      -0.05401922017335892,
      0.9982549548149109,
      -0.023853180930018425,
      0.11787275224924088,
      0.03009592741727829,
      0.992572546005249
    ],
    [
      0.9766352772712708,
      -0.1219194307923317,
      0.17697203159332275,
      0.09441167861223221,
      0.9831845164299011,
      0.15631593763828278,
      -0.19305410981178284,
      -0.13595545291900635,
      0.9717233180999756
    ]
  ],
  "root_rot": [
    -0.9676550626754761,
    -0.05123512074351311,
    -0.24701941013336182,
    0.07057896256446838,
    -0.9950402975082397,
    -0.07009602338075638,
    -0.24220287799835205,
    -0.08526314795017242,
    0.9664719104766846
  ],
  "root_trans": [
    -0.5867131948471069,
    0.5728710889816284,
    2.3341338634490967
  ]
}