{
  "betas": [
    -0.14623954892158508,
    0.9489748477935791,
    1.1020621061325073,
    0.8018161654472351,
    0.5252202749252319,
    0.031857799738645554,
    -0.43801653385162354,
    0.4242224395275116,
    0.23245398700237274,
    0.5441495776176453
  ],
  "joints": [
    [
      0.9801117777824402,
      -0.17399147152900696,
      -0.09543542563915253,
      0.19601905345916748,
      0.9238075017929077,
      0.32887130975723267,
      0.03094315715134144,
      -0.341037780046463,
      0.9395402669906616
    ],
    [
      0.9890140891075134,
      0.047684650868177414,
      -0.13991916179656982,
      -0.04724631831049919,
      0.9988623857498169,
      0.006454740185290575,
      0.14006778597831726,
      0.00022683540009893477,
      0.9901418685913086
    ],
    [
      0.99530428647995,
      -0.0006631853757426143,
      0.09679295867681503,
      0.01347771380096674,
      0.9911850690841675,
      -0.131797656416893,
      -0.0958523228764534,
      0.1324833333492279,
      0.9865396618843079
    ],
    [
      0.9970882534980774,
      0.0612848736345768,
      0.04537750780582428,
      -0.041656237095594406,
      0.9361801147460938,
      -0.3490436375141144,
      -0.06387262046337128,
      0.34613707661628723,
      0.9360070824623108
    ],
    [
      0.9996981024742126,
      -0.02346837893128395,
      -0.0072796461172401905,
      0.02167482301592827,
      0.9818086624145508,
      -0.188632071018219,
      0.011574107222259045,
      0.18841733038425446,
      0.982020914554596
    ],
    [
      0.991116464138031,
      -0.011584504507482052,
      -0.13249142467975616,
      0.00877243373543024,
      0.9997240304946899,
      -0.021788598969578743,
      0.13270729780197144,
      0.020432764664292336,
      0.9909445643424988
    ],
    [
      0.9886705875396729,
      0.03228163346648216,
      0.1465897113084793,
      -0.032246075570583344,
      0.9994765520095825,
      -0.002619658363983035,
      -0.14659754931926727,
      -0.002136960392817855,
      0.9891940355300903
    ],
    [
      0.9648532271385193,
      -0.07395458966493607,
      -0.25216832756996155,
      0.14448873698711395,
      0.9508147835731506,
      0.2739967107772827,
      0.2195020616054535,
      -0.3008021116256714,
      0.9280823469161987
    ],
    [
      0.9988752007484436,
      0.01376515906304121,
      0.04537459462881088,
      -0.01212153211236,
      0.9992673397064209,
      -0.03630168363451958,
      -0.04584105312824249,
      0.03571084141731262,
      0.9983102083206177
    ],
    [
      0.9747143387794495,
      -0.21935497224330902,
      0.04260757565498352,
      0.1323256939649582,
      0.7202655076980591,
      0.6809606552124023,
      -0.18006087839603424,
      -0.6581040024757385,
      0.7310793995857239
    ],
    [
      0.8532652854919434,
      0.2649773061275482,
      0.44913849234580994,
      -0.29061973094940186,
      0.956758975982666,
      -0.012342981994152069,
      -0.43298792839050293,
      -0.11999667435884476,
      0.893376886844635
    ],
    [
      0.9884671568870544,
      0.13781869411468506,
      0.06275882571935654,
      -0.13772810995578766,
      0.9904531836509705,
      -0.005787848960608244,
      -0.06295734643936157,
      -0.0029225556645542383,
      0.9980119466781616
    ],
    [
      0.9468603134155273,
      0.25406402349472046,
      -0.1972483992576599,
      -0.2256370484828949,
      0.9617077708244324,
      0.1555834412574768,
      0.22922345995903015,
      -0.10280925780534744,
      0.9679291844367981
    ],
    [
      0.91624516248703,
      -0.34017062187194824,
      0.21160997450351715,
      0.3473234474658966,
      0.9377385377883911,
      0.0035805837251245975,
      -0.19965285062789917,
      0.07021641731262207,
      0.9773476123809814
    ],
    [
      0.968006432056427,
      -0.11923946440219879,
      0.220783993601799,
      0.14239826798439026,
      0.9855170249938965,
      -0.09208045899868011,
      -0.20660679042339325,
      0.12057372182607651,
      0.9709663391113281
    ],
    [
      0.6334112882614136,
      0.6667361855506897,
      -0.39275041222572327,
      -0.6924407482147217,
      0.7149328589439392,
      0.0969366580247879,
      0.3454214334487915,
      0.21055562794208527,
      0.9145218729972839
    ],
    [
      0.585932195186615,
      -0.6948316693305969,
      0.4170040488243103,
      0.7806970477104187,
      0.6219632029533386,
      -0.060612909495830536,
      -0.21724537014961243,
      0.36106887459754944,
      0.9068813323974609
    ],
    [
      -0.13121071457862854,
      -0.2478177398443222,
      -0.9598802924156189,
      0.4753974974155426,
      0.8339291214942932,
      -0.2802846133708954,
      0.8699315786361694,
      -0.49310103058815,
      0.008391497656702995
    ],
    [
      -0.15411284565925598,
      0.33391591906547546,
      0.9299190640449524,
      0.13145847618579865,
      0.9397251009941101,
      -0.3156508505344391,
      -0.9792690873146057,
      0.07359988987445831,
      -0.18871979415416718
    ],
    [
      0.9406750202178955,
      -0.26214540004730225,
      0.21543040871620178,
      0.3275628387928009,
      0.8672029376029968,
      -0.37504875659942627,
      -0.08850459009408951,
      0.4233660101890564,
      0.9016252160072327
    ],
    [
      0.9943457841873169,
      0.10536077618598938,
      0.013252224773168564,
      -0.10336507856845856,
      0.9889165759086609,
      -0.10658112168312073,
      -0.024334819987416267,
      0.10460866242647171,
      0.9942156672477722
    ],
    [
      0.927748441696167,
      0.2547645568847656,
      -0.27272289991378784,
      -0.11020609736442566,
      0.8851849436759949,
      0.4519979953765869,
      0.3565632700920105,
      -0.38928472995758057,
      0.8493055701255798
    ],
    [
      0.8241575360298157,
      -0.5624017715454102,
      0.06684789061546326,
      0.20785470306873322,
      0.41014665365219116,
      0.888018012046814,
      -0.5268402695655823,
      -0.7179720997810364,
      0.4549233019351959
    ]
  ],
  "root_rot": [
    0.3941204845905304,
    -0.08977656811475754,
    0.9146634340286255,
    -0.11546937376260757,
    -0.9921684861183167,
    -0.047629136592149734,
    0.9117761850357056,
    -0.08684399724006653,
    -0.4014003574848175
  ],
  "root_trans": [
    -0.02608247846364975,
    0.5497488379478455,
    2.5966718196868896
  ]
}