{
  "betas": [
    -0.7679488658905029,
    0.7116415500640869,
    1.4625661373138428,
    -0.05434897541999817,
    0.1696767359972,
    -0.15305420756340027,
    -0.04725658893585205,
    0.3400042653083801,
    -0.031119167804718018,
    1.1351306438446045
  ],
  "joints": [
    [
      0.9439877867698669,
      -0.32146090269088745,
      0.07449816167354584,
      0.2959243953227997,
      0.9245951175689697,
      0.23990125954151154,
      -0.14599952101707458,
      -0.20441801846027374,
      0.9679346084594727
    ],
    [
      0.9393431544303894,
      0.34180036187171936,
      -0.028406629338860512,
      -0.3274694085121155,
      0.9184094071388245,
      0.2220088392496109,
      0.10197161883115768,
      -0.19924019277095795,
      0.9746307730674744
    ],
    [
      0.9984257817268372,
      -0.04233093932271004,
      0.036798104643821716,
      0.047677118331193924,
      0.986086368560791,
      -0.15925012528896332,
      -0.029544901102781296,
      0.16075386106967926,
      0.9865522980690002
    ],
    [
      0.9890786409378052,
      0.1465650051832199,
      -0.015565707348287106,
      -0.1457422971725464,
      0.9568121433258057,
      -0.2515348494052887,
      -0.021972768008708954,
      0.2510562837123871,
      0.9677231907844543
    ],
    [
      0.9838301539421082,
      0.054671891033649445,
      0.17055556178092957,
      -0.014979574829339981,
      0.9740524291992188,
      -0.22582624852657318,
      -0.17847640812397003,
      0.21961982548236847,
      0.9591211080551147
    ],
    [
      0.9920991063117981,
      -0.020132439211010933,
      -0.12383029609918594,
      0.02674783393740654,
      0.9982891082763672,
      0.05199448764324188,
      0.12257165461778641,
      -0.054895881563425064,
      0.9909402132034302
    ],
    [
      0.9853310585021973,
      -0.02075466327369213,
      0.16938675940036774,
      0.03901055455207825,
      0.993688702583313,
      -0.10517130047082901,
      -0.16613489389419556,
      0.11023642867803574,
      0.9799219965934753
    ],
    [
      0.8718143701553345,
      -0.42330482602119446,
      -0.24648061394691467,
      0.41877418756484985,
      0.9051317572593689,
      -0.0732441395521164,
      0.25410202145576477,
      -0.03936442360281944,
      0.966376006603241
    ],
    [
      0.9998728036880493,
      0.0055884080938994884,
      0.014942199923098087,
      -0.004865165334194899,
      0.9988350868225098,
      -0.04800881817936897,
      -0.015193086117506027,
      0.04793000966310501,
      0.998735249042511
    ],
    [
      0.9952679872512817,
      -0.03444046154618263,
      0.09085952490568161,
      -0.03331777825951576,
      0.7574301362037659,
      0.6520655155181885,
      -0.09127718210220337,
      -0.6520072221755981,
      0.7526984810829163
    ],
    [
      0.9117845892906189,
      0.36287519335746765,
      0.19227725267410278,
      -0.3565835654735565,
      0.9318122267723083,
      -0.06763240694999695,
      -0.20370842516422272,
      -0.006896725855767727,
      0.979007363319397
    ],
    [
      0.8518376350402832,
      0.34323418140411377,
      0.39568039774894714,
      -0.2942664921283722,
      0.9385047554969788,
      -0.18059930205345154,
      -0.4333357810974121,
      0.03740578144788742,
      0.9004560112953186
    ],
    [
      0.9918190836906433,
      -0.032951563596725464,
      -0.12332524359226227,
      0.05017603561282158,
      0.9889805912971497,
      0.13928285241127014,
      0.11737668514251709,
      -0.14433136582374573,
      0.9825432300567627
    ],
    [
      0.9792576432228088,
      -0.20190483331680298,
      0.017000168561935425,
      0.2024196833372116,
      0.9711201190948486,
      -0.12630116939544678,
      0.008991611190140247,
      0.12712253630161285,
      0.9918463230133057
    ],
    [
      0.8516609072685242,
      -0.1519313007593155,
      0.5015879273414612,
      0.10213109105825424,
      0.9868229031562805,
      0.12549789249897003,
      -0.5140455961227417,
      -0.055653929710388184,
      0.8559554219245911
    ],
    [
      0.9763606786727905,
      0.1847548633813858,
      -0.11218491196632385,
      -0.17828376591205597,
      0.9818103909492493,
      0.06529375910758972,
      0.1222076490521431,
      -0.04374951124191284,
      0.9915398359298706
    ],
    [
      0.6265839338302612,
      -0.7463696599006653,
      0.22433237731456757,
      0.7793306112289429,
      0.5978173017501831,
      -0.1877719610929489,
      0.006037512794137001,
      0.29248395562171936,
      0.9562514424324036
    ],
    [
      0.9090377688407898,
      -0.010496334172785282,
      -0.4165817201137543,
      0.1749216616153717,
      0.9169564843177795,
      0.358598917722702,
      0.37822335958480835,
      -0.39884909987449646,
      0.8353841304779053
    ],
    [
      -0.12465885281562805,
      0.3363119065761566,
      0.9334636330604553,
      0.18040473759174347,
      0.9328029751777649,
      -0.31198182702064514,
      -0.9756609797477722,
      0.12950997054576874,
      -0.17695440351963043
    ],
    [
      0.9647277593612671,
      -0.20819957554340363,
      0.1611001193523407,
      0.2629706561565399,
      0.7903375625610352,
      -0.5533650517463684,
      -0.012113137170672417,
      0.5762112736701965,
      0.8172109723091125
    ],
    [
      0.9532088041305542,
      0.22126176953315735,
      0.20600074529647827,
      -0.19568894803524017,
      0.970988929271698,
      -0.13742804527282715,
      -0.23043198883533478,
      0.09068554639816284,
      0.9688536524772644
    ],
    [
      0.9531418085098267,
      0.21306172013282776,
      -0.21476830542087555,
      -0.17104266583919525,
      0.9650940299034119,
      0.1983378678560257,
      0.24952982366085052,
      -0.1523095667362213,
      0.9563140869140625
    ],
    [
      0.913032054901123,
      -0.11269330978393555,
      0.39201119542121887,
      0.10121442377567291,
      0.9936124086380005,
      0.049900274723768234,
      -0.39513060450553894,
      -0.005883362144231796,
      0.918606162071228
    ]
  ],
  "root_rot": [
    0.9632054567337036,
    -0.0490943007171154,
    0.2642443776130676,
    -0.06333748996257782,
    -0.9969475865364075,
    0.04564925283193588,
    0.26119667291641235,
    -0.06070617958903313,
    -0.9633748531341553
  ],
  "root_trans": [
    0.27657216787338257,
    0.5214827060699463,
    2.5776188373565674
  ]
}