{
  "betas": [
    -0.4845834970474243,
    0.6454892158508301,
    1.3568336963653564,
    0.14322218298912048,
    0.7752792835235596,
    -0.10993168503046036,
    0.22492223978042603,
    0.5567144155502319,
    0.004999995231628418,
    1.0366008281707764
  ],
  "joints": [
    [
      0.9658156633377075,
      -0.2580120265483856,
      0.025098081678152084,
      0.25583818554878235,
      0.9643115997314453,
      0.0681903064250946,
      -0.04179628938436508,
      -0.05943821370601654,
      0.9973565936088562
    ],
    [
      0.9366791844367981,
      0.3206602931022644,
      -0.14074482023715973,
      -0.2915683686733246,
      0.9367280602455139,
      0.19372260570526123,
      0.19395875930786133,
      -0.14041920006275177,
      0.9709081053733826
    ],
    [
      0.9968100786209106,
      -0.07891692966222763,
      -0.011906350031495094,
      0.07697490602731705,
      0.9900510311126709,
      -0.11778727918863297,
      0.021083302795886993,
      0.11649506539106369,
      0.9929674863815308
    ],
    [
      0.9994193911552429,
      0.031196516007184982,
      -0.013698974624276161,
      -0.03359558433294296,
      0.969275712966919,
      -0.24367183446884155,
      0.005676371045410633,
      0.24399058520793915,
      0.9697610139846802
    ],
    [
      0.9986189603805542,
      0.04072531312704086,
      0.033190686255693436,
      -0.030633578076958656,
      0.9646083116531372,
      -0.26190170645713806,
      -0.04268203675746918,
      0.26052325963974,
      0.9645237326622009
    ],
    [
      0.9909068942070007,
      0.09170198440551758,
      -0.09845895320177078,
      -0.08445559442043304,
      0.9935696721076965,
      0.07540865987539291,
      0.10474096238613129,
      -0.06640756130218506,
      0.9922797679901123
    ],
    [
      0.9976626634597778,
      -0.04756016284227371,
      0.04906396567821503,
      0.04197777435183525,
      0.9931409358978271,
      0.10912873595952988,
      -0.05391760542988777,
      -0.10681406408548355,
      0.9928160905838013
    ],
    [
      0.9157527685165405,
      -0.3661261200904846,
      -0.16537407040596008,
      0.36508506536483765,
      0.9302077889442444,
      -0.03776717185974121,
      0.16765978932380676,
      -0.02579020895063877,
      0.9855075478553772
    ],
    [
      0.9899287819862366,
      0.13530276715755463,
      0.041644386947155,
      -0.13407573103904724,
      0.9904866814613342,
      -0.03098064288496971,
      -0.045439980924129486,
      0.025085125118494034,
      0.9986521005630493
    ],
    [
      0.9826996326446533,
      -0.08337883651256561,
      0.16537655889987946,
      0.026172639802098274,
      0.9464887380599976,
      0.3216736614704132,
      -0.18334785103797913,
      -0.31178024411201477,
      0.9322963953018188
    ],
    [
      0.9582982659339905,
      0.2856332063674927,
      0.008836341090500355,
      -0.2844722867012024,
      0.9564340710639954,
      -0.06564565002918243,
      -0.027201958000659943,
      0.060394421219825745,
      0.9978038668632507
    ],
    [
      0.9272165894508362,
      -0.25431761145591736,
      -0.2749400734901428,
      0.21864429116249084,
      0.9635846018791199,
      -0.1539459228515625,
      0.30407920479774475,
      0.08262711018323898,
      0.9490567445755005
    ],
    [
      0.8893897533416748,
      0.3680822253227234,
      -0.271111398935318,
      -0.31367775797843933,
      0.9227770566940308,
      0.22380496561527252,
      0.33255404233932495,
      -0.11400821059942245,
      0.9361676573753357
    ],
    [
      0.786242663860321,
      0.22504355013370514,
      0.5754805207252502,
      -0.46699318289756775,
      0.8262901902198792,
      0.3148997724056244,
      -0.40464773774147034,
      -0.5163331031799316,
      0.7547584176063538
    ],
    [
      0.9923760890960693,
      -0.04334048926830292,
      0.115374356508255,
      0.025078585371375084,
      0.9875543713569641,
      0.15526588261127472,
      -0.12066774070262909,
      -0.15118873119354248,
      0.9811122417449951
    ],
    [
      0.47201845049858093,
      0.7256295680999756,
      -0.5006598830223083,
      -0.8765953183174133,
      0.4466732144355774,
      -0.17906348407268524,
      0.09369758516550064,
      0.5233973860740662,
      0.8469215035438538
    ],
    [
      0.8632774353027344,
      0.05250728502869606,
      0.5019910335540771,
      -0.29421085119247437,
      0.8604788780212402,
      0.4159519672393799,
      -0.4101121723651886,
      -0.5067731738090515,
      0.7582802176475525
    ],
    [
      -0.018636973574757576,
      -0.4276464879512787,
      -0.903753936290741,
      -0.104073166847229,
      0.8998304009437561,
      -0.4236437678337097,
      0.9943950176239014,
      0.08616109192371368,
      -0.0612766407430172
    ],
    [
      0.04942471906542778,
      0.08333181589841843,
      0.9952954649925232,
      -0.40758711099624634,
      0.9114432334899902,
      -0.05607113242149353,
      -0.911827802658081,
      -0.40289828181266785,
      0.07901279628276825
    ],
    [
      0.9469797015190125,
      -0.253365695476532,
      0.19757340848445892,
      0.3211286962032318,
      0.7660735249519348,
      -0.5567833185195923,
      -0.010285968892276287,
      0.5907089710235596,
      0.8068190813064575
    ],
    [
      0.940666139125824,
      0.33762240409851074,
      -0.034034594893455505,
      -0.28972911834716797,
      0.7468953728675842,
      -0.5985018014907837,
      -0.17664732038974762,
      0.5728511810302734,
      0.8003982305526733
    ],
    [
      0.9898271560668945,
      0.04599687457084656,
      -0.13463427126407623,
      -0.048751749098300934,
      0.9986621737480164,
      -0.017235348001122475,
      0.1336613893508911,
      0.023623675107955933,
      0.9907453656196594
    ],
    [
      0.9698038101196289,
      -0.15403898060321808,
      0.18908357620239258,
      0.12678852677345276,
      0.9807260036468506,
      0.14866454899311066,
      -0.20833931863307953,
      -0.12020181119441986,
      0.9706422090530396
    ]
  ],
  "root_rot": [
    -0.9573444128036499,
    -0.05368097871541977,
    -0.2839190363883972,
    0.0734911859035492,
    -0.9955145120620728,
    -0.05958104506134987,
    -0.27944713830947876,
    -0.07790512591600418,
    0.9569953083992004
  ],
  "root_trans": [
    -0.5838777422904968,
    0.5792782306671143,
    2.3293497562408447
  ]
}