{
  "betas": [
    -0.30316537618637085,
    0.8963602781295776,
    0.9277098178863525,
    0.7449117302894592,
    0.2958952784538269,
    -0.24531742930412292,
    -0.38717108964920044,
    0.494090735912323,
    0.3220120966434479,
    0.48717057704925537
  ],
  "joints": [
    [
      0.9913089871406555,
      -0.10172529518604279,
      -0.0834176167845726,
      0.1206413060426712,
      0.955814003944397,
      0.26807689666748047,
      0.05246153101325035,
      -0.2758106291294098,
      0.9597792625427246
    ],
    [
      0.9955646991729736,
      0.017900370061397552,
      -0.09236153960227966,
      -0.02269834280014038,
      0.998432457447052,
      -0.051161378622055054,
      0.09130094200372696,
      0.05303090810775757,
      0.9944103956222534
    ],
    [
      0.9955950379371643,
      -0.005968563258647919,
      0.09356742352247238,
      0.01549140177667141,
      0.9947269558906555,
      -0.10138218849897385,
      -0.09246893227100372,
      0.10238510370254517,
      0.9904376864433289
    ],
    [
      0.9980015754699707,
      0.021123310551047325,
      0.059553202241659164,
      -0.011249091476202011,
      0.9868080615997314,
      -0.16150353848934174,
      -0.062179066240787506,
      0.1605108678340912,
      0.9850736260414124
    ],
    [
      0.9996607899665833,
      0.009628834202885628,
      0.024200264364480972,
      -0.006312943529337645,
      0.9910239577293396,
      -0.13353584706783295,
      -0.025268832221627235,
      0.13333776593208313,
      0.9907485842704773
    ],
    [
      0.9896677732467651,
      -0.02526714839041233,
      -0.14113590121269226,
      0.017478084191679955,
      0.9982689023017883,
      -0.05615803599357605,
      0.14231052994728088,
      0.053111009299755096,
      0.988396167755127
    ],
    [
      0.9926584959030151,
      0.05674115940928459,
      0.1068149209022522,
      -0.04911509156227112,
      0.9961422085762024,
      -0.07272135466337204,
      -0.11052914708852768,
      0.06694125384092331,
      0.991615891456604
    ],
    [
      0.9761009812355042,
      -0.06595921516418457,
      -0.20706601440906525,
      0.10996726900339127,
      0.9717475771903992,
      0.20883893966674805,
      0.18744108080863953,
      -0.22661836445331573,
      0.955777108669281
    ],
    [
      0.9991677403450012,
      0.013719792477786541,
      0.03841389715671539,
      -0.012804750353097916,
      0.9996307492256165,
      -0.023966031149029732,
      -0.03872852399945259,
      0.023454204201698303,
      0.9989745020866394
    ],
    [
      0.9678781628608704,
      -0.23379237949848175,
      0.09248208999633789,
      0.14955615997314453,
      0.8310577273368835,
      0.5357015132904053,
      -0.20210085809230804,
      -0.5046625733375549,
      0.8393276929855347
    ],
    [
      0.8944465517997742,
      0.222615584731102,
      0.3878242075443268,
      -0.25200939178466797,
      0.9673773646354675,
      0.025928454473614693,
      -0.369400292634964,
      -0.12092697620391846,
      0.9213685393333435
    ],
    [
      0.9909731149673462,
      0.12999173998832703,
      0.03277890384197235,
      -0.12876009941101074,
      0.9909760355949402,
      -0.037246741354465485,
      -0.037324875593185425,
      0.0326899029314518,
      0.9987683296203613
    ],
    [
      0.9400142431259155,
      0.3024772107601166,
      -0.15773630142211914,
      -0.27720460295677185,
      0.946782112121582,
      0.16358816623687744,
      0.19882363080978394,
      -0.11004997789859772,
      0.9738367199897766
    ],
    [
      0.9218365550041199,
      -0.3626648187637329,
      0.1367173194885254,
      0.3658909797668457,
      0.9306563138961792,
      0.001642810646444559,
      -0.12783262133598328,
      0.04850923269987106,
      0.990608811378479
    ],
    [
      0.9730556607246399,
      -0.14580224454402924,
      0.1786181926727295,
      0.16381371021270752,
      0.9823263883590698,
      -0.09055329114198685,
      -0.16225850582122803,
      0.1173734962940216,
      0.9797426462173462
    ],
    [
      0.6182941794395447,
      0.652452826499939,
      -0.43819811940193176,
      -0.6943178772926331,
      0.7146946787834167,
      0.08446381986141205,
      0.3682865500450134,
      0.252025306224823,
      0.8949012160301208
    ],
    [
      0.5895728468894958,
      -0.6877356171607971,
      0.4235841929912567,
      0.7772666811943054,
      0.6257052421569824,
      -0.06595022231340408,
      -0.21968255937099457,
      0.36812031269073486,
      0.9034528136253357
    ],
    [
      -0.03513059392571449,
      -0.25532442331314087,
      -0.966217041015625,
      0.47607889771461487,
      0.8457890152931213,
      -0.2408108413219452,
      0.8787006139755249,
      -0.46845534443855286,
      0.09184149652719498
    ],
    [
      -0.2145952582359314,
      0.3353922367095947,
      0.9173117280006409,
      0.11271478235721588,
      0.9414211511611938,
      -0.3178388178348541,
      -0.970177412033081,
      0.03518790379166603,
      -0.2398281842470169
    ],
    [
      0.9520971179008484,
      -0.20688681304454803,
      0.2251865565776825,
      0.2853879928588867,
      0.8656636476516724,
      -0.4113152325153351,
      -0.10984008759260178,
      0.4558775722980499,
      0.8832388520240784
    ],
    [
      0.9940029978752136,
      0.10740509629249573,
      -0.020546359941363335,
      -0.10904138535261154,
      0.9876874089241028,
      -0.11217614263296127,
      0.008245092816650867,
      0.11374383419752121,
      0.9934758543968201
    ],
    [
      0.9430117607116699,
      0.19719140231609344,
      -0.26803797483444214,
      -0.08798118680715561,
      0.924588143825531,
      0.3706696331501007,
      0.32091763615608215,
      -0.3259635269641876,
      0.8892466425895691
    ],
    [
      0.8475807309150696,
      -0.5267913937568665,
      0.0640132874250412,
      0.18406984210014343,
      0.40498849749565125,
      0.8956018686294556,
      -0.49772000312805176,
      -0.7473119497299194,
      0.44022685289382935
    ]
  ],
  "root_rot": [
    0.21130721271038055,
    -0.09951748698949814,
    0.9723401665687561,
    -0.11731647700071335,
    -0.9901937246322632,
    -0.07584976404905319,
    0.9703536033630371,
    -0.09804393351078033,
    -0.22091011703014374
  ],
  "root_trans": [
    -0.017182685434818268,
    0.5330295562744141,
    2.5993309020996094
  ]
}