{
  "betas": [
    -0.7765065431594849,
    1.1484739780426025,
    1.673000693321228,
    0.5608461499214172,
    0.33422887325286865,
    -0.5853615999221802,
    0.045777589082717896,
    0.6634079217910767,
    -0.23659905791282654,
    0.538647472858429
  ],
  "joints": [
    [
      0.9308227896690369,
      -0.2833452522754669,
      -0.2308340221643448,
      0.3443079888820648,
      0.468060165643692,
      0.813862144947052,
      -0.12255977839231491,
      -0.8370394706726074,
      0.5332391262054443
    ],
    [
      0.9773716926574707,
      0.1653294563293457,
      -0.13194939494132996,
      -0.17038622498512268,
      0.9849816560745239,
      -0.027921337634325027,
      0.12535153329372406,
      0.04977189004421234,
      0.990863025188446
    ],
    [
      0.9863088130950928,
      0.06910273432731628,
      0.14973251521587372,
      -0.011949851177632809,
      0.9355318546295166,
      -0.35304003953933716,
      -0.16447557508945465,
      0.3464171886444092,
      0.9235490560531616
    ],
    [
      0.9354208707809448,
      0.2971118688583374,
      -0.19160489737987518,
      -0.20156662166118622,
      0.002956125885248184,
      -0.9794703722000122,
      -0.29044583439826965,
      0.9548380970954895,
      0.0626530572772026
    ],
    [
      0.9994896054267883,
      0.019631488248705864,
      0.025198087096214294,
      -0.004104435909539461,
      0.8612422943115234,
      -0.5081781148910522,
      -0.03167794272303581,
      0.5078153610229492,
      0.8608832955360413
    ],
    [
      0.9909041523933411,
      -0.11258582770824432,
      -0.07371117174625397,
      0.12111587077379227,
      0.9848788976669312,
      0.12387266010046005,
      0.05865027382969856,
      -0.13167352974414825,
      0.9895564913749695
    ],
    [
      0.9956004619598389,
      0.017435092478990555,
      -0.09206430613994598,
      -0.021714432165026665,
      0.9987198114395142,
      -0.0456869937479496,
      0.09114988148212433,
      0.0474851131439209,
      0.9947044849395752
    ],
    [
      0.9189780950546265,
      -0.14127835631370544,
      -0.3681298792362213,
      0.27412641048431396,
      0.8999932408332825,
      0.338919997215271,
      0.28343236446380615,
      -0.41237419843673706,
      0.8658022284507751
    ],
    [
      0.9970070123672485,
      -0.05597030371427536,
      0.05333251878619194,
      0.06196821480989456,
      0.991030752658844,
      -0.11839788407087326,
      -0.04622739553451538,
      0.12134844064712524,
      0.9915329813957214
    ],
    [
      0.9483639597892761,
      -0.29682406783103943,
      0.11180878430604935,
      0.18171459436416626,
      0.7973634600639343,
      0.5754922032356262,
      -0.2599721848964691,
      -0.525458812713623,
      0.8101280331611633
    ],
    [
      0.8834123611450195,
      0.22339168190956116,
      0.41192078590393066,
      -0.1362057477235794,
      0.9635117053985596,
      -0.23041965067386627,
      -0.4483643174171448,
      0.14744959771633148,
      0.8816053867340088
    ],
    [
      0.9537355303764343,
      0.2927236557006836,
      -0.06856675446033478,
      -0.2965615391731262,
      0.9534520506858826,
      -0.05459412932395935,
      0.049394115805625916,
      0.07240262627601624,
      0.9961516857147217
    ],
    [
      0.6752508282661438,
      -0.4354100525379181,
      -0.5953608155250549,
      0.7087798118591309,
      0.6064261198043823,
      0.3603866696357727,
      0.20412641763687134,
      -0.6653310656547546,
      0.7180995941162109
    ],
    [
      0.8513702750205994,
      -0.3802202343940735,
      0.3613879680633545,
      0.3543621301651001,
      0.924837589263916,
      0.13821324706077576,
      -0.3867766559123993,
      0.010391555726528168,
      0.922114908695221
    ],
    [
      0.9280866384506226,
      0.034547995775938034,
      -0.3707580864429474,
      0.053810931742191315,
      0.9727914333343506,
      0.22534695267677307,
      0.36845555901527405,
      -0.22909234464168549,
      0.9009756445884705
    ],
    [
      0.8507111668586731,
      0.0004897223552688956,
      -0.5256331562995911,
      0.21756500005722046,
      0.9099892973899841,
      0.35296595096588135,
      0.47849342226982117,
      -0.4146314561367035,
      0.7740315198898315
    ],
    [
      0.6638182401657104,
      -0.6416683793067932,
      0.38419657945632935,
      0.7029237151145935,
      0.7107341289520264,
      -0.02748056873679161,
      -0.2554282248020172,
      0.2883029878139496,
      0.9228422045707703
    ],
    [
      0.7690238952636719,
      -0.07159826904535294,
      -0.635197639465332,
      0.35098665952682495,
      0.8778035640716553,
      0.3259897828102112,
      0.5342383980751038,
      -0.4736397862434387,
      0.7001819610595703
    ],
    [
      0.6727682948112488,
      0.2684408724308014,
      0.6894362568855286,
      -0.04503655061125755,
      0.9449862837791443,
      -0.32399484515190125,
      -0.7384812235832214,
      0.18692362308502197,
      0.6478464603424072
    ],
    [
      0.9700964689254761,
      -0.10672080516815186,
      0.21799910068511963,
      0.22882337868213654,
      0.7016602158546448,
      -0.6747686862945557,
      -0.08094944059848785,
      0.7044739127159119,
      0.7050983309745789
    ],
    [
      0.9781196117401123,
      0.16982178390026093,
      -0.12017747759819031,
      -0.20553039014339447,
      0.8782899379730225,
      -0.43169909715652466,
      0.03223874047398567,
      0.4469534456729889,
      0.8939761519432068
    ],
    [
      0.9608733057975769,
      0.11417228728532791,
      -0.2523632347583771,
      -0.05338653549551964,
      0.9703511595726013,
      0.23572972416877747,
      0.27179476618766785,
      -0.21303360164165497,
      0.9384797811508179
    ],
    [
      0.9902885556221008,
      -0.03450709953904152,
      0.13467732071876526,
      0.03040453791618347,
      0.9990123510360718,
      0.03240156173706055,
      -0.13566239178180695,
      -0.027992088347673416,
      0.9903596639633179
    ]
  ],
  "root_rot": [
    -0.6938146352767944,
    0.28240466117858887,
    -0.6624717712402344,
    -0.12567570805549622,
    -0.9532681107521057,
    -0.2747463583946228,
    -0.7091028690338135,
    -0.1073664203286171,
    0.6968827843666077
  ],
  "root_trans": [
    -0.2313266545534134,
    0.5348870754241943,
    2.4583375453948975
  ]
}