{
  "betas": [
    -1.0436835289001465,
    0.7555813789367676,
    1.4642010927200317,
    0.22854484617710114,
    0.03623172640800476,
    -0.2305501401424408,
    -0.3761385679244995,
    0.5389487147331238,
    0.34026527404785156,
    0.656580924987793
  ],
  "joints": [
    [
      0.9636797308921814,
      -0.26599782705307007,
      0.02380305528640747,
      0.26597729325294495,
      0.9479297399520874,
      -0.17517197132110596,
      0.02403174340724945,
      0.17514073848724365,
      0.9842500686645508
    ],
    [
      0.9872633218765259,
      0.15104281902313232,
      -0.04997129365801811,
      -0.126104474067688,
      0.9344421029090881,
      0.33303990960121155,
      0.09699857234954834,
      -0.3224965035915375,
      0.9415875673294067
    ],
    [
      0.9982649087905884,
      -0.038719598203897476,
      0.044362057000398636,
      0.041672732681035995,
      0.996834933757782,
      -0.0677015632390976,
      -0.041600268334150314,
      0.06943278759717941,
      0.9967188835144043
    ],
    [
      0.9842432141304016,
      -0.01631673239171505,
      -0.17606544494628906,
      -0.01260033342987299,
      0.9867295026779175,
      -0.16188310086727142,
      0.17637038230895996,
      0.161550834774971,
      0.9709762334823608
    ],
    [
      0.9978545308113098,
      -0.06444460153579712,
      -0.011542731896042824,
      0.05160311236977577,
      0.8826850652694702,
      -0.46712344884872437,
      0.040292177349328995,
      0.4655255973339081,
      0.8841168284416199
    ],
    [
      0.9983893632888794,
      -0.026015792042016983,
      -0.050417184829711914,
      0.018754322081804276,
      0.9900458455085754,
      -0.1394902616739273,
      0.05354427173733711,
      0.13832005858421326,
      0.9889391660690308
    ],
    [
      0.9871208667755127,
      0.10655626654624939,
      0.11932352185249329,
      -0.13399598002433777,
      0.9581844210624695,
      0.25283920764923096,
      -0.08739233762025833,
      -0.2655717432498932,
      0.9601219296455383
    ],
    [
      0.8917216062545776,
      -0.29379215836524963,
      -0.3442654311656952,
      0.35469070076942444,
      0.9261282682418823,
      0.12837815284729004,
      0.2811174690723419,
      -0.236585333943367,
      0.9300539493560791
    ],
    [
      0.9971482753753662,
      -0.00769848795607686,
      0.07507384568452835,
      0.005515333265066147,
      0.9995570778846741,
      0.029244231060147285,
      -0.07526572793722153,
      -0.028746778145432472,
      0.9967491030693054
    ],
    [
      0.9167518019676208,
      -0.35206282138824463,
      0.18872690200805664,
      0.16331365704536438,
      0.7615030407905579,
      0.6272492408752441,
      -0.3645472824573517,
      -0.5442102551460266,
      0.755605936050415
    ],
    [
      0.8179311156272888,
      0.31435534358024597,
      0.48183974623680115,
      -0.43656912446022034,
      0.88460373878479,
      0.16396228969097137,
      -0.37469482421875,
      -0.3444661796092987,
      0.8607827425003052
    ],
    [
      0.90090012550354,
      -0.008096098899841309,
      -0.4339509606361389,
      0.004706621170043945,
      0.9999495148658752,
      -0.008884631097316742,
      0.4340009391307831,
      0.005961722694337368,
      0.9008927345275879
    ],
    [
      0.9433199763298035,
      0.304362952709198,
      0.1323278546333313,
      -0.2966367304325104,
      0.952031672000885,
      -0.07511506229639053,
      -0.14884255826473236,
      0.03160422667860985,
      0.9883557558059692
    ],
    [
      0.9033088684082031,
      -0.3520515561103821,
      0.24513839185237885,
      0.3485560715198517,
      0.9354285001754761,
      0.05900888890028,
      -0.25008365511894226,
      0.032141223549842834,
      0.9676905870437622
    ],
    [
      0.9923977255821228,
      0.022945497184991837,
      -0.1209140345454216,
      -0.020281417295336723,
      0.999524712562561,
      0.023217732086777687,
      0.12138930708169937,
      -0.020588915795087814,
      0.9923914074897766
    ],
    [
      0.5881087183952332,
      0.785232424736023,
      -0.19374752044677734,
      -0.7681437134742737,
      0.4673146903514862,
      -0.4376896023750305,
      -0.25314703583717346,
      0.4062349796295166,
      0.8780031800270081
    ],
    [
      0.820273756980896,
      -0.46803537011146545,
      0.3287762403488159,
      0.42651090025901794,
      0.8835139870643616,
      0.193627268075943,
      -0.3811028003692627,
      -0.01860070787370205,
      0.9243454933166504
    ],
    [
      -0.2668255567550659,
      -0.3056545555591583,
      -0.9139910340309143,
      0.051980916410684586,
      0.9424296021461487,
      -0.3303399682044983,
      0.9623420238494873,
      -0.13565322756767273,
      -0.2355760931968689
    ],
    [
      0.6368125677108765,
      0.2416929453611374,
      0.7321572303771973,
      -0.49431395530700684,
      0.8567431569099426,
      0.14712215960025787,
      -0.5917122960090637,
      -0.45560479164123535,
      0.6650570034980774
    ],
    [
      0.959250807762146,
      -0.2763623893260956,
      0.05883616581559181,
      0.2738792896270752,
      0.8582075238227844,
      -0.4341311752796173,
      0.06948389858007431,
      0.432554692029953,
      0.8989261984825134
    ],
    [
      0.9329241514205933,
      0.3289639949798584,
      -0.1464080512523651,
      -0.35123056173324585,
      0.7418347597122192,
      -0.5712428689002991,
      -0.07930776476860046,
      0.5843492150306702,
      0.8076177835464478
    ],
    [
      0.9104499816894531,
      0.04740669205784798,
      -0.41089335083961487,
      -0.08442641794681549,
      0.9937950372695923,
      -0.07241171598434448,
      0.4049110412597656,
      0.10061750560998917,
      0.9088030457496643
    ],
    [
      0.9803273677825928,
      -0.10848236829042435,
      0.16489332914352417,
      0.07514916360378265,
      0.9776389598846436,
      0.19640445709228516,
      -0.1825125515460968,
      -0.18014906346797943,
      0.966558575630188
    ]
  ],
  "root_rot": [
    0.8294879198074341,
    0.04408160224556923,
    -0.5567824244499207,
    0.026606852188706398,
    -0.9988675117492676,
    -0.03944380208849907,
    -0.5578905940055847,
    0.017903925850987434,
    -0.8297213912010193
  ],
  "root_trans": [
    -0.7047648429870605,
    0.539734423160553,
    2.430281639099121
  ]
}