{
  "betas": [
    -0.12970727682113647,
    0.5943200588226318,
    0.8909482955932617,
    0.4316208064556122,
    0.29035040736198425,
    0.44663864374160767,
    -0.2968100309371948,
    0.17147968709468842,
    0.2534480392932892,
    0.8727186322212219
  ],
  "joints": [
    [
      0.9645627737045288,
      -0.2599565386772156,
      -0.045181069523096085,
      0.2568823993206024,
      0.8861067891120911,
      0.3857799768447876,
      -0.060250766575336456,
      -0.3837152123451233,
      0.9214838743209839
    ],
    [
      0.9643065333366394,
      0.24555987119674683,
      -0.099061980843544,
      -0.25530311465263367,
      0.961482048034668,
      -0.10184585303068161,
      0.07023706287145615,
      0.12350144982337952,
      0.9898556470870972
    ],
    [
      0.995239794254303,
      0.01278284564614296,
      0.09661468863487244,
      0.0031058257445693016,
      0.9866969585418701,
      -0.16254088282585144,
      -0.09740714728832245,
      0.1620672196149826,
      0.9819603562355042
    ],
    [
      0.9962719678878784,
      0.08593205362558365,
      0.007600697688758373,
      -0.08212323486804962,
      0.9717032313346863,
      -0.22146911919116974,
      -0.026416907086968422,
      0.22001929581165314,
      0.9751377105712891
    ],
    [
      0.9776357412338257,
      0.02945251204073429,
      0.20823314785957336,
      0.003128237556666136,
      0.9879988431930542,
      -0.15442940592765808,
      -0.21028245985507965,
      0.1516270935535431,
      0.9658108353614807
    ],
    [
      0.9851700663566589,
      -0.058899592608213425,
      -0.16115468740463257,
      0.0726110115647316,
      0.9941017627716064,
      0.08055625855922699,
      0.1554594337940216,
      -0.09106321632862091,
      0.9836360812187195
    ],
    [
      0.9936071038246155,
      -0.008449223823845387,
      0.11257713288068771,
      0.01799830235540867,
      0.9962965250015259,
      -0.0840785950422287,
      -0.11144982278347015,
      0.08556728065013885,
      0.990079402923584
    ],
    [
      0.9108873009681702,
      -0.28525784611701965,
      -0.2981819212436676,
      0.3703528344631195,
      0.8838158845901489,
      0.285846471786499,
      0.18199799954891205,
      -0.37080639600753784,
      0.9107027053833008
    ],
    [
      0.9990313649177551,
      -0.03690393641591072,
      -0.023971736431121826,
      0.035197556018829346,
      0.9970589876174927,
      -0.06807743012905121,
      0.026413559913635254,
      0.0671677216887474,
      0.9973921179771423
    ],
    [
      0.9825113415718079,
      -0.032968878746032715,
      0.18326066434383392,
      -0.09257464855909348,
      0.7674541473388672,
      0.6343846917152405,
      -0.16155914962291718,
      -0.6402554512023926,
      0.7509803175926208
    ],
    [
      0.8615648746490479,
      0.27297261357307434,
      0.42800918221473694,
      -0.3138945698738098,
      0.9490864276885986,
      0.026555417105555534,
      -0.39896878600120544,
      -0.1572289764881134,
      0.9033841490745544
    ],
    [
      0.9479792714118958,
      0.1820748895406723,
      0.2611207067966461,
      -0.15859472751617432,
      0.9813618659973145,
      -0.10852011293172836,
      -0.27601268887519836,
      0.06146245077252388,
      0.959186851978302
    ],
    [
      0.8980908989906311,
      -0.014036079868674278,
      -0.43958592414855957,
      0.10664692521095276,
      0.9766111969947815,
      0.18670032918453217,
      0.4266839921474457,
      -0.2145543396472931,
      0.8785825371742249
    ],
    [
      0.9591999650001526,
      -0.15719114243984222,
      0.2350030094385147,
      0.15782469511032104,
      0.9873337149620056,
      0.016232460737228394,
      -0.2345779985189438,
      0.021519102156162262,
      0.9718590974807739
    ],
    [
      0.9413047432899475,
      -0.18476364016532898,
      0.282502681016922,
      0.18368864059448242,
      0.9825101494789124,
      0.030531294643878937,
      -0.2832028567790985,
      0.023153284564614296,
      0.9587804675102234
    ],
    [
      0.9029187560081482,
      0.20958104729652405,
      -0.37525132298469543,
      -0.17199182510375977,
      0.9762920141220093,
      0.13142573833465576,
      0.39389920234680176,
      -0.05412661284208298,
      0.9175586104393005
    ],
    [
      0.6803852915763855,
      -0.6495800018310547,
      0.33929601311683655,
      0.7228473424911499,
      0.6710871458053589,
      -0.16472333669662476,
      -0.12069619446992874,
      0.35733455419540405,
      0.9261450171470642
    ],
    [
      0.9310616254806519,
      0.0015556709840893745,
      -0.3648587167263031,
      0.10993268340826035,
      0.9523248076438904,
      0.2845913767814636,
      0.3479067385196686,
      -0.3050819933414459,
      0.8865020871162415
    ],
    [
      -0.1970939189195633,
      0.29370829463005066,
      0.9353551864624023,
      0.3229207396507263,
      0.9202783107757568,
      -0.22092963755130768,
      -0.9256761074066162,
      0.25850167870521545,
      -0.276225745677948
    ],
    [
      0.9661068320274353,
      -0.2280956357717514,
      0.12087191641330719,
      0.25532299280166626,
      0.775312602519989,
      -0.5776681900024414,
      0.038050081580877304,
      0.5889505743980408,
      0.8072728514671326
    ],
    [
      0.9619684219360352,
      0.19548499584197998,
      0.1907941848039627,
      -0.20797467231750488,
      0.9769755005836487,
      0.0475957877933979,
      -0.17709699273109436,
      -0.08546599745750427,
      0.9804754853248596
    ],
    [
      0.9493070244789124,
      0.20868457853794098,
      -0.23508907854557037,
      -0.14230094850063324,
      0.952126681804657,
      0.2705649137496948,
      0.28029727935791016,
      -0.22339577972888947,
      0.9335565567016602
    ],
    [
      0.8238560557365417,
      -0.5264070630073547,
      0.210135355591774,
      0.28271663188934326,
      0.7029788494110107,
      0.6526040434837341,
      -0.4912560284137726,
      -0.47824299335479736,
      0.7279773950576782
    ]
  ],
  "root_rot": [
    0.6122141480445862,
    -0.03799426928162575,
    0.7897786498069763,
    -0.06103992089629173,
    -0.9981350898742676,
    -0.0007013520807959139,
    0.7883324027061462,
    -0.047778643667697906,
    -0.6133915781974792
  ],
  "root_trans": [
    0.274844229221344,
    0.5506101250648499,
    2.653456211090088
  ]
}