{
  "betas": [
    -0.5764564871788025,
    0.7967313528060913,
    0.6747170686721802,
    -0.04377871751785278,
    0.2598886489868164,
    0.6242271661758423,
    -0.31017643213272095,
    0.36851298809051514,
    -0.10291990637779236,
    0.5679872632026672
  ],
  "joints": [
    [
      0.9877960681915283,
      -0.09758298844099045,
      0.12139424681663513,
      0.12656624615192413,
      0.9571486711502075,
      -0.2604753375053406,
      -0.09077437967061996,
      0.27266091108322144,
      0.9578183889389038
    ],
    [
      0.9916291832923889,
      0.10269535332918167,
      0.07826366275548935,
      -0.12882840633392334,
      0.8275244235992432,
      0.5464490652084351,
      -0.008647317066788673,
      -0.5519574284553528,
      0.8338274359703064
    ],
    [
      0.9883240461349487,
      -0.08645210415124893,
      -0.12546582520008087,
      0.06164401024580002,
      0.9799190163612366,
      -0.18962784111499786,
      0.13934007287025452,
      0.1796795278787613,
      0.9738067984580994
    ],
    [
      0.9910519123077393,
      0.022124281153082848,
      -0.13163065910339355,
      -0.04254414513707161,
      0.9870908260345459,
      -0.15440773963928223,
      0.1265152543783188,
      0.15862619876861572,
      0.9791995286941528
    ],
    [
      0.9970903992652893,
      0.01973913237452507,
      0.07362864166498184,
      0.020552245900034904,
      0.8605114221572876,
      -0.5090165734291077,
      -0.07340582460165024,
      0.5090487003326416,
      0.8576020002365112
    ],
    [
      0.989152729511261,
      0.01863226667046547,
      -0.14570462703704834,
      0.020558197051286697,
      0.9646000266075134,
      0.2629147171974182,
      0.14544539153575897,
      -0.2630581855773926,
      0.9537537097930908
    ],
    [
      0.9655731916427612,
      -0.1638934314250946,
      0.20200850069522858,
      0.12271938472986221,
      0.9717109799385071,
      0.20178619027137756,
      -0.22936531901359558,
      -0.17004896700382233,
      0.9583709836006165
    ],
    [
      0.8520041704177856,
      -0.4933755397796631,
      -0.1751268208026886,
      0.4897407591342926,
      0.8693289160728455,
      -0.06649176776409149,
      0.18504823744297028,
      -0.029115471988916397,
      0.982297956943512
    ],
    [
      0.9966958165168762,
      0.026223434135317802,
      -0.07687457650899887,
      -0.034388042986392975,
      0.9936764240264893,
      -0.1068858951330185,
      0.07358554005622864,
      0.10917630046606064,
      0.9912949204444885
    ],
    [
      0.9723476767539978,
      -0.09468188881874084,
      0.21348369121551514,
      -0.10117834061384201,
      0.6530943512916565,
      0.7504869699478149,
      -0.21048250794410706,
      -0.7513342499732971,
      0.6254550218582153
    ],
    [
      0.8366256952285767,
      0.30102452635765076,
      0.45764803886413574,
      -0.3484158515930176,
      0.9371150732040405,
      0.02053772285580635,
      -0.42268648743629456,
      -0.17663420736789703,
      0.8888962864875793
    ],
    [
      0.999491274356842,
      0.02303542196750641,
      -0.022059841081500053,
      -0.025324856862425804,
      0.9936248660087585,
      -0.10985609143972397,
      0.019388623535633087,
      0.11035885661840439,
      0.99370276927948
    ],
    [
      0.5627121329307556,
      -0.2664217948913574,
      -0.7825436592102051,
      0.6849408745765686,
      0.680275559425354,
      0.2609238922595978,
      0.46282944083213806,
      -0.6828211545944214,
      0.5652824640274048
    ],
    [
      0.7227262258529663,
      0.30693840980529785,
      0.6192378401756287,
      -0.5331486463546753,
      0.8177398443222046,
      0.21691946685314178,
      -0.4397945702075958,
      -0.48691925406455994,
      0.754645824432373
    ],
    [
      0.9984813332557678,
      -0.04912273585796356,
      -0.02494235523045063,
      0.05254499241709709,
      0.9852002263069153,
      0.16315478086471558,
      0.016558608040213585,
      -0.16421757638454437,
      0.9862852096557617
    ],
    [
      0.795741081237793,
      0.2536124885082245,
      -0.5499787926673889,
      0.020654955878853798,
      0.8962073922157288,
      0.4431540369987488,
      0.605284571647644,
      -0.36399564146995544,
      0.7079106569290161
    ],
    [
      0.8942316770553589,
      0.027737414464354515,
      0.4467442035675049,
      -0.21705086529254913,
      0.8997507691383362,
      0.37859925627708435,
      -0.39145714044570923,
      -0.43552166223526,
      0.810606062412262
    ],
    [
      0.34453967213630676,
      -0.17766828835010529,
      -0.9218060374259949,
      0.628329336643219,
      0.7731990218162537,
      0.08582216501235962,
      0.6974917650222778,
      -0.6087668538093567,
      0.3780319392681122
    ],
    [
      0.3061578571796417,
      0.1981927454471588,
      0.9311214089393616,
      -0.5854242444038391,
      0.8104810118675232,
      0.019976798444986343,
      -0.7506968379020691,
      -0.5512171387672424,
      0.36416196823120117
    ],
    [
      0.886705219745636,
      -0.3286856412887573,
      0.32514554262161255,
      0.45772498846054077,
      0.7231634259223938,
      -0.5172258615493774,
      -0.0651286244392395,
      0.6074540615081787,
      0.7916803956031799
    ],
    [
      0.8585711717605591,
      0.42139142751693726,
      -0.29203543066978455,
      -0.506369948387146,
      0.6077759861946106,
      -0.6117169857025146,
      -0.08028019964694977,
      0.6730806231498718,
      0.7351989150047302
    ],
    [
      0.9410999417304993,
      0.2134825736284256,
      -0.26221349835395813,
      -0.1648850291967392,
      0.9667785167694092,
      0.1953257918357849,
      0.29520106315612793,
      -0.1405860334634781,
      0.9450352787971497
    ],
    [
      0.9800870418548584,
      -0.08987683802843094,
      0.17706367373466492,
      0.0734216496348381,
      0.992533266544342,
      0.09740082174539566,
      -0.18449567258358002,
      -0.08246097713708878,
      0.9793679118156433
    ]
  ],
  "root_rot": [
    0.6425285339355469,
    -0.014737755060195923,
    -0.7661199569702148,
    0.07045308500528336,
    -0.9944437742233276,
    0.07821749895811081,
    -0.7630159854888916,
    -0.10423249006271362,
    -0.6379202008247375
  ],
  "root_trans": [
    0.07832416892051697,
    0.5225590467453003,
    2.7005436420440674
  ]
}