{
  "betas": [
    -0.7311163544654846,
    1.45663583278656,
    1.4288058280944824,
    0.0657660961151123,
    0.05618017911911011,
    -0.2146477997303009,
    -0.21540164947509766,
    0.5210641622543335,
    0.3817305266857147,
    0.7197312116622925
  ],
  "joints": [
    [
      0.9481379389762878,
      -0.22167640924453735,
      0.22780264914035797,
      0.2776302397251129,
      0.9265241622924805,
      -0.2539180517196655,
      -0.15477703511714935,
      0.30399423837661743,
      0.9400168061256409
    ],
    [
      0.9719114899635315,
      0.23294125497341156,
      -0.033562757074832916,
      -0.17218269407749176,
      0.8010150790214539,
      0.5733480453491211,
      0.16044069826602936,
      -0.5514646172523499,
      0.8186241984367371
    ],
    [
      0.9924165606498718,
      -0.07425690442323685,
      -0.09795531630516052,
      0.061190858483314514,
      0.9895930290222168,
      -0.1302356868982315,
      0.10660678893327713,
      0.12325409054756165,
      0.9866323471069336
    ],
    [
      0.9928290247917175,
      0.07783012837171555,
      -0.09073607623577118,
      -0.09206373989582062,
      0.9819790720939636,
      -0.1650499403476715,
      0.07625506073236465,
      0.17221985757350922,
      0.982102632522583
    ],
    [
      0.9919556975364685,
      -0.11289580911397934,
      -0.057258814573287964,
      0.0713515505194664,
      0.872285008430481,
      -0.4837642312049866,
      0.1045609638094902,
      0.47578710317611694,
      0.873323380947113
    ],
    [
      0.9937259554862976,
      -0.027982402592897415,
      -0.10828547179698944,
      0.01386856846511364,
      0.9915527701377869,
      -0.12895986437797546,
      0.11097937822341919,
      0.12664899230003357,
      0.9857197999954224
    ],
    [
      0.9545588493347168,
      0.04238983988761902,
      0.2949923574924469,
      -0.0850587710738182,
      0.9874120950698853,
      0.13335047662258148,
      -0.2856263220310211,
      -0.15238256752490997,
      0.9461485743522644
    ],
    [
      0.885138988494873,
      -0.373097687959671,
      -0.27807745337486267,
      0.34786906838417053,
      0.927465558052063,
      -0.13709406554698944,
      0.30905672907829285,
      0.02461276948451996,
      0.9507250785827637
    ],
    [
      0.9999983906745911,
      -0.0011733525898307562,
      -0.0013668718747794628,
      0.0012402486754581332,
      0.9987475275993347,
      0.05001797154545784,
      0.001306471531279385,
      -0.050019584596157074,
      0.9987473487854004
    ],
    [
      0.9532660245895386,
      -0.2960238754749298,
      -0.06044644117355347,
      0.27086544036865234,
      0.7487039566040039,
      0.6050407290458679,
      -0.13385002315044403,
      -0.5931376218795776,
      0.7938966751098633
    ],
    [
      0.7998132705688477,
      0.4783113896846771,
      0.36265280842781067,
      -0.5399395823478699,
      0.8372418284416199,
      0.08655260503292084,
      -0.2622290253639221,
      -0.26503652334213257,
      0.9278963804244995
    ],
    [
      0.8663256764411926,
      -0.07386086881160736,
      -0.49398815631866455,
      0.0650540292263031,
      0.997266948223114,
      -0.035023149102926254,
      0.49522489309310913,
      -0.0017944659339264035,
      0.8687629103660583
    ],
    [
      0.9461714029312134,
      0.3221755623817444,
      0.031025465577840805,
      -0.3189125657081604,
      0.9443506598472595,
      -0.08060231804847717,
      -0.055267009884119034,
      0.0663691982626915,
      0.9962634444236755
    ],
    [
      0.9340749979019165,
      -0.327698290348053,
      0.1418367177248001,
      0.33632880449295044,
      0.9408429265022278,
      -0.04120037332177162,
      -0.11994478106498718,
      0.08618801832199097,
      0.9890322089195251
    ],
    [
      0.978462815284729,
      0.03845246508717537,
      -0.20281027257442474,
      -0.020687082782387733,
      0.9958167672157288,
      0.08899981528520584,
      0.20538415014743805,
      -0.0828874483704567,
      0.9751651287078857
    ],
    [
      0.5888028144836426,
      0.7266730070114136,
      -0.3539174199104309,
      -0.8081462979316711,
      0.5214043259620667,
      -0.27392908930778503,
      -0.014522811397910118,
      0.4473072290420532,
      0.894262433052063
    ],
    [
      0.6977530717849731,
      -0.6350058913230896,
      0.33152392506599426,
      0.6542006731033325,
      0.7534164786338806,
      0.06621953099966049,
      -0.29182538390159607,
      0.1706783026456833,
      0.9411199688911438
    ],
    [
      -0.11338488757610321,
      -0.31949669122695923,
      -0.9407792091369629,
      0.0009576550801284611,
      0.946850061416626,
      -0.32167375087738037,
      0.9935505986213684,
      -0.0373738631606102,
      -0.1070525199174881
    ],
    [
      0.9467102289199829,
      0.01342716719955206,
      0.3218066394329071,
      -0.011143903248012066,
      0.9998980164527893,
      -0.00893628504127264,
      -0.3218937814235687,
      0.004873891826719046,
      0.9467633366584778
    ],
    [
      0.9446461200714111,
      -0.3043893575668335,
      0.12243720889091492,
      0.32543042302131653,
      0.8218669295310974,
      -0.46757882833480835,
      0.04169892892241478,
      0.4815412759780884,
      0.8754309415817261
    ],
    [
      0.9705344438552856,
      0.17225179076194763,
      -0.1685001403093338,
      -0.23955996334552765,
      0.765088677406311,
      -0.5977044105529785,
      0.025961849838495255,
      0.6204585433006287,
      0.7838095426559448
    ],
    [
      0.9012043476104736,
      0.09274962544441223,
      -0.4233536124229431,
      -0.22454264760017395,
      0.9354261755943298,
      -0.27305397391319275,
      0.37069040536880493,
      0.3411383330821991,
      0.863836407661438
    ],
    [
      0.9825906753540039,
      -0.1495489478111267,
      0.11022991687059402,
      0.12854859232902527,
      0.9756402373313904,
      0.17776772379875183,
      -0.13412971794605255,
      -0.16050301492214203,
      0.9778792858123779
    ]
  ],
  "root_rot": [
    0.8441728353500366,
    -0.011308291926980019,
    -0.5359517335891724,
    0.03429356589913368,
    -0.9965903759002686,
    0.07504300028085709,
    -0.5349730253219604,
    -0.08172895759344101,
    -0.8409067392349243
  ],
  "root_trans": [
    0.19798493385314941,
    0.5476222634315491,
    2.5378124713897705
  ]
}