{
  "betas": [
    -0.813004195690155,
    0.7972589731216431,
    1.256601333618164,
    0.5212098956108093,
    0.2782557010650635,
    0.15525022149085999,
    -0.03044983744621277,
    0.9553854465484619,
    -0.021756887435913086,
    0.8603309988975525
  ],
  "joints": [
    [
      0.9944419860839844,
      0.015305066481232643,
      -0.10416693985462189,
      0.0012813570210710168,
      0.9875451326370239,
      0.1573309302330017,
      0.10527751594781876,
      -0.15658998489379883,
      0.9820367097854614
    ],
    [
      0.9944401383399963,
      -0.08377333730459213,
      0.06380236893892288,
      0.05357639491558075,
      0.9241203665733337,
      0.3783266544342041,
      -0.09065476804971695,
      -0.3728049397468567,
      0.923470675945282
    ],
    [
      0.9954098463058472,
      -0.093192458152771,
      -0.02178005315363407,
      0.08735021203756332,
      0.9776732325553894,
      -0.19111517071723938,
      0.039104264229536057,
      0.18833543360233307,
      0.9813259243965149
    ],
    [
      0.9922664165496826,
      0.10670927166938782,
      -0.06340649724006653,
      -0.08968447893857956,
      0.26318931579589844,
      -0.9605664610862732,
      -0.08581344783306122,
      0.9588245749473572,
      0.2707240879535675
    ],
    [
      0.9993832111358643,
      0.01726437918841839,
      -0.030578183010220528,
      -0.03332209959626198,
      0.7409669756889343,
      -0.6707141399383545,
      0.01107796747237444,
      0.6713194847106934,
      0.7410852313041687
    ],
    [
      0.9918158054351807,
      0.047534532845020294,
      -0.11849812418222427,
      -0.031979963183403015,
      0.9910153150558472,
      0.1298687905073166,
      0.12360671162605286,
      -0.12501636147499084,
      0.9844248294830322
    ],
    [
      0.9952195882797241,
      0.06961944699287415,
      0.06849194318056107,
      -0.06359966844320297,
      0.9942233562469482,
      -0.0864577442407608,
      -0.07411544024944305,
      0.08168837428092957,
      0.993898332118988
    ],
    [
      0.9495067000389099,
      -0.21733440458774567,
      -0.2262803167104721,
      0.2761276066303253,
      0.9212962985038757,
      0.273800253868103,
      0.1489650309085846,
      -0.3224574029445648,
      0.9347890615463257
    ],
    [
      0.9979667663574219,
      0.050158269703388214,
      0.039325397461652756,
      -0.04887286573648453,
      0.9982599020004272,
      -0.03299383074045181,
      -0.040911879390478134,
      0.031004799529910088,
      0.9986816048622131
    ],
    [
      0.9424424171447754,
      -0.3337816894054413,
      0.01980063132941723,
      0.21788859367370605,
      0.6579757928848267,
      0.7208275198936462,
      -0.25362738966941833,
      -0.6750240921974182,
      0.6928315162658691
    ],
    [
      0.8709697127342224,
      0.33000585436820984,
      0.3640163540840149,
      -0.3461439609527588,
      0.9379214644432068,
      -0.022083353251218796,
      -0.3487063944339752,
      -0.10676811635494232,
      0.9311307072639465
    ],
    [
      0.9853234887123108,
      0.05343055725097656,
      -0.1621200293302536,
      -0.02126023918390274,
      0.9807668924331665,
      0.19402115046977997,
      0.16936862468719482,
      -0.18772687017917633,
      0.9675086140632629
    ],
    [
      0.8342239856719971,
      0.1601482331752777,
      -0.5276579856872559,
      0.009327871724963188,
      0.9526622295379639,
      0.30388757586479187,
      0.5513468980789185,
      -0.25843220949172974,
      0.7932398319244385
    ],
    [
      0.7918797731399536,
      -0.07669919729232788,
      0.605841338634491,
      -0.07195252180099487,
      0.9734525084495544,
      0.2172859013080597,
      -0.6064233779907227,
      -0.215656116604805,
      0.765338659286499
    ],
    [
      0.9949457049369812,
      -0.015809688717126846,
      0.09916269779205322,
      0.008171995170414448,
      0.9970006346702576,
      0.07696017622947693,
      -0.10008199512958527,
      -0.07576082646846771,
      0.9920907020568848
    ],
    [
      0.35133853554725647,
      0.6119902729988098,
      -0.708540141582489,
      -0.715478777885437,
      0.663616955280304,
      0.21840937435626984,
      0.6038636565208435,
      0.43020984530448914,
      0.6710202693939209
    ],
    [
      0.7754486203193665,
      -0.31606248021125793,
      0.5466113090515137,
      0.27228257060050964,
      0.9484572410583496,
      0.16214551031589508,
      -0.5696855187416077,
      0.02309722825884819,
      0.8215381503105164
    ],
    [
      -0.48641178011894226,
      -0.44054314494132996,
      -0.754536509513855,
      -0.00578365009278059,
      0.8651856780052185,
      -0.5014182925224304,
      0.873710572719574,
      -0.2395317703485489,
      -0.4233844578266144
    ],
    [
      -0.4657166004180908,
      0.40840819478034973,
      0.785054624080658,
      -0.041799914091825485,
      0.8759909272193909,
      -0.480512797832489,
      -0.8839461803436279,
      -0.25659799575805664,
      -0.3908920884132385
    ],
    [
      0.871770977973938,
      -0.3036113679409027,
      0.38449376821517944,
      0.4422006607055664,
      0.8254753947257996,
      -0.3507832884788513,
      -0.2108883559703827,
      0.47582611441612244,
      0.8538826704025269
    ],
    [
      0.8779324293136597,
      0.4453382194042206,
      -0.17580796778202057,
      -0.46029138565063477,
      0.6839936971664429,
      -0.565936803817749,
      -0.13178177177906036,
      0.5777772068977356,
      0.8054856061935425
    ],
    [
      0.8604043126106262,
      0.34327611327171326,
      -0.37665098905563354,
      -0.1708148866891861,
      0.8906024694442749,
      0.42148494720458984,
      0.48013201355934143,
      -0.29830989241600037,
      0.8249148726463318
    ],
    [
      0.929046630859375,
      -0.31455618143081665,
      0.1947479546070099,
      0.21906542778015137,
      0.8919236660003662,
      0.3955785930156708,
      -0.2981320321559906,
      -0.3248484134674072,
      0.8975470662117004
    ]
  ],
  "root_rot": [
    0.567779541015625,
    0.021969303488731384,
    -0.8228874206542969,
    0.09180697053670883,
    -0.9950973987579346,
    0.03677844628691673,
    -0.8180451393127441,
    -0.09642884880304337,
    -0.5670129060745239
  ],
  "root_trans": [
    -0.08247444778680801,
    0.5508211255073547,
    2.630014181137085
  ]
}