{
  "betas": [
    -0.7873534560203552,
    0.6910699009895325,
    0.8558995723724365,
    0.06886577606201172,
    0.37328094244003296,
    -0.11793956905603409,
    -0.2773885726928711,
    0.48047536611557007,
    -0.48613956570625305,
    0.319165974855423
  ],
  "joints": [
    [
      0.9996544122695923,
      -0.013395535759627819,
      -0.022622734308242798,
      0.01879045180976391,
      0.9658540487289429,
      0.25840458273887634,
      0.018388791009783745,
      -0.25874030590057373,
      0.9657719731330872
    ],
    [
      0.9965620040893555,
      -0.06804453581571579,
      0.04726696014404297,
      0.05721363425254822,
      0.9778368473052979,
      0.2013990879058838,
      -0.05992348492145538,
      -0.19800235331058502,
      0.9783681035041809
    ],
    [
      0.9986579418182373,
      -0.05102919414639473,
      0.00884820893406868,
      0.051728274673223495,
      0.9911717772483826,
      -0.12207664549350739,
      -0.0025406223721802235,
      0.12237051874399185,
      0.9924812316894531
    ],
    [
      0.9842527508735657,
      0.1700347363948822,
      -0.04831860214471817,
      -0.13805104792118073,
      0.5686845183372498,
      -0.8108882308006287,
      -0.11040114611387253,
      0.8047894239425659,
      0.5832027792930603
    ],
    [
      0.9898757338523865,
      0.06671874225139618,
      0.1252783089876175,
      -0.007817155681550503,
      0.9069214463233948,
      -0.4212273061275482,
      -0.14172133803367615,
      0.4159833490848541,
      0.8982610702514648
    ],
    [
      0.9886087775230408,
      0.028902705758810043,
      -0.1477072536945343,
      0.0077948602847754955,
      0.9702391028404236,
      0.24202343821525574,
      0.15030647814273834,
      -0.24041782319545746,
      0.9589616060256958
    ],
    [
      0.9547375440597534,
      0.0025424009654670954,
      0.29743853211402893,
      0.03439885750412941,
      0.9923105239868164,
      -0.11889763176441193,
      -0.29545363783836365,
      0.12374759465456009,
      0.9473086595535278
    ],
    [
      0.9263257384300232,
      -0.25319212675094604,
      -0.2789522409439087,
      0.3347965180873871,
      0.8927739262580872,
      0.30143991112709045,
      0.1727190613746643,
      -0.3726238012313843,
      0.911767303943634
    ],
    [
      0.9975458979606628,
      0.06726930290460587,
      0.01941707544028759,
      -0.0637444481253624,
      0.9872927069664001,
      -0.1455668807029724,
      -0.028962520882487297,
      0.14397192001342773,
      0.9891578555107117
    ],
    [
      0.997844398021698,
      -0.0325041227042675,
      0.0570087768137455,
      -0.038643769919872284,
      0.4110831022262573,
      0.9107784032821655,
      -0.05303939804434776,
      -0.9110181927680969,
      0.4089408814907074
    ],
    [
      0.7727034091949463,
      0.28667354583740234,
      0.5663459897041321,
      -0.35472196340560913,
      0.9349101781845093,
      0.010736987926065922,
      -0.526404619216919,
      -0.20919185876846313,
      0.8240976929664612
    ],
    [
      0.9962510466575623,
      0.0037609541323035955,
      -0.08642715215682983,
      -0.013512282632291317,
      0.993557333946228,
      -0.11252134293317795,
      0.08544716238975525,
      0.11326733976602554,
      0.9898833632469177
    ],
    [
      0.5485702157020569,
      -0.21043655276298523,
      -0.8091892004013062,
      0.6676518321037292,
      0.6928324699401855,
      0.27244138717651367,
      0.5033008456230164,
      -0.6897098422050476,
      0.5205656290054321
    ],
    [
      0.733008623123169,
      0.22652633488178253,
      0.6413925290107727,
      -0.5107589364051819,
      0.806040346622467,
      0.2990390360355377,
      -0.44924798607826233,
      -0.546795129776001,
      0.7065348625183105
    ],
    [
      0.9884986877441406,
      -0.05493422970175743,
      -0.14089880883693695,
      0.06828538328409195,
      0.9934388399124146,
      0.09174112230539322,
      0.13493460416793823,
      -0.10030731558799744,
      0.98576420545578
    ],
    [
      0.7353017330169678,
      0.12349912524223328,
      -0.6663928627967834,
      0.16654334962368011,
      0.9201828837394714,
      0.3542976379394531,
      0.6569586992263794,
      -0.3714989423751831,
      0.6560441255569458
    ],
    [
      0.8741150498390198,
      -0.015282847918570042,
      0.48547831177711487,
      -0.19915266335010529,
      0.9003497362136841,
      0.38692185282707214,
      -0.4430135488510132,
      -0.4348984956741333,
      0.7839656472206116
    ],
    [
      0.4944385588169098,
      -0.13833074271678925,
      -0.8581346869468689,
      0.4551932215690613,
      0.8822621703147888,
      0.12005234509706497,
      0.7404928803443909,
      -0.4499755799770355,
      0.49919164180755615
    ],
    [
      0.4310159981250763,
      0.28361108899116516,
      0.8566153049468994,
      -0.5523846745491028,
      0.8335870504379272,
      0.001952020451426506,
      -0.7135097980499268,
      -0.4740225672721863,
      0.5159517526626587
    ],
    [
      0.9228110909461975,
      -0.303947776556015,
      0.23671798408031464,
      0.38290438055992126,
      0.655880331993103,
      -0.6505422592163086,
      0.04247219115495682,
      0.6909679770469666,
      0.7216365933418274
    ],
    [
      0.8080736994743347,
      0.4577770531177521,
      -0.3707520365715027,
      -0.5862396955490112,
      0.6866722106933594,
      -0.4298887252807617,
      0.057791903614997864,
      0.5647313594818115,
      0.8232488632202148
    ],
    [
      0.9028889536857605,
      0.34994378685951233,
      -0.24966154992580414,
      -0.21340644359588623,
      0.8690438866615295,
      0.44634100794792175,
      0.3731611371040344,
      -0.3497169613838196,
      0.859330415725708
    ],
    [
      0.9308857321739197,
      -0.31860455870628357,
      0.17872558534145355,
      0.24439369142055511,
      0.9067778587341309,
      0.34354865550994873,
      -0.27152055501937866,
      -0.2761251628398895,
      0.9219714999198914
    ]
  ],
  "root_rot": [
    0.7215401530265808,
    -0.04271481931209564,
    0.6910537481307983,
    -0.07183083146810532,
    -0.9973273873329163,
    0.01335375290364027,
    0.6886364817619324,
    -0.059274230152368546,
    -0.7226799726486206
  ],
  "root_trans": [
    -0.19702419638633728,
    0.4877707362174988,
    2.601161003112793
  ]
}