{
  "betas": [
    -0.5966792702674866,
    1.0169275999069214,
    0.951093316078186,
    -0.9518822431564331,
    -0.38473284244537354,
    -0.1650521457195282,
    0.3819703161716461,
    0.6812294721603394,
    -0.305065780878067,
    1.0641705989837646
  ],
  "joints": [
    [
      0.8045733571052551,
      -0.5615653395652771,
      0.19314798712730408,
      0.5893108248710632,
      0.7951602339744568,
      -0.1429440826177597,
      -0.07331115752458572,
      0.2288331836462021,
      0.970701277256012
    ],
    [
      0.7403744459152222,
      0.53019779920578,
      0.4132021963596344,
      -0.41131308674812317,
      -0.1288628876209259,
      0.9023391604423523,
      0.5316646695137024,
      -0.8380242586135864,
      0.1226705014705658
    ],
    [
      0.9756327867507935,
      -0.1958080679178238,
      -0.09899432212114334,
      0.10910382121801376,
      0.8244052529335022,
      -0.5553847551345825,
      0.19036027789115906,
      0.5310509204864502,
      0.8256801962852478
    ],
    [
      0.975753903388977,
      -0.02569304220378399,
      -0.21735745668411255,
      -0.0767134577035904,
      0.8899416923522949,
      -0.44957634806632996,
      0.20498643815517426,
      0.4553500711917877,
      0.8663930892944336
    ],
    [
      0.9864965677261353,
      -0.09744901210069656,
      -0.13163650035858154,
      0.05066411569714546,
      0.9458786249160767,
      -0.3205414116382599,
      0.15574859082698822,
      0.30954375863075256,
      0.9380431771278381
    ],
    [
      0.9826679229736328,
      -0.13886909186840057,
      -0.12279742956161499,
      0.10622479766607285,
      0.9647128582000732,
      -0.24092616140842438,
      0.15192145109176636,
      0.22370626032352448,
      0.9627436995506287
    ],
    [
      0.981791615486145,
      0.1824176013469696,
      0.053000058978796005,
      -0.18672074377536774,
      0.9780352711677551,
      0.09264060854911804,
      -0.03493664786219597,
      -0.10084998607635498,
      0.9942879676818848
    ],
    [
      0.8623631000518799,
      -0.49930548667907715,
      -0.08380890637636185,
      0.3211515545845032,
      0.6674399971961975,
      -0.6718522906303406,
      0.3913969397544861,
      0.5524652600288391,
      0.7359283566474915
    ],
    [
      0.9916534423828125,
      -0.12532301247119904,
      -0.030291883274912834,
      0.12735266983509064,
      0.9887495040893555,
      0.078457772731781,
      0.02011852152645588,
      -0.0816606730222702,
      0.996457040309906
    ],
    [
      0.9658886194229126,
      -0.1395711749792099,
      0.2181260734796524,
      -0.0491877906024456,
      0.7281052470207214,
      0.6836981773376465,
      -0.25424328446388245,
      -0.6711055040359497,
      0.6964033842086792
    ],
    [
      0.8936851620674133,
      0.4415799379348755,
      0.07958656549453735,
      -0.43398162722587585,
      0.8957240581512451,
      -0.09663482010364532,
      -0.11395960301160812,
      0.0518219955265522,
      0.9921329021453857
    ],
    [
      0.993746280670166,
      0.004955752287060022,
      -0.11155206710100174,
      -0.03490901365876198,
      0.9627270698547363,
      -0.2682126462459564,
      0.10606499016284943,
      0.27042946219444275,
      0.9568794369697571
    ],
    [
      0.8259612321853638,
      0.16209270060062408,
      -0.539920449256897,
      -0.000877499405760318,
      0.9581378698348999,
      0.28630584478378296,
      0.5637263059616089,
      -0.23600372672080994,
      0.7915269732475281
    ],
    [
      0.8528990149497986,
      -0.10350025445222855,
      0.5117136836051941,
      0.013706168159842491,
      0.9842531681060791,
      0.17623227834701538,
      -0.5218959450721741,
      -0.14329470694065094,
      0.8408871293067932
    ],
    [
      0.9943615198135376,
      -0.10447462648153305,
      0.01817610301077366,
      0.09690120816230774,
      0.9648079872131348,
      0.2444496899843216,
      -0.04307524114847183,
      -0.24131004512310028,
      0.9694916605949402
    ],
    [
      0.515997052192688,
      0.521264910697937,
      -0.6797278523445129,
      -0.5824609398841858,
      0.7953553795814514,
      0.16777700185775757,
      0.6280814409255981,
      0.30934247374534607,
      0.7140175104141235
    ],
    [
      0.9151968955993652,
      -0.20486974716186523,
      0.3470489978790283,
      0.1812099814414978,
      0.9783785939216614,
      0.09969020634889603,
      -0.3599688708782196,
      -0.028347427025437355,
      0.9325335025787354
    ],
    [
      -0.409445583820343,
      -0.35704663395881653,
      -0.8395665884017944,
      0.10963083803653717,
      0.894316554069519,
      -0.4337959885597229,
      0.9057237505912781,
      -0.26965823769569397,
      -0.32703062891960144
    ],
    [
      -0.5746750235557556,
      0.25620996952056885,
      0.7772418856620789,
      -0.0866042748093605,
      0.9253584742546082,
      -0.36906829476356506,
      -0.8137863278388977,
      -0.2794068157672882,
      -0.5095915198326111
    ],
    [
      0.8590902090072632,
      -0.45789635181427,
      0.22868090867996216,
      0.5118115544319153,
      0.7654138803482056,
      -0.3901160955429077,
      0.0035972122568637133,
      0.4521864652633667,
      0.8919162154197693
    ],
    [
      0.8688204884529114,
      0.44411689043045044,
      -0.21888628602027893,
      -0.4891066551208496,
      0.7011029124259949,
      -0.5188732147216797,
      -0.07697853446006775,
      0.5578663945198059,
      0.826353132724762
    ],
    [
      0.9475473761558533,
      0.15513236820697784,
      -0.2794421911239624,
      -0.1254275143146515,
      0.9846562743186951,
      0.1213257908821106,
      0.2939760684967041,
      -0.07991219311952591,
      0.9524663090705872
    ],
    [
      0.8982446193695068,
      -0.153053879737854,
      0.4119843542575836,
      0.2022579163312912,
      0.9761954545974731,
      -0.07831993699073792,
      -0.39019015431404114,
      0.1536775678396225,
      0.9078186750411987
    ]
  ],
  "root_rot": [
    0.5579349398612976,
    0.6967334747314453,
    -0.4508560299873352,
    0.5432992577552795,
    -0.7173283696174622,
    -0.43619489669799805,
    -0.6273233890533447,
    -0.0015814075013622642,
    -0.7787573337554932
  ],
  "root_trans": [
    -0.37778791785240173,
    0.4281500577926636,
    2.4539434909820557
  ]
}