{
  "betas": [
    -0.9827246069908142,
    0.8395988941192627,
    1.5899983644485474,
    0.4700183868408203,
    0.21593284606933594,
    -0.1389068067073822,
    -0.2941986322402954,
    0.6177588701248169,
    0.3016018271446228,
    0.8112388849258423
  ],
  "joints": [
    [
      0.9828165173530579,
      -0.18031330406665802,
      0.039483606815338135,
      0.1836564540863037,
      0.9766714572906494,
      -0.11127970367670059,
      -0.018497303128242493,
      0.11661893874406815,
      0.993004560470581
    ],
    [
      0.9740246534347534,
      0.22239379584789276,
      -0.04262487590312958,
      -0.17391261458396912,
      0.8552524447441101,
      0.48815733194351196,
      0.14501819014549255,
      -0.4680643081665039,
      0.8717140555381775
    ],
    [
      0.9966444373130798,
      -0.07761075347661972,
      0.026004580780863762,
      0.0806957334280014,
      0.9848653674125671,
      -0.1533898413181305,
      -0.013706310652196407,
      0.15497362613677979,
      0.9878234267234802
    ],
    [
      0.9926871061325073,
      0.03903321549296379,
      -0.11423072963953018,
      -0.0472521036863327,
      0.9964167475700378,
      -0.0701495110988617,
      0.1110832467675209,
      0.07503417134284973,
      0.990974485874176
    ],
    [
      0.9944887757301331,
      -0.08471885323524475,
      -0.06176341325044632,
      0.04630904644727707,
      0.8834747672080994,
      -0.46618422865867615,
      0.09406100958585739,
      0.4607548117637634,
      0.8825289607048035
    ],
    [
      0.9988709092140198,
      -0.00032663485035300255,
      -0.04750713333487511,
      -0.00379722798243165,
      0.9962282776832581,
      -0.08668850362300873,
      0.0473562590777874,
      0.08677101135253906,
      0.9951022267341614
    ],
    [
      0.99494868516922,
      0.03801511973142624,
      0.0929083526134491,
      -0.058064620941877365,
      0.9729220271110535,
      0.22372131049633026,
      -0.08188778907060623,
      -0.2279859036207199,
      0.97021484375
    ],
    [
      0.8742163777351379,
      -0.2973262071609497,
      -0.38385266065597534,
      0.3381454050540924,
      0.9401613473892212,
      0.04188496991991997,
      0.34842991828918457,
      -0.1664145439863205,
      0.9224439263343811
    ],
    [
      0.9956406950950623,
      0.0069875395856797695,
      0.0930088683962822,
      -0.008485297672450542,
      0.999840497970581,
      0.015717659145593643,
      -0.09288419783115387,
      -0.016438350081443787,
      0.9955411553382874
    ],
    [
      0.9253856539726257,
      -0.3639436662197113,
      0.10586001724004745,
      0.210169717669487,
      0.7251297235488892,
      0.6557556986808777,
      -0.31542038917541504,
      -0.5845783948898315,
      0.7475146055221558
    ],
    [
      0.8208073377609253,
      0.29608863592147827,
      0.4884740710258484,
      -0.4335858225822449,
      0.8796811699867249,
      0.19535689055919647,
      -0.37185850739479065,
      -0.37214577198028564,
      0.850428581237793
    ],
    [
      0.8839824199676514,
      -0.0345149040222168,
      -0.46624431014060974,
      0.04958343133330345,
      0.9985679984092712,
      0.020086903125047684,
      0.46488332748413086,
      -0.04087446257472038,
      0.8844279050827026
    ],
    [
      0.9452150464057922,
      0.31414708495140076,
      0.08877050876617432,
      -0.31361013650894165,
      0.9493348598480225,
      -0.020297357812523842,
      -0.09064929932355881,
      -0.00865396112203598,
      0.9958453178405762
    ],
    [
      0.9270003437995911,
      -0.250146746635437,
      0.2794584035873413,
      0.2269154042005539,
      0.967319130897522,
      0.1131512001156807,
      -0.29862985014915466,
      -0.04147778078913689,
      0.9534673094749451
    ],
    [
      0.9950154423713684,
      0.017279895022511482,
      -0.0982130691409111,
      -0.011988467536866665,
      0.9984573721885681,
      0.054214201867580414,
      0.09899837523698807,
      -0.05276653543114662,
      0.9936876893043518
    ],
    [
      0.6252591609954834,
      0.7539507150650024,
      -0.2015175223350525,
      -0.7406901121139526,
      0.49196940660476685,
      -0.4575415253639221,
      -0.24582329392433167,
      0.4353440999984741,
      0.8660522103309631
    ],
    [
      0.8463627099990845,
      -0.4095742106437683,
      0.34046900272369385,
      0.3496359884738922,
      0.9094836115837097,
      0.2249315083026886,
      -0.40177714824676514,
      -0.07133342325687408,
      0.9129549264907837
    ],
    [
      -0.26067936420440674,
      -0.2545710504055023,
      -0.9312570095062256,
      0.016331451013684273,
      0.9633071422576904,
      -0.2679038643836975,
      0.9652872681617737,
      -0.08504579961299896,
      -0.24695678055286407
    ],
    [
      0.4498109519481659,
      0.17778249084949493,
      0.8752505779266357,
      -0.5504807829856873,
      0.8268972039222717,
      0.11494361609220505,
      -0.7033072113990784,
      -0.5335115194320679,
      0.4698132574558258
    ],
    [
      0.9423056840896606,
      -0.33460918068885803,
      0.009836099110543728,
      0.30720648169517517,
      0.8527163863182068,
      -0.4224913418292999,
      0.132982075214386,
      0.40113767981529236,
      0.9063135981559753
    ],
    [
      0.920543909072876,
      0.3401295840740204,
      -0.1921217441558838,
      -0.38884416222572327,
      0.7507419586181641,
      -0.5340287685394287,
      -0.03740512207150459,
      0.5663022994995117,
      0.823348343372345
    ],
    [
      0.8132026195526123,
      0.24375995993614197,
      -0.5284718871116638,
      -0.19131842255592346,
      0.9695588946342468,
      0.1528160721063614,
      0.549635112285614,
      -0.023164011538028717,
      0.8350836038589478
    ],
    [
      0.9513075351715088,
      -0.23055848479270935,
      0.2045891135931015,
      0.1345537304878235,
      0.9077579975128174,
      0.3973293900489807,
      -0.2773250639438629,
      -0.3504542112350464,
      0.8945795297622681
    ]
  ],
  "root_rot": [
    0.822868824005127,
    -0.05369439348578453,
    -0.5656888484954834,
    -0.01613762229681015,
    -0.9973321557044983,
    0.07119108736515045,
    -0.5680022239685059,
    -0.049452051520347595,
    -0.8215400576591492
  ],
  "root_trans": [
    -0.6653807163238525,
    0.5414133071899414,
    2.4207210540771484
  ]
}