{
  "betas": [
    -0.4944300651550293,
    0.9527418613433838,
    0.39720192551612854,
    -0.09011811017990112,
    0.39087846875190735,
    0.5061730742454529,
    -0.46098923683166504,
    0.2457009106874466,
    -0.11482107639312744,
    0.26948827505111694
  ],
  "joints": [
    [
      0.9733849763870239,
      -0.19086599349975586,
      0.12685294449329376,
      0.2116803079843521,
      0.9609000086784363,
      -0.17850051820278168,
      -0.08782333880662918,
      0.20060203969478607,
      0.9757282137870789
    ],
    [
      0.9900297522544861,
      0.12187103927135468,
      0.07062888890504837,
      -0.14060547947883606,
      0.8850558996200562,
      0.44374099373817444,
      -0.008431343361735344,
      -0.4492476284503937,
      0.8933674097061157
    ],
    [
      0.9921128749847412,
      -0.08844713866710663,
      -0.08882172405719757,
      0.07185623049736023,
      0.9819142818450928,
      -0.17516018450260162,
      0.10270772874355316,
      0.16739624738693237,
      0.9805252552032471
    ],
    [
      0.9851747751235962,
      0.027151085436344147,
      -0.1693916916847229,
      -0.06777667254209518,
      0.9686704874038696,
      -0.23892199993133545,
      0.15759775042533875,
      0.24686071276664734,
      0.9561499357223511
    ],
    [
      0.9942935705184937,
      0.034170977771282196,
      0.10105729848146439,
      0.023671921342611313,
      0.8530197739601135,
      -0.5213415026664734,
      -0.10401862114667892,
      0.5207587480545044,
      0.8473432064056396
    ],
    [
      0.9904353022575378,
      0.034467168152332306,
      -0.13360385596752167,
      0.007753561716526747,
      0.9528638124465942,
      0.3032991290092468,
      0.13776016235351562,
      -0.30143406987190247,
      0.9434826970100403
    ],
    [
      0.9731667637825012,
      -0.045786548405885696,
      0.22549967467784882,
      0.01841510273516178,
      0.9923567175865173,
      0.12202076613903046,
      -0.22936302423477173,
      -0.11459395289421082,
      0.9665717482566833
    ],
    [
      0.8697206974029541,
      -0.42000508308410645,
      -0.25919416546821594,
      0.4457687735557556,
      0.8938992023468018,
      0.04727013036608696,
      0.2118397355079651,
      -0.15665246546268463,
      0.964667797088623
    ],
    [
      0.9976314902305603,
      0.03805455192923546,
      -0.057299766689538956,
      -0.04347866401076317,
      0.9943730235099792,
      -0.09660185128450394,
      0.05330120027065277,
      0.0988643690943718,
      0.9936724305152893
    ],
    [
      0.9853113889694214,
      -0.08591809868812561,
      0.1475786715745926,
      -0.06856461614370346,
      0.5924468636512756,
      0.8026863932609558,
      -0.15639781951904297,
      -0.80101478099823,
      0.5778536796569824
    ],
    [
      0.8498656749725342,
      0.22127220034599304,
      0.4782956838607788,
      -0.27570298314094543,
      0.960156261920929,
      0.045692771673202515,
      -0.44912806153297424,
      -0.1707002967596054,
      0.8770092725753784
    ],
    [
      0.9976876974105835,
      0.055993180721998215,
      0.038522470742464066,
      -0.053551118820905685,
      0.9966543316841125,
      -0.06174458563327789,
      -0.04185086488723755,
      0.05953889340162277,
      0.9973482489585876
    ],
    [
      0.5199587941169739,
      -0.26660698652267456,
      -0.8115193843841553,
      0.7210527658462524,
      0.6463404297828674,
      0.24965380132198334,
      0.45795828104019165,
      -0.7149579524993896,
      0.528308093547821
    ],
    [
      0.6290808916091919,
      0.34442564845085144,
      0.6968702673912048,
      -0.6400668621063232,
      0.7382216453552246,
      0.2129397988319397,
      -0.4411027133464813,
      -0.5799999237060547,
      0.6848565936088562
    ],
    [
      0.9957252144813538,
      -0.08558498322963715,
      0.03473321348428726,
      0.07150927931070328,
      0.9523262977600098,
      0.29658204317092896,
      -0.058460332453250885,
      -0.2928304970264435,
      0.9543754458427429
    ],
    [
      0.8288562297821045,
      0.16818001866340637,
      -0.5335848927497864,
      0.11938011646270752,
      0.8786134123802185,
      0.46237099170684814,
      0.5465763807296753,
      -0.44693848490715027,
      0.7081668376922607
    ],
    [
      0.8404550552368164,
      0.11949698626995087,
      0.5285412669181824,
      -0.36684298515319824,
      0.8433530926704407,
      0.3926598131656647,
      -0.3988253176212311,
      -0.52390456199646,
      0.7526370286941528
    ],
    [
      0.43280717730522156,
      -0.12804755568504333,
      -0.8923462629318237,
      0.6671870350837708,
      0.7111803889274597,
      0.22154897451400757,
      0.6062503457069397,
      -0.6912497878074646,
      0.3932356536388397
    ],
    [
      0.5812870264053345,
      0.15132777392864227,
      0.7995030879974365,
      -0.5020766258239746,
      0.8399149179458618,
      0.20606321096420288,
      -0.6403314471244812,
      -0.5211936831474304,
      0.5642097592353821
    ],
    [
      0.9012744426727295,
      -0.3113864064216614,
      0.3012355864048004,
      0.4288976788520813,
      0.7395538091659546,
      -0.5187550783157349,
      -0.06124667823314667,
      0.5967399477958679,
      0.8000938296318054
    ],
    [
      0.9158465266227722,
      0.31852254271507263,
      -0.24447599053382874,
      -0.397713303565979,
      0.6358813047409058,
      -0.6614219546318054,
      -0.0552201047539711,
      0.7029923796653748,
      0.7090503573417664
    ],
    [
      0.9476657509803772,
      0.19056527316570282,
      -0.2561531662940979,
      -0.1507159173488617,
      0.9743247628211975,
      0.16725993156433105,
      0.2814503312110901,
      -0.11990015208721161,
      0.9520554542541504
    ],
    [
      0.9863877892494202,
      -0.06975527107715607,
      0.14890724420547485,
      0.056079406291246414,
      0.9939776062965393,
      0.09414675086736679,
      -0.15457768738269806,
      -0.0845145732164383,
      0.9843592047691345
    ]
  ],
  "root_rot": [
    0.7703810930252075,
    -0.04749977961182594,
    -0.6358118057250977,
    0.03934193775057793,
    -0.9917793273925781,
    0.12176177650690079,
    -0.6363686919212341,
    -0.1188170462846756,
    -0.7621793150901794
  ],
  "root_trans": [
    0.016726501286029816,
    0.5047954320907593,
    2.670710325241089
  ]
}