{
  "betas": [
    -0.26941826939582825,
    0.8564732074737549,
    0.9299596548080444,
    0.7798945903778076,
    0.2948489189147949,
    -0.28816455602645874,
    -0.40390288829803467,
    0.4861098527908325,
    0.3346777558326721,
    0.482089638710022
  ],
  "joints": [
    [
      0.991287112236023,
      -0.10299796611070633,
      -0.08210484683513641,
      0.12162458896636963,
      0.9550501704216003,
      0.2703455984592438,
      0.05056919530034065,
      -0.2779760956764221,
      0.9592559933662415
    ],
    [
      0.9951461553573608,
      0.02462340146303177,
      -0.09527720510959625,
      -0.030178934335708618,
      0.9978999495506287,
      -0.05731461942195892,
      0.09366583079099655,
      0.05991179496049881,
      0.9937993884086609
    ],
    [
      0.9955313801765442,
      -0.007017362397164106,
      0.094170480966568,
      0.016144385561347008,
      0.9952008724212646,
      -0.09651173651218414,
      -0.0930413007736206,
      0.0976007804274559,
      0.990867018699646
    ],
    [
      0.9974443912506104,
      0.03134175390005112,
      0.06420577317476273,
      -0.019526511430740356,
      0.9840176701545715,
      -0.1769971251487732,
      -0.06872701644897461,
      0.17529107630252838,
      0.9821149110794067
    ],
    [
      0.9996213912963867,
      0.008787812665104866,
      0.02607429027557373,
      -0.005126224365085363,
      0.9905152320861816,
      -0.13730694353580475,
      -0.02703361213207245,
      0.1371212899684906,
      0.9901852607727051
    ],
    [
      0.9898033142089844,
      -0.023553799837827682,
      -0.1404804140329361,
      0.015379124321043491,
      0.9981398582458496,
      -0.05899520590901375,
      0.14160864055156708,
      0.056233178824186325,
      0.9883244037628174
    ],
    [
      0.9935154318809509,
      0.04555116593837738,
      0.10417329519987106,
      -0.0386151522397995,
      0.9969611763954163,
      -0.0676562637090683,
      -0.10693854093551636,
      0.0631948783993721,
      0.9922552704811096
    ],
    [
      0.9764036536216736,
      -0.05854972451925278,
      -0.20786523818969727,
      0.10366067290306091,
      0.9714745879173279,
      0.21328788995742798,
      0.189447820186615,
      -0.22980250418186188,
      0.9546206593513489
    ],
    [
      0.9991424679756165,
      0.013793614692986012,
      0.039039287716150284,
      -0.01274501346051693,
      0.9995546340942383,
      -0.026982761919498444,
      -0.03939409181475639,
      0.026462066918611526,
      0.9988732933998108
    ],
    [
      0.969518780708313,
      -0.22307126224040985,
      0.10135363787412643,
      0.13742947578430176,
      0.8375560641288757,
      0.5287845134735107,
      -0.2028459757566452,
      -0.49873751401901245,
      0.8426828980445862
    ],
    [
      0.899634063243866,
      0.21201860904693604,
      0.3817153871059418,
      -0.24285049736499786,
      0.9694721102714539,
      0.03387455642223358,
      -0.3628803789615631,
      -0.12317446619272232,
      0.9236589670181274
    ],
    [
      0.9910408854484558,
      0.12904438376426697,
      0.03443048149347305,
      -0.12741263210773468,
      0.9907825589179993,
      -0.04599978029727936,
      -0.04004913195967674,
      0.04120079055428505,
      0.9983479380607605
    ],
    [
      0.9375501871109009,
      0.3135504424571991,
      -0.15061785280704498,
      -0.28822043538093567,
      0.9426574110984802,
      0.16830354928970337,
      0.19475266337394714,
      -0.11438188701868057,
      0.9741602540016174
    ],
    [
      0.9211414456367493,
      -0.36602747440338135,
      0.13237245380878448,
      0.3688918650150299,
      0.9294672012329102,
      0.003089489648118615,
      -0.12416668236255646,
      0.04598525911569595,
      0.9911953210830688
    ],
    [
      0.9718908667564392,
      -0.14818625152111053,
      0.182945117354393,
      0.16616342961788177,
      0.9822423458099365,
      -0.0871184766292572,
      -0.16678668558597565,
      0.11506844311952591,
      0.9792554974555969
    ],
    [
      0.6140739321708679,
      0.6561715006828308,
      -0.4385797083377838,
      -0.6980295777320862,
      0.7108616828918457,
      0.08619977533817291,
      0.3683313727378845,
      0.25320854783058167,
      0.894548773765564
    ],
    [
      0.5852149724960327,
      -0.6870380640029907,
      0.43069955706596375,
      0.7792452573776245,
      0.623404860496521,
      -0.06436765193939209,
      -0.22427718341350555,
      0.3732895255088806,
      0.9001969695091248
    ],
    [
      -0.028940565884113312,
      -0.2533082067966461,
      -0.9669526815414429,
      0.49139073491096497,
      0.8387921452522278,
      -0.23444174230098724,
      0.8704583048820496,
      -0.4819364547729492,
      0.1001981869339943
    ],
    [
      -0.20824086666107178,
      0.3374837338924408,
      0.9180089235305786,
      0.11384347081184387,
      0.9405688047409058,
      -0.3199530839920044,
      -0.9714295268058777,
      0.03788201883435249,
      -0.2342851758003235
    ],
    [
      0.9540431499481201,
      -0.20118862390518188,
      0.22209207713603973,
      0.2792726159095764,
      0.865667462348938,
      -0.4154837727546692,
      -0.10866724699735641,
      0.45841363072395325,
      0.8820706009864807
    ],
    [
      0.9938315749168396,
      0.10877785086631775,
      -0.021591579541563988,
      -0.11052033305168152,
      0.9875733256340027,
      -0.11173319816589355,
      0.009169168770313263,
      0.11343028396368027,
      0.9935036897659302
    ],
    [
      0.9442939758300781,
      0.19986340403556824,
      -0.26146432757377625,
      -0.0887574702501297,
      0.9196975231170654,
      0.38246405124664307,
      0.3169086277484894,
      -0.33795157074928284,
      0.886204183101654
    ],
    [
      0.8461586236953735,
      -0.5292248725891113,
      0.06274204701185226,
      0.18213480710983276,
      0.39781367778778076,
      0.8992058634757996,
      -0.5008419156074524,
      -0.7494432926177979,
      0.4330037534236908
    ]
  ],
  "root_rot": [
    0.21176894009113312,
    -0.10545409470796585,
    0.971613883972168,
    -0.11265216767787933,
    -0.9901690483093262,
    -0.08291478455066681,
    0.9708055853843689,
    -0.09189563244581223,
    -0.22156667709350586
  ],
  "root_trans": [
    -0.015703827142715454,
    0.5353059768676758,
    2.6127068996429443
  ]
}