{
  "betas": [
    -0.7715330123901367,
    0.94939124584198,
    1.1950193643569946,
    0.2563980221748352,
    0.21225041151046753,
    -0.39648354053497314,
    -0.36625611782073975,
    0.4316553771495819,
    -0.03305557370185852,
    0.46602123975753784
  ],
  "joints": [
    [
      0.9352596998214722,
      -0.3435210883617401,
      -0.08533813059329987,
      0.35396066308021545,
      0.908410370349884,
      0.22249142825603485,
      0.0010915405582636595,
      -0.2382936030626297,
      0.9711925387382507
    ],
    [
      0.9697737693786621,
      0.240931898355484,
      -0.03860783204436302,
      -0.24088099598884583,
      0.970535933971405,
      0.006034007761627436,
      0.038924068212509155,
      0.003448270261287689,
      0.9992362260818481
    ],
    [
      0.9971210360527039,
      -0.016593145206570625,
      0.07398851960897446,
      0.021317122504115105,
      0.9977527260780334,
      -0.06352191418409348,
      -0.07276822626590729,
      0.06491626054048538,
      0.995233952999115
    ],
    [
      0.9974854588508606,
      -0.006633448880165815,
      -0.07056048512458801,
      0.003569813445210457,
      0.9990489482879639,
      -0.043456658720970154,
      0.0707816407084465,
      0.04309549555182457,
      0.9965604543685913
    ],
    [
      0.9822143912315369,
      0.01734704151749611,
      0.18695960938930511,
      0.00592050002887845,
      0.9923665523529053,
      -0.12318073958158493,
      -0.1876693069934845,
      0.12209679931402206,
      0.9746140241622925
    ],
    [
      0.9869034290313721,
      -0.07044846564531326,
      -0.14511679112911224,
      0.07373160868883133,
      0.9971269369125366,
      0.01736484095454216,
      0.14347653090953827,
      -0.027837112545967102,
      0.9892622828483582
    ],
    [
      0.9855031371116638,
      0.15435202419757843,
      -0.07042047381401062,
      -0.16868805885314941,
      0.9357804656028748,
      -0.30961132049560547,
      0.018108965829014778,
      0.3170020282268524,
      0.9482519030570984
    ],
    [
      0.9340149164199829,
      -0.3446299731731415,
      -0.09405593574047089,
      0.3566300868988037,
      0.9148422479629517,
      0.18941660225391388,
      0.02076772227883339,
      -0.2104610651731491,
      0.977381706237793
    ],
    [
      0.9997250437736511,
      -3.416859544813633e-05,
      0.023447798565030098,
      0.001254658098332584,
      0.9986442923545837,
      -0.05203862488269806,
      -0.023414231836795807,
      0.05205373838543892,
      0.9983697533607483
    ],
    [
      0.9731841683387756,
      -0.06059000641107559,
      0.2219042032957077,
      -0.0976904109120369,
      0.7645023465156555,
      0.6371756792068481,
      -0.20825272798538208,
      -0.6417672038078308,
      0.7380825281143188
    ],
    [
      0.926741898059845,
      0.24857839941978455,
      0.2817058265209198,
      -0.24947583675384521,
      0.9678088426589966,
      -0.033285148441791534,
      -0.28091132640838623,
      -0.03943205624818802,
      0.9589232802391052
    ],
    [
      0.8712936043739319,
      0.3378539979457855,
      0.3559524416923523,
      -0.3082851767539978,
      0.9411332011222839,
      -0.13866670429706573,
      -0.3818477988243103,
      0.011084545403718948,
      0.9241586923599243
    ],
    [
      0.760219156742096,
      -0.0332937054336071,
      -0.648813009262085,
      0.299752414226532,
      0.9040049910545349,
      0.30483338236808777,
      0.576381266117096,
      -0.4262234568595886,
      0.6972217559814453
    ],
    [
      0.9438391327857971,
      -0.21642445027828217,
      0.24965597689151764,
      0.23264779150485992,
      0.9718552231788635,
      -0.037046484649181366,
      -0.23461169004440308,
      0.0930478423833847,
      0.9676256775856018
    ],
    [
      0.8896191120147705,
      -0.15103742480278015,
      0.4310053288936615,
      0.1864565908908844,
      0.9816127419471741,
      -0.04086973890662193,
      -0.4169074594974518,
      0.11672227829694748,
      0.9014233946800232
    ],
    [
      0.3217719495296478,
      0.6400381922721863,
      -0.6977205276489258,
      -0.6174190044403076,
      0.7005182504653931,
      0.3578657805919647,
      0.7178137302398682,
      0.3156347870826721,
      0.6205788254737854
    ],
    [
      0.6111348867416382,
      -0.737235963344574,
      0.28809237480163574,
      0.7911649942398071,
      0.5799555778503418,
      -0.19418926537036896,
      -0.023917457088828087,
      0.34660446643829346,
      0.9377063512802124
    ],
    [
      -0.1228257343173027,
      -0.3107271194458008,
      -0.9425299167633057,
      -0.2270839512348175,
      0.933323860168457,
      -0.27809974551200867,
      0.9660987854003906,
      0.17987561225891113,
      -0.18519732356071472
    ],
    [
      -0.12408694624900818,
      0.4118683636188507,
      0.9027551412582397,
      0.14769820868968964,
      0.9073180556297302,
      -0.3936484754085541,
      -0.9812174439430237,
      0.08448866754770279,
      -0.1734185516834259
    ],
    [
      0.9735278487205505,
      -0.11928927153348923,
      0.19497069716453552,
      0.18694549798965454,
      0.9063489437103271,
      -0.3789234161376953,
      -0.13150998950004578,
      0.40534141659736633,
      0.9046565294265747
    ],
    [
      0.9889562726020813,
      0.14280261099338531,
      0.03965972736477852,
      -0.12978610396385193,
      0.9636586308479309,
      -0.23349009454250336,
      -0.07156142592430115,
      0.2257642149925232,
      0.9715500473976135
    ],
    [
      0.8571640849113464,
      0.4380865693092346,
      -0.2708316147327423,
      -0.27187666296958923,
      0.8314757347106934,
      0.48449063301086426,
      0.4374387562274933,
      -0.3416552245616913,
      0.8318166732788086
    ],
    [
      0.7836120128631592,
      -0.5966957807540894,
      0.17293445765972137,
      0.35524308681488037,
      0.6587392091751099,
      0.663223147392273,
      -0.5096611976623535,
      -0.4582758843898773,
      0.7281680107116699
    ]
  ],
  "root_rot": [
    0.8602631688117981,
    -0.09617939591407776,
    0.5006963610649109,
    -0.11455787718296051,
    -0.9933984279632568,
    0.006002559792250395,
    0.49681365489959717,
    -0.06252249330282211,
    -0.8656021952629089
  ],
  "root_trans": [
    0.11419481039047241,
    0.5360507965087891,
    2.555849313735962
  ]
}