{
  "betas": [
    -0.5868722200393677,
    1.3619132041931152,
    1.3055771589279175,
    -0.3260783851146698,
    0.287105917930603,
    -0.3697606325149536,
    0.043000221252441406,
    1.0087237358093262,
    -0.050191909074783325,
    1.213592767715454
  ],
  "joints": [
    [
      0.9110446572303772,
      -0.41230642795562744,
      0.0010128900175914168,
      0.4071521461009979,
      0.8992628455162048,
      -0.1598542183637619,
      0.0649980679154396,
      0.1460467278957367,
      0.9871400594711304
    ],
    [
      0.9685330390930176,
      0.23926304280757904,
      0.06853470951318741,
      -0.0216707494109869,
      -0.1932499259710312,
      0.9809102416038513,
      0.24793986976146698,
      -0.9515291452407837,
      -0.18198393285274506
    ],
    [
      0.9816582798957825,
      -0.15926535427570343,
      -0.1047932580113411,
      0.08525817841291428,
      0.8583711981773376,
      -0.5058953166007996,
      0.17052310705184937,
      0.4876818358898163,
      0.8562058806419373
    ],
    [
      0.9686021208763123,
      -0.08384261280298233,
      -0.23405185341835022,
      -0.11786395311355591,
      0.6740444898605347,
      -0.7292270660400391,
      0.21890166401863098,
      0.733917236328125,
      0.6429988741874695
    ],
    [
      0.8941365480422974,
      -0.39475059509277344,
      0.2114044725894928,
      0.06408430635929108,
      -0.35443902015686035,
      -0.9328806400299072,
      0.44318515062332153,
      0.847670316696167,
      -0.29161956906318665
    ],
    [
      0.9906972050666809,
      -0.08739599585533142,
      -0.10431160032749176,
      0.060051329433918,
      0.9686148166656494,
      -0.2412038892507553,
      0.12211800366640091,
      0.23269598186016083,
      0.9648522138595581
    ],
    [
      0.9842349886894226,
      0.16454385221004486,
      -0.06486016511917114,
      -0.14442293345928192,
      0.9593910574913025,
      0.24230298399925232,
      0.10209573805332184,
      -0.22911576926708221,
      0.9680301547050476
    ],
    [
      0.9551816582679749,
      -0.294246643781662,
      0.03235628828406334,
      0.28126955032348633,
      0.8680728673934937,
      -0.40906834602355957,
      0.09227938950061798,
      0.39983540773391724,
      0.9119299054145813
    ],
    [
      0.999272882938385,
      -0.03811473399400711,
      0.001008476479910314,
      0.03771655261516571,
      0.9920176863670349,
      0.12032599002122879,
      -0.00558661762624979,
      -0.12020046263933182,
      0.9927339553833008
    ],
    [
      0.9361575841903687,
      -0.3061898350715637,
      0.1727905571460724,
      0.1500363051891327,
      0.7923951148986816,
      0.5912689566612244,
      -0.3179589509963989,
      -0.5275961756706238,
      0.7877463102340698
    ],
    [
      0.8583482503890991,
      0.34619197249412537,
      0.3786679804325104,
      -0.4347909390926361,
      0.8826379179954529,
      0.17862568795681,
      -0.27238795161247253,
      -0.31796443462371826,
      0.9081318378448486
    ],
    [
      0.9522535800933838,
      -0.1366814225912094,
      -0.2730044722557068,
      0.10533270239830017,
      0.9863678216934204,
      -0.12642556428909302,
      0.28656288981437683,
      0.0916328877210617,
      0.9536693096160889
    ],
    [
      0.9088771939277649,
      0.3740028142929077,
      -0.18456465005874634,
      -0.36185595393180847,
      0.9271830916404724,
      0.09691155701875687,
      0.20737041532993317,
      -0.021294888108968735,
      0.9780307412147522
    ],
    [
      0.884222149848938,
      -0.17080044746398926,
      0.43471652269363403,
      0.11524690687656403,
      0.9817445874214172,
      0.1513136625289917,
      -0.45262497663497925,
      -0.08369515836238861,
      0.8877645134925842
    ],
    [
      0.991706907749176,
      -0.03575347363948822,
      0.12344687432050705,
      0.02083389088511467,
      0.9925433397293091,
      0.1200983077287674,
      -0.12682031095027924,
      -0.11653044074773788,
      0.98505699634552
    ],
    [
      0.7212839126586914,
      0.5766392946243286,
      -0.38371431827545166,
      -0.6804285645484924,
      0.6934654712677002,
      -0.236902117729187,
      0.12948556244373322,
      0.43196386098861694,
      0.8925473093986511
    ],
    [
      0.8138507604598999,
      -0.2967131733894348,
      0.4996081292629242,
      0.2983982264995575,
      0.9511817693710327,
      0.07881487160921097,
      -0.4986035227775574,
      0.08493861556053162,
      0.862658679485321
    ],
    [
      -0.5151872634887695,
      -0.3601158559322357,
      -0.7777522802352905,
      -0.09514746069908142,
      0.9258682727813721,
      -0.36567047238349915,
      0.8517798781394958,
      -0.1143876239657402,
      -0.5112596750259399
    ],
    [
      -0.5993080735206604,
      0.24183912575244904,
      0.7631145119667053,
      -0.001166891772300005,
      0.9530103206634521,
      -0.30293557047843933,
      -0.8005176782608032,
      -0.18244220316410065,
      -0.5708645582199097
    ],
    [
      0.9342316389083862,
      -0.3139941990375519,
      0.1691710501909256,
      0.35403063893318176,
      0.873940110206604,
      -0.33300313353538513,
      -0.043284282088279724,
      0.37099382281303406,
      0.9276260733604431
    ],
    [
      0.9885757565498352,
      0.14276231825351715,
      -0.048341356217861176,
      -0.14330698549747467,
      0.7908926606178284,
      -0.5949385166168213,
      -0.04670198634266853,
      0.5950694680213928,
      0.8023161292076111
    ],
    [
      0.9444174766540527,
      0.08076917380094528,
      -0.31867220997810364,
      -0.07029597461223602,
      0.9965443015098572,
      0.04425016790628433,
      0.3211449682712555,
      -0.019389256834983826,
      0.9468315839767456
    ],
    [
      0.9481780529022217,
      -0.21545478701591492,
      0.23353324830532074,
      0.17075707018375397,
      0.9653525352478027,
      0.1973237544298172,
      -0.2679561972618103,
      -0.14722056686878204,
      0.9521164894104004
    ]
  ],
  "root_rot": [
    0.5190922021865845,
    0.6144903302192688,
    -0.5940917134284973,
    0.46806061267852783,
    -0.7859560251235962,
    -0.403970867395401,
    -0.7151660919189453,
    -0.06837281584739685,
    -0.6956023573875427
  ],
  "root_trans": [
    -0.4806293249130249,
    0.5645605325698853,
    2.482530117034912
  ]
}