{
  "betas": [
    -0.47341102361679077,
    1.0703247785568237,
    0.5691484212875366,
    -0.14549300074577332,
    0.34707051515579224,
    0.31556805968284607,
    -0.5371952056884766,
    0.31195610761642456,
    -0.08417496085166931,
    0.33296287059783936
  ],
  "joints": [
    [
      0.9532598853111267,
      -0.26965072751045227,
      0.1363232582807541,
      0.2887658476829529,
      0.94583660364151,
      -0.1483483910560608,
      -0.08893728256225586,
      0.1807800829410553,
      0.979494035243988
    ],
    [
      0.993232011795044,
      0.09945230931043625,
      0.05999584496021271,
      -0.11413708329200745,
      0.9314363598823547,
      0.34554168581962585,
      -0.021517379209399223,
      -0.35005077719688416,
      0.93648362159729
    ],
    [
      0.995759904384613,
      -0.057412415742874146,
      -0.0718749389052391,
      0.046923909336328506,
      0.9890466332435608,
      -0.13994590938091278,
      0.07912230491638184,
      0.13597987592220306,
      0.987546980381012
    ],
    [
      0.9810989499092102,
      0.02916477806866169,
      -0.19129621982574463,
      -0.08061006665229797,
      0.9603148102760315,
      -0.267015665769577,
      0.17591717839241028,
      0.27738919854164124,
      0.944514811038971
    ],
    [
      0.9933464527130127,
      0.027793070301413536,
      0.11176059395074844,
      0.0334363654255867,
      0.8590388894081116,
      -0.5108171105384827,
      -0.11020388454198837,
      0.5111551880836487,
      0.8523939251899719
    ],
    [
      0.989608645439148,
      0.022695403546094894,
      -0.14198440313339233,
      0.02019648067653179,
      0.9557349681854248,
      0.29353493452072144,
      0.1423613429069519,
      -0.29335230588912964,
      0.9453452229499817
    ],
    [
      0.980366051197052,
      0.061461351811885834,
      0.1873631328344345,
      -0.06611570715904236,
      0.9976369142532349,
      0.018688227981328964,
      -0.18577177822589874,
      -0.030708950012922287,
      0.9821129441261292
    ],
    [
      0.8770302534103394,
      -0.40869608521461487,
      -0.2525577247142792,
      0.44730761647224426,
      0.8864498138427734,
      0.11883904784917831,
      0.1753106713294983,
      -0.21719641983509064,
      0.9602561593055725
    ],
    [
      0.9969118237495422,
      0.01997898519039154,
      -0.0759456679224968,
      -0.027784880250692368,
      0.994276762008667,
      -0.1031583696603775,
      0.0734500139951706,
      0.10494992882013321,
      0.9917613863945007
    ],
    [
      0.9841400384902954,
      -0.09376361966133118,
      0.15058839321136475,
      -0.07694234699010849,
      0.5392650961875916,
      0.8386138081550598,
      -0.15983852744102478,
      -0.8368999361991882,
      0.523497998714447
    ],
    [
      0.8460790514945984,
      0.23391710221767426,
      0.47899162769317627,
      -0.3031497299671173,
      0.9502633810043335,
      0.07141216099262238,
      -0.4384636878967285,
      -0.20562654733657837,
      0.8749098181724548
    ],
    [
      0.9989528059959412,
      0.0201089046895504,
      0.04109568148851395,
      -0.020298173651099205,
      0.9997851848602295,
      0.004193468019366264,
      -0.04100252687931061,
      -0.005023243837058544,
      0.9991464018821716
    ],
    [
      0.5168513655662537,
      -0.23790794610977173,
      -0.8223530054092407,
      0.7077445387840271,
      0.6591830253601074,
      0.2541169226169586,
      0.4816247522830963,
      -0.7133564949035645,
      0.5090777277946472
    ],
    [
      0.6224249005317688,
      0.30912715196609497,
      0.7190463542938232,
      -0.6325209736824036,
      0.7397637367248535,
      0.22949260473251343,
      -0.46098196506500244,
      -0.597653865814209,
      0.6559767723083496
    ],
    [
      0.9960121512413025,
      -0.08741136640310287,
      0.01786300353705883,
      0.07555121183395386,
      0.9328539371490479,
      0.3522433936595917,
      -0.047453656792640686,
      -0.34948912262916565,
      0.9357379078865051
    ],
    [
      0.8137600421905518,
      0.2202610969543457,
      -0.5378472208976746,
      0.07954590767621994,
      0.8744898438453674,
      0.47847670316696167,
      0.5757317543029785,
      -0.4321487843990326,
      0.694104015827179
    ],
    [
      0.8312910795211792,
      0.05045328661799431,
      0.5535426735877991,
      -0.31106477975845337,
      0.867547333240509,
      0.38807255029678345,
      -0.46064493060112,
      -0.49478888511657715,
      0.7368785738945007
    ],
    [
      0.3873567581176758,
      -0.1284591108560562,
      -0.9129365086555481,
      0.6776284575462341,
      0.711111843585968,
      0.18745574355125427,
      0.6251195669174194,
      -0.6912440061569214,
      0.3625015318393707
    ],
    [
      0.5232720375061035,
      0.20712730288505554,
      0.8266103863716125,
      -0.5234513282775879,
      0.843565046787262,
      0.11998654901981354,
      -0.6724470853805542,
      -0.4954759180545807,
      0.5498350858688354
    ],
    [
      0.9160455465316772,
      -0.2905910015106201,
      0.276436984539032,
      0.3973647952079773,
      0.751089334487915,
      -0.5272248387336731,
      -0.05442207679152489,
      0.5928083062171936,
      0.8035026788711548
    ],
    [
      0.9239311814308167,
      0.3077385425567627,
      -0.22726234793663025,
      -0.38059303164482117,
      0.6792664527893066,
      -0.6274918913841248,
      -0.03873175010085106,
      0.6662537455558777,
      0.744718611240387
    ],
    [
      0.9448060393333435,
      0.2122298777103424,
      -0.24959945678710938,
      -0.16097134351730347,
      0.964238703250885,
      0.21055155992507935,
      0.2853587865829468,
      -0.15875205397605896,
      0.9451814889907837
    ],
    [
      0.984191358089447,
      -0.09252437204122543,
      0.15101855993270874,
      0.07893554866313934,
      0.992472767829895,
      0.09363245964050293,
      -0.15854507684707642,
      -0.08023152500391006,
      0.9840865731239319
    ]
  ],
  "root_rot": [
    0.8565651178359985,
    -0.04083801805973053,
    -0.5144205093383789,
    0.011649063788354397,
    -0.995079517364502,
    0.09839276969432831,
    -0.5159074068069458,
    -0.09027233719825745,
    -0.8518747091293335
  ],
  "root_trans": [
    -0.021677996963262558,
    0.4892272353172302,
    2.658062696456909
  ]
}