{
  "betas": [
    -0.8125235438346863,
    1.023262858390808,
    1.1801824569702148,
    -0.2940663993358612,
    0.1920900195837021,
    0.22185668349266052,
    0.4987008273601532,
    0.7042549848556519,
    0.30359533429145813,
    1.180465817451477
  ],
  "joints": [
    [
      0.990135669708252,
      -0.1391405314207077,
      0.016469178721308708,
      0.13998764753341675,
      0.9873477816581726,
      -0.07448400557041168,
      -0.005897064693272114,
      0.07605475187301636,
      0.997086226940155
    ],
    [
      0.94815593957901,
      0.27922523021698,
      -0.15176807343959808,
      -0.2491859346628189,
      0.949578046798706,
      0.19028379023075104,
      0.1972476691007614,
      -0.14260023832321167,
      0.9699270725250244
    ],
    [
      0.9985840320587158,
      -0.022751016542315483,
      0.04808859899640083,
      0.027897585183382034,
      0.9936263561248779,
      -0.10921628773212433,
      -0.045297328382730484,
      0.11040317267179489,
      0.992854118347168
    ],
    [
      0.9990997314453125,
      0.03518228232860565,
      -0.02370394766330719,
      -0.038085151463747025,
      0.9899946451187134,
      -0.13586828112602234,
      0.018686626106500626,
      0.1366487443447113,
      0.9904432892799377
    ],
    [
      0.9990696310997009,
      -0.00040644407272338867,
      -0.043123871088027954,
      -0.012920906767249107,
      0.9511983394622803,
      -0.3083093762397766,
      0.04114466905593872,
      0.3085797429084778,
      0.9503081440925598
    ],
    [
      0.9974998831748962,
      0.00892320740967989,
      -0.07010287791490555,
      0.0024493555538356304,
      0.9870346188545227,
      0.16048917174339294,
      0.07062603533267975,
      -0.16025961935520172,
      0.9845450520515442
    ],
    [
      0.9972996115684509,
      0.054818421602249146,
      0.048870962113142014,
      -0.05467129871249199,
      0.9984949231147766,
      -0.0043433429673314095,
      -0.04903550446033478,
      0.0016597762005403638,
      0.9987955689430237
    ],
    [
      0.9040870666503906,
      -0.346832275390625,
      -0.2496676743030548,
      0.3185141980648041,
      0.9363856911659241,
      -0.14741285145282745,
      0.28491276502609253,
      0.05375135689973831,
      0.9570451974868774
    ],
    [
      0.9949003458023071,
      0.061990804970264435,
      0.07956498861312866,
      -0.053544554859399796,
      0.9931118488311768,
      -0.10422055423259735,
      -0.08547764271497726,
      0.09942877292633057,
      0.9913665652275085
    ],
    [
      0.990729808807373,
      -0.13471339643001556,
      0.017511386424303055,
      0.11151528358459473,
      0.8801112174987793,
      0.4614851474761963,
      -0.07758019864559174,
      -0.45525437593460083,
      0.8869750499725342
    ],
    [
      0.9253239035606384,
      0.3540800213813782,
      0.13565771281719208,
      -0.3372872471809387,
      0.9320772886276245,
      -0.13217085599899292,
      -0.17324255406856537,
      0.07654523104429245,
      0.9819000959396362
    ],
    [
      0.9918889403343201,
      0.017851507291197777,
      -0.12584784626960754,
      -0.013853778131306171,
      0.9993733763694763,
      0.03257037699222565,
      0.12635043263435364,
      -0.03056272678077221,
      0.9915146827697754
    ],
    [
      0.7094042301177979,
      -0.05558183789253235,
      -0.7026067972183228,
      0.39778274297714233,
      0.8545122742652893,
      0.3340323269367218,
      0.581820011138916,
      -0.5164487957954407,
      0.628304123878479
    ],
    [
      0.6958613395690918,
      -0.026320718228816986,
      0.7176938056945801,
      -0.26768553256988525,
      0.9178109169006348,
      0.29320234060287476,
      -0.6664244532585144,
      -0.39614439010620117,
      0.6316234469413757
    ],
    [
      0.9921038150787354,
      -0.054516904056072235,
      -0.11295109987258911,
      0.07378188520669937,
      0.9819581508636475,
      0.1741105169057846,
      0.1014212816953659,
      -0.18106944859027863,
      0.9782267808914185
    ],
    [
      0.6346004009246826,
      0.5217491984367371,
      -0.5701404809951782,
      -0.357707142829895,
      0.8522379398345947,
      0.3817541003227234,
      0.6850752234458923,
      -0.03831806033849716,
      0.727463960647583
    ],
    [
      0.6663863062858582,
      -0.4728184640407562,
      0.5765171051025391,
      0.2597019076347351,
      0.871988832950592,
      0.41495832800865173,
      -0.6989163756370544,
      -0.12679997086524963,
      0.7038732767105103
    ],
    [
      0.4612613022327423,
      -0.19230778515338898,
      -0.8661730289459229,
      0.5815253257751465,
      0.8028412461280823,
      0.13143159449100494,
      0.6701241135597229,
      -0.5643258690834045,
      0.48215144872665405
    ],
    [
      0.39516493678092957,
      0.3222300410270691,
      0.8602398037910461,
      -0.4990517497062683,
      0.8615174293518066,
      -0.09346118569374084,
      -0.7712275981903076,
      -0.39237162470817566,
      0.5012509822845459
    ],
    [
      0.949226975440979,
      -0.2611994445323944,
      0.17533670365810394,
      0.3112637400627136,
      0.860643744468689,
      -0.402997761964798,
      -0.04563966020941734,
      0.43711233139038086,
      0.8982481956481934
    ],
    [
      0.9346860647201538,
      0.3263819217681885,
      -0.14084303379058838,
      -0.3547442853450775,
      0.8310506343841553,
      -0.42838218808174133,
      -0.022768501192331314,
      0.45036613941192627,
      0.8925535678863525
    ],
    [
      0.9816341996192932,
      0.0991986021399498,
      -0.1629534512758255,
      -0.08147623389959335,
      0.9903547167778015,
      0.11206820607185364,
      0.1724987030029297,
      -0.09673316031694412,
      0.9802483916282654
    ],
    [
      0.9957497715950012,
      -0.04076743498444557,
      0.08258527517318726,
      0.04163746535778046,
      0.9990936517715454,
      -0.008839486166834831,
      -0.08215006440877914,
      0.012240558862686157,
      0.9965447187423706
    ]
  ],
  "root_rot": [
    -0.9624744653701782,
    -0.031157545745372772,
    -0.26957768201828003,
    0.05401835963129997,
    -0.9955043196678162,
    -0.07780252397060394,
    -0.2659415900707245,
    -0.0894450843334198,
    0.9598305821418762
  ],
  "root_trans": [
    -0.4847043752670288,
    0.4663952589035034,
    2.338528633117676
  ]
}