{
  "betas": [
    -0.6064431071281433,
    1.2025490999221802,
    1.7741833925247192,
    0.4154721796512604,
    0.05981290340423584,
    -0.4473472237586975,
    -0.08148437738418579,
    0.8320460915565491,
    0.1342487931251526,
    0.8543733358383179
  ],
  "joints": [
    [
      0.9696670770645142,
      -0.2337476909160614,
      -0.07146861404180527,
      0.24275657534599304,
      0.955095112323761,
      0.16988977789878845,
      0.0285479798913002,
      -0.1820860058069229,
      0.9828680753707886
    ],
    [
      0.97950679063797,
      0.15083302557468414,
      -0.13347631692886353,
      -0.13763292133808136,
      0.9850941896438599,
      0.10318204760551453,
      0.14705002307891846,
      -0.08269677311182022,
      0.985666036605835
    ],
    [
      0.9955031871795654,
      0.01250943448394537,
      0.09389828890562057,
      6.0787297115894035e-05,
      0.991157591342926,
      -0.1326896846294403,
      -0.09472788125276566,
      0.1320987194776535,
      0.9866997599601746
    ],
    [
      0.9990910887718201,
      0.001335110398940742,
      -0.042606551200151443,
      -0.010742319747805595,
      0.9751371741294861,
      -0.22134193778038025,
      0.04125170037150383,
      0.22159843146800995,
      0.9742652177810669
    ],
    [
      0.9998414516448975,
      0.014623334631323814,
      0.010161149315536022,
      -0.013121981173753738,
      0.9907974004745483,
      -0.1347152590751648,
      -0.012037627398967743,
      0.13456057012081146,
      0.9908322095870972
    ],
    [
      0.9899020791053772,
      -0.04880759119987488,
      -0.1330854892730713,
      0.04417610540986061,
      0.9983183741569519,
      -0.037536002695560455,
      0.1346937119960785,
      0.031277768313884735,
      0.9903935790061951
    ],
    [
      0.9952465295791626,
      0.09719784557819366,
      0.006074863951653242,
      -0.096610426902771,
      0.9932467937469482,
      -0.06424231082201004,
      -0.012278054840862751,
      0.06335003674030304,
      0.9979157447814941
    ],
    [
      0.8931331634521484,
      -0.3454485535621643,
      -0.2880595028400421,
      0.36550232768058777,
      0.9306517839431763,
      0.017183735966682434,
      0.2621470093727112,
      -0.1206337958574295,
      0.9574581980705261
    ],
    [
      0.9994814991950989,
      0.0010626692092046142,
      0.03217814490199089,
      -0.0010825340868905187,
      0.9999992251396179,
      0.0005997794214636087,
      -0.03217748552560806,
      -0.0006343023269437253,
      0.9994818568229675
    ],
    [
      0.9052489995956421,
      -0.28371578454971313,
      0.3162744641304016,
      0.1175563633441925,
      0.8825722932815552,
      0.4552435278892517,
      -0.40829482674598694,
      -0.37492871284484863,
      0.8323003053665161
    ],
    [
      0.8653868436813354,
      0.39405953884124756,
      0.30955225229263306,
      -0.3878801167011261,
      0.9178667068481445,
      -0.0840817540884018,
      -0.3172609210014343,
      -0.047305937856435776,
      0.947157621383667
    ],
    [
      0.9914262890815735,
      0.047349393367767334,
      -0.12178651988506317,
      -0.044113900512456894,
      0.9986017942428589,
      0.02912893332540989,
      0.12299546599388123,
      -0.023506712168455124,
      0.992128849029541
    ],
    [
      0.9722974300384521,
      0.22663874924182892,
      0.05720670521259308,
      -0.22693310678005219,
      0.973909318447113,
      -0.0013835722347721457,
      -0.056027717888355255,
      -0.01163685042411089,
      0.998361349105835
    ],
    [
      0.9119027853012085,
      -0.4102555215358734,
      0.011120296083390713,
      0.41032910346984863,
      0.9108715057373047,
      -0.044081028550863266,
      0.007955324836075306,
      0.04476059600710869,
      0.9989660382270813
    ],
    [
      0.9781330823898315,
      -0.2053161859512329,
      -0.03318164125084877,
      0.20707514882087708,
      0.9762698411941528,
      0.06337942183017731,
      0.019381418824195862,
      -0.0688645988702774,
      0.9974377155303955
    ],
    [
      0.628607451915741,
      0.7168434262275696,
      -0.3016424775123596,
      -0.7767802476882935,
      0.5596098303794861,
      -0.2888757586479187,
      -0.03827656805515289,
      0.415899395942688,
      0.9086047410964966
    ],
    [
      0.6436031460762024,
      -0.731950581073761,
      0.2236589938402176,
      0.7503979206085205,
      0.6609755754470825,
      0.0037688366137444973,
      -0.15059173107147217,
      0.16540762782096863,
      0.9746601581573486
    ],
    [
      0.26607412099838257,
      -0.15163874626159668,
      -0.95195072889328,
      -0.22265279293060303,
      0.9511769413948059,
      -0.21374784409999847,
      0.9378860592842102,
      0.26882725954055786,
      0.21932077407836914
    ],
    [
      0.9923233985900879,
      0.11915185302495956,
      0.03312206640839577,
      -0.11936431378126144,
      0.9928403496742249,
      0.004506221506744623,
      -0.03234799578785896,
      -0.008425221778452396,
      0.9994412064552307
    ],
    [
      0.9622573852539062,
      -0.10794997215270996,
      0.24981491267681122,
      0.21207083761692047,
      0.8727228045463562,
      -0.43975093960762024,
      -0.17054806649684906,
      0.4761320650577545,
      0.8626769781112671
    ],
    [
      0.9805984497070312,
      0.09268072992563248,
      -0.17273376882076263,
      -0.16614258289337158,
      0.8605966567993164,
      -0.4814249873161316,
      0.10403525084257126,
      0.5007830262184143,
      0.8592979907989502
    ],
    [
      0.55974280834198,
      0.4801878035068512,
      -0.6753575205802917,
      -0.21856465935707092,
      0.8716840744018555,
      0.438630074262619,
      0.7993232011795044,
      -0.09791071712970734,
      0.5928709506988525
    ],
    [
      0.9614343047142029,
      -0.2283654808998108,
      0.15327522158622742,
      0.1855362057685852,
      0.9499117136001587,
      0.2514835298061371,
      -0.2030280977487564,
      -0.21334677934646606,
      0.9556477665901184
    ]
  ],
  "root_rot": [
    -0.5501988530158997,
    -0.005213227588683367,
    0.8350172638893127,
    -0.02197853848338127,
    -0.9995436072349548,
    -0.020722225308418274,
    0.8347443342208862,
    -0.029753809794783592,
    0.5498331785202026
  ],
  "root_trans": [
    -1.1916264295578003,
    0.5215717554092407,
    2.6715309619903564
  ]
}