{
  "betas": [
    -0.6315948963165283,
    1.0881973505020142,
    1.8901323080062866,
    0.6428962349891663,
    0.3902585506439209,
    -0.499168336391449,
    0.007348358631134033,
    0.5872839689254761,
    -0.32401952147483826,
    0.520196795463562
  ],
  "joints": [
    [
      0.9290156364440918,
      -0.2594093382358551,
      -0.2638877034187317,
      0.32937148213386536,
      0.25466400384902954,
      0.9092087745666504,
      -0.16865456104278564,
      -0.9315862655639648,
      0.32202887535095215
    ],
    [
      0.9747506976127625,
      0.13518458604812622,
      -0.17772544920444489,
      -0.14950866997241974,
      0.9862949848175049,
      -0.06978053599596024,
      0.1658564805984497,
      0.09459011256694794,
      0.9816029667854309
    ],
    [
      0.9778228402137756,
      0.08165918290615082,
      0.19285792112350464,
      0.0003050105879083276,
      0.9202988147735596,
      -0.39121589064598083,
      -0.20943331718444824,
      0.3825986981391907,
      0.8998643159866333
    ],
    [
      0.9004620313644409,
      0.35930362343788147,
      -0.24508988857269287,
      -0.16831399500370026,
      -0.23173211514949799,
      -0.9581078290939331,
      -0.4010468125343323,
      0.9039917588233948,
      -0.14819014072418213
    ],
    [
      0.9997036457061768,
      -0.0073297587223351,
      0.023211712017655373,
      0.018008438870310783,
      0.8642839789390564,
      -0.5026815533638,
      -0.016376972198486328,
      0.5029506683349609,
      0.8641598224639893
    ],
    [
      0.9920661449432373,
      -0.11205553263425827,
      -0.05699460580945015,
      0.11908724904060364,
      0.9829060435295105,
      0.14040590822696686,
      0.040287092328071594,
      -0.14607927203178406,
      0.9884521961212158
    ],
    [
      0.9918261170387268,
      -0.0315929614007473,
      -0.1236240416765213,
      0.03280318155884743,
      0.9994316697120667,
      0.0077658165246248245,
      0.12330843508243561,
      -0.011757600121200085,
      0.9922987818717957
    ],
    [
      0.9200806021690369,
      -0.13390812277793884,
      -0.3681308329105377,
      0.286640465259552,
      0.870676577091217,
      0.39969944953918457,
      0.26699987053871155,
      -0.47327691316604614,
      0.8394761085510254
    ],
    [
      0.9952061772346497,
      -0.04787033051252365,
      0.08528246730566025,
      0.0591028593480587,
      0.9891526699066162,
      -0.13447628915309906,
      -0.07791995257139206,
      0.13887207210063934,
      0.9872401356697083
    ],
    [
      0.939042329788208,
      -0.3046155869960785,
      0.15940135717391968,
      0.13913589715957642,
      0.7606929540634155,
      0.6340248584747314,
      -0.31438931822776794,
      -0.5731977224349976,
      0.7567058205604553
    ],
    [
      0.8336089849472046,
      0.21625687181949615,
      0.5082608461380005,
      -0.11346559226512909,
      0.9675905704498291,
      -0.22559712827205658,
      -0.5405753254890442,
      0.13038966059684753,
      0.8311299085617065
    ],
    [
      0.9611509442329407,
      0.25633978843688965,
      -0.10236639529466629,
      -0.26486414670944214,
      0.9609073400497437,
      -0.08064737915992737,
      0.07769149541854858,
      0.10462748259305954,
      0.9914722442626953
    ],
    [
      0.7085741758346558,
      -0.45886918902397156,
      -0.5360614657402039,
      0.690848171710968,
      0.6058365106582642,
      0.39457693696022034,
      0.14370647072792053,
      -0.6499240398406982,
      0.746289074420929
    ],
    [
      0.8818042278289795,
      -0.3466542959213257,
      0.31976884603500366,
      0.32500919699668884,
      0.9379898905754089,
      0.12059883773326874,
      -0.3417460322380066,
      -0.0024167594965547323,
      0.9397892951965332
    ],
    [
      0.953936755657196,
      0.007446639705449343,
      -0.2999154031276703,
      0.0591430589556694,
      0.975405752658844,
      0.21233397722244263,
      0.2941204011440277,
      -0.22029109299182892,
      0.9300349950790405
    ],
    [
      0.8659894466400146,
      0.009659755043685436,
      -0.4999690055847168,
      0.19565413892269135,
      0.9135635495185852,
      0.3565405607223511,
      0.4601975381374359,
      -0.4065813422203064,
      0.7892464399337769
    ],
    [
      0.7092442512512207,
      -0.63618004322052,
      0.3037227392196655,
      0.675963282585144,
      0.7360144257545471,
      -0.03682756796479225,
      -0.2001153975725174,
      0.2314251959323883,
      0.9520483613014221
    ],
    [
      0.6987439393997192,
      -0.08852318674325943,
      -0.709873616695404,
      0.4238715171813965,
      0.8505975008010864,
      0.31115400791168213,
      0.5762724280357361,
      -0.5183121562004089,
      0.631872296333313
    ],
    [
      0.6096805930137634,
      0.2755001485347748,
      0.7432289719581604,
      -0.09165763109922409,
      0.9558678865432739,
      -0.27913323044776917,
      -0.7873300313949585,
      0.102059505879879,
      0.6080257892608643
    ],
    [
      0.9602166414260864,
      -0.13354678452014923,
      0.24525348842144012,
      0.2617052495479584,
      0.7367759943008423,
      -0.6234351992607117,
      -0.09743912518024445,
      0.6628170013427734,
      0.7424144744873047
    ],
    [
      0.9515053033828735,
      0.29418808221817017,
      -0.08994981646537781,
      -0.30604061484336853,
      0.8755106329917908,
      -0.3739253580570221,
      -0.031252339482307434,
      0.38332027196884155,
      0.9230865240097046
    ],
    [
      0.946861982345581,
      0.15351548790931702,
      -0.2826399505138397,
      -0.07318156957626343,
      0.9585235714912415,
      0.2754577398300171,
      0.3132041096687317,
      -0.24013641476631165,
      0.9188240170478821
    ],
    [
      0.9864835143089294,
      -0.07407544553279877,
      0.14616131782531738,
      0.06493407487869263,
      0.9956806898117065,
      0.06635885685682297,
      -0.15044556558132172,
      -0.055971067398786545,
      0.9870325922966003
    ]
  ],
  "root_rot": [
    -0.6106349229812622,
    0.304548442363739,
    -0.7310097813606262,
    -0.14277642965316772,
    -0.9503064751625061,
    -0.27664491534233093,
    -0.7789351940155029,
    -0.06455806642770767,
    0.6237726807594299
  ],
  "root_trans": [
    -0.2127636969089508,
    0.5269961357116699,
    2.4880714416503906
  ]
}