{
  "betas": [
    -0.2906050980091095,
    0.8743815422058105,
    0.9217725992202759,
    0.7644668221473694,
    0.2952783703804016,
    -0.25832730531692505,
    -0.3957839012145996,
    0.4867152273654938,
    0.33639007806777954,
    0.47831112146377563
  ],
  "joints": [
    [
      0.9912136197090149,
      -0.10255756229162216,
      -0.08353116363286972,
      0.12168958783149719,
      0.9545649886131287,
      0.27202439308166504,
      0.05183776840567589,
      -0.2797991633415222,
      0.95865797996521
    ],
    [
      0.995384156703949,
      0.01863640733063221,
      -0.09414400905370712,
      -0.024113528430461884,
      0.9980611801147461,
      -0.05737962946295738,
      0.0928921326994896,
      0.059384915977716446,
      0.9939036965370178
    ],
    [
      0.9955548644065857,
      -0.006100424565374851,
      0.09398499876260757,
      0.015361536294221878,
      0.9950547814369202,
      -0.09813261032104492,
      -0.09292156994342804,
      0.09914016723632812,
      0.9907253384590149
    ],
    [
      0.9976127743721008,
      0.02829258143901825,
      0.06299461424350739,
      -0.016879089176654816,
      0.9844523668289185,
      -0.174839049577713,
      -0.0669618472456932,
      0.17335838079452515,
      0.9825798273086548
    ],
    [
      0.9996696710586548,
      0.00910191610455513,
      0.02403702214360237,
      -0.0057795424945652485,
      0.9908513426780701,
      -0.13483422994613647,
      -0.025044364854693413,
      0.13465075194835663,
      0.9905766248703003
    ],
    [
      0.9896107912063599,
      -0.025264592841267586,
      -0.14153485000133514,
      0.01734541542828083,
      0.9982287287712097,
      -0.05690918117761612,
      0.14272192120552063,
      0.05386296287178993,
      0.9882961511611938
    ],
    [
      0.9932552576065063,
      0.05058218911290169,
      0.10433312505483627,
      -0.04293590039014816,
      0.9963130354881287,
      -0.0742754265666008,
      -0.10770546644926071,
      0.06929482519626617,
      0.9917649626731873
    ],
    [
      0.975653886795044,
      -0.05615709722042084,
      -0.21200473606586456,
      0.10144778341054916,
      0.9725874066352844,
      0.20924191176891327,
      0.19444270431995392,
      -0.22565506398677826,
      0.9546056985855103
    ],
    [
      0.9991753101348877,
      0.01371660828590393,
      0.03821505233645439,
      -0.012706133536994457,
      0.9995664954185486,
      -0.02656002901494503,
      -0.03856279328465462,
      0.0260525643825531,
      0.9989164471626282
    ],
    [
      0.9696756601333618,
      -0.22447149455547333,
      0.09665201604366302,
      0.14076705276966095,
      0.8362684845924377,
      0.5299429893493652,
      -0.19978415966033936,
      -0.5002674460411072,
      0.8425073623657227
    ],
    [
      0.8973868489265442,
      0.21399497985839844,
      0.3858795464038849,
      -0.24198000133037567,
      0.9699634313583374,
      0.024832414463162422,
      -0.3689750134944916,
      -0.11565938591957092,
      0.922214925289154
    ],
    [
      0.9913548827171326,
      0.1275545358657837,
      0.030746683478355408,
      -0.12617407739162445,
      0.9910627007484436,
      -0.0432981476187706,
      -0.035994771867990494,
      0.039044395089149475,
      0.9985889196395874
    ],
    [
      0.9387781023979187,
      0.30706921219825745,
      -0.1562182754278183,
      -0.28182584047317505,
      0.9452669620513916,
      0.16445225477218628,
      0.19816620647907257,
      -0.11035782098770142,
      0.9739359617233276
    ],
    [
      0.9222230911254883,
      -0.3628348112106323,
      0.13362441956996918,
      0.3660866320133209,
      0.930580735206604,
      0.0002510665508452803,
      -0.12443940341472626,
      0.048686571419239044,
      0.9910320043563843
    ],
    [
      0.9729850888252258,
      -0.14856956899166107,
      0.17671197652816772,
      0.1665865033864975,
      0.981740415096283,
      -0.09184132516384125,
      -0.1598404347896576,
      0.11879806965589523,
      0.9799684882164001
    ],
    [
      0.6111462116241455,
      0.657369077205658,
      -0.4408698081970215,
      -0.6989152431488037,
      0.7096160054206848,
      0.08923313766717911,
      0.3715073764324188,
      0.25359615683555603,
      0.8931244015693665
    ],
    [
      0.58513343334198,
      -0.691795289516449,
      0.42312902212142944,
      0.781241774559021,
      0.6207943558692932,
      -0.06538917869329453,
      -0.2174401730298996,
      0.3688274323940277,
      0.9037069082260132
    ],
    [
      -0.029460372403264046,
      -0.2548072040081024,
      -0.9665430188179016,
      0.48424670100212097,
      0.8422753214836121,
      -0.2368067502975464,
      0.8744353652000427,
      -0.47502169013023376,
      0.09857580810785294
    ],
    [
      -0.21362121403217316,
      0.3386262357234955,
      0.9163506031036377,
      0.11483830958604813,
      0.940203845500946,
      -0.32066962122917175,
      -0.9701433777809143,
      0.0367303192615509,
      -0.23973475396633148
    ],
    [
      0.9531697034835815,
      -0.2046327143907547,
      0.2226947396993637,
      0.2821592390537262,
      0.8667652606964111,
      -0.4112227261066437,
      -0.10887444764375687,
      0.45480042695999146,
      0.8839133977890015
    ],
    [
      0.993786633014679,
      0.10917842388153076,
      -0.02163831517100334,
      -0.11092797666788101,
      0.9874745011329651,
      -0.11220140755176544,
      0.009117312729358673,
      0.11390455067157745,
      0.9934499263763428
    ],
    [
      0.9426791071891785,
      0.203816756606102,
      -0.264224648475647,
      -0.08962398767471313,
      0.9173476099967957,
      0.38786718249320984,
      0.321439653635025,
      -0.34195348620414734,
      0.8830313086509705
    ],
    [
      0.8449564576148987,
      -0.531594455242157,
      0.05878736451268196,
      0.18406689167022705,
      0.3922373354434967,
      0.9012598991394043,
      -0.5021633505821228,
      -0.7507045269012451,
      0.4292724132537842
    ]
  ],
  "root_rot": [
    0.20452147722244263,
    -0.10334113240242004,
    0.9733918905258179,
    -0.11365849524736404,
    -0.9901925325393677,
    -0.08124376833438873,
    0.9722411036491394,
    -0.09401814639568329,
    -0.2142612338066101
  ],
  "root_trans": [
    -0.01577061414718628,
    0.5344679355621338,
    2.6066088676452637
  ]
}