{
  "betas": [
    -1.0065462589263916,
    0.5759437084197998,
    1.4843977689743042,
    0.3800898492336273,
    0.21354956924915314,
    -0.3360229730606079,
    -0.36059296131134033,
    0.6110776662826538,
    0.2275509536266327,
    0.7265269756317139
  ],
  "joints": [
    [
      0.9606887102127075,
      -0.27743563055992126,
      0.010329065844416618,
      0.2768270671367645,
      0.9544307589530945,
      -0.11148414760828018,
      0.0210712980479002,
      0.10996092855930328,
      0.9937125444412231
    ],
    [
      0.9856680631637573,
      0.15677380561828613,
      -0.062292713671922684,
      -0.1281042844057083,
      0.9358547925949097,
      0.3282759487628937,
      0.10976200550794601,
      -0.3155911862850189,
      0.9425255656242371
    ],
    [
      0.9974174499511719,
      -0.04403768852353096,
      0.05673622339963913,
      0.04930529743432999,
      0.9942494630813599,
      -0.09506344050168991,
      -0.05222358554601669,
      0.09761534631252289,
      0.9938530325889587
    ],
    [
      0.9881298542022705,
      -0.01794174127280712,
      -0.1525697410106659,
      -0.016545312479138374,
      0.9749498963356018,
      -0.22180822491645813,
      0.15272749960422516,
      0.22169962525367737,
      0.9630802273750305
    ],
    [
      0.9976370334625244,
      -0.06682590395212173,
      -0.015957608819007874,
      0.05563054233789444,
      0.9220012426376343,
      -0.3831697404384613,
      0.04031859710812569,
      0.38137659430503845,
      0.9235401749610901
    ],
    [
      0.9984635710716248,
      -0.024810319766402245,
      -0.049548350274562836,
      0.01892586424946785,
      0.9930824041366577,
      -0.11588456481695175,
      0.05208072066307068,
      0.11476875841617584,
      0.992026150226593
    ],
    [
      0.9857756495475769,
      0.09618979692459106,
      0.13781850039958954,
      -0.12638364732265472,
      0.9648051261901855,
      0.23060402274131775,
      -0.11078624427318573,
      -0.24474182724952698,
      0.9632382392883301
    ],
    [
      0.9066348671913147,
      -0.2718523442745209,
      -0.3226601183414459,
      0.3288884162902832,
      0.9343971610069275,
      0.13687367737293243,
      0.26428326964378357,
      -0.23021362721920013,
      0.9365661144256592
    ],
    [
      0.9968982338905334,
      -0.007830020040273666,
      0.07831017673015594,
      0.006163624580949545,
      0.9997498989105225,
      0.021498512476682663,
      -0.07845892757177353,
      -0.02094915695488453,
      0.996697187423706
    ],
    [
      0.9122655391693115,
      -0.37629422545433044,
      0.1617843061685562,
      0.17868086695671082,
      0.7210201621055603,
      0.6694797277450562,
      -0.36857110261917114,
      -0.5818355679512024,
      0.724998414516449
    ],
    [
      0.8475863933563232,
      0.2999228537082672,
      0.4377712309360504,
      -0.38838547468185425,
      0.9127551913261414,
      0.12662789225578308,
      -0.3615993857383728,
      -0.2773520350456238,
      0.8901245594024658
    ],
    [
      0.9142401218414307,
      -0.013077236711978912,
      -0.40496161580085754,
      0.020869988948106766,
      0.9996721148490906,
      0.014834069646894932,
      0.40463486313819885,
      -0.02201344631612301,
      0.9142132997512817
    ],
    [
      0.9440773129463196,
      0.31111380457878113,
      0.10920710116624832,
      -0.3089146018028259,
      0.950372040271759,
      -0.03694403916597366,
      -0.11528115719556808,
      0.0011423637624830008,
      0.9933322668075562
    ],
    [
      0.8997534513473511,
      -0.3618806004524231,
      0.24389804899692535,
      0.35451841354370117,
      0.93203204870224,
      0.07505255192518234,
      -0.25448086857795715,
      0.018937567248940468,
      0.9668923616409302
    ],
    [
      0.9974011182785034,
      0.004806367680430412,
      -0.07188810408115387,
      -0.0003805927117355168,
      0.9981099963188171,
      0.06145219877362251,
      0.07204759120941162,
      -0.06126513332128525,
      0.9955178499221802
    ],
    [
      0.6411036849021912,
      0.7424896359443665,
      -0.19415248930454254,
      -0.7203338742256165,
      0.4948873519897461,
      -0.4860098361968994,
      -0.2647736370563507,
      0.4514373540878296,
      0.8521145582199097
    ],
    [
      0.8078681826591492,
      -0.4894903600215912,
      0.3282501697540283,
      0.4522046446800232,
      0.8720036745071411,
      0.1874047815799713,
      -0.3779681921005249,
      -0.0029621152207255363,
      0.9258138537406921
    ],
    [
      -0.28542760014533997,
      -0.2763186991214752,
      -0.9177031517028809,
      -0.006416840944439173,
      0.9580659866333008,
      -0.2864760458469391,
      0.9583787322044373,
      -0.07587940245866776,
      -0.27523157000541687
    ],
    [
      0.45568394660949707,
      0.22658886015415192,
      0.8608192205429077,
      -0.5638495087623596,
      0.8217799663543701,
      0.08216702938079834,
      -0.6887858510017395,
      -0.5228146314620972,
      0.5022339820861816
    ],
    [
      0.9454025030136108,
      -0.3200228214263916,
      0.0616396963596344,
      0.3155544698238373,
      0.8515684008598328,
      -0.41863659024238586,
      0.08148286491632462,
      0.41523078083992004,
      0.9060595035552979
    ],
    [
      0.9320275783538818,
      0.3172035813331604,
      -0.17523251473903656,
      -0.3602953851222992,
      0.7592281699180603,
      -0.5419961214065552,
      -0.03888164833188057,
      0.5682908296585083,
      0.8219085931777954
    ],
    [
      0.8745157122612,
      0.10570327937602997,
      -0.47333821654319763,
      -0.12105195224285126,
      0.9926441311836243,
      -0.00197759666480124,
      0.46964743733406067,
      0.05902795121073723,
      0.8808784484863281
    ],
    [
      0.9735295176506042,
      -0.13607646524906158,
      0.18363960087299347,
      0.08792857080698013,
      0.9645993709564209,
      0.24862943589687347,
      -0.21097126603126526,
      -0.22590091824531555,
      0.951030969619751
    ]
  ],
  "root_rot": [
    0.821153998374939,
    0.019418684765696526,
    -0.5703762173652649,
    0.029388822615146637,
    -0.9995337128639221,
    0.008280705660581589,
    -0.5699495077133179,
    -0.023562420159578323,
    -0.8213418126106262
  ],
  "root_trans": [
    -0.7185406684875488,
    0.5472506284713745,
    2.437424659729004
  ]
}