{
  "betas": [
    -0.8569138646125793,
    0.6449471116065979,
    1.475687026977539,
    -0.16186794638633728,
    0.17073126137256622,
    -0.0833355113863945,
    -0.04850843548774719,
    0.19744369387626648,
    -0.014284715056419373,
    1.0465527772903442
  ],
  "joints": [
    [
      0.9411532282829285,
      -0.32758310437202454,
      0.08318592607975006,
      0.3091086447238922,
      0.933814525604248,
      0.18011754751205444,
      -0.13668368756771088,
      -0.14380472898483276,
      0.9801213145256042
    ],
    [
      0.9419369697570801,
      0.3353198766708374,
      -0.017757590860128403,
      -0.3208741843700409,
      0.9144235253334045,
      0.24671731889247894,
      0.09896717220544815,
      -0.22669421136379242,
      0.9689248204231262
    ],
    [
      0.9985391497612,
      -0.03711791709065437,
      0.039265576750040054,
      0.042695920914411545,
      0.9873991012573242,
      -0.15238165855407715,
      -0.03311470150947571,
      0.15383553504943848,
      0.9875414371490479
    ],
    [
      0.9907234907150269,
      0.12823224067687988,
      -0.044983793050050735,
      -0.1352071911096573,
      0.9633753299713135,
      -0.23157496750354767,
      0.013640894554555416,
      0.23550887405872345,
      0.9717764854431152
    ],
    [
      0.9837448000907898,
      0.06439345329999924,
      0.1676296442747116,
      -0.018678855150938034,
      0.9651240706443787,
      -0.2611258625984192,
      -0.17859818041324615,
      0.2537500560283661,
      0.9506385922431946
    ],
    [
      0.9928227663040161,
      -0.02572566457092762,
      -0.1167953610420227,
      0.032673828303813934,
      0.9977834820747375,
      0.057970400899648666,
      0.11504514515399933,
      -0.06137048453092575,
      0.9914627075195312
    ],
    [
      0.9854047298431396,
      -0.051063504070043564,
      0.16238807141780853,
      0.06213397532701492,
      0.9960240721702576,
      -0.06383856385946274,
      -0.1584826111793518,
      0.07299664616584778,
      0.9846596121788025
    ],
    [
      0.8737999200820923,
      -0.41684603691101074,
      -0.25042590498924255,
      0.42319247126579285,
      0.905521035194397,
      -0.030656935647130013,
      0.23954512178897858,
      -0.07919032871723175,
      0.967650294303894
    ],
    [
      0.9996662139892578,
      -0.002394881332293153,
      0.025724677368998528,
      0.0031555278692394495,
      0.9995577335357666,
      -0.029569212347269058,
      -0.02564248815178871,
      0.029640518128871918,
      0.9992316365242004
    ],
    [
      0.9904652237892151,
      -0.00816620234400034,
      0.13752111792564392,
      -0.08662679046392441,
      0.7392743229866028,
      0.6678093075752258,
      -0.10711930692195892,
      -0.6733548641204834,
      0.7315180897712708
    ],
    [
      0.9047132730484009,
      0.3707856237888336,
      0.2097904086112976,
      -0.37130221724510193,
      0.9277164936065674,
      -0.03842847794294357,
      -0.20887476205825806,
      -0.04312888905405998,
      0.9769909381866455
    ],
    [
      0.8657718300819397,
      0.3167085349559784,
      0.38747236132621765,
      -0.2794192135334015,
      0.9482620358467102,
      -0.15074476599693298,
      -0.41516751050949097,
      0.022243356332182884,
      0.9094730019569397
    ],
    [
      0.9872129559516907,
      -0.04281563311815262,
      -0.15354913473129272,
      0.06500313431024551,
      0.9876540899276733,
      0.14252707362174988,
      0.14555105566978455,
      -0.15068575739860535,
      0.9778080582618713
    ],
    [
      0.9833210110664368,
      -0.17385832965373993,
      0.053414784371852875,
      0.1792796403169632,
      0.9759985208511353,
      -0.12363556027412415,
      -0.030637675896286964,
      0.13114961981773376,
      0.9908891320228577
    ],
    [
      0.8555577993392944,
      -0.14961838722229004,
      0.49561604857444763,
      0.11090663075447083,
      0.988072395324707,
      0.10683021694421768,
      -0.5056883096694946,
      -0.036432310938835144,
      0.861946702003479
    ],
    [
      0.9725258946418762,
      0.18565821647644043,
      -0.1404436230659485,
      -0.17712649703025818,
      0.9816167950630188,
      0.0710964947938919,
      0.15106146037578583,
      -0.04426688700914383,
      0.9875327348709106
    ],
    [
      0.606965184211731,
      -0.7589293718338013,
      0.23583781719207764,
      0.7946889996528625,
      0.5825501680374146,
      -0.1706008017063141,
      -0.007913408800959587,
      0.2909664809703827,
      0.9567005038261414
    ],
    [
      0.922111451625824,
      0.004469198640435934,
      -0.3868984580039978,
      0.12467557936906815,
      0.9431689977645874,
      0.3080393373966217,
      0.36628732085227966,
      -0.3322834074497223,
      0.8691497445106506
    ],
    [
      -0.1298440545797348,
      0.356468141078949,
      0.9252410531044006,
      0.16606023907661438,
      0.9277787208557129,
      -0.33414170145988464,
      -0.9775298237800598,
      0.11025943607091904,
      -0.17966173589229584
    ],
    [
      0.9651642441749573,
      -0.20147788524627686,
      0.16692693531513214,
      0.26138368248939514,
      0.7709661722183228,
      -0.5807663202285767,
      -0.011683478020131588,
      0.6041669249534607,
      0.7967720031738281
    ],
    [
      0.9726075530052185,
      0.207710400223732,
      0.10435964912176132,
      -0.18420438468456268,
      0.9625295400619507,
      -0.19901180267333984,
      -0.14178605377674103,
      0.17433688044548035,
      0.9744246602058411
    ],
    [
      0.9576371908187866,
      0.19876717031002045,
      -0.20838110148906708,
      -0.15807092189788818,
      0.9676610231399536,
      0.19658522307872772,
      0.24071696400642395,
      -0.15531831979751587,
      0.9580875039100647
    ],
    [
      0.9263169169425964,
      -0.07681010663509369,
      0.3688322901725769,
      0.0745445042848587,
      0.9970088005065918,
      0.02041170746088028,
      -0.3692968487739563,
      0.008586718700826168,
      0.9292718768119812
    ]
  ],
  "root_rot": [
    0.9707974791526794,
    -0.046852003782987595,
    0.23528099060058594,
    -0.057493891566991806,
    -0.9976004362106323,
    0.038572393357753754,
    0.23290923237800598,
    -0.050973206758499146,
    -0.9711616635322571
  ],
  "root_trans": [
    0.2734448313713074,
    0.5203774571418762,
    2.5364441871643066
  ]
}