{
  "betas": [
    -0.977794349193573,
    0.8435511589050293,
    1.572054147720337,
    0.3874884843826294,
    0.2752140760421753,
    -0.09700233489274979,
    0.3173612356185913,
    0.563762903213501,
    -0.3318716585636139,
    0.9565548896789551
  ],
  "joints": [
    [
      0.9353034496307373,
      -0.33763355016708374,
      -0.10588178038597107,
      0.35100558400154114,
      0.8474417924880981,
      0.39829298853874207,
      -0.04474842548370361,
      -0.4096899628639221,
      0.9111264944076538
    ],
    [
      0.9797447919845581,
      0.18992628157138824,
      -0.06346731632947922,
      -0.1866409033536911,
      0.9809286594390869,
      0.054259348660707474,
      0.07256218791007996,
      -0.04131472110748291,
      0.9965077638626099
    ],
    [
      0.9959201216697693,
      0.03384517505764961,
      0.08365217596292496,
      -0.015283031389117241,
      0.9768706560134888,
      -0.21328409016132355,
      -0.08893599361181259,
      0.21113544702529907,
      0.9734023809432983
    ],
    [
      0.9911439418792725,
      0.10093989223241806,
      -0.08628404885530472,
      -0.1324913650751114,
      0.7079739570617676,
      -0.6936994791030884,
      -0.008935094811022282,
      0.6989879012107849,
      0.7150777578353882
    ],
    [
      0.998421311378479,
      0.04690665751695633,
      0.03089738078415394,
      -0.019184349104762077,
      0.8017866611480713,
      -0.5973023176193237,
      -0.052790567278862,
      0.5957666039466858,
      0.8014207482337952
    ],
    [
      0.9915285110473633,
      -0.09700009971857071,
      -0.0863841250538826,
      0.10535953938961029,
      0.9895797967910767,
      0.09813898056745529,
      0.07596448808908463,
      -0.10640899091959,
      0.9914164543151855
    ],
    [
      0.998828649520874,
      0.041973378509283066,
      0.024077199399471283,
      -0.03697507455945015,
      0.9830119013786316,
      -0.1797788441181183,
      -0.031214101240038872,
      0.1786779910326004,
      0.9834124445915222
    ],
    [
      0.9102897644042969,
      -0.25111818313598633,
      -0.32910799980163574,
      0.3511890470981598,
      0.8893579244613647,
      0.29276061058044434,
      0.2191772758960724,
      -0.3820761442184448,
      0.8977633714675903
    ],
    [
      0.9992529153823853,
      -0.03735300526022911,
      0.009915555827319622,
      0.03813057765364647,
      0.9946964383125305,
      -0.09552489221096039,
      -0.006294826045632362,
      0.09583161771297455,
      0.9953776001930237
    ],
    [
      0.9615089297294617,
      -0.18455727398395538,
      0.20356595516204834,
      -0.021812748163938522,
      0.6872440576553345,
      0.7260990142822266,
      -0.2739063501358032,
      -0.702591061592102,
      0.6567655801773071
    ],
    [
      0.883791983127594,
      0.35653355717658997,
      0.30297785997390747,
      -0.2942648231983185,
      0.92701256275177,
      -0.23249945044517517,
      -0.3637581169605255,
      0.11632542312145233,
      0.9242015480995178
    ],
    [
      0.9341327548027039,
      0.3394111394882202,
      0.11043571680784225,
      -0.3199824392795563,
      0.9334360361099243,
      -0.16219858825206757,
      -0.15813669562339783,
      0.11617753654718399,
      0.9805587530136108
    ],
    [
      0.7575473189353943,
      -0.393303781747818,
      -0.5209935903549194,
      0.6111708879470825,
      0.7077208757400513,
      0.3544027805328369,
      0.2293301373720169,
      -0.5868929624557495,
      0.7765078544616699
    ],
    [
      0.9288015365600586,
      -0.2658248543739319,
      0.25819525122642517,
      0.2371004968881607,
      0.9617419838905334,
      0.13724340498447418,
      -0.2847999036312103,
      -0.0662536770105362,
      0.9562946557998657
    ],
    [
      0.9835942387580872,
      -0.0650693029165268,
      -0.16825087368488312,
      0.08565325289964676,
      0.9892973899841309,
      0.11812812834978104,
      0.15876361727714539,
      -0.13060137629508972,
      0.978640615940094
    ],
    [
      0.872641921043396,
      0.03054502233862877,
      -0.48740431666374207,
      0.1546783745288849,
      0.9293716549873352,
      0.3351762294769287,
      0.4632175862789154,
      -0.3678796887397766,
      0.8062840104103088
    ],
    [
      0.6297993659973145,
      -0.7044723629951477,
      0.3272177278995514,
      0.755023181438446,
      0.6541628837585449,
      -0.044843267649412155,
      -0.18246284127235413,
      0.2752992510795593,
      0.9438843131065369
    ],
    [
      0.5778907537460327,
      -0.04997154697775841,
      -0.8145827054977417,
      0.41192129254341125,
      0.8795145153999329,
      0.23827509582042694,
      0.7045304179191589,
      -0.4732409715652466,
      0.5288476347923279
    ],
    [
      -0.053005464375019073,
      0.322065144777298,
      0.9452325105667114,
      -0.015914253890514374,
      0.9461705088615417,
      -0.32327717542648315,
      -0.9984674453735352,
      -0.032178133726119995,
      -0.04502677917480469
    ],
    [
      0.9607915878295898,
      -0.18857578933238983,
      0.20327013731002808,
      0.2754627466201782,
      0.7327876687049866,
      -0.6222078204154968,
      -0.031620513647794724,
      0.6538053154945374,
      0.7560018301010132
    ],
    [
      0.968083381652832,
      0.22219960391521454,
      0.11593928933143616,
      -0.19872994720935822,
      0.9624148607254028,
      -0.1851056069135666,
      -0.15271207690238953,
      0.15615704655647278,
      0.9758555293083191
    ],
    [
      0.9549137949943542,
      0.17490772902965546,
      -0.23988918960094452,
      -0.10545780509710312,
      0.9551690816879272,
      0.2766416072845459,
      0.2775215208530426,
      -0.23887071013450623,
      0.9305495023727417
    ],
    [
      0.8884553909301758,
      -0.2962040603160858,
      0.3505855202674866,
      0.25399306416511536,
      0.9535481929779053,
      0.1619671881198883,
      -0.3822755217552185,
      -0.054854340851306915,
      0.9224188327789307
    ]
  ],
  "root_rot": [
    -0.8042728304862976,
    0.2263880968093872,
    -0.5494484901428223,
    -0.10543803125619888,
    -0.9642853736877441,
    -0.2429741770029068,
    -0.5848316550254822,
    -0.13748475909233093,
    0.7994184494018555
  ],
  "root_trans": [
    -0.2791234254837036,
    0.5505560636520386,
    2.447965383529663
  ]
}