{
  "betas": [
    -0.984053909778595,
    1.0080617666244507,
    1.0150952339172363,
    -0.9931092262268066,
    -0.48936164379119873,
    -0.3483482599258423,
    0.812811017036438,
    0.5842710733413696,
    -0.6913182735443115,
    1.163729190826416
  ],
  "joints": [
    [
      0.8920345902442932,
      -0.43582773208618164,
      -0.11970146000385284,
      0.45145750045776367,
      0.8717840313911438,
      0.19020713865756989,
      0.02145627699792385,
      -0.22371147572994232,
      0.9744192361831665
    ],
    [
      0.9718269109725952,
      0.19136403501033783,
      0.13759426772594452,
      -0.16605965793132782,
      0.1416371613740921,
      0.9758909344673157,
      0.16726192831993103,
      -0.9712460041046143,
      0.1694246530532837
    ],
    [
      0.9917412400245667,
      -0.09819420427083969,
      -0.08250594139099121,
      0.03478505462408066,
      0.8251185417175293,
      -0.563887894153595,
      0.12344770133495331,
      0.5563609004020691,
      0.821719765663147
    ],
    [
      0.9954952597618103,
      -0.023650914430618286,
      -0.09181463718414307,
      -0.03502333164215088,
      0.8081631660461426,
      -0.5879163146018982,
      0.0881059542298317,
      0.5884835124015808,
      0.8036942481994629
    ],
    [
      0.958385705947876,
      -0.23130257427692413,
      0.16731972992420197,
      0.1718815416097641,
      -0.0004357084690127522,
      -0.985117495059967,
      0.2279331535100937,
      0.9728817939758301,
      0.03933906927704811
    ],
    [
      0.9854005575180054,
      -0.1084408238530159,
      -0.13124890625476837,
      0.08074581623077393,
      0.9763672351837158,
      -0.20046721398830414,
      0.14988596737384796,
      0.18694272637367249,
      0.9708689451217651
    ],
    [
      0.9763190746307373,
      0.18333952128887177,
      -0.11483792960643768,
      -0.20549218356609344,
      0.9518869519233704,
      -0.2273419052362442,
      0.06763196736574173,
      0.2455565184354782,
      0.9670202136039734
    ],
    [
      0.8987029194831848,
      -0.4297425150871277,
      0.08748971670866013,
      0.41993528604507446,
      0.7857269048690796,
      -0.4541890025138855,
      0.12644127011299133,
      0.44492098689079285,
      0.8865991234779358
    ],
    [
      0.9970508813858032,
      -0.04926874116063118,
      -0.05883956700563431,
      0.05192564055323601,
      0.9976584315299988,
      0.04451295733451843,
      0.05650869011878967,
      -0.04743696376681328,
      0.9972745180130005
    ],
    [
      0.9227140545845032,
      -0.20772668719291687,
      0.3247282803058624,
      -0.020873047411441803,
      0.8142292499542236,
      0.5801680684089661,
      -0.384919673204422,
      -0.5421072840690613,
      0.7469648718833923
    ],
    [
      0.8607250452041626,
      0.43320873379707336,
      0.26736220717430115,
      -0.4351745545864105,
      0.8986565470695496,
      -0.05513187125325203,
      -0.26415038108825684,
      -0.0688958466053009,
      0.9620175957679749
    ],
    [
      0.9966578483581543,
      0.03391800820827484,
      -0.0743144080042839,
      -0.0566120408475399,
      0.9426247477531433,
      -0.3290193974971771,
      0.05889090895652771,
      0.3321268856525421,
      0.9413945078849792
    ],
    [
      0.7901747822761536,
      0.0664767324924469,
      -0.6092657446861267,
      0.11746707558631897,
      0.9592433571815491,
      0.2570091784000397,
      0.6015192270278931,
      -0.27465081214904785,
      0.7501611113548279
    ],
    [
      0.8814573884010315,
      -0.08882419764995575,
      0.4638352692127228,
      0.017448676750063896,
      0.9876081347465515,
      0.15596753358840942,
      -0.47194111347198486,
      -0.12938542664051056,
      0.872084379196167
    ],
    [
      0.9926820993423462,
      -0.11489178985357285,
      -0.03717857599258423,
      0.12068270146846771,
      0.9547129273414612,
      0.2719540596008301,
      0.004249570891261101,
      -0.27445071935653687,
      0.961591899394989
    ],
    [
      0.5630225539207458,
      0.47947627305984497,
      -0.6731330156326294,
      -0.515666663646698,
      0.8403083086013794,
      0.1672416776418686,
      0.6458277106285095,
      0.2529514729976654,
      0.7203624844551086
    ],
    [
      0.8837491273880005,
      -0.3540906310081482,
      0.30595314502716064,
      0.3405493199825287,
      0.9350537657737732,
      0.09849105775356293,
      -0.3209574222564697,
      0.017150750383734703,
      0.9469382762908936
    ],
    [
      -0.25756919384002686,
      -0.38768470287323,
      -0.8850753903388977,
      0.16798363626003265,
      0.8840664625167847,
      -0.43612825870513916,
      0.9515458345413208,
      -0.26101139187812805,
      -0.1625836044549942
    ],
    [
      -0.5992703437805176,
      0.3128046989440918,
      0.736904501914978,
      -0.10006531327962875,
      0.8840133547782898,
      -0.45662593841552734,
      -0.7942682504653931,
      -0.34738096594810486,
      -0.49846208095550537
    ],
    [
      0.8014770746231079,
      -0.4481602907180786,
      0.3959631621837616,
      0.5831314921379089,
      0.7325183749198914,
      -0.35124701261520386,
      -0.13263534009456635,
      0.5124150514602661,
      0.8484330773353577
    ],
    [
      0.8000025153160095,
      0.5128780007362366,
      -0.3113713264465332,
      -0.5949749946594238,
      0.6111189126968384,
      -0.5220521688461304,
      -0.07746418565511703,
      0.6029012203216553,
      0.7940462231636047
    ],
    [
      0.8927887678146362,
      0.20381852984428406,
      -0.401729017496109,
      -0.1831035614013672,
      0.9789865016937256,
      0.08976894617080688,
      0.41158387064933777,
      -0.006586696021258831,
      0.9113480448722839
    ],
    [
      0.9067823886871338,
      -0.2899964451789856,
      0.30601930618286133,
      0.23574675619602203,
      0.9505424499511719,
      0.20221903920173645,
      -0.34952712059020996,
      -0.11122559756040573,
      0.9303008913993835
    ]
  ],
  "root_rot": [
    0.6400581002235413,
    0.6122533082962036,
    -0.4641890525817871,
    0.47878918051719666,
    -0.7903438210487366,
    -0.38225317001342773,
    -0.6009047627449036,
    0.022415533661842346,
    -0.7990062236785889
  ],
  "root_trans": [
    -0.31161513924598694,
    0.30335214734077454,
    2.468820810317993
  ]
}