{
  "betas": [
    -0.7037593722343445,
    0.9066141843795776,
    1.3368914127349854,
    0.24064114689826965,
    0.16021275520324707,
    -0.4038848876953125,
    -0.3599993586540222,
    0.38218459486961365,
    -0.07836559414863586,
    0.4738839268684387
  ],
  "joints": [
    [
      0.9429238438606262,
      -0.32681336998939514,
      -0.063933826982975,
      0.3329864740371704,
      0.9231255650520325,
      0.19224758446216583,
      -0.0038101342506706715,
      -0.20256395637989044,
      0.9792615175247192
    ],
    [
      0.956453800201416,
      0.2892172634601593,
      -0.03936273977160454,
      -0.2874404788017273,
      0.9567309021949768,
      0.04520920664072037,
      0.05073483660817146,
      -0.031926076859235764,
      0.9982016682624817
    ],
    [
      0.9976158142089844,
      -0.030971650034189224,
      0.06167218089103699,
      0.03485288843512535,
      0.9974120259284973,
      -0.06288568675518036,
      -0.059564895927906036,
      0.0648852065205574,
      0.9961134791374207
    ],
    [
      0.9979286789894104,
      -0.00036622225889004767,
      -0.06432866305112839,
      -0.0018211840651929379,
      0.9994221925735474,
      -0.033941227942705154,
      0.064303919672966,
      0.03398807719349861,
      0.9973514080047607
    ],
    [
      0.9787130951881409,
      0.02963588573038578,
      0.20308242738246918,
      -0.002674222458153963,
      0.991276741027832,
      -0.13176947832107544,
      -0.20521600544452667,
      0.12842141091823578,
      0.9702547788619995
    ],
    [
      0.9876129031181335,
      -0.06513521075248718,
      -0.14275218546390533,
      0.07058076560497284,
      0.9969462156295776,
      0.03341576084494591,
      0.14013971388339996,
      -0.04307739436626434,
      0.9891942143440247
    ],
    [
      0.991303026676178,
      0.11914030462503433,
      -0.05589089170098305,
      -0.12914231419563293,
      0.9623802304267883,
      -0.23905335366725922,
      0.02530740387737751,
      0.2441922128200531,
      0.9693964719772339
    ],
    [
      0.926466166973114,
      -0.3641170859336853,
      -0.09528502821922302,
      0.37606433033943176,
      0.9058732986450195,
      0.1948569267988205,
      0.015365430153906345,
      -0.2163616418838501,
      0.9761924147605896
    ],
    [
      0.9996445775032043,
      0.0031864282209426165,
      0.026466863229870796,
      -0.0016649480676278472,
      0.9983550310134888,
      -0.05731040611863136,
      -0.026605941355228424,
      0.057245977222919464,
      0.9980055093765259
    ],
    [
      0.9639723896980286,
      -0.04036801680922508,
      0.2629212737083435,
      -0.13890662789344788,
      0.7665515542030334,
      0.6269797682762146,
      -0.2268526554107666,
      -0.6409127116203308,
      0.7333271503448486
    ],
    [
      0.9437383413314819,
      0.22652310132980347,
      0.24092575907707214,
      -0.2286844700574875,
      0.9733085632324219,
      -0.019336264580488205,
      -0.23887521028518677,
      -0.03684759512543678,
      0.9703509211540222
    ],
    [
      0.8597785830497742,
      0.3372308909893036,
      0.38347890973091125,
      -0.3099815547466278,
      0.9414106011390686,
      -0.13288147747516632,
      -0.40582287311553955,
      -0.004622732754796743,
      0.9139400124549866
    ],
    [
      0.7410627007484436,
      -0.0330422967672348,
      -0.6706223487854004,
      0.32416075468063354,
      0.8922831416130066,
      0.31424596905708313,
      0.5880016684532166,
      -0.45026543736457825,
      0.6719487905502319
    ],
    [
      0.9524790644645691,
      -0.187455952167511,
      0.24009132385253906,
      0.20224300026893616,
      0.9785870313644409,
      -0.03827821463346481,
      -0.22777476906776428,
      0.08501598984003067,
      0.9699953198432922
    ],
    [
      0.8757150769233704,
      -0.16842691600322723,
      0.4524991512298584,
      0.1937464326620102,
      0.9810025095939636,
      -0.009810902178287506,
      -0.44225046038627625,
      0.0962616577744484,
      0.8917108178138733
    ],
    [
      0.32027333974838257,
      0.6481666564941406,
      -0.6908726692199707,
      -0.6076428890228271,
      0.7000547647476196,
      0.3750913143157959,
      0.7267703413963318,
      0.29967209696769714,
      0.6180627346038818
    ],
    [
      0.603406548500061,
      -0.7434362769126892,
      0.28844940662384033,
      0.7972457408905029,
      0.5702686905860901,
      -0.1979718655347824,
      -0.017314201220870018,
      0.3494225740432739,
      0.9368053078651428
    ],
    [
      -0.03278551623225212,
      -0.2885293960571289,
      -0.9569096565246582,
      -0.22673557698726654,
      0.9346094131469727,
      -0.27403703331947327,
      0.9734044671058655,
      0.20798097550868988,
      -0.09606153517961502
    ],
    [
      -0.12353092432022095,
      0.41669562458992004,
      0.9006136059761047,
      0.15098586678504944,
      0.9048907160758972,
      -0.3979648947715759,
      -0.9807871580123901,
      0.08681894838809967,
      -0.1746971309185028
    ],
    [
      0.972454309463501,
      -0.12212951481342316,
      0.19853690266609192,
      0.19324545562267303,
      0.8986941576004028,
      -0.39370664954185486,
      -0.13034076988697052,
      0.4212281405925751,
      0.8975399732589722
    ],
    [
      0.9881483912467957,
      0.14643602073192596,
      0.04603540897369385,
      -0.13058039546012878,
      0.9595577120780945,
      -0.24939492344856262,
      -0.08069402724504471,
      0.2404278665781021,
      0.9673070907592773
    ],
    [
      0.8601155281066895,
      0.42172425985336304,
      -0.2869666814804077,
      -0.27090635895729065,
      0.8543309569358826,
      0.4435405731201172,
      0.4322164058685303,
      -0.3037550449371338,
      0.8490710854530334
    ],
    [
      0.7980954051017761,
      -0.5496564507484436,
      0.24682290852069855,
      0.34113970398902893,
      0.7498729825019836,
      0.5668457746505737,
      -0.49665626883506775,
      -0.36819586157798767,
      0.7859798073768616
    ]
  ],
  "root_rot": [
    0.8914998769760132,
    -0.09515435993671417,
    0.44291502237319946,
    -0.11341595649719238,
    -0.9934365153312683,
    0.01485721580684185,
    0.43859419226646423,
    -0.06347882747650146,
    -0.8964405655860901
  ],
  "root_trans": [
    0.14801956713199615,
    0.5403715968132019,
    2.5839219093322754
  ]
}