{
  "betas": [
    -0.6132069230079651,
    0.4513869881629944,
    1.2141612768173218,
    0.40039336681365967,
    0.43612560629844666,
    0.2031540870666504,
    0.2652108371257782,
    0.31845641136169434,
    0.12257160246372223,
    1.0720961093902588
  ],
  "joints": [
    [
      0.9652590751647949,
      -0.25927960872650146,
      0.03238788992166519,
      0.2550743818283081,
      0.9618986248970032,
      0.09842754900455475,
      -0.056674130260944366,
      -0.08674676716327667,
      0.9946169853210449
    ],
    [
      0.9542158842086792,
      0.29156801104545593,
      -0.0667831152677536,
      -0.26792868971824646,
      0.9324073195457458,
      0.24255071580410004,
      0.1329890936613083,
      -0.21355266869068146,
      0.9678373336791992
    ],
    [
      0.9994606971740723,
      -0.03278225287795067,
      0.001925464253872633,
      0.03266981989145279,
      0.9866687655448914,
      -0.15942788124084473,
      0.0033266094978898764,
      0.15940479934215546,
      0.9872076511383057
    ],
    [
      0.9994335174560547,
      0.025481710210442543,
      0.02198559232056141,
      -0.021711943671107292,
      0.9873093962669373,
      -0.15731726586818695,
      -0.02571529895067215,
      0.15675079822540283,
      0.9873033761978149
    ],
    [
      0.9982219934463501,
      0.05374131724238396,
      0.025784363970160484,
      -0.04622998461127281,
      0.9710817337036133,
      -0.23422864079475403,
      -0.0376264825463295,
      0.23262013494968414,
      0.9718396067619324
    ],
    [
      0.9933478236198425,
      0.06317581981420517,
      -0.09627563506364822,
      -0.06450790911912918,
      0.9978589415550232,
      -0.010783848352730274,
      0.09538822621107101,
      0.01692265085875988,
      0.9952963590621948
    ],
    [
      0.9948583245277405,
      -0.0551447868347168,
      0.08494733273983002,
      0.056037694215774536,
      0.9983953237533569,
      -0.008161169476807117,
      -0.08436096459627151,
      0.012879458256065845,
      0.9963520765304565
    ],
    [
      0.9437836408615112,
      -0.31566321849823,
      -0.09812799841165543,
      0.3015778958797455,
      0.943773090839386,
      -0.13543692231178284,
      0.13536302745342255,
      0.09822992980480194,
      0.9859146475791931
    ],
    [
      0.99651700258255,
      0.07438485324382782,
      0.037694212049245834,
      -0.07546473294496536,
      0.996752917766571,
      0.02808295749127865,
      -0.035482872277498245,
      -0.03082972578704357,
      0.9988946914672852
    ],
    [
      0.9912602305412292,
      -0.08245190978050232,
      0.10297996550798416,
      0.04109650477766991,
      0.9347761273384094,
      0.35285234451293945,
      -0.1253565400838852,
      -0.34553635120391846,
      0.9299948811531067
    ],
    [
      0.9749746918678284,
      0.22137652337551117,
      -0.020414413884282112,
      -0.22218888998031616,
      0.9734032154083252,
      -0.055841103196144104,
      0.007509549614042044,
      0.058979522436857224,
      0.9982308745384216
    ],
    [
      0.9673765897750854,
      -0.10519503802061081,
      -0.23047010600566864,
      0.10994533449411392,
      0.9939067959785461,
      0.007829557172954082,
      0.2282421737909317,
      -0.032913241535425186,
      0.9730478525161743
    ],
    [
      0.8939661979675293,
      0.3867451846599579,
      -0.22639037668704987,
      -0.3541191518306732,
      0.9192443490028381,
      0.17201587557792664,
      0.27463439106941223,
      -0.0736071988940239,
      0.958727240562439
    ],
    [
      0.8580448627471924,
      -0.07835704833269119,
      0.507561981678009,
      -0.05208466202020645,
      0.9699200987815857,
      0.23778583109378815,
      -0.5109268426895142,
      -0.23046709597110748,
      0.8281537294387817
    ],
    [
      0.9946913719177246,
      -0.06756624579429626,
      0.07761412113904953,
      0.04307540878653526,
      0.958372175693512,
      0.2822537422180176,
      -0.09345404803752899,
      -0.277412086725235,
      0.9561949968338013
    ],
    [
      0.49439841508865356,
      0.723594069480896,
      -0.48164495825767517,
      -0.8633267283439636,
      0.47326144576072693,
      -0.17518745362758636,
      0.10117938369512558,
      0.5024293065071106,
      0.8586778044700623
    ],
    [
      0.7164903283119202,
      -0.4915156960487366,
      0.4950292408466339,
      0.4273103177547455,
      0.8701390027999878,
      0.24548712372779846,
      -0.5514050722122192,
      0.03564195707440376,
      0.8334758877754211
    ],
    [
      0.17874397337436676,
      -0.39859309792518616,
      -0.8995410203933716,
      0.05078699067234993,
      0.9167836904525757,
      -0.39614176750183105,
      0.9825839400291443,
      0.025122974067926407,
      0.18411290645599365
    ],
    [
      0.11285856366157532,
      0.22169505059719086,
      0.9685631394386292,
      -0.0834500640630722,
      0.9734617471694946,
      -0.21309258043766022,
      -0.9901005625724792,
      -0.05677732080221176,
      0.1283639669418335
    ],
    [
      0.9602804183959961,
      -0.20528113842010498,
      0.18900029361248016,
      0.27531954646110535,
      0.8072349429130554,
      -0.5220831632614136,
      -0.045393820852041245,
      0.5533817410469055,
      0.8316898345947266
    ],
    [
      0.9635868668556213,
      0.2650682032108307,
      0.035201508551836014,
      -0.21849997341632843,
      0.8564199209213257,
      -0.46776342391967773,
      -0.15413649380207062,
      0.4430391788482666,
      0.8831523656845093
    ],
    [
      0.9926055669784546,
      -0.026312686502933502,
      -0.11849828064441681,
      0.021961433812975883,
      0.9990410804748535,
      -0.037877436727285385,
      0.11938130110502243,
      0.03499495983123779,
      0.9922316074371338
    ],
    [
      0.9722805619239807,
      -0.10999104380607605,
      0.2063310444355011,
      0.10482452809810638,
      0.9938446879386902,
      0.0358411930501461,
      -0.20900321006774902,
      -0.013219138607382774,
      0.9778256416320801
    ]
  ],
  "root_rot": [
    -0.9669085144996643,
    -0.045476242899894714,
    -0.2510376274585724,
    0.05830153450369835,
    -0.9973338842391968,
    -0.04388684034347534,
    -0.24837252497673035,
    -0.05707043781876564,
    0.9669819474220276
  ],
  "root_trans": [
    -0.5513327717781067,
    0.5697837471961975,
    2.273305654525757
  ]
}