{
  "betas": [
    -0.7339158654212952,
    0.45729026198387146,
    1.3386366367340088,
    0.3159273862838745,
    0.7394300103187561,
    -0.04404338449239731,
    0.09445148706436157,
    0.35264119505882263,
    0.08865070343017578,
    0.8293235898017883
  ],
  "joints": [
    [
      0.9308719038963318,
      -0.36184316873550415,
      -0.05046875774860382,
      0.3577333986759186,
      0.8746851086616516,
      0.32703638076782227,
      -0.07419160008430481,
      -0.3224833011627197,
      0.9436631798744202
    ],
    [
      0.9240865707397461,
      0.3821534514427185,
      -0.0047699445858597755,
      -0.33576521277427673,
      0.8177501559257507,
      0.4674895405769348,
      0.18255336582660675,
      -0.43039923906326294,
      0.8839857578277588
    ],
    [
      0.9995993971824646,
      -0.01763884350657463,
      0.022134792059659958,
      0.02504214085638523,
      0.9156282544136047,
      -0.40124520659446716,
      -0.013189739547669888,
      0.4016387462615967,
      0.9157031774520874
    ],
    [
      0.9893514513969421,
      0.1341242492198944,
      -0.05651826784014702,
      -0.14318309724330902,
      0.8272238969802856,
      -0.5433224439620972,
      -0.026119446381926537,
      0.5456293225288391,
      0.8376194834709167
    ],
    [
      0.9994685053825378,
      -0.03256029635667801,
      0.001571428612805903,
      0.02537430450320244,
      0.7468150854110718,
      -0.6645475029945374,
      0.020464306697249413,
      0.6642342209815979,
      0.7472443580627441
    ],
    [
      0.9966375827789307,
      0.00616137869656086,
      -0.08170463144779205,
      -0.010200652293860912,
      0.9987412095069885,
      -0.04911251366138458,
      0.08129917830228806,
      0.04978081211447716,
      0.9954458475112915
    ],
    [
      0.9961672425270081,
      -0.08194426447153091,
      -0.030595913529396057,
      0.0853562131524086,
      0.9871175289154053,
      0.13532589375972748,
      0.019112585112452507,
      -0.13741876184940338,
      0.9903286099433899
    ],
    [
      0.9569522738456726,
      -0.269927442073822,
      -0.10668426007032394,
      0.28030985593795776,
      0.954846978187561,
      0.09845643490552902,
      0.07529104501008987,
      -0.12412276118993759,
      0.9894062876701355
    ],
    [
      0.9991995096206665,
      0.01657881774008274,
      0.036406587809324265,
      -0.018810445442795753,
      0.9979090690612793,
      0.06183585152029991,
      -0.03530529886484146,
      -0.0624711811542511,
      0.9974220991134644
    ],
    [
      0.9895668625831604,
      -0.03183213993906975,
      0.14051400125026703,
      -0.02817799150943756,
      0.9136912226676941,
      0.4054311215877533,
      -0.14129213988780975,
      -0.4051606059074402,
      0.9032616019248962
    ],
    [
      0.9703466296195984,
      0.23350296914577484,
      0.06248049810528755,
      -0.22390426695346832,
      0.9656806588172913,
      -0.13163448870182037,
      -0.09107326716184616,
      0.1137414276599884,
      0.9893273115158081
    ],
    [
      0.9831404685974121,
      0.07418516278266907,
      -0.16712665557861328,
      -0.02104855701327324,
      0.9538403153419495,
      0.2995758354663849,
      0.18163621425628662,
      -0.2910073697566986,
      0.9393205046653748
    ],
    [
      0.84150230884552,
      0.42951807379722595,
      -0.32770124077796936,
      -0.3852907717227936,
      0.9023246169090271,
      0.1932908296585083,
      0.37871479988098145,
      -0.0363943986594677,
      0.9247975945472717
    ],
    [
      0.7741837501525879,
      -0.42299023270606995,
      0.47087016701698303,
      0.39373189210891724,
      0.9042974710464478,
      0.1649884730577469,
      -0.495595246553421,
      0.05766521021723747,
      0.8666371703147888
    ],
    [
      0.98908531665802,
      -0.12120435386896133,
      -0.08378375321626663,
      0.14043742418289185,
      0.9475300908088684,
      0.2871655523777008,
      0.044581908732652664,
      -0.2957976162433624,
      0.9542097449302673
    ],
    [
      0.47725799679756165,
      0.7059406638145447,
      -0.5233283638954163,
      -0.8514320850372314,
      0.5188425779342651,
      -0.07658810913562775,
      0.21745836734771729,
      0.48213085532188416,
      0.8486822843551636
    ],
    [
      0.5347132682800293,
      -0.6976863741874695,
      0.4767760634422302,
      0.7643418312072754,
      0.6399276852607727,
      0.0792093351483345,
      -0.36036548018455505,
      0.3220655918121338,
      0.8754487037658691
    ],
    [
      0.3608403205871582,
      -0.30335181951522827,
      -0.8819137215614319,
      0.10168198496103287,
      0.9527819752693176,
      -0.2861245274543762,
      0.9270679354667664,
      0.013570529408752918,
      0.3746475577354431
    ],
    [
      0.32582056522369385,
      0.28846365213394165,
      0.9003497958183289,
      -0.18667280673980713,
      0.9531970620155334,
      -0.23784182965755463,
      -0.926819384098053,
      -0.09057708084583282,
      0.36441951990127563
    ],
    [
      0.9303973317146301,
      -0.24505719542503357,
      0.27259448170661926,
      0.35068073868751526,
      0.8115453124046326,
      -0.4673512578010559,
      -0.10669495910406113,
      0.5304160118103027,
      0.8409964442253113
    ],
    [
      0.9336116313934326,
      0.327496200799942,
      -0.14531195163726807,
      -0.35708990693092346,
      0.8174080848693848,
      -0.4520297050476074,
      -0.029258811846375465,
      0.4739096164703369,
      0.8800872564315796
    ],
    [
      0.9933730363845825,
      -0.05801431089639664,
      -0.0992182046175003,
      0.0572989284992218,
      0.9983065128326416,
      -0.010046960785984993,
      0.09963304549455643,
      0.004295282531529665,
      0.9950149059295654
    ],
    [
      0.9910722970962524,
      0.03743627294898033,
      0.1279623657464981,
      -0.03214225918054581,
      0.9985496997833252,
      -0.04319033771753311,
      -0.12939366698265076,
      0.038691747933626175,
      0.9908382296562195
    ]
  ],
  "root_rot": [
    -0.932367205619812,
    -0.009843302890658379,
    -0.3613787293434143,
    0.04139836132526398,
    -0.9959604740142822,
    -0.07968077808618546,
    -0.35913458466529846,
    -0.08925222605466843,
    0.9290083646774292
  ],
  "root_trans": [
    -0.5242140889167786,
    0.6585679054260254,
    2.31892991065979
  ]
}