{
  "betas": [
    -1.0247862339019775,
    0.7462023496627808,
    1.561287760734558,
    0.27526164054870605,
    0.2311754822731018,
    -0.06082858890295029,
    0.34373751282691956,
    0.5888473987579346,
    -0.38903549313545227,
    0.9736822247505188
  ],
  "joints": [
    [
      0.9325686097145081,
      -0.3423057496547699,
      -0.11464089155197144,
      0.3587242066860199,
      0.914283037185669,
      0.1881580501794815,
      0.040406644344329834,
      -0.21659475564956665,
      0.9754250049591064
    ],
    [
      0.9705587029457092,
      0.2352219820022583,
      -0.051830850541591644,
      -0.22641821205615997,
      0.9643762111663818,
      0.13679689168930054,
      0.08216206729412079,
      -0.12103396654129028,
      0.9892422556877136
    ],
    [
      0.9976791739463806,
      0.016380595043301582,
      0.06608913838863373,
      -0.004822146147489548,
      0.985191285610199,
      -0.1713908463716507,
      -0.06791792809963226,
      0.1706744134426117,
      0.9829838275909424
    ],
    [
      0.9905086755752563,
      -0.007133105769753456,
      -0.1372646540403366,
      -0.06986501812934875,
      0.833894670009613,
      -0.5474837422370911,
      0.11836953461170197,
      0.5518774390220642,
      0.8254815340042114
    ],
    [
      0.9981631636619568,
      0.052886880934238434,
      0.029551440849900246,
      -0.024342862889170647,
      0.7967960238456726,
      -0.6037577986717224,
      -0.05547734349966049,
      0.6019294261932373,
      0.7966198325157166
    ],
    [
      0.9942755699157715,
      -0.0732269436120987,
      -0.07780640572309494,
      0.08053296059370041,
      0.9921826124191284,
      0.09533228725194931,
      0.07021725922822952,
      -0.10105255246162415,
      0.9924001097679138
    ],
    [
      0.9947632551193237,
      0.10005070269107819,
      -0.02087656408548355,
      -0.10214629769325256,
      0.9801799058914185,
      -0.16974540054798126,
      0.003479641629382968,
      0.17098896205425262,
      0.9852667450904846
    ],
    [
      0.9203189611434937,
      -0.28718796372413635,
      -0.2655864357948303,
      0.3501181900501251,
      0.9075530767440796,
      0.23187223076820374,
      0.174442857503891,
      -0.30638304352760315,
      0.9357880353927612
    ],
    [
      0.9994805455207825,
      -0.007412143051624298,
      0.031361959874629974,
      0.00994907133281231,
      0.9966216087341309,
      -0.0815252810716629,
      -0.03065173141658306,
      0.08179496973752975,
      0.9961776733398438
    ],
    [
      0.9578344225883484,
      -0.1826065182685852,
      0.22182916104793549,
      -0.06377562880516052,
      0.617678701877594,
      0.7838404178619385,
      -0.2801534831523895,
      -0.7649365663528442,
      0.5799880623817444
    ],
    [
      0.9107506275177002,
      0.36075666546821594,
      0.20096728205680847,
      -0.3129546344280243,
      0.9204705953598022,
      -0.23407934606075287,
      -0.2694301903247833,
      0.15029427409172058,
      0.9512196183204651
    ],
    [
      0.9491374492645264,
      0.29799675941467285,
      0.10166598856449127,
      -0.2816859185695648,
      0.9479153752326965,
      -0.14869296550750732,
      -0.14068076014518738,
      0.11249218881130219,
      0.9836434721946716
    ],
    [
      0.7856705188751221,
      -0.3441033959388733,
      -0.5141154527664185,
      0.5620393753051758,
      0.7442964911460876,
      0.36074158549308777,
      0.2585219144821167,
      -0.5723771452903748,
      0.7781714797019958
    ],
    [
      0.9328175783157349,
      -0.21358630061149597,
      0.29022806882858276,
      0.174393430352211,
      0.9723859429359436,
      0.15508858859539032,
      -0.31533849239349365,
      -0.09405548125505447,
      0.9443067312240601
    ],
    [
      0.99056077003479,
      -0.07764554023742676,
      -0.11296235769987106,
      0.08809421956539154,
      0.9919788837432861,
      0.0906490907073021,
      0.1050177812576294,
      -0.0997447669506073,
      0.9894554615020752
    ],
    [
      0.8430456519126892,
      0.13530048727989197,
      -0.5205456018447876,
      0.06472458690404892,
      0.9352858066558838,
      0.34792405366897583,
      0.5339332222938538,
      -0.3270079493522644,
      0.7797313928604126
    ],
    [
      0.6171597242355347,
      -0.7102986574172974,
      0.33851104974746704,
      0.7526169419288635,
      0.6583920121192932,
      0.009364721365272999,
      -0.22952471673488617,
      0.24898964166641235,
      0.9409158229827881
    ],
    [
      0.39897045493125916,
      -0.08538100123405457,
      -0.9129800796508789,
      0.4954153299331665,
      0.8579017519950867,
      0.1362653523683548,
      0.7716127634048462,
      -0.5066701769828796,
      0.3845764994621277
    ],
    [
      -0.2240724265575409,
      0.3061474859714508,
      0.9252380132675171,
      -0.05652841925621033,
      0.9436970949172974,
      -0.32594531774520874,
      -0.9729317426681519,
      -0.125337615609169,
      -0.19415046274662018
    ],
    [
      0.9545339941978455,
      -0.2154008150100708,
      0.206075981259346,
      0.2961786687374115,
      0.7636727094650269,
      -0.5736567974090576,
      -0.03380846604704857,
      0.6086102724075317,
      0.7927486896514893
    ],
    [
      0.954105794429779,
      0.23964005708694458,
      0.17959630489349365,
      -0.21774683892726898,
      0.9668565988540649,
      -0.13332150876522064,
      -0.2055930346250534,
      0.08809629082679749,
      0.9746643304824829
    ],
    [
      0.9605866074562073,
      0.17244210839271545,
      -0.21803005039691925,
      -0.11775875091552734,
      0.9629123210906982,
      0.2427607774734497,
      0.25180599093437195,
      -0.2075178027153015,
      0.9452672600746155
    ],
    [
      0.9089809656143188,
      -0.21264173090457916,
      0.3585206866264343,
      0.2157391458749771,
      0.9759312868118286,
      0.03185569494962692,
      -0.35666537284851074,
      0.04839072376489639,
      0.932978093624115
    ]
  ],
  "root_rot": [
    -0.8279240131378174,
    0.19908952713012695,
    -0.5243139863014221,
    -0.10185227543115616,
    -0.9727007150650024,
    -0.20851734280586243,
    -0.551514208316803,
    -0.11923393607139587,
    0.8256000280380249
  ],
  "root_trans": [
    -0.3004301190376282,
    0.5587349534034729,
    2.4225056171417236
  ]
}