{
  "betas": [
    -0.8425824046134949,
    0.850906491279602,
    1.4199941158294678,
    0.2433825135231018,
    0.3975261151790619,
    0.11277157813310623,
    0.11506235599517822,
    0.4195306599140167,
    0.1689082235097885,
    0.7564789056777954
  ],
  "joints": [
    [
      0.9442412853240967,
      -0.32844844460487366,
      -0.023021284490823746,
      0.3285039961338043,
      0.9350664019584656,
      0.13317614793777466,
      -0.02221507951617241,
      -0.13331301510334015,
      0.9908249378204346
    ],
    [
      0.9543349146842957,
      0.29060205817222595,
      -0.06924804300069809,
      -0.25838276743888855,
      0.9192805886268616,
      0.29691994190216064,
      0.14994394779205322,
      -0.2654685974121094,
      0.9523881077766418
    ],
    [
      0.9999242424964905,
      -0.003850068897008896,
      0.011691883206367493,
      0.006516392808407545,
      0.9713826179504395,
      -0.23743058741092682,
      -0.010443168692290783,
      0.2374887764453888,
      0.9713340997695923
    ],
    [
      0.9989022016525269,
      0.03267678618431091,
      -0.033563580363988876,
      -0.041305623948574066,
      0.952380895614624,
      -0.30209997296333313,
      0.02209366299211979,
      0.30315473675727844,
      0.9526851177215576
    ],
    [
      0.9996581673622131,
      0.018094684928655624,
      -0.018874989822506905,
      -0.02451665885746479,
      0.8995858430862427,
      -0.43605539202690125,
      0.00908938143402338,
      0.43636903166770935,
      0.8997219800949097
    ],
    [
      0.9954046010971069,
      -0.015095442533493042,
      -0.09456130117177963,
      0.009175902232527733,
      0.9979887008666992,
      -0.06272488087415695,
      0.09531795978546143,
      0.06156894937157631,
      0.9935410618782043
    ],
    [
      0.9998050332069397,
      -0.018673915416002274,
      0.00641836179420352,
      0.018473809584975243,
      0.9993810057640076,
      0.029937956482172012,
      -0.00697344820946455,
      -0.029813548550009727,
      0.9995311498641968
    ],
    [
      0.9434155821800232,
      -0.30784308910369873,
      -0.12328685820102692,
      0.3114267587661743,
      0.9502127170562744,
      0.010450668632984161,
      0.1139315664768219,
      -0.04825414717197418,
      0.9923160672187805
    ],
    [
      0.9995240569114685,
      0.02136782370507717,
      0.02225419320166111,
      -0.022654768079519272,
      0.9979842901229858,
      0.05928046628832817,
      -0.02094264142215252,
      -0.059756405651569366,
      0.9979934096336365
    ],
    [
      0.9818086624145508,
      -0.11960449814796448,
      0.1474667489528656,
      0.0415961854159832,
      0.8932827711105347,
      0.44756633043289185,
      -0.18526047468185425,
      -0.4332904815673828,
      0.8820078372955322
    ],
    [
      0.9481576085090637,
      0.31174275279045105,
      0.06175417825579643,
      -0.3043607175350189,
      0.9466632008552551,
      -0.10579784214496613,
      -0.09144213050603867,
      0.08151748031377792,
      0.9924681782722473
    ],
    [
      0.9769174456596375,
      0.03522748872637749,
      -0.21069256961345673,
      0.017465781420469284,
      0.9698343276977539,
      0.2431384176015854,
      0.2129020392894745,
      -0.2412060648202896,
      0.9468327760696411
    ],
    [
      0.8908913135528564,
      0.3379957675933838,
      -0.30343297123908997,
      -0.3064473867416382,
      0.9403548836708069,
      0.14772507548332214,
      0.3352651298046112,
      -0.03862074017524719,
      0.9413319230079651
    ],
    [
      0.8336586952209473,
      -0.34529832005500793,
      0.43102461099624634,
      0.3243732154369354,
      0.937781572341919,
      0.123885877430439,
      -0.44698452949523926,
      0.03653429076075554,
      0.8937953114509583
    ],
    [
      0.9951674938201904,
      -0.07177432626485825,
      -0.06700849533081055,
      0.08243453502655029,
      0.9814671874046326,
      0.1729932278394699,
      0.05335017293691635,
      -0.17768104374408722,
      0.9826409220695496
    ],
    [
      0.36447399854660034,
      0.7534003853797913,
      -0.5473084449768066,
      -0.8995371460914612,
      0.43683815002441406,
      0.0022950598504394293,
      0.24081432819366455,
      0.49148786067962646,
      0.8369277715682983
    ],
    [
      0.4667799472808838,
      -0.7559753656387329,
      0.4589310586452484,
      0.8062857985496521,
      0.576982855796814,
      0.13036110997200012,
      -0.36334511637687683,
      0.3091796338558197,
      0.8788561820983887
    ],
    [
      0.13525891304016113,
      -0.386264830827713,
      -0.912416934967041,
      0.08073026686906815,
      0.9221140742301941,
      -0.3784024119377136,
      0.987515926361084,
      -0.022477364167571068,
      0.15590740740299225
    ],
    [
      0.16043812036514282,
      0.3784973919391632,
      0.911591649055481,
      -0.1521395593881607,
      0.9220014810562134,
      -0.35604336857795715,
      -0.9752503037452698,
      -0.0815662294626236,
      0.20550860464572906
    ],
    [
      0.9151074290275574,
      -0.2864687442779541,
      0.28375011682510376,
      0.38333579897880554,
      0.8363237977027893,
      -0.3919389545917511,
      -0.12502869963645935,
      0.4674377739429474,
      0.8751398324966431
    ],
    [
      0.9330844879150391,
      0.34684380888938904,
      -0.09514603763818741,
      -0.3562852740287781,
      0.8552639484405518,
      -0.3762770891189575,
      -0.04913439601659775,
      0.3849974274635315,
      0.9216088652610779
    ],
    [
      0.9892297387123108,
      -0.06859192252159119,
      -0.12930519878864288,
      0.06652895361185074,
      0.9975797533988953,
      -0.020211925730109215,
      0.1303786188364029,
      0.011391697451472282,
      0.9913989305496216
    ],
    [
      0.9846290349960327,
      -0.0017016272759065032,
      0.17465044558048248,
      0.007305691950023174,
      0.9994786381721497,
      -0.03144940361380577,
      -0.17450588941574097,
      0.03224193677306175,
      0.9841281175613403
    ]
  ],
  "root_rot": [
    -0.9275826811790466,
    -0.02286146581172943,
    -0.37291786074638367,
    0.05276777222752571,
    -0.9961373209953308,
    -0.07018518447875977,
    -0.3698728680610657,
    -0.08478060364723206,
    0.9252060651779175
  ],
  "root_trans": [
    -0.5056819319725037,
    0.5806530117988586,
    2.318385362625122
  ]
}