{
  "betas": [
    -0.5201104283332825,
    1.2545702457427979,
    0.903016209602356,
    0.28983837366104126,
    -0.03511980175971985,
    0.06003233417868614,
    -0.029895544052124023,
    0.2273140400648117,
    0.40410077571868896,
    0.14229513704776764
  ],
  "joints": [
    [
      0.9616221785545349,
      -0.26293036341667175,
      -0.07842466980218887,
      0.27430808544158936,
      0.9148611426353455,
      0.2962839603424072,
      -0.006154356058686972,
      -0.30642572045326233,
      0.9518746733665466
    ],
    [
      0.987379252910614,
      0.14258335530757904,
      -0.06893642991781235,
      -0.14428558945655823,
      0.9893267750740051,
      -0.020353136584162712,
      0.0652986392378807,
      0.030042797327041626,
      0.9974134564399719
    ],
    [
      0.9929108619689941,
      -0.008257715962827206,
      0.11857403069734573,
      0.020700205117464066,
      0.994352400302887,
      -0.10409003496170044,
      -0.1170448362827301,
      0.10580664128065109,
      0.987474262714386
    ],
    [
      0.9994605779647827,
      0.0325845442712307,
      -0.004100057762116194,
      -0.03266550973057747,
      0.9734201431274414,
      -0.22668558359146118,
      -0.00339537113904953,
      0.22669722139835358,
      0.9739594459533691
    ],
    [
      0.9979499578475952,
      0.02857235074043274,
      0.05726657435297966,
      -0.0009759345557540655,
      0.9014978408813477,
      -0.4327826201915741,
      -0.06399130076169968,
      0.4318395256996155,
      0.8996776342391968
    ],
    [
      0.9955112338066101,
      -0.010712724179029465,
      -0.09403499960899353,
      0.005945890676230192,
      0.9986897706985474,
      -0.05082669481635094,
      0.09445629268884659,
      0.05003942549228668,
      0.9942705631256104
    ],
    [
      0.9928185939788818,
      0.08999575674533844,
      -0.07881681621074677,
      -0.10452363640069962,
      0.9730420112609863,
      -0.20558233559131622,
      0.05819053575396538,
      0.21234415471553802,
      0.9754608869552612
    ],
    [
      0.925108015537262,
      -0.3795170187950134,
      -0.01191150862723589,
      0.3765310049057007,
      0.9128790497779846,
      0.15772195160388947,
      -0.04898440092802048,
      -0.15039490163326263,
      0.9874116778373718
    ],
    [
      0.9981383085250854,
      0.012157526798546314,
      0.059766896069049835,
      -0.013509761542081833,
      0.9996606707572937,
      0.022273359820246696,
      -0.05947582423686981,
      -0.023039331659674644,
      0.9979638457298279
    ],
    [
      0.9583985805511475,
      -0.18720221519470215,
      0.2154701054096222,
      0.11701357364654541,
      0.9462218284606934,
      0.3016158640384674,
      -0.2603456676006317,
      -0.26385533809661865,
      0.9287628531455994
    ],
    [
      0.8515984416007996,
      0.4245174527168274,
      0.30751436948776245,
      -0.4694296717643738,
      0.8786734342575073,
      0.08699866384267807,
      -0.2332722693681717,
      -0.21844428777694702,
      0.9475579857826233
    ],
    [
      0.9233642816543579,
      -0.11412131786346436,
      -0.36657169461250305,
      0.07280460000038147,
      0.9895235896110535,
      -0.12467020004987717,
      0.37695881724357605,
      0.08842790126800537,
      0.9219992756843567
    ],
    [
      0.9584700465202332,
      0.26707854866981506,
      0.10002154856920242,
      -0.2678835988044739,
      0.9634352922439575,
      -0.005543975625187159,
      -0.09784497320652008,
      -0.021480398252606392,
      0.9949698448181152
    ],
    [
      0.9419075846672058,
      -0.2889103889465332,
      0.17129196226596832,
      0.28630438446998596,
      0.9572917819023132,
      0.040277741849422455,
      -0.17561304569244385,
      0.011103733442723751,
      0.9843966960906982
    ],
    [
      0.9880266189575195,
      -0.08881872147321701,
      -0.12615379691123962,
      0.09841090440750122,
      0.9925416707992554,
      0.07194626331329346,
      0.11882273852825165,
      -0.0834997147321701,
      0.9893983006477356
    ],
    [
      0.4466884732246399,
      0.8047698140144348,
      -0.39091557264328003,
      -0.8946707248687744,
      0.3989497125148773,
      -0.20100601017475128,
      -0.005807902663946152,
      0.4395277798175812,
      0.8982102870941162
    ],
    [
      0.6554930806159973,
      -0.6525432467460632,
      0.38015270233154297,
      0.6658018827438354,
      0.7369140386581421,
      0.11689966171979904,
      -0.35642194747924805,
      0.17647947371006012,
      0.9175065755844116
    ],
    [
      -0.006167169660329819,
      -0.3234253525733948,
      -0.9462336301803589,
      0.0009853491792455316,
      0.9462491869926453,
      -0.3234370946884155,
      0.9999805092811584,
      -0.00292706280015409,
      -0.005516992416232824
    ],
    [
      0.33608493208885193,
      0.2116047590970993,
      0.9177528023719788,
      -0.21112321317195892,
      0.966562807559967,
      -0.14554458856582642,
      -0.9178637266159058,
      -0.14484357833862305,
      0.3695218861103058
    ],
    [
      0.9617702960968018,
      -0.17678438127040863,
      0.20915333926677704,
      0.24580544233322144,
      0.8939716219902039,
      -0.37469252943992615,
      -0.12073735892772675,
      0.4117792248725891,
      0.9032499194145203
    ],
    [
      0.956165611743927,
      0.2928244471549988,
      0.00109597179107368,
      -0.28213149309158325,
      0.9222390651702881,
      -0.26434263586997986,
      -0.07841672748327255,
      0.25244611501693726,
      0.9644282460212708
    ],
    [
      0.9207928776741028,
      0.1446119099855423,
      -0.36225399374961853,
      -0.0905107632279396,
      0.982599675655365,
      0.16218994557857513,
      0.37940528988838196,
      -0.11655543744564056,
      0.9178597331047058
    ],
    [
      0.957855761051178,
      -0.2121763825416565,
      0.19363225996494293,
      0.1158679947257042,
      0.9022101163864136,
      0.4154413044452667,
      -0.2628438174724579,
      -0.37549707293510437,
      0.8887715935707092
    ]
  ],
  "root_rot": [
    -0.9331141114234924,
    0.05289152264595032,
    0.3556691110134125,
    -0.11123194545507431,
    -0.983066201210022,
    -0.1456303596496582,
    0.3419437110424042,
    -0.17545151710510254,
    0.9231961965560913
  ],
  "root_trans": [
    -1.0578837394714355,
    0.5321468710899353,
    2.5526373386383057
  ]
}