{
  "betas": [
    -1.1413147449493408,
    0.9591109752655029,
    1.4894235134124756,
    0.43896421790122986,
    0.05455943942070007,
    0.017697524279356003,
    0.1444208323955536,
    0.48131054639816284,
    0.11556820571422577,
    0.7124736309051514
  ],
  "joints": [
    [
      0.987787127494812,
      -0.13809210062026978,
      -0.07216104120016098,
      0.1517777442932129,
      0.957486093044281,
      0.24532394111156464,
      0.03521590307354927,
      -0.25328025221824646,
      0.966751754283905
    ],
    [
      0.9857791066169739,
      -0.1400042474269867,
      -0.09294299781322479,
      0.13754330575466156,
      0.9899654388427734,
      -0.03240744024515152,
      0.09654753655195236,
      0.019162887707352638,
      0.9951438903808594
    ],
    [
      0.9928184151649475,
      0.011377769522368908,
      0.11908888071775436,
      -0.0015154912834987044,
      0.9965833425521851,
      -0.08257933706045151,
      -0.11962156742811203,
      0.08180580288171768,
      0.9894435405731201
    ],
    [
      0.9922105073928833,
      0.11684257537126541,
      0.04319927841424942,
      -0.06701081246137619,
      0.79294753074646,
      -0.605593740940094,
      -0.1050138995051384,
      0.5979816317558289,
      0.7946006059646606
    ],
    [
      0.9961477518081665,
      -0.03055882640182972,
      -0.082193523645401,
      0.008064803667366505,
      0.9652681946754456,
      -0.2611364424228668,
      0.08731881529092789,
      0.25946763157844543,
      0.9617961645126343
    ],
    [
      0.9986400008201599,
      -0.011467143893241882,
      -0.05085976421833038,
      0.010605905205011368,
      0.9997963309288025,
      -0.017170896753668785,
      0.051046304404735565,
      0.01660812832415104,
      0.9985582232475281
    ],
    [
      0.9988378286361694,
      0.03609960898756981,
      0.031935788691043854,
      -0.031072566285729408,
      0.9888120293617249,
      -0.14589466154575348,
      -0.03684522956609726,
      0.1447327733039856,
      0.9887845516204834
    ],
    [
      0.9723827838897705,
      -0.198445126414299,
      -0.12284689396619797,
      0.1994837373495102,
      0.9798933267593384,
      -0.003911529667675495,
      0.12115307152271271,
      -0.020702451467514038,
      0.9924179911613464
    ],
    [
      0.9976673722267151,
      0.03193849325180054,
      0.06032947078347206,
      -0.030256900936365128,
      0.999133288860321,
      -0.02858460508286953,
      -0.06119013950228691,
      0.026692548766732216,
      0.9977690577507019
    ],
    [
      0.9357810616493225,
      -0.34053218364715576,
      0.09138686954975128,
      0.2276066094636917,
      0.7813949584960938,
      0.5810482501983643,
      -0.26927489042282104,
      -0.5229337215423584,
      0.8087219595909119
    ],
    [
      0.9309539794921875,
      0.30923596024513245,
      0.19415920972824097,
      -0.2948989272117615,
      0.9503240585327148,
      -0.09959370642900467,
      -0.21531210839748383,
      0.035459816455841064,
      0.9759013056755066
    ],
    [
      0.937347412109375,
      -0.10555024445056915,
      -0.3320225477218628,
      0.08353112637996674,
      0.9932929277420044,
      -0.07994826138019562,
      0.33823418617248535,
      0.047205083072185516,
      0.9398772716522217
    ],
    [
      0.9700019359588623,
      0.15251393616199493,
      0.18930329382419586,
      -0.14592386782169342,
      0.9881131649017334,
      -0.04835943132638931,
      -0.19442856311798096,
      0.019284876063466072,
      0.9807270765304565
    ],
    [
      0.940740168094635,
      -0.16719494760036469,
      0.29504889249801636,
      0.1377985030412674,
      0.9834166765213013,
      0.11791176348924637,
      -0.30987024307250977,
      -0.07026703655719757,
      0.948178768157959
    ],
    [
      0.9751377105712891,
      0.004622261971235275,
      -0.22155141830444336,
      0.04724584147334099,
      0.9724586606025696,
      0.22823666036128998,
      0.2165045589208603,
      -0.2330295592546463,
      0.9480627179145813
    ],
    [
      0.47966718673706055,
      0.8268144726753235,
      -0.29376381635665894,
      -0.8529409766197205,
      0.3607849180698395,
      -0.37726110219955444,
      -0.205939382314682,
      0.43152299523353577,
      0.8782805800437927
    ],
    [
      0.39554905891418457,
      -0.789263129234314,
      0.46968576312065125,
      0.800503671169281,
      0.5469707250595093,
      0.24498361349105835,
      -0.45026084780693054,
      0.27908211946487427,
      0.8481618165969849
    ],
    [
      -0.19383691251277924,
      -0.37909331917762756,
      -0.9048290252685547,
      -0.13167160749435425,
      0.9240300059318542,
      -0.3589305877685547,
      0.97215735912323,
      0.049566250294446945,
      -0.22902695834636688
    ],
    [
      -0.2574682831764221,
      0.41385605931282043,
      0.873174250125885,
      -0.15435576438903809,
      0.8744201064109802,
      -0.4599606394767761,
      -0.95387864112854,
      -0.2532047629356384,
      -0.1612543761730194
    ],
    [
      0.9137211441993713,
      -0.38765305280685425,
      0.12181444466114044,
      0.4057052731513977,
      0.8535581231117249,
      -0.32686659693717957,
      0.022735118865966797,
      0.3480856716632843,
      0.9371870160102844
    ],
    [
      0.8271341323852539,
      0.5462382435798645,
      0.13218548893928528,
      -0.5086415410041809,
      0.8276295065879822,
      -0.23730388283729553,
      -0.2390250712633133,
      0.12904708087444305,
      0.9624000787734985
    ],
    [
      0.8806924223899841,
      0.3144162893295288,
      -0.3542926013469696,
      -0.1796204298734665,
      0.9137513041496277,
      0.36441054940223694,
      0.43831193447113037,
      -0.2572954297065735,
      0.8612094521522522
    ],
    [
      0.7775619029998779,
      -0.6007271409034729,
      0.18580742180347443,
      0.3372041881084442,
      0.6477668285369873,
      0.6831482648849487,
      -0.5307455658912659,
      -0.46853500604629517,
      0.7062464952468872
    ]
  ],
  "root_rot": [
    -0.8461806178092957,
    0.041260212659835815,
    -0.5312964916229248,
    0.04805554822087288,
    -0.9870277643203735,
    -0.15318875014781952,
    -0.5307250022888184,
    -0.15515710413455963,
    0.8332209587097168
  ],
  "root_trans": [
    -0.9087344408035278,
    0.5418340563774109,
    2.3933229446411133
  ]
}