{
  "betas": [
    -0.7399882078170776,
    1.195135474205017,
    1.3492451906204224,
    0.37420085072517395,
    -0.07998430728912354,
    -0.3575282096862793,
    -0.14902302622795105,
    0.7751082181930542,
    0.2694297432899475,
    0.8619820475578308
  ],
  "joints": [
    [
      0.9978832006454468,
      0.026244280859827995,
      -0.05950241908431053,
      -0.02489750273525715,
      0.9994192719459534,
      0.02326354756951332,
      0.06007840484380722,
      -0.021732836961746216,
      0.9979571104049683
    ],
    [
      0.9815187454223633,
      -0.12884590029716492,
      -0.14149127900600433,
      0.15991142392158508,
      0.9583600163459778,
      0.23658911883831024,
      0.10511604696512222,
      -0.25484269857406616,
      0.9612522721290588
    ],
    [
      0.9966840147972107,
      -0.057671211659908295,
      0.05740123242139816,
      0.06571488082408905,
      0.9865178465843201,
      -0.14988037943840027,
      -0.0479835607111454,
      0.15315550565719604,
      0.987036406993866
    ],
    [
      0.985830545425415,
      0.16696590185165405,
      -0.016137944534420967,
      -0.11573508381843567,
      0.6073803901672363,
      -0.7859354019165039,
      -0.12142252922058105,
      0.7766668796539307,
      0.6180979609489441
    ],
    [
      0.97928786277771,
      -0.09398722648620605,
      -0.1793365478515625,
      0.02463461458683014,
      0.9344601631164551,
      -0.3552144467830658,
      0.20096847414970398,
      0.34343934059143066,
      0.9174208641052246
    ],
    [
      0.99919193983078,
      0.007848338223993778,
      -0.03941987082362175,
      -0.01072821393609047,
      0.9972460269927979,
      -0.07338457554578781,
      0.03873536363244057,
      0.07374817132949829,
      0.9965243935585022
    ],
    [
      0.9752788543701172,
      0.1887659877538681,
      -0.11488433182239532,
      -0.21667711436748505,
      0.9189679026603699,
      -0.3294678032398224,
      0.0433826744556427,
      0.3462158143520355,
      0.9371512532234192
    ],
    [
      0.8913846611976624,
      0.004702651873230934,
      -0.453223317861557,
      0.08924839645624161,
      0.9785479307174683,
      0.18568424880504608,
      0.4443739652633667,
      -0.20596551895141602,
      0.8718429207801819
    ],
    [
      0.9933198690414429,
      0.027315206825733185,
      0.1121130883693695,
      -0.023720452561974525,
      0.9991647601127625,
      -0.03327352926135063,
      -0.11292832344770432,
      0.030391888692975044,
      0.9931381344795227
    ],
    [
      0.8387996554374695,
      -0.5253065228462219,
      -0.14306722581386566,
      0.5118008852005005,
      0.6711844205856323,
      0.536256730556488,
      -0.18567471206188202,
      -0.523033857345581,
      0.8318415880203247
    ],
    [
      0.842818021774292,
      0.3201340436935425,
      0.43263381719589233,
      -0.32360363006591797,
      0.9437512755393982,
      -0.06792797148227692,
      -0.4300447702407837,
      -0.08275096118450165,
      0.8990071415901184
    ],
    [
      0.8765650391578674,
      -0.05499633029103279,
      -0.47813093662261963,
      0.06215249374508858,
      0.998066246509552,
      -0.0008560167043469846,
      0.4772534668445587,
      -0.028966672718524933,
      0.8782881498336792
    ],
    [
      0.9339449405670166,
      0.289673388004303,
      0.20937098562717438,
      -0.28327468037605286,
      0.957121729850769,
      -0.06060900166630745,
      -0.21795034408569336,
      -0.002704026410356164,
      0.9759561419487
    ],
    [
      0.9051499366760254,
      -0.23737607896327972,
      0.35264185070991516,
      0.1660139560699463,
      0.9610816836357117,
      0.22081975638866425,
      -0.3913349509239197,
      -0.1413315087556839,
      0.9093307852745056
    ],
    [
      0.9804537892341614,
      0.053537651896476746,
      -0.18932539224624634,
      -0.003947770223021507,
      0.9674254059791565,
      0.25312545895576477,
      0.19670994579792023,
      -0.24743039906024933,
      0.9487272500991821
    ],
    [
      0.5522533059120178,
      0.7980147004127502,
      -0.24122367799282074,
      -0.7872549891471863,
      0.4039878845214844,
      -0.46585774421691895,
      -0.2743098735809326,
      0.4471760094165802,
      0.8513447046279907
    ],
    [
      0.7027503252029419,
      -0.45030951499938965,
      0.5507842302322388,
      0.3670702874660492,
      0.8926826119422913,
      0.26149022579193115,
      -0.6094270944595337,
      0.0184142105281353,
      0.7926282286643982
    ],
    [
      -0.2918289303779602,
      -0.34328794479370117,
      -0.8927425146102905,
      -0.10865647345781326,
      0.9392281174659729,
      -0.3256443738937378,
      0.9502786993980408,
      0.0019698075484484434,
      -0.3113943934440613
    ],
    [
      0.1189575344324112,
      0.2720191776752472,
      0.9549108743667603,
      -0.579113781452179,
      0.800218939781189,
      -0.15581032633781433,
      -0.8065211772918701,
      -0.5344671607017517,
      0.2527221143245697
    ],
    [
      0.9366392493247986,
      -0.3472302556037903,
      0.04623899608850479,
      0.3456268906593323,
      0.8945908546447754,
      -0.2832830250263214,
      0.05699944868683815,
      0.2813154458999634,
      0.957921028137207
    ],
    [
      0.8080561757087708,
      0.5704873204231262,
      -0.14693312346935272,
      -0.5807337164878845,
      0.7294993996620178,
      -0.36135703325271606,
      -0.09896199405193329,
      0.3773258328437805,
      0.9207776784896851
    ],
    [
      0.8118813633918762,
      0.4413015842437744,
      -0.38223233819007874,
      -0.13335444033145905,
      0.7775744795799255,
      0.6144871115684509,
      0.5683882832527161,
      -0.44791823625564575,
      0.6901477575302124
    ],
    [
      0.9591349959373474,
      -0.23144617676734924,
      0.1627659648656845,
      0.15657798945903778,
      0.913296103477478,
      0.37599673867225647,
      -0.23567652702331543,
      -0.33514603972435,
      0.9122136235237122
    ]
  ],
  "root_rot": [
    -0.21428847312927246,
    0.05452871695160866,
    -0.9752472639083862,
    0.11060800403356552,
    -0.9906638264656067,
    -0.07969430088996887,
    -0.970487654209137,
    -0.12494771927595139,
    0.20625652372837067
  ],
  "root_trans": [
    -0.8391854166984558,
    0.5636779069900513,
    2.4069833755493164
  ]
}