{
  "betas": [
    -0.46112895011901855,
    0.7692698240280151,
    1.0909409523010254,
    -0.07306656241416931,
    0.5839916467666626,
    -0.1107114925980568,
    0.15011131763458252,
    0.34077680110931396,
    0.1595057249069214,
    0.788016676902771
  ],
  "joints": [
    [
      0.9627969861030579,
      -0.26712948083877563,
      0.04078962281346321,
      0.2663934826850891,
      0.9635987877845764,
      0.022623993456363678,
      -0.04534836858510971,
      -0.010916223749518394,
      0.9989115595817566
    ],
    [
      0.933659553527832,
      0.3168172538280487,
      -0.16705286502838135,
      -0.2924642562866211,
      0.9436285495758057,
      0.15501536428928375,
      0.2067473977804184,
      -0.0958745926618576,
      0.9736855626106262
    ],
    [
      0.9954837560653687,
      -0.09385303407907486,
      -0.014268198050558567,
      0.09201540052890778,
      0.990910530090332,
      -0.09812953323125839,
      0.023348266258835793,
      0.09637347608804703,
      0.9950712323188782
    ],
    [
      0.9991352558135986,
      0.03358466923236847,
      -0.024510877206921577,
      -0.03809497132897377,
      0.9756395816802979,
      -0.2160467803478241,
      0.01665792055428028,
      0.2167937010526657,
      0.976075291633606
    ],
    [
      0.9991535544395447,
      0.026088103652000427,
      0.03180414438247681,
      -0.017076943069696426,
      0.966454267501831,
      -0.25627049803733826,
      -0.03742286190390587,
      0.25551047921180725,
      0.9660817384719849
    ],
    [
      0.9896708726882935,
      0.09869317710399628,
      -0.1039772629737854,
      -0.09226346760988235,
      0.9936146140098572,
      0.06494228541851044,
      0.10972268134355545,
      -0.05467817932367325,
      0.9924572110176086
    ],
    [
      0.9965412616729736,
      -0.025991734117269516,
      0.07892927527427673,
      0.018826274201273918,
      0.9957450032234192,
      0.09020700305700302,
      -0.08093807846307755,
      -0.08840906620025635,
      0.9927902817726135
    ],
    [
      0.9060786962509155,
      -0.3663422763347626,
      -0.21169492602348328,
      0.3627907931804657,
      0.9301360249519348,
      -0.056832194328308105,
      0.21772508323192596,
      -0.02530653029680252,
      0.9756820201873779
    ],
    [
      0.9896118640899658,
      0.13854838907718658,
      0.03837486729025841,
      -0.13712066411972046,
      0.9898390769958496,
      -0.037638287991285324,
      -0.04319966211915016,
      0.03198530897498131,
      0.9985543489456177
    ],
    [
      0.9921465516090393,
      -0.06833162903785706,
      0.10476630181074142,
      0.027920017018914223,
      0.9374414682388306,
      0.34702157974243164,
      -0.12192482501268387,
      -0.34137117862701416,
      0.9319871664047241
    ],
    [
      0.9725777506828308,
      0.22101572155952454,
      0.07242001593112946,
      -0.21860435605049133,
      0.9750022888183594,
      -0.03978347033262253,
      -0.07940244674682617,
      0.022861186414957047,
      0.9965805411338806
    ],
    [
      0.9398377537727356,
      -0.2698158025741577,
      -0.20953397452831268,
      0.21834200620651245,
      0.9461510181427002,
      -0.23900862038135529,
      0.26273906230926514,
      0.1788792461156845,
      0.948140561580658
    ],
    [
      0.8870030641555786,
      0.372528076171875,
      -0.2728523015975952,
      -0.33048540353775024,
      0.9248318672180176,
      0.18832263350486755,
      0.3224979639053345,
      -0.07686906307935715,
      0.943443775177002
    ],
    [
      0.7337037920951843,
      0.27947521209716797,
      0.6193321943283081,
      -0.5550421476364136,
      0.7722808718681335,
      0.309047669172287,
      -0.39192724227905273,
      -0.570504903793335,
      0.7217459082603455
    ],
    [
      0.9659217596054077,
      -0.10384566336870193,
      0.23708908259868622,
      0.043417930603027344,
      0.9680155515670776,
      0.24710498750209808,
      -0.2551666796207428,
      -0.2283901572227478,
      0.9395360350608826
    ],
    [
      0.5116037726402283,
      0.7412604689598083,
      -0.4345049262046814,
      -0.8569261431694031,
      0.4771265983581543,
      -0.19500714540481567,
      0.0627627894282341,
      0.4721050262451172,
      0.8793052434921265
    ],
    [
      0.829882800579071,
      0.09759574383497238,
      0.5493355393409729,
      -0.37933027744293213,
      0.8207125663757324,
      0.4272463917732239,
      -0.40914908051490784,
      -0.5629440546035767,
      0.718116283416748
    ],
    [
      0.3610610365867615,
      -0.37161943316459656,
      -0.8552975058555603,
      -0.1039961501955986,
      0.8954009413719177,
      -0.4329456388950348,
      0.9267252683639526,
      0.24526745080947876,
      0.2846474051475525
    ],
    [
      0.5295743942260742,
      0.02813049592077732,
      0.8477968573570251,
      -0.2846134603023529,
      0.9474056959152222,
      0.1463475525379181,
      -0.7990908026695251,
      -0.3187963366508484,
      0.5097281336784363
    ],
    [
      0.9578009843826294,
      -0.22000835835933685,
      0.18496914207935333,
      0.2874302268028259,
      0.7307468056678772,
      -0.6191874146461487,
      0.0010607916628941894,
      0.6462240219116211,
      0.7631470561027527
    ],
    [
      0.9632389545440674,
      0.24671734869480133,
      -0.10630723088979721,
      -0.24802953004837036,
      0.6646997928619385,
      -0.7047378420829773,
      -0.10320867598056793,
      0.705198347568512,
      0.7014579176902771
    ],
    [
      0.9953932166099548,
      0.017389941960573196,
      -0.09428679198026657,
      -0.019100787118077278,
      0.999668300151825,
      -0.01727302186191082,
      0.0939551517367363,
      0.018994400277733803,
      0.9953951835632324
    ],
    [
      0.9878439903259277,
      -0.072446808218956,
      0.137534037232399,
      0.05309392884373665,
      0.9887969493865967,
      0.13950495421886444,
      -0.14609992504119873,
      -0.13050691783428192,
      0.9806236028671265
    ]
  ],
  "root_rot": [
    -0.9570946097373962,
    -0.04617439582943916,
    -0.28607335686683655,
    0.07769569754600525,
    -0.9919664263725281,
    -0.09982994943857193,
    -0.2791655659675598,
    -0.11777336150407791,
    0.9529932737350464
  ],
  "root_trans": [
    -0.5871613621711731,
    0.5654385089874268,
    2.3374485969543457
  ]
}