{
  "betas": [
    -0.5719197988510132,
    1.3579988479614258,
    1.3800342082977295,
    0.20938368141651154,
    0.18618308007717133,
    -0.22369614243507385,
    -0.3723985552787781,
    0.681358277797699,
    0.24467602372169495,
    0.7347257137298584
  ],
  "joints": [
    [
      0.9453487992286682,
      -0.24310053884983063,
      0.21729646623134613,
      0.30360645055770874,
      0.8993147611618042,
      -0.3147317171096802,
      -0.11890647560358047,
      0.3635038733482361,
      0.923973023891449
    ],
    [
      0.9945852756500244,
      0.10354378074407578,
      -0.00887681171298027,
      -0.08235791325569153,
      0.8374086022377014,
      0.5403370261192322,
      0.06338204443454742,
      -0.5366801619529724,
      0.8414019346237183
    ],
    [
      0.992082953453064,
      -0.04847261682152748,
      -0.11585260182619095,
      0.038865696638822556,
      0.9957250952720642,
      -0.08379106968641281,
      0.1194189265370369,
      0.07862500101327896,
      0.9897258281707764
    ],
    [
      0.9913520812988281,
      0.021312888711690903,
      -0.12948645651340485,
      -0.03988723084330559,
      0.9889768362045288,
      -0.14259685575962067,
      0.12501995265483856,
      0.14652855694293976,
      0.9812743663787842
    ],
    [
      0.9949890375137329,
      -0.08845117688179016,
      -0.046616505831480026,
      0.05538064241409302,
      0.8757400512695312,
      -0.4795960485935211,
      0.08324477076530457,
      0.47461119294166565,
      0.8762502074241638
    ],
    [
      0.990548312664032,
      -0.030015189200639725,
      -0.13383963704109192,
      0.017324863001704216,
      0.9953271746635437,
      -0.09499296545982361,
      0.13606545329093933,
      0.09177637845277786,
      0.9864396452903748
    ],
    [
      0.9313583970069885,
      0.18950115144252777,
      0.31090328097343445,
      -0.1749304234981537,
      0.9817677140235901,
      -0.07437415421009064,
      -0.31932878494262695,
      0.014882544986903667,
      0.9475271105766296
    ],
    [
      0.9027032256126404,
      -0.3730672597885132,
      -0.21435430645942688,
      0.3712611198425293,
      0.927170991897583,
      -0.05019074305891991,
      0.21746763586997986,
      -0.03427406772971153,
      0.9754655957221985
    ],
    [
      0.9996631741523743,
      -0.01130201667547226,
      -0.023358600214123726,
      0.012082722969353199,
      0.9993637800216675,
      0.03355675935745239,
      0.02296447940170765,
      -0.03382769972085953,
      0.9991637468338013
    ],
    [
      0.9173568487167358,
      -0.38657480478286743,
      -0.09495453536510468,
      0.35001134872436523,
      0.6697110533714294,
      0.6549650430679321,
      -0.189600870013237,
      -0.6340718269348145,
      0.74966961145401
    ],
    [
      0.8221230506896973,
      0.46950623393058777,
      0.32199007272720337,
      -0.48860806226730347,
      0.872167706489563,
      -0.024200160056352615,
      -0.2921914756298065,
      -0.13743144273757935,
      0.9464337229728699
    ],
    [
      0.9114985466003418,
      -0.05203515663743019,
      -0.4079985022544861,
      0.03820827230811119,
      0.9983879327774048,
      -0.04197194427251816,
      0.4095247983932495,
      0.022668447345495224,
      0.9120173454284668
    ],
    [
      0.9695855379104614,
      0.23586714267730713,
      -0.06534922122955322,
      -0.23638281226158142,
      0.9716600179672241,
      -0.00016372826939914376,
      0.06345860660076141,
      0.01560618169605732,
      0.9978624582290649
    ],
    [
      0.928766131401062,
      -0.3364284038543701,
      0.1555938571691513,
      0.34621965885162354,
      0.9373006820678711,
      -0.03999203443527222,
      -0.1323837786912918,
      0.09101289510726929,
      0.9870112538337708
    ],
    [
      0.9872695207595825,
      0.04694720357656479,
      -0.1519698053598404,
      -0.045538365840911865,
      0.9988813996315002,
      0.012739663943648338,
      0.15239788591861725,
      -0.005657026078552008,
      0.9883030652999878
    ],
    [
      0.47544270753860474,
      0.7166510820388794,
      -0.5102601051330566,
      -0.8606380820274353,
      0.49911850690841675,
      -0.10090983659029007,
      0.1823631078004837,
      0.48712611198425293,
      0.8540794849395752
    ],
    [
      0.6841011643409729,
      -0.6516709923744202,
      0.32761350274086,
      0.6826386451721191,
      0.7302521467208862,
      0.02713640406727791,
      -0.25692445039749146,
      0.20507757365703583,
      0.9444221258163452
    ],
    [
      -0.09844893217086792,
      -0.2993689775466919,
      -0.9490447640419006,
      -0.01386523712426424,
      0.9539976716041565,
      -0.29949304461479187,
      0.99504554271698,
      -0.016326045617461205,
      -0.09807087481021881
    ],
    [
      0.9439829587936401,
      0.01714133657515049,
      0.32954883575439453,
      0.00501408614218235,
      0.9977896809577942,
      -0.06626236438751221,
      -0.3299562335014343,
      0.0642029345035553,
      0.9418104887008667
    ],
    [
      0.9112530946731567,
      -0.38825494050979614,
      0.13738976418972015,
      0.4110335409641266,
      0.8364018797874451,
      -0.3626062273979187,
      0.025870583951473236,
      0.3868978023529053,
      0.9217596054077148
    ],
    [
      0.9753187298774719,
      0.17833104729652405,
      -0.13019771873950958,
      -0.22061152756214142,
      0.762567400932312,
      -0.6081295609474182,
      -0.009163874201476574,
      0.6218432784080505,
      0.7830881476402283
    ],
    [
      0.7555489540100098,
      0.5491151213645935,
      -0.3572370707988739,
      -0.27753520011901855,
      0.7622775435447693,
      0.5847282409667969,
      0.5933969020843506,
      -0.34264498949050903,
      0.728336751461029
    ],
    [
      0.9778621792793274,
      -0.18309570848941803,
      0.10129907727241516,
      0.16029468178749084,
      0.9666343927383423,
      0.1998089849948883,
      -0.1345033198595047,
      -0.17914794385433197,
      0.9745844602584839
    ]
  ],
  "root_rot": [
    0.7636817097663879,
    -0.010697462595999241,
    -0.6455042362213135,
    0.04846241697669029,
    -0.9960917234420776,
    0.07384228706359863,
    -0.6437713503837585,
    -0.08767469972372055,
    -0.7601786255836487
  ],
  "root_trans": [
    0.12079522013664246,
    0.5542558431625366,
    2.577190637588501
  ]
}