{
  "betas": [
    -0.8806985020637512,
    0.9744176864624023,
    1.2226874828338623,
    0.5324641466140747,
    0.10805642604827881,
    -0.20613986253738403,
    -0.3071923851966858,
    0.8332656025886536,
    0.091469906270504,
    1.018866777420044
  ],
  "joints": [
    [
      0.9959818124771118,
      -0.043832723051309586,
      0.07809608429670334,
      0.06398910284042358,
      0.9584034085273743,
      -0.27815157175064087,
      -0.06265541166067123,
      0.28203117847442627,
      0.9573571681976318
    ],
    [
      0.9931338429450989,
      0.07614197582006454,
      0.08881226927042007,
      -0.11070206761360168,
      0.8571280241012573,
      0.503067135810852,
      -0.03781896084547043,
      -0.5094446539878845,
      0.859671950340271
    ],
    [
      0.9900356531143188,
      -0.05539959296584129,
      -0.1294613927602768,
      0.038707055151462555,
      0.9910094141960144,
      -0.12807033956050873,
      0.13539251685142517,
      0.12178313732147217,
      0.9832789897918701
    ],
    [
      0.9998361468315125,
      0.008943234570324421,
      -0.01573491469025612,
      -0.00955047644674778,
      0.999195396900177,
      -0.038951244205236435,
      0.015373907051980495,
      0.03909514471888542,
      0.9991170763969421
    ],
    [
      0.9983839988708496,
      0.04304027184844017,
      0.03710741549730301,
      -0.031003184616565704,
      0.9597693681716919,
      -0.2790724039077759,
      -0.04762592166662216,
      0.27747097611427307,
      0.9595527648925781
    ],
    [
      0.987057089805603,
      -0.02680845744907856,
      -0.15811261534690857,
      0.02250487357378006,
      0.9993276000022888,
      -0.028946684673428535,
      0.15878231823444366,
      0.025013726204633713,
      0.9869967103004456
    ],
    [
      0.9928812980651855,
      -0.07991202175617218,
      0.08832190185785294,
      0.05982624366879463,
      0.9757964015007019,
      0.21033839881420135,
      -0.10299275070428848,
      -0.2035571038722992,
      0.9736308455467224
    ],
    [
      0.8818888068199158,
      -0.47017940878868103,
      -0.034691229462623596,
      0.453360915184021,
      0.8659303188323975,
      -0.2112548053264618,
      0.12936784327030182,
      0.1705756038427353,
      0.9768152236938477
    ],
    [
      0.9986870288848877,
      0.01343523245304823,
      -0.049434032291173935,
      -0.014118107035756111,
      0.9998092651367188,
      -0.0134907066822052,
      0.04924335703253746,
      0.014170908369123936,
      0.9986862540245056
    ],
    [
      0.91925048828125,
      -0.3551604449748993,
      0.16982202231884003,
      0.2149219959974289,
      0.8141790628433228,
      0.5393708944320679,
      -0.32982876896858215,
      -0.45931848883628845,
      0.8247662782669067
    ],
    [
      0.8879825472831726,
      0.3869713544845581,
      0.2484755963087082,
      -0.3981072008609772,
      0.9173199534416199,
      -0.0058928076177835464,
      -0.23021197319030762,
      -0.09368723630905151,
      0.9686201810836792
    ],
    [
      0.9712884426116943,
      -0.011443532072007656,
      -0.23762956261634827,
      0.030023377388715744,
      0.9967527389526367,
      0.07471708953380585,
      0.2360028773546219,
      -0.07970628887414932,
      0.9684779644012451
    ],
    [
      0.8441614508628845,
      0.2638976275920868,
      -0.46663638949394226,
      -0.15845583379268646,
      0.9543805718421936,
      0.25308021903038025,
      0.512135922908783,
      -0.1396992951631546,
      0.8474674224853516
    ],
    [
      0.8962664008140564,
      -0.2548956871032715,
      0.3629528284072876,
      0.22946001589298248,
      0.9668117761611938,
      0.11235301196575165,
      -0.37954533100128174,
      -0.017415069043636322,
      0.9250092506408691
    ],
    [
      0.9991454482078552,
      0.035177379846572876,
      0.021700162440538406,
      -0.03543417155742645,
      0.9993050694465637,
      0.011564921587705612,
      -0.02127826027572155,
      -0.01232396624982357,
      0.9996975660324097
    ],
    [
      0.34994450211524963,
      0.5859416127204895,
      -0.7308976054191589,
      -0.7435078620910645,
      0.6483585834503174,
      0.16379007697105408,
      0.5698551535606384,
      0.48611071705818176,
      0.6625417470932007
    ],
    [
      0.657943606376648,
      -0.61591637134552,
      0.4333096146583557,
      0.6541794538497925,
      0.7524828314781189,
      0.07628117501735687,
      -0.37304091453552246,
      0.23327352106571198,
      0.8980110883712769
    ],
    [
      -0.2968622148036957,
      -0.4248102605342865,
      -0.8552245497703552,
      -0.05807336047291756,
      0.9019716382026672,
      -0.42787235975265503,
      0.9531527161598206,
      -0.07735338062047958,
      -0.29243144392967224
    ],
    [
      -0.545298159122467,
      0.4115520119667053,
      0.7302567362785339,
      -0.047127094119787216,
      0.8547465205192566,
      -0.5169017314910889,
      -0.8369163274765015,
      -0.31628045439720154,
      -0.4466964602470398
    ],
    [
      0.7942519783973694,
      -0.4412277340888977,
      0.41771024465560913,
      0.5873088836669922,
      0.73366779088974,
      -0.34175997972488403,
      -0.15566657483577728,
      0.5167684555053711,
      0.8418540954589844
    ],
    [
      0.7614784240722656,
      0.5854457020759583,
      -0.27821576595306396,
      -0.6448032855987549,
      0.6403524875640869,
      -0.4173456132411957,
      -0.06617701798677444,
      0.4971940815448761,
      0.8651119470596313
    ],
    [
      0.8837621212005615,
      0.28027284145355225,
      -0.3747153878211975,
      -0.15940259397029877,
      0.9332056641578674,
      0.32205286622047424,
      0.4399491548538208,
      -0.22488752007484436,
      0.8694080114364624
    ],
    [
      0.9189035296440125,
      -0.31385481357574463,
      0.2389799952507019,
      0.20201674103736877,
      0.8947367072105408,
      0.3982906937599182,
      -0.3388296067714691,
      -0.31771278381347656,
      0.8855806589126587
    ]
  ],
  "root_rot": [
    0.6669589281082153,
    0.018858274444937706,
    -0.7448557615280151,
    0.06645581871271133,
    -0.9972010254859924,
    0.03425872325897217,
    -0.7421249151229858,
    -0.07234916090965271,
    -0.6663453578948975
  ],
  "root_trans": [
    0.1631508767604828,
    0.5093339681625366,
    2.7304842472076416
  ]
}