{
  "betas": [
    -0.7040874361991882,
    0.8624036312103271,
    1.0850838422775269,
    0.2683103680610657,
    0.26227888464927673,
    -0.3725905418395996,
    -0.3305222988128662,
    0.38727867603302,
    -0.011463984847068787,
    0.48140984773635864
  ],
  "joints": [
    [
      0.9366585612297058,
      -0.34352239966392517,
      -0.06828681379556656,
      0.3495364487171173,
      0.904443085193634,
      0.24455468356609344,
      -0.02224847488105297,
      -0.25293296575546265,
      0.9672279357910156
    ],
    [
      0.9767133593559265,
      0.2093384563922882,
      -0.046993158757686615,
      -0.20948611199855804,
      0.9778099656105042,
      0.0018157170852646232,
      0.04633047804236412,
      0.00807097926735878,
      0.9988935589790344
    ],
    [
      0.99712735414505,
      -0.00933158304542303,
      0.07516732811927795,
      0.015240881592035294,
      0.9968031048774719,
      -0.07842963188886642,
      -0.07419516146183014,
      0.07934993505477905,
      0.9940818548202515
    ],
    [
      0.9991143345832825,
      0.01063693966716528,
      -0.04071081429719925,
      -0.01381752174347639,
      0.996805727481842,
      -0.07866013050079346,
      0.039744071662425995,
      0.07915298640727997,
      0.9960698485374451
    ],
    [
      0.9878664612770081,
      0.011670329608023167,
      0.1548670083284378,
      0.011515853926539421,
      0.9889233112335205,
      -0.147979736328125,
      -0.15487857162952423,
      0.1479676216840744,
      0.9767897725105286
    ],
    [
      0.9871789216995239,
      -0.06464846432209015,
      -0.14593932032585144,
      0.06540261954069138,
      0.9978588819503784,
      0.000370217690942809,
      0.14560291171073914,
      -0.00991028267890215,
      0.9892934560775757
    ],
    [
      0.992394208908081,
      0.12109890580177307,
      -0.022111952304840088,
      -0.12241318821907043,
      0.951833963394165,
      -0.28111743927001953,
      -0.012996111996471882,
      0.28168609738349915,
      0.9594185948371887
    ],
    [
      0.9453721642494202,
      -0.3053287863731384,
      -0.11421781778335571,
      0.32375380396842957,
      0.9203594326972961,
      0.21936725080013275,
      0.038142312318086624,
      -0.24436217546463013,
      0.9689335227012634
    ],
    [
      0.9997701048851013,
      0.0012937170686200261,
      0.021401798352599144,
      -0.0004243616131134331,
      0.9991764426231384,
      -0.040575116872787476,
      -0.02143666334450245,
      0.04055670648813248,
      0.998947262763977
    ],
    [
      0.9761191606521606,
      -0.03266673535108566,
      0.21476583182811737,
      -0.11484313756227493,
      0.7615861892700195,
      0.6378068923950195,
      -0.18439774215221405,
      -0.6472398638725281,
      0.7396473288536072
    ],
    [
      0.919134795665741,
      0.2373158484697342,
      0.31443992257118225,
      -0.24192646145820618,
      0.9699751734733582,
      -0.024893486872315407,
      -0.3109065592288971,
      -0.05319085717201233,
      0.9489508867263794
    ],
    [
      0.8876338005065918,
      0.3181581199169159,
      0.33298903703689575,
      -0.29284584522247314,
      0.947941243648529,
      -0.1250951737165451,
      -0.35545405745506287,
      0.013524243608117104,
      0.9345960021018982
    ],
    [
      0.7895400524139404,
      0.0008897038060240448,
      -0.613698422908783,
      0.22322672605514526,
      0.9310832619667053,
      0.2885372042655945,
      0.5716610550880432,
      -0.36480554938316345,
      0.7349289059638977
    ],
    [
      0.9363836646080017,
      -0.2465595006942749,
      0.2497880607843399,
      0.2620265781879425,
      0.9645898938179016,
      -0.03013993799686432,
      -0.23351174592971802,
      0.09367365390062332,
      0.9678313732147217
    ],
    [
      0.8963600397109985,
      -0.1490386724472046,
      0.41752371191978455,
      0.18100059032440186,
      0.9827571511268616,
      -0.037777192890644073,
      -0.40469419956207275,
      0.10943401604890823,
      0.9078803062438965
    ],
    [
      0.384507417678833,
      0.5830616354942322,
      -0.7156766653060913,
      -0.6138365864753723,
      0.7405343055725098,
      0.27352067828178406,
      0.6894625425338745,
      0.33413782715797424,
      0.6426454782485962
    ],
    [
      0.623679518699646,
      -0.7241564393043518,
      0.294314980506897,
      0.7808191776275635,
      0.5948132872581482,
      -0.19109830260276794,
      -0.03667740523815155,
      0.34899088740348816,
      0.9364081025123596
    ],
    [
      -0.19805197417736053,
      -0.3038289248943329,
      -0.9319138526916504,
      -0.211822047829628,
      0.941547691822052,
      -0.2619530260562897,
      0.9570302367210388,
      0.14551956951618195,
      -0.25083303451538086
    ],
    [
      -0.10838840901851654,
      0.40272828936576843,
      0.9088793992996216,
      0.13980038464069366,
      0.9113550186157227,
      -0.38715335726737976,
      -0.984229564666748,
      0.0850987508893013,
      -0.15508189797401428
    ],
    [
      0.9745663404464722,
      -0.16713331639766693,
      0.14928802847862244,
      0.21170222759246826,
      0.9051218628883362,
      -0.36869585514068604,
      -0.07350249588489532,
      0.3909232020378113,
      0.9174838066101074
    ],
    [
      0.9878818392753601,
      0.14948004484176636,
      0.04177539423108101,
      -0.1358330100774765,
      0.9628807306289673,
      -0.23325958847999573,
      -0.0750923827290535,
      0.22475844621658325,
      0.9715167284011841
    ],
    [
      0.8817556500434875,
      0.40198078751564026,
      -0.24681636691093445,
      -0.25498107075691223,
      0.8463888168334961,
      0.4675581753253937,
      0.3968519866466522,
      -0.3493385910987854,
      0.8488056063652039
    ],
    [
      0.7814061641693115,
      -0.6040060520172119,
      0.15678389370441437,
      0.350598007440567,
      0.6327829957008362,
      0.6904105544090271,
      -0.5162222385406494,
      -0.4845229387283325,
      0.7062238454818726
    ]
  ],
  "root_rot": [
    0.8311605453491211,
    -0.10171390324831009,
    0.5466501712799072,
    -0.11563639342784882,
    -0.993250846862793,
    -0.008991176262497902,
    0.5438753366470337,
    -0.05573954060673714,
    -0.8373127579689026
  ],
  "root_trans": [
    0.08944469690322876,
    0.5356400012969971,
    2.5606839656829834
  ]
}