{
  "betas": [
    -1.0150620937347412,
    0.6359517574310303,
    1.4329417943954468,
    0.2726343870162964,
    0.16759862005710602,
    -0.25841113924980164,
    -0.22987091541290283,
    0.5355165004730225,
    0.253703773021698,
    0.782406747341156
  ],
  "joints": [
    [
      0.9576563239097595,
      -0.2843700349330902,
      0.045034199953079224,
      0.2869379222393036,
      0.9555304646492004,
      -0.06802994757890701,
      -0.023685874417424202,
      0.07807133346796036,
      0.9966663122177124
    ],
    [
      0.9842557907104492,
      0.16414497792720795,
      -0.06555105000734329,
      -0.12929409742355347,
      0.9215160608291626,
      0.3661845624446869,
      0.12051371484994888,
      -0.3519439399242401,
      0.9282305240631104
    ],
    [
      0.9978384971618652,
      -0.048553433269262314,
      0.044281501322984695,
      0.05372728779911995,
      0.9907864928245544,
      -0.12432007491588593,
      -0.037837352603673935,
      0.126430481672287,
      0.9912535548210144
    ],
    [
      0.9908781051635742,
      0.009092294611036777,
      -0.13445410132408142,
      -0.019185220822691917,
      0.9970765113830566,
      -0.07396212965250015,
      0.13338853418827057,
      0.07586698234081268,
      0.988155722618103
    ],
    [
      0.9979172945022583,
      -0.055469587445259094,
      -0.03292752802371979,
      0.04195515811443329,
      0.9458540081977844,
      -0.3218693137168884,
      0.048998598009347916,
      0.319817453622818,
      0.9462113380432129
    ],
    [
      0.9983566403388977,
      -0.015135849826037884,
      -0.05527061969041824,
      0.0094523960724473,
      0.9947723150253296,
      -0.10167907178401947,
      0.05652068555355072,
      0.10098954290151596,
      0.9932805895805359
    ],
    [
      0.9917699098587036,
      0.09936519712209702,
      0.08074075728654861,
      -0.11197585612535477,
      0.9789415597915649,
      0.17068882286548615,
      -0.06207996979355812,
      -0.17832504212856293,
      0.9820112586021423
    ],
    [
      0.9107414484024048,
      -0.2629843056201935,
      -0.3184168040752411,
      0.30710527300834656,
      0.9467771649360657,
      0.09643328934907913,
      0.2761093080043793,
      -0.18561327457427979,
      0.9430330991744995
    ],
    [
      0.9969903826713562,
      -0.004223549272865057,
      0.07741021364927292,
      0.0016918065957725048,
      0.999462366104126,
      0.03274199739098549,
      -0.0775068923830986,
      -0.032512493431568146,
      0.9964615106582642
    ],
    [
      0.930622935295105,
      -0.3143939673900604,
      0.18734291195869446,
      0.1366722136735916,
      0.7734092473983765,
      0.6189981698989868,
      -0.3395020663738251,
      -0.5504493713378906,
      0.7627213001251221
    ],
    [
      0.8757184743881226,
      0.29312726855278015,
      0.3836582899093628,
      -0.3594154417514801,
      0.9263575077056885,
      0.11261611431837082,
      -0.32239383459091187,
      -0.2365127056837082,
      0.9165828227996826
    ],
    [
      0.8916630744934082,
      -0.04659505933523178,
      -0.45029541850090027,
      0.04377860203385353,
      0.9989021420478821,
      -0.01667380891740322,
      0.4505779445171356,
      -0.004845885094255209,
      0.8927240371704102
    ],
    [
      0.9429364800453186,
      0.3180135488510132,
      0.09868223965167999,
      -0.31647127866744995,
      0.9480847120285034,
      -0.031327053904533386,
      -0.10352154076099396,
      -0.0016906759701669216,
      0.9946258068084717
    ],
    [
      0.9213415384292603,
      -0.29720497131347656,
      0.2505972981452942,
      0.28451961278915405,
      0.9547783732414246,
      0.08629447966814041,
      -0.26491206884384155,
      -0.008206833153963089,
      0.964237630367279
    ],
    [
      0.9904088973999023,
      0.016539547592401505,
      -0.13717372715473175,
      -0.007031955290585756,
      0.9975566267967224,
      0.06950760632753372,
      0.13798817992210388,
      -0.06787635385990143,
      0.9881052374839783
    ],
    [
      0.6354498863220215,
      0.7439261078834534,
      -0.20682723820209503,
      -0.7374513745307922,
      0.5053355097770691,
      -0.44810888171195984,
      -0.22884273529052734,
      0.4372757375240326,
      0.869724690914154
    ],
    [
      0.8233476877212524,
      -0.46271708607673645,
      0.3286204934120178,
      0.41960957646369934,
      0.8861842155456543,
      0.1964821070432663,
      -0.38213399052619934,
      -0.023880772292613983,
      0.9237982630729675
    ],
    [
      -0.25145474076271057,
      -0.25374433398246765,
      -0.9340150952339172,
      0.04173645004630089,
      0.9612817764282227,
      -0.27238813042640686,
      0.9669687151908875,
      -0.10747575759887695,
      -0.23112846910953522
    ],
    [
      0.47950223088264465,
      0.20555873215198517,
      0.8531255722045898,
      -0.5074646472930908,
      0.8580923676490784,
      0.07846681773662567,
      -0.7159310579299927,
      -0.4705560803413391,
      0.5157709717750549
    ],
    [
      0.9499326348304749,
      -0.3116057217121124,
      0.023018714040517807,
      0.2920434772968292,
      0.8592749238014221,
      -0.41994911432266235,
      0.1110791265964508,
      0.40564584732055664,
      0.9072557091712952
    ],
    [
      0.9200971126556396,
      0.343153715133667,
      -0.18885670602321625,
      -0.3905448615550995,
      0.7668769955635071,
      -0.5092880725860596,
      -0.02993423119187355,
      0.542351484298706,
      0.8396182060241699
    ],
    [
      0.8712998628616333,
      0.13752762973308563,
      -0.4710868000984192,
      -0.15483476221561432,
      0.9879382848739624,
      0.0020405780524015427,
      0.46568530797958374,
      0.07116266340017319,
      0.8820845484733582
    ],
    [
      0.9560621976852417,
      -0.1995827704668045,
      0.21473675966262817,
      0.1218906119465828,
      0.9367849826812744,
      0.3279886245727539,
      -0.2666230797767639,
      -0.2874031066894531,
      0.9199519753456116
    ]
  ],
  "root_rot": [
    0.8546096086502075,
    -0.026434727013111115,
    -0.5185976624488831,
    0.007655211724340916,
    -0.997953474521637,
    0.06348435580730438,
    -0.5192145109176636,
    -0.05822432041168213,
    -0.8526582717895508
  ],
  "root_trans": [
    -0.7028961181640625,
    0.5300443172454834,
    2.4430623054504395
  ]
}