{
  "betas": [
    -0.5947195887565613,
    1.0168427228927612,
    1.010475754737854,
    -0.08842360973358154,
    0.20652243494987488,
    0.3301333785057068,
    0.035238176584243774,
    0.47735002636909485,
    -0.07189226150512695,
    0.6428841352462769
  ],
  "joints": [
    [
      0.9822050929069519,
      -0.17016154527664185,
      0.07948709279298782,
      0.1829870194196701,
      0.9623526930809021,
      -0.20098012685775757,
      -0.04229552671313286,
      0.21194879710674286,
      0.9763650894165039
    ],
    [
      0.9335122108459473,
      0.21176330745220184,
      -0.2893289029598236,
      -0.06227387487888336,
      0.8904477953910828,
      0.4508044421672821,
      0.3530961573123932,
      -0.4028138518333435,
      0.8444312214851379
    ],
    [
      0.9996976256370544,
      0.0005139534478075802,
      -0.024583477526903152,
      -0.0033366531133651733,
      0.9933694005012512,
      -0.11491857469081879,
      0.02436140738427639,
      0.11496585607528687,
      0.9930707216262817
    ],
    [
      0.9969925880432129,
      0.02441495843231678,
      -0.07355142384767532,
      -0.04632218927145004,
      0.948619544506073,
      -0.3130098879337311,
      0.06213018298149109,
      0.31547555327415466,
      0.9468976259231567
    ],
    [
      0.94112229347229,
      -0.23150292038917542,
      -0.24636416137218475,
      0.09293914586305618,
      0.8778383135795593,
      -0.4698534309864044,
      0.325040340423584,
      0.4192926287651062,
      0.8476688861846924
    ],
    [
      0.9926708936691284,
      0.02650185115635395,
      -0.11790751665830612,
      0.009458201006054878,
      0.9556280970573425,
      0.2944239377975464,
      0.12047851830720901,
      -0.2933812439441681,
      0.948373556137085
    ],
    [
      0.9688183069229126,
      0.025845898315310478,
      0.24642038345336914,
      -0.02926609478890896,
      0.9995193481445312,
      0.010226599872112274,
      -0.24603761732578278,
      -0.017119476571679115,
      0.969109058380127
    ],
    [
      0.8605033159255981,
      -0.2529115676879883,
      -0.44223275780677795,
      0.2265346497297287,
      0.9674835205078125,
      -0.11250629276037216,
      0.456307053565979,
      -0.003369005862623453,
      0.8898159861564636
    ],
    [
      0.9978266358375549,
      0.057902537286281586,
      0.03145258501172066,
      -0.053059276193380356,
      0.9890742897987366,
      -0.1375386267900467,
      -0.03907277062535286,
      0.13557085394859314,
      0.9899969100952148
    ],
    [
      0.978606641292572,
      -0.09428058564662933,
      0.18286657333374023,
      -0.08073217421770096,
      0.6415649652481079,
      0.7628084421157837,
      -0.1892388015985489,
      -0.7612527012825012,
      0.6202282309532166
    ],
    [
      0.8157711029052734,
      0.41529202461242676,
      0.4025544226169586,
      -0.39028504490852356,
      0.9089199304580688,
      -0.14677248895168304,
      -0.42684316635131836,
      -0.0373782142996788,
      0.9035528898239136
    ],
    [
      0.9845691919326782,
      -0.14567559957504272,
      -0.09696421027183533,
      0.11744561046361923,
      0.9608378410339355,
      -0.25099262595176697,
      0.12973037362098694,
      0.2357315868139267,
      0.9631202816963196
    ],
    [
      0.5714598298072815,
      -0.31078997254371643,
      -0.7595019936561584,
      0.7172755002975464,
      0.638805091381073,
      0.27828752994537354,
      0.3986847400665283,
      -0.7038022875785828,
      0.5879734754562378
    ],
    [
      0.6625980138778687,
      0.2827299237251282,
      0.6935614943504333,
      -0.6147152185440063,
      0.7343180179595947,
      0.287927508354187,
      -0.4278889298439026,
      -0.6171230673789978,
      0.6603560447692871
    ],
    [
      0.9829824566841125,
      -0.10099737346172333,
      -0.1534438580274582,
      0.14098355174064636,
      0.9502698183059692,
      0.27768856287002563,
      0.11776724457740784,
      -0.2945960462093353,
      0.9483375549316406
    ],
    [
      0.7999728322029114,
      0.19930694997310638,
      -0.56596839427948,
      0.07187716662883759,
      0.9046022295951843,
      0.4201529622077942,
      0.5957156419754028,
      -0.3767911493778229,
      0.7093315720558167
    ],
    [
      0.8627288341522217,
      -0.00951825175434351,
      0.5055773258209229,
      -0.24041232466697693,
      0.8718735575675964,
      0.42665961384773254,
      -0.444860577583313,
      -0.4896385967731476,
      0.7499021291732788
    ],
    [
      0.6213634014129639,
      -0.11416942626237869,
      -0.7751598954200745,
      0.447866290807724,
      0.8635241389274597,
      0.231822669506073,
      0.6429023146629333,
      -0.4912140965461731,
      0.5876949429512024
    ],
    [
      0.4452444911003113,
      0.24373315274715424,
      0.8615981936454773,
      -0.4871201813220978,
      0.8733224272727966,
      0.0046772947534918785,
      -0.7513129711151123,
      -0.4217844009399414,
      0.5075693130493164
    ],
    [
      0.8972811102867126,
      -0.2539554536342621,
      0.36110013723373413,
      0.4358927607536316,
      0.6391550898551941,
      -0.6336231827735901,
      -0.06988692283630371,
      0.7259389758110046,
      0.6841991543769836
    ],
    [
      0.8666399717330933,
      0.33648860454559326,
      -0.3683892488479614,
      -0.49889564514160156,
      0.5935944318771362,
      -0.6314656734466553,
      0.006192787550389767,
      0.7310411334037781,
      0.6823053359985352
    ],
    [
      0.9663169980049133,
      0.17629630863666534,
      -0.1874862164258957,
      -0.1171019971370697,
      0.9499316215515137,
      0.2896842956542969,
      0.22916936874389648,
      -0.257971853017807,
      0.9385797381401062
    ],
    [
      0.9528605341911316,
      -0.17908042669296265,
      0.2449224442243576,
      0.11111630499362946,
      0.9571218490600586,
      0.2675272524356842,
      -0.2823295295238495,
      -0.22770126163959503,
      0.9319024085998535
    ]
  ],
  "root_rot": [
    -0.9856508374214172,
    -0.02253904938697815,
    0.16728511452674866,
    0.002147688064724207,
    -0.992639422416687,
    -0.12108835577964783,
    0.1687830090522766,
    -0.11899157613515854,
    0.9784442782402039
  ],
  "root_trans": [
    -0.385288268327713,
    0.5340744256973267,
    2.448850154876709
  ]
}