{
  "betas": [
    -0.7336192727088928,
    0.8909013271331787,
    1.338045358657837,
    0.4830065369606018,
    0.0967317521572113,
    -0.4879230260848999,
    -0.01870274543762207,
    0.6809062957763672,
    0.1923186033964157,
    0.7493754625320435
  ],
  "joints": [
    [
      0.9987809658050537,
      -0.04468242824077606,
      -0.020978393033146858,
      0.047023385763168335,
      0.9905239343643188,
      0.12903952598571777,
      0.015013800002634525,
      -0.12986868619918823,
      0.9914175868034363
    ],
    [
      0.9733624458312988,
      -0.17393754422664642,
      -0.14936958253383636,
      0.19426646828651428,
      0.9716962575912476,
      0.134412944316864,
      0.12176242470741272,
      -0.15985000133514404,
      0.9796028733253479
    ],
    [
      0.9971192479133606,
      -0.02820075862109661,
      0.07041266560554504,
      0.03854548931121826,
      0.9879066944122314,
      -0.15018227696418762,
      -0.06532588601112366,
      0.15246373414993286,
      0.9861478209495544
    ],
    [
      0.9761108160018921,
      0.21719735860824585,
      0.005734519567340612,
      -0.1250191181898117,
      0.5830456614494324,
      -0.8027626872062683,
      -0.1777014285326004,
      0.782868504524231,
      0.5962709784507751
    ],
    [
      0.9834447503089905,
      -0.0739525780081749,
      -0.16543124616146088,
      0.03148195892572403,
      0.9687786102294922,
      -0.2459203600883484,
      0.17845271527767181,
      0.23664097487926483,
      0.9550684094429016
    ],
    [
      0.9986006021499634,
      -0.005160216707736254,
      -0.05263306573033333,
      0.0035072502214461565,
      0.9994992017745972,
      -0.03144953399896622,
      0.05276899412274361,
      0.031220924109220505,
      0.9981185793876648
    ],
    [
      0.985630214214325,
      0.14822019636631012,
      -0.08101729303598404,
      -0.16574490070343018,
      0.941137969493866,
      -0.29459789395332336,
      0.032583087682724,
      0.303792804479599,
      0.9521807432174683
    ],
    [
      0.9415170550346375,
      -0.00793688278645277,
      -0.3368719518184662,
      0.06669826060533524,
      0.9843321442604065,
      0.16322237253189087,
      0.33029842376708984,
      -0.17614541947841644,
      0.9272948503494263
    ],
    [
      0.99684739112854,
      0.023346761241555214,
      0.07583072781562805,
      -0.021159742027521133,
      0.999340295791626,
      -0.02951734885573387,
      -0.07646983116865158,
      0.02781973034143448,
      0.9966837763786316
    ],
    [
      0.8550662398338318,
      -0.5047665238380432,
      -0.11862723529338837,
      0.48442092537879944,
      0.6960566639900208,
      0.5299447178840637,
      -0.1849270761013031,
      -0.5106033682823181,
      0.8396940231323242
    ],
    [
      0.9054232239723206,
      0.29504990577697754,
      0.30521196126937866,
      -0.2842455506324768,
      0.9553791880607605,
      -0.0803440511226654,
      -0.3152986168861389,
      -0.014009772799909115,
      0.9488891363143921
    ],
    [
      0.9210282564163208,
      -0.03891896829009056,
      -0.38754650950431824,
      0.033016741275787354,
      0.9992153644561768,
      -0.021878868341445923,
      0.38809388875961304,
      0.007355533540248871,
      0.9215905666351318
    ],
    [
      0.9415804147720337,
      0.25389015674591064,
      0.22128304839134216,
      -0.24716664850711823,
      0.9672330021858215,
      -0.05804194509983063,
      -0.22876857221126556,
      -4.2635034333216026e-05,
      0.9734808206558228
    ],
    [
      0.9262617230415344,
      -0.23959091305732727,
      0.29092180728912354,
      0.18434157967567444,
      0.9612966179847717,
      0.20476087927818298,
      -0.32872098684310913,
      -0.13603316247463226,
      0.9345788359642029
    ],
    [
      0.9824376106262207,
      0.004350228700786829,
      -0.18654046952724457,
      0.06325458735227585,
      0.932765543460846,
      0.354890376329422,
      0.17554239928722382,
      -0.3604572117328644,
      0.9161087870597839
    ],
    [
      0.5280478000640869,
      0.8075801134109497,
      -0.26264041662216187,
      -0.8052977919578552,
      0.378020316362381,
      -0.45672330260276794,
      -0.2695572078227997,
      0.4526754319667816,
      0.8499552607536316
    ],
    [
      0.6329716444015503,
      -0.5508402585983276,
      0.5439870357513428,
      0.5059004426002502,
      0.8261894583702087,
      0.2479429990053177,
      -0.5860133171081543,
      0.11826235800981522,
      0.8016248345375061
    ],
    [
      -0.30273643136024475,
      -0.33923885226249695,
      -0.8906558156013489,
      -0.1263251006603241,
      0.9405456781387329,
      -0.31530293822288513,
      0.9446653127670288,
      0.017058514058589935,
      -0.32759183645248413
    ],
    [
      -0.1364295929670334,
      0.3288237452507019,
      0.9344848394393921,
      -0.41471827030181885,
      0.8377100825309753,
      -0.35531750321388245,
      -0.8996642231941223,
      -0.4360237419605255,
      0.022080767899751663
    ],
    [
      0.9444564580917358,
      -0.31838399171829224,
      0.08144702762365341,
      0.3282018303871155,
      0.9010383486747742,
      -0.28357258439064026,
      0.016898082569241524,
      0.2945530414581299,
      0.9554857015609741
    ],
    [
      0.8163868188858032,
      0.5641559958457947,
      -0.12345268577337265,
      -0.5736801624298096,
      0.7676694989204407,
      -0.2856128513813019,
      -0.06635934114456177,
      0.30399295687675476,
      0.9503603577613831
    ],
    [
      0.8514617681503296,
      0.35932713747024536,
      -0.3819643557071686,
      -0.1221994012594223,
      0.8442577719688416,
      0.5218198895454407,
      0.5099804997444153,
      -0.3976338803768158,
      0.7627627849578857
    ],
    [
      0.9500105381011963,
      -0.26385220885276794,
      0.16691909730434418,
      0.18231189250946045,
      0.9028127789497375,
      0.38947594165802,
      -0.2534607946872711,
      -0.3395749032497406,
      0.9057850241661072
    ]
  ],
  "root_rot": [
    -0.38532087206840515,
    0.04580364748835564,
    -0.9216452240943909,
    0.12533335387706757,
    -0.9869143962860107,
    -0.10144667327404022,
    -0.9142316579818726,
    -0.15460239350795746,
    0.37453800439834595
  ],
  "root_trans": [
    -0.8613098859786987,
    0.5648488998413086,
    2.4031968116760254
  ]
}