{
  "betas": [
    -0.8045603632926941,
    0.6598368883132935,
    0.6595892906188965,
    -0.027354508638381958,
    0.601746141910553,
    -0.19403371214866638,
    -0.25538843870162964,
    0.32418668270111084,
    -0.3292142450809479,
    0.335834264755249
  ],
  "joints": [
    [
      0.9737159013748169,
      -0.2247578203678131,
      0.03689642995595932,
      0.21876917779445648,
      0.9679800868034363,
      0.12310384958982468,
      -0.0633835643529892,
      -0.11179636418819427,
      0.9917076826095581
    ],
    [
      0.9987943172454834,
      0.02105867676436901,
      0.04434368014335632,
      -0.02693636529147625,
      0.9902833104133606,
      0.13643093407154083,
      -0.04103975370526314,
      -0.13746090233325958,
      0.9896565675735474
    ],
    [
      0.9992377161979675,
      -0.03860856592655182,
      -0.005790769588202238,
      0.03771231696009636,
      0.992926836013794,
      -0.11257912218570709,
      0.010096329264342785,
      0.1122749000787735,
      0.9936259388923645
    ],
    [
      0.9946016669273376,
      0.07621657848358154,
      -0.07041782140731812,
      -0.10180310904979706,
      0.848112940788269,
      -0.5199429392814636,
      0.020093975588679314,
      0.5243048071861267,
      0.8512936234474182
    ],
    [
      0.9803722500801086,
      0.043308209627866745,
      0.19233986735343933,
      0.01213599368929863,
      0.9604690074920654,
      -0.2781221568584442,
      -0.1967814713716507,
      0.2749975025653839,
      0.9410915970802307
    ],
    [
      0.9891992807388306,
      0.03619162738323212,
      -0.14203844964504242,
      0.002445456339046359,
      0.9648279547691345,
      0.26287057995796204,
      0.14655639231204987,
      -0.26037871837615967,
      0.954318642616272
    ],
    [
      0.957843005657196,
      0.02006663754582405,
      0.2865905165672302,
      -0.0043616266921162605,
      0.9984584450721741,
      -0.055333130061626434,
      -0.2872590720653534,
      0.05175044760107994,
      0.9564539790153503
    ],
    [
      0.9144336581230164,
      -0.38180217146873474,
      -0.13430620729923248,
      0.4008070230484009,
      0.9003693461418152,
      0.16937774419784546,
      0.05625638738274574,
      -0.20871558785438538,
      0.9763570427894592
    ],
    [
      0.9982014298439026,
      0.05883267521858215,
      -0.011516859754920006,
      -0.05979110673069954,
      0.9909710884094238,
      -0.12000502645969391,
      0.004352659452706575,
      0.12047778815031052,
      0.9927064180374146
    ],
    [
      0.9954298734664917,
      -0.01785479113459587,
      0.09381168335676193,
      -0.06419815868139267,
      0.6021397709846497,
      0.7958054542541504,
      -0.07069668918848038,
      -0.7981910109519958,
      0.5982416868209839
    ],
    [
      0.8836255073547363,
      0.251129150390625,
      0.3951457142829895,
      -0.2729056477546692,
      0.9620401263237,
      -0.001138681429438293,
      -0.38043200969696045,
      -0.10683132708072662,
      0.9186177849769592
    ],
    [
      0.9967161417007446,
      -0.027058100327849388,
      -0.07632023096084595,
      0.019468704238533974,
      0.9949477910995483,
      -0.0984879806637764,
      0.07859954237937927,
      0.0966787040233612,
      0.9922072887420654
    ],
    [
      0.576063871383667,
      -0.2697415351867676,
      -0.7716150283813477,
      0.706200361251831,
      0.6395984292030334,
      0.30363619327545166,
      0.4116203784942627,
      -0.719828724861145,
      0.558941125869751
    ],
    [
      0.73516845703125,
      0.28876110911369324,
      0.6133060455322266,
      -0.5554439425468445,
      0.775240957736969,
      0.3008049428462982,
      -0.38859909772872925,
      -0.5617994666099548,
      0.730323314666748
    ],
    [
      0.9967319965362549,
      -0.0511893667280674,
      -0.06248987838625908,
      0.06055745854973793,
      0.985477089881897,
      0.15864330530166626,
      0.05346149206161499,
      -0.1619090884923935,
      0.9853564500808716
    ],
    [
      0.7610714435577393,
      0.12607616186141968,
      -0.6362979412078857,
      0.17121522128582,
      0.9070987105369568,
      0.38452205061912537,
      0.6256641745567322,
      -0.4015927016735077,
      0.6687807440757751
    ],
    [
      0.8959431648254395,
      0.069855697453022,
      0.43864110112190247,
      -0.2515949308872223,
      0.8936628103256226,
      0.3715733587741852,
      -0.36604073643684387,
      -0.4432685077190399,
      0.8182464241981506
    ],
    [
      0.4836803674697876,
      -0.10187610983848572,
      -0.8692954778671265,
      0.41385024785995483,
      0.9017795920372009,
      0.12458532303571701,
      0.7712206244468689,
      -0.42001762986183167,
      0.47833454608917236
    ],
    [
      0.37736445665359497,
      0.23577694594860077,
      0.8955474495887756,
      -0.4579332768917084,
      0.888047993183136,
      -0.04083922877907753,
      -0.8049180507659912,
      -0.39468976855278015,
      0.4430878460407257
    ],
    [
      0.9432129263877869,
      -0.24677743017673492,
      0.22237415611743927,
      0.33169955015182495,
      0.6633479595184326,
      -0.6707792282104492,
      0.018021738156676292,
      0.7064490914344788,
      0.7075343132019043
    ],
    [
      0.8945086002349854,
      0.35435250401496887,
      -0.2725594639778137,
      -0.4459303021430969,
      0.66411292552948,
      -0.6000835299491882,
      -0.031630825251340866,
      0.6583223938941956,
      0.7520712614059448
    ],
    [
      0.9361583590507507,
      0.2932586371898651,
      -0.19392509758472443,
      -0.20458270609378815,
      0.9029672145843506,
      0.37788376212120056,
      0.2859256863594055,
      -0.31408530473709106,
      0.9053159356117249
    ],
    [
      0.9486591219902039,
      -0.26242801547050476,
      0.1765713393688202,
      0.200804203748703,
      0.9309964179992676,
      0.30483320355415344,
      -0.2443840652704239,
      -0.2537265419960022,
      0.9358949065208435
    ]
  ],
  "root_rot": [
    0.9464238882064819,
    -0.029964720830321312,
    0.32153376936912537,
    -0.07519759237766266,
    -0.9887638092041016,
    0.1291956752538681,
    0.3140496015548706,
    -0.14645244181156158,
    -0.938042938709259
  ],
  "root_trans": [
    -0.147868350148201,
    0.4690653085708618,
    2.582152843475342
  ]
}