{
  "betas": [
    -1.1546270847320557,
    1.0265192985534668,
    1.382647156715393,
    0.36061370372772217,
    -0.13568919897079468,
    0.19888105988502502,
    0.17411020398139954,
    0.21134820580482483,
    0.2839809060096741,
    0.5855748653411865
  ],
  "joints": [
    [
      0.9820506572723389,
      -0.1788552850484848,
      -0.05989439785480499,
      0.1867343932390213,
      0.9666846990585327,
      0.17507405579090118,
      0.026586078107357025,
      -0.18311592936515808,
      0.9827317595481873
    ],
    [
      0.9969930648803711,
      -0.036604855209589005,
      -0.06830001622438431,
      0.029223352670669556,
      0.9939253330230713,
      -0.1061055064201355,
      0.0717690959572792,
      0.10379049926996231,
      0.9920063614845276
    ],
    [
      0.993758499622345,
      0.0028771255165338516,
      0.1115160882472992,
      -0.0010705441236495972,
      0.9998672604560852,
      -0.01625664345920086,
      -0.1115480586886406,
      0.016035793349146843,
      0.9936296939849854
    ],
    [
      0.9993016123771667,
      0.02309543639421463,
      0.029373327270150185,
      -0.015354248695075512,
      0.9704787135124207,
      -0.24069759249687195,
      -0.03406520187854767,
      0.24007850885391235,
      0.9701555371284485
    ],
    [
      0.9999089241027832,
      -0.00730542279779911,
      0.011341146193444729,
      0.009299579076468945,
      0.9822834134101868,
      -0.18717029690742493,
      -0.009772859513759613,
      0.1872587502002716,
      0.9822618961334229
    ],
    [
      0.9975274801254272,
      -0.005003053694963455,
      -0.07009895145893097,
      0.0012292987667024136,
      0.9985523223876953,
      -0.053774744272232056,
      0.07026650756597519,
      0.05355561524629593,
      0.996089518070221
    ],
    [
      0.998291015625,
      0.05605766177177429,
      0.016505086794495583,
      -0.051330603659152985,
      0.976178765296936,
      -0.21080856025218964,
      -0.02792934887111187,
      0.20960111916065216,
      0.9773879647254944
    ],
    [
      0.9576056003570557,
      -0.28623297810554504,
      0.03259168192744255,
      0.2867531180381775,
      0.9579230546951294,
      -0.012494213879108429,
      -0.027644066140055656,
      0.021310294046998024,
      0.9993906617164612
    ],
    [
      0.9985247850418091,
      0.030974116176366806,
      0.04459725320339203,
      -0.03113190270960331,
      0.999511182308197,
      0.00284771341830492,
      -0.04448724910616875,
      -0.00423190975561738,
      0.9990009665489197
    ],
    [
      0.9597764611244202,
      -0.2253083735704422,
      0.16752643883228302,
      0.1517147421836853,
      0.9182525873184204,
      0.36577966809272766,
      -0.2362448275089264,
      -0.32565054297447205,
      0.9154998064041138
    ],
    [
      0.932751476764679,
      0.2957747280597687,
      0.20613577961921692,
      -0.29576554894447327,
      0.9547381401062012,
      -0.0315890833735466,
      -0.2061489373445511,
      -0.0315030999481678,
      0.9780133962631226
    ],
    [
      0.9208167791366577,
      -0.17249725759029388,
      -0.34977298974990845,
      0.11972187459468842,
      0.9785880446434021,
      -0.167428120970726,
      0.3711645305156708,
      0.11229515075683594,
      0.9217519760131836
    ],
    [
      0.9587993621826172,
      0.2355792075395584,
      0.15876470506191254,
      -0.22971683740615845,
      0.9717256426811218,
      -0.05458386242389679,
      -0.16713456809520721,
      0.015864042565226555,
      0.9858064651489258
    ],
    [
      0.943610429763794,
      -0.15307222306728363,
      0.2935442626476288,
      0.12175244837999344,
      0.9850015640258789,
      0.12226269394159317,
      -0.30785661935806274,
      -0.07962862402200699,
      0.9480946660041809
    ],
    [
      0.9863738417625427,
      -0.008066792972385883,
      -0.16432173550128937,
      0.034141235053539276,
      0.9870905876159668,
      0.15648184716701508,
      0.16093814373016357,
      -0.15995973348617554,
      0.9739157557487488
    ],
    [
      0.4663858413696289,
      0.8446856737136841,
      -0.26266035437583923,
      -0.8673169016838074,
      0.3782809376716614,
      -0.3235197365283966,
      -0.17391307651996613,
      0.3786947429180145,
      0.9090350270271301
    ],
    [
      0.5268808603286743,
      -0.7587675452232361,
      0.3829730749130249,
      0.7103698253631592,
      0.6405205130577087,
      0.29173311591148376,
      -0.4666597247123718,
      0.11834390461444855,
      0.8764835596084595
    ],
    [
      -0.2834948003292084,
      -0.36213070154190063,
      -0.8879708051681519,
      0.016179300844669342,
      0.9240214228630066,
      -0.3819982409477234,
      0.9588372707366943,
      -0.12266123294830322,
      -0.2560962438583374
    ],
    [
      -0.2685791552066803,
      0.29360231757164,
      0.917421817779541,
      -0.35435447096824646,
      0.8555143475532532,
      -0.3775288462638855,
      -0.8957109451293945,
      -0.4264889359474182,
      -0.12573403120040894
    ],
    [
      0.9511821269989014,
      -0.2779085338115692,
      0.1342363804578781,
      0.30805251002311707,
      0.881494402885437,
      -0.357870489358902,
      -0.01887335255742073,
      0.3817518651485443,
      0.9240721464157104
    ],
    [
      0.8916082382202148,
      0.43134570121765137,
      0.13775238394737244,
      -0.40023788809776306,
      0.8930150270462036,
      -0.20575180649757385,
      -0.2117650955915451,
      0.128316268324852,
      0.9688604474067688
    ],
    [
      0.8906985521316528,
      0.2850664258003235,
      -0.35410887002944946,
      -0.1794467568397522,
      0.9361765384674072,
      0.30227842926979065,
      0.4176778793334961,
      -0.20569530129432678,
      0.8850053548812866
    ],
    [
      0.8912283182144165,
      -0.4225796163082123,
      0.16473783552646637,
      0.2632477283477783,
      0.777725100517273,
      0.570827841758728,
      -0.3693409264087677,
      -0.46537110209465027,
      0.8043737411499023
    ]
  ],
  "root_rot": [
    -0.9705032706260681,
    0.05359688401222229,
    -0.23505499958992004,
    -0.014606710523366928,
    -0.9862562417984009,
    -0.16457600891590118,
    -0.24064522981643677,
    -0.15628816187381744,
    0.9579477906227112
  ],
  "root_trans": [
    -0.9552862048149109,
    0.5271891355514526,
    2.427079916000366
  ]
}