{
  "betas": [
    -0.45519518852233887,
    0.7719626426696777,
    1.102492332458496,
    -0.015910685062408447,
    0.5773882269859314,
    -0.26913565397262573,
    0.19804516434669495,
    0.41634035110473633,
    0.0801672488451004,
    0.8432445526123047
  ],
  "joints": [
    [
      0.9702345132827759,
      -0.24174994230270386,
      0.01421022042632103,
      0.24173660576343536,
      0.9703382253646851,
      0.002673526294529438,
      -0.01443504448980093,
      0.0008411830058321357,
      0.999895453453064
    ],
    [
      0.9228866696357727,
      0.3448004722595215,
      -0.17144334316253662,
      -0.32412561774253845,
      0.9359564781188965,
      0.13757926225662231,
      0.20790091156959534,
      -0.07140088826417923,
      0.9755403995513916
    ],
    [
      0.992339015007019,
      -0.1230638399720192,
      -0.010880124755203724,
      0.12139243632555008,
      0.9876334071159363,
      -0.09921775013208389,
      0.022955693304538727,
      0.09713689982891083,
      0.9950062036514282
    ],
    [
      0.9990212917327881,
      0.032621029764413834,
      -0.029872877523303032,
      -0.03893197327852249,
      0.9690481424331665,
      -0.24378271400928497,
      0.02099580690264702,
      0.2447071075439453,
      0.9693697094917297
    ],
    [
      0.997983992099762,
      0.04043940082192421,
      0.04891344532370567,
      -0.024876980111002922,
      0.9582922458648682,
      -0.28470543026924133,
      -0.05838668718934059,
      0.2829146683216095,
      0.9573663473129272
    ],
    [
      0.9915879964828491,
      0.09229521453380585,
      -0.09074638038873672,
      -0.08562731742858887,
      0.9935140013694763,
      0.07481931895017624,
      0.09706325829029083,
      -0.0664195641875267,
      0.9930595755577087
    ],
    [
      0.9981664419174194,
      0.0002772623847704381,
      0.06052857264876366,
      -0.005180781707167625,
      0.9967111945152283,
      0.08086976408958435,
      -0.060307085514068604,
      -0.0810350626707077,
      0.9948850870132446
    ],
    [
      0.9070741534233093,
      -0.36883091926574707,
      -0.2029290348291397,
      0.36938318610191345,
      0.9285570383071899,
      -0.036577258259058,
      0.2019219994544983,
      -0.04178028553724289,
      0.9785100221633911
    ],
    [
      0.9902007579803467,
      0.1267162561416626,
      0.058697234839200974,
      -0.12562401592731476,
      0.9918349981307983,
      -0.021953821182250977,
      -0.060999877750873566,
      0.014364910311996937,
      0.9980343580245972
    ],
    [
      0.9917391538619995,
      -0.10061295330524445,
      0.07956527173519135,
      0.06286704540252686,
      0.9219337701797485,
      0.38221171498298645,
      -0.11180936545133591,
      -0.3740522265434265,
      0.9206430315971375
    ],
    [
      0.9696429967880249,
      0.2394096851348877,
      0.049754269421100616,
      -0.23872017860412598,
      0.9708934426307678,
      -0.019455326721072197,
      -0.05296389386057854,
      0.006987373344600201,
      0.9985719323158264
    ],
    [
      0.9544445872306824,
      -0.1613256335258484,
      -0.25101691484451294,
      0.15547117590904236,
      0.9868988990783691,
      -0.04311852529644966,
      0.2546844482421875,
      0.002128353575244546,
      0.9670218229293823
    ],
    [
      0.8620901703834534,
      0.41083234548568726,
      -0.29667723178863525,
      -0.3503980040550232,
      0.90619957447052,
      0.23669303953647614,
      0.36608994007110596,
      -0.10009561479091644,
      0.9251805543899536
    ],
    [
      0.7818329334259033,
      0.23996219038963318,
      0.5754610300064087,
      -0.4761900007724762,
      0.8256032466888428,
      0.3026920557022095,
      -0.4024677872657776,
      -0.5106834173202515,
      0.7597513794898987
    ],
    [
      0.9617635011672974,
      -0.10918033868074417,
      0.2511783838272095,
      0.017003213986754417,
      0.939140260219574,
      0.3431130349636078,
      -0.2733529210090637,
      -0.3257227838039398,
      0.9050872325897217
    ],
    [
      0.5043414831161499,
      0.7121936678886414,
      -0.4882824420928955,
      -0.8580447435379028,
      0.4768225848674774,
      -0.19078615307807922,
      0.09694742411375046,
      0.5151895880699158,
      0.851575493812561
    ],
    [
      0.8552033305168152,
      0.14728350937366486,
      0.49692532420158386,
      -0.3770485520362854,
      0.8346356749534607,
      0.4015192985534668,
      -0.35561439394950867,
      -0.5307456254959106,
      0.7693162560462952
    ],
    [
      0.17675839364528656,
      -0.443148136138916,
      -0.8788493871688843,
      -0.07694369554519653,
      0.8839548826217651,
      -0.4611978232860565,
      0.9812421798706055,
      0.14914250373840332,
      0.12214899063110352
    ],
    [
      0.5954573750495911,
      0.05108816921710968,
      0.8017608523368835,
      -0.3504966199398041,
      0.9145126342773438,
      0.20203657448291779,
      -0.7228987216949463,
      -0.40131863951683044,
      0.5624595284461975
    ],
    [
      0.9543021321296692,
      -0.2048047035932541,
      0.2176292985677719,
      0.29709383845329285,
      0.728865921497345,
      -0.6168385148048401,
      -0.032291166484355927,
      0.6533066034317017,
      0.7564045190811157
    ],
    [
      0.9612615704536438,
      0.23076896369457245,
      -0.15073765814304352,
      -0.25792229175567627,
      0.5601707100868225,
      -0.7872005701065063,
      -0.09722263365983963,
      0.7955843210220337,
      0.5979910492897034
    ],
    [
      0.990027904510498,
      0.024606414139270782,
      -0.13870567083358765,
      -0.025089077651500702,
      0.9996837377548218,
      -0.0017321461346000433,
      0.13861916959285736,
      0.005194870755076408,
      0.9903321266174316
    ],
    [
      0.9926900863647461,
      -0.054244909435510635,
      0.10781434923410416,
      0.039032384753227234,
      0.9895917773246765,
      0.13850878179073334,
      -0.11420557647943497,
      -0.13328804075717926,
      0.9844752550125122
    ]
  ],
  "root_rot": [
    -0.9390100240707397,
    0.0036371243186295033,
    -0.3438703417778015,
    0.03907578065991402,
    -0.9923391938209534,
    -0.1172005906701088,
    -0.34166231751441956,
    -0.12348955124616623,
    0.9316743016242981
  ],
  "root_trans": [
    -0.5765087008476257,
    0.5632152557373047,
    2.3485748767852783
  ]
}