{
  "betas": [
    -0.9458180069923401,
    1.2529641389846802,
    1.618728518486023,
    -0.04585379362106323,
    -0.07388430833816528,
    -0.0759369507431984,
    0.05697363615036011,
    0.12662173807621002,
    0.3232094943523407,
    0.6109637022018433
  ],
  "joints": [
    [
      0.9503142237663269,
      -0.28597795963287354,
      0.12296087294816971,
      0.29406091570854187,
      0.9543057084083557,
      -0.053186919540166855,
      -0.10213197022676468,
      0.08670228719711304,
      0.9909852147102356
    ],
    [
      0.9363107681274414,
      0.34316712617874146,
      -0.07455510646104813,
      -0.2675996422767639,
      0.8346989750862122,
      0.4813191294670105,
      0.22740395367145538,
      -0.43071338534355164,
      0.873369038105011
    ],
    [
      0.9983053803443909,
      -0.0492781326174736,
      -0.030953560024499893,
      0.04555855691432953,
      0.992760419845581,
      -0.11113536357879639,
      0.03620601445436478,
      0.10953681915998459,
      0.9933230876922607
    ],
    [
      0.9894801378250122,
      0.12233780324459076,
      -0.0772162601351738,
      -0.1387144923210144,
      0.953857421875,
      -0.2662973999977112,
      0.041075073182582855,
      0.27420705556869507,
      0.9607930183410645
    ],
    [
      0.997481107711792,
      -0.06832858175039291,
      -0.01904175616800785,
      0.05930443853139877,
      0.9506309628486633,
      -0.30460429191589355,
      0.03891485929489136,
      0.3027077913284302,
      0.9522886276245117
    ],
    [
      0.9960752129554749,
      -0.04435606300830841,
      -0.07659437507390976,
      0.03466736525297165,
      0.9917404651641846,
      -0.1234869509935379,
      0.08143913000822067,
      0.12034697085618973,
      0.9893857836723328
    ],
    [
      0.9935430884361267,
      0.014290405437350273,
      0.11255193501710892,
      -0.03394029289484024,
      0.9840428829193115,
      0.17466402053833008,
      -0.10825992375612259,
      -0.1773562729358673,
      0.9781740307807922
    ],
    [
      0.8514490127563477,
      -0.40270647406578064,
      -0.33594945073127747,
      0.36495742201805115,
      0.9150213003158569,
      -0.17187811434268951,
      0.37661734223365784,
      0.023738212883472443,
      0.9260647296905518
    ],
    [
      0.9991593360900879,
      -0.0037249766755849123,
      0.040825508534908295,
      0.002089859452098608,
      0.9991966485977173,
      0.040020957589149475,
      -0.040941789746284485,
      -0.03990199416875839,
      0.9983644485473633
    ],
    [
      0.9795226454734802,
      -0.18850235641002655,
      0.07072648406028748,
      0.09824272990226746,
      0.7541332840919495,
      0.6493313908576965,
      -0.17573770880699158,
      -0.6290864944458008,
      0.7572095990180969
    ],
    [
      0.8269927501678467,
      0.43764907121658325,
      0.35291117429733276,
      -0.5036340951919556,
      0.8556739687919617,
      0.11905777454376221,
      -0.2498713731765747,
      -0.27619799971580505,
      0.9280511736869812
    ],
    [
      0.8135209083557129,
      -0.16239498555660248,
      -0.5584009885787964,
      0.09802152961492538,
      0.9847712516784668,
      -0.1435874104499817,
      0.573215126991272,
      0.06207603961229324,
      0.8170502185821533
    ],
    [
      0.9583468437194824,
      0.25202569365501404,
      0.13436704874038696,
      -0.2305021733045578,
      0.9602953791618347,
      -0.1571672558784485,
      -0.16864225268363953,
      0.11964882910251617,
      0.9783884882926941
    ],
    [
      0.9477512836456299,
      -0.2955637276172638,
      0.12003958225250244,
      0.3029851019382477,
      0.9517472386360168,
      -0.04875509440898895,
      -0.09983712434768677,
      0.0825779139995575,
      0.9915710687637329
    ],
    [
      0.9293107390403748,
      0.017767321318387985,
      -0.36887094378471375,
      0.048917852342128754,
      0.9841179847717285,
      0.1706424057483673,
      0.36604437232017517,
      -0.17662420868873596,
      0.9136822819709778
    ],
    [
      0.5802044868469238,
      0.7624437808990479,
      -0.2864300310611725,
      -0.7981927394866943,
      0.46232837438583374,
      -0.38618746399879456,
      -0.16202153265476227,
      0.4526941478252411,
      0.8768220543861389
    ],
    [
      0.6867619156837463,
      -0.6760469079017639,
      0.26705536246299744,
      0.6845294833183289,
      0.7250937223434448,
      0.07522263377904892,
      -0.2444942146539688,
      0.13114723563194275,
      0.9607408046722412
    ],
    [
      -0.2744050920009613,
      -0.35281872749328613,
      -0.8945505619049072,
      -0.07774917781352997,
      0.9353539943695068,
      -0.3450622260570526,
      0.9584658741950989,
      -0.025136269629001617,
      -0.28409725427627563
    ],
    [
      0.9452528953552246,
      0.054224852472543716,
      0.3218022584915161,
      -0.05912325158715248,
      0.9982357621192932,
      0.00546060036867857,
      -0.3209384083747864,
      -0.024187641218304634,
      0.9467911720275879
    ],
    [
      0.9512015581130981,
      -0.2879659831523895,
      0.11086584627628326,
      0.30200907588005066,
      0.7951136827468872,
      -0.5259132981300354,
      0.0632941722869873,
      0.533731997013092,
      0.8432816863059998
    ],
    [
      0.960779070854187,
      0.19960293173789978,
      -0.1925155073404312,
      -0.2719147503376007,
      0.8144055008888245,
      -0.5126460790634155,
      0.05446004122495651,
      0.5448874831199646,
      0.8367387652397156
    ],
    [
      0.9234267473220825,
      0.15840491652488708,
      -0.34955814480781555,
      -0.17888936400413513,
      0.983501672744751,
      -0.026890316978096962,
      0.33953145146369934,
      0.08736347407102585,
      0.9365286827087402
    ],
    [
      0.9606667160987854,
      -0.22534388303756714,
      0.1622946858406067,
      0.18891997635364532,
      0.9586557149887085,
      0.21281076967716217,
      -0.20354032516479492,
      -0.17377951741218567,
      0.9635205864906311
    ]
  ],
  "root_rot": [
    0.9791431427001953,
    0.008072656579315662,
    -0.203011155128479,
    0.022790968418121338,
    -0.9972677826881409,
    0.07026714086532593,
    -0.2018892616033554,
    -0.07342841476202011,
    -0.9766519069671631
  ],
  "root_trans": [
    0.28798937797546387,
    0.5216785669326782,
    2.556309461593628
  ]
}