{
  "betas": [
    -0.9825389981269836,
    1.0248661041259766,
    1.2383686304092407,
    0.30128899216651917,
    -0.12163114547729492,
    0.16031482815742493,
    0.15622130036354065,
    0.21866679191589355,
    0.35794419050216675,
    0.5326249599456787
  ],
  "joints": [
    [
      0.977996289730072,
      -0.1985590010881424,
      -0.0640120729804039,
      0.20744827389717102,
      0.9580879807472229,
      0.19756650924682617,
      0.02210059203207493,
      -0.20649851858615875,
      0.9781972169876099
    ],
    [
      0.9986882209777832,
      0.01060732826590538,
      -0.05009138211607933,
      -0.013739122077822685,
      0.9979442954063416,
      -0.06259747594594955,
      0.04932441562414169,
      0.0632035881280899,
      0.9967809319496155
    ],
    [
      0.9941777586936951,
      0.005376110319048166,
      0.10761824250221252,
      -0.0007890164852142334,
      0.9990910291671753,
      -0.04262103885412216,
      -0.10774954408407211,
      0.042287975549697876,
      0.9932783246040344
    ],
    [
      0.9998677372932434,
      0.010478955693542957,
      0.012429950758814812,
      -0.00772016029804945,
      0.978891909122467,
      -0.20423287153244019,
      -0.014307720586657524,
      0.20410993695259094,
      0.9788433313369751
    ],
    [
      0.9994493126869202,
      0.004513910040259361,
      0.03287319093942642,
      0.006044870708137751,
      0.9493567943572998,
      -0.3141418993473053,
      -0.03262639418244362,
      0.3141676187515259,
      0.9488067030906677
    ],
    [
      0.9968562126159668,
      -0.003209965070709586,
      -0.0791660025715828,
      -0.0021463159937411547,
      0.9977182745933533,
      -0.06748130917549133,
      0.07920197397470474,
      0.06743908673524857,
      0.994574785232544
    ],
    [
      0.9985256195068359,
      0.04573311284184456,
      0.029242759570479393,
      -0.04104200005531311,
      0.9886242747306824,
      -0.14469829201698303,
      -0.035527605563402176,
      0.14328475296497345,
      0.989043653011322
    ],
    [
      0.9413894414901733,
      -0.3262369930744171,
      0.08576304465532303,
      0.32263392210006714,
      0.9450188279151917,
      0.05335543677210808,
      -0.09845420718193054,
      -0.0225581806153059,
      0.9948858618736267
    ],
    [
      0.9986029863357544,
      0.02585398592054844,
      0.04608192667365074,
      -0.02618895098567009,
      0.9996346831321716,
      0.006679932586848736,
      -0.0458923876285553,
      -0.007877438329160213,
      0.9989152550697327
    ],
    [
      0.9634026288986206,
      -0.21105864644050598,
      0.16525618731975555,
      0.14309847354888916,
      0.9262366890907288,
      0.3487241268157959,
      -0.226667582988739,
      -0.31231385469436646,
      0.9225410223007202
    ],
    [
      0.923237681388855,
      0.32558473944664,
      0.2040265053510666,
      -0.3421497941017151,
      0.9382613301277161,
      0.050983626395463943,
      -0.17483067512512207,
      -0.11687762290239334,
      0.977636992931366
    ],
    [
      0.9175366759300232,
      -0.18240408599376678,
      -0.35334864258766174,
      0.12233547121286392,
      0.9749746918678284,
      -0.1856299340724945,
      0.3783656060695648,
      0.12709519267082214,
      0.9168895483016968
    ],
    [
      0.9635735154151917,
      0.2521705627441406,
      0.0890854001045227,
      -0.2503787577152252,
      0.967653751373291,
      -0.030930735170841217,
      -0.09400364011526108,
      0.007498944643884897,
      0.9955436587333679
    ],
    [
      0.928333580493927,
      -0.1823754757642746,
      0.3239384889602661,
      0.15083156526088715,
      0.9812275171279907,
      0.12017664313316345,
      -0.33977460861206055,
      -0.06270384788513184,
      0.938414454460144
    ],
    [
      0.9876726269721985,
      -0.032410696148872375,
      -0.15314161777496338,
      0.05109243839979172,
      0.9914974570274353,
      0.11967666447162628,
      0.14796070754528046,
      -0.1260257363319397,
      0.9809308648109436
    ],
    [
      0.42764273285865784,
      0.8470929265022278,
      -0.315523624420166,
      -0.8973407745361328,
      0.35569149255752563,
      -0.2612720727920532,
      -0.10909268260002136,
      0.3948633372783661,
      0.9122399091720581
    ],
    [
      0.5252468585968018,
      -0.7492817640304565,
      0.40335169434547424,
      0.7093561291694641,
      0.6473560333251953,
      0.27882611751556396,
      -0.4700314998626709,
      0.13966746628284454,
      0.8715293407440186
    ],
    [
      -0.27911990880966187,
      -0.3643563687801361,
      -0.8884461522102356,
      0.04644434154033661,
      0.9190124273300171,
      -0.3914830684661865,
      0.9591324925422668,
      -0.1505340188741684,
      -0.23959237337112427
    ],
    [
      -0.08623931556940079,
      0.3167993128299713,
      0.9445638656616211,
      -0.35294342041015625,
      0.876893162727356,
      -0.32632702589035034,
      -0.9316617846488953,
      -0.36151984333992004,
      0.03618956729769707
    ],
    [
      0.9612112641334534,
      -0.20492441952228546,
      0.18460462987422943,
      0.2615530490875244,
      0.8896665573120117,
      -0.3742773234844208,
      -0.087537981569767,
      0.4080434739589691,
      0.9087561368942261
    ],
    [
      0.9181503653526306,
      0.39321771264076233,
      0.048782605677843094,
      -0.37198323011398315,
      0.8978116512298584,
      -0.2357172816991806,
      -0.13648580014705658,
      0.19827759265899658,
      0.9705964922904968
    ],
    [
      0.9279041886329651,
      0.1734074056148529,
      -0.3300357460975647,
      -0.11479340493679047,
      0.9751266837120056,
      0.18960629403591156,
      0.3547057509422302,
      -0.13805055618286133,
      0.9247301816940308
    ],
    [
      0.9326440691947937,
      -0.29717788100242615,
      0.204598069190979,
      0.18512944877147675,
      0.8808966279029846,
      0.4356008470058441,
      -0.309680700302124,
      -0.36838340759277344,
      0.8765794038772583
    ]
  ],
  "root_rot": [
    -0.9968124032020569,
    0.05335468053817749,
    -0.05931582301855087,
    -0.0432913713157177,
    -0.9862322807312012,
    -0.15959887206554413,
    -0.06701452285051346,
    -0.15652227401733398,
    0.9853983521461487
  ],
  "root_trans": [
    -0.977519690990448,
    0.5271747708320618,
    2.455552816390991
  ]
}