{
  "betas": [
    -0.7486743330955505,
    0.7018392086029053,
    1.3728599548339844,
    0.0008125007152557373,
    0.14024654030799866,
    -0.07807783037424088,
    -0.1378079652786255,
    0.36012357473373413,
    0.051650866866111755,
    1.1714105606079102
  ],
  "joints": [
    [
      0.9411555528640747,
      -0.33293038606643677,
      0.05816890299320221,
      0.3081240952014923,
      0.9159494638442993,
      0.2570917010307312,
      -0.1388734132051468,
      -0.22404003143310547,
      0.9646347761154175
    ],
    [
      0.9474548697471619,
      0.3183591961860657,
      -0.031252771615982056,
      -0.30881211161613464,
      0.935757577419281,
      0.1702728271484375,
      0.08345293998718262,
      -0.15167458355426788,
      0.9849012494087219
    ],
    [
      0.9986953735351562,
      -0.022858161479234695,
      0.0456617996096611,
      0.030169909819960594,
      0.9855825304985046,
      -0.16648365557193756,
      -0.04119796305894852,
      0.16764408349990845,
      0.9849863648414612
    ],
    [
      0.990276575088501,
      0.13735370337963104,
      -0.022053079679608345,
      -0.1384941190481186,
      0.9584701657295227,
      -0.24930746853351593,
      -0.013106095604598522,
      0.24993754923343658,
      0.9681732058525085
    ],
    [
      0.9805994033813477,
      0.0567169263958931,
      0.18763777613639832,
      -0.014569266699254513,
      0.975666880607605,
      -0.21877369284629822,
      -0.1954801231622696,
      0.2117956280708313,
      0.9575647115707397
    ],
    [
      0.9903178811073303,
      -0.033372461795806885,
      -0.13474713265895844,
      0.040683332830667496,
      0.9978247880935669,
      0.05187163129448891,
      0.13272292912006378,
      -0.05685136467218399,
      0.9895214438438416
    ],
    [
      0.9886705875396729,
      -0.001897297683171928,
      0.1500895768404007,
      0.01829695887863636,
      0.9939867854118347,
      -0.1079607680439949,
      -0.1489822119474411,
      0.10948381572961807,
      0.9827601909637451
    ],
    [
      0.8809468150138855,
      -0.40333640575408936,
      -0.2474924772977829,
      0.42123186588287354,
      0.9066924452781677,
      0.021741298958659172,
      0.21563047170639038,
      -0.12340462952852249,
      0.9686459898948669
    ],
    [
      0.9999723434448242,
      -0.007441056426614523,
      -0.00014457909855991602,
      0.007423746399581432,
      0.9986464381217957,
      -0.05147923156619072,
      0.0005274431896395981,
      0.05147672817111015,
      0.9986740350723267
    ],
    [
      0.9941247701644897,
      -0.04901907593011856,
      0.09650420397520065,
      -0.02530721202492714,
      0.7616007924079895,
      0.6475520730018616,
      -0.10524009168148041,
      -0.64618980884552,
      0.755885660648346
    ],
    [
      0.9121720790863037,
      0.34132030606269836,
      0.22680935263633728,
      -0.33363527059555054,
      0.9398998618125916,
      -0.07263414561748505,
      -0.23796959221363068,
      -0.00941676739603281,
      0.9712269306182861
    ],
    [
      0.8611156940460205,
      0.30845627188682556,
      0.40414658188819885,
      -0.26953941583633423,
      0.950994610786438,
      -0.151518315076828,
      -0.4310779571533203,
      0.021541379392147064,
      0.9020575284957886
    ],
    [
      0.9824950098991394,
      -0.04386833682656288,
      -0.18105024099349976,
      0.07021521031856537,
      0.9874040484428406,
      0.1417856365442276,
      0.17254981398582458,
      -0.15201614797115326,
      0.9731997847557068
    ],
    [
      0.9782266020774841,
      -0.20137250423431396,
      0.05021686106920242,
      0.20599181950092316,
      0.9715753197669983,
      -0.11665698140859604,
      -0.025297949090600014,
      0.12446124106645584,
      0.9919019341468811
    ],
    [
      0.8619548678398132,
      -0.1433088332414627,
      0.4863089919090271,
      0.1102730855345726,
      0.9892477989196777,
      0.09606552869081497,
      -0.4948471784591675,
      -0.029177343472838402,
      0.8684900403022766
    ],
    [
      0.9727112650871277,
      0.1732354760169983,
      -0.1543445587158203,
      -0.16017082333564758,
      0.9826517105102539,
      0.09349286556243896,
      0.16786321997642517,
      -0.06622006744146347,
      0.9835836291313171
    ],
    [
      0.6163061261177063,
      -0.7563470602035522,
      0.2193305492401123,
      0.7874594926834106,
      0.5888369679450989,
      -0.1821497082710266,
      0.008618450723588467,
      0.2849739193916321,
      0.9584965109825134
    ],
    [
      0.9288315176963806,
      -0.0055818273685872555,
      -0.3704603612422943,
      0.14724482595920563,
      0.9230942726135254,
      0.3552689552307129,
      0.33998674154281616,
      -0.3845333755016327,
      0.8582209348678589
    ],
    [
      -0.09486150741577148,
      0.34163349866867065,
      0.9350336790084839,
      0.1621653288602829,
      0.932026207447052,
      -0.3240826427936554,
      -0.9821934103965759,
      0.12088707834482193,
      -0.14381451904773712
    ],
    [
      0.9668104648590088,
      -0.21094447374343872,
      0.1441526710987091,
      0.2554324269294739,
      0.7855669856071472,
      -0.5635945796966553,
      0.005645636934787035,
      0.5817103981971741,
      0.8133764266967773
    ],
    [
      0.9380208253860474,
      0.23294448852539062,
      0.25661998987197876,
      -0.22265368700027466,
      0.9724613428115845,
      -0.06887891888618469,
      -0.26559796929359436,
      0.007472476456314325,
      0.9640549421310425
    ],
    [
      0.9551693201065063,
      0.21115180850028992,
      -0.2075244039297104,
      -0.1683344542980194,
      0.9639603495597839,
      0.20601937174797058,
      0.24354664981365204,
      -0.16184988617897034,
      0.9562894701957703
    ],
    [
      0.9113059639930725,
      -0.12224609404802322,
      0.39316320419311523,
      0.12149862945079803,
      0.9922271370887756,
      0.026893358677625656,
      -0.3933948576450348,
      0.02326071262359619,
      0.9190752506256104
    ]
  ],
  "root_rot": [
    0.9389825463294983,
    -0.03674665838479996,
    0.3419961929321289,
    -0.05015813559293747,
    -0.998276948928833,
    0.03045143187046051,
    0.3402879238128662,
    -0.04574725776910782,
    -0.9392077922821045
  ],
  "root_trans": [
    0.27336663007736206,
    0.5196662545204163,
    2.5807278156280518
  ]
}