{
  "betas": [
    -0.07845482230186462,
    0.6952486038208008,
    1.2591726779937744,
    0.793577253818512,
    0.5416441559791565,
    -0.28672224283218384,
    -0.4400407671928406,
    0.31025969982147217,
    0.1100342646241188,
    0.5464239716529846
  ],
  "joints": [
    [
      0.9677342176437378,
      -0.2091367542743683,
      -0.14054279029369354,
      0.24440401792526245,
      0.9147716164588928,
      0.3216513693332672,
      0.06129543483257294,
      -0.3456222712993622,
      0.9363696575164795
    ],
    [
      0.9857959747314453,
      0.10820703208446503,
      -0.12844328582286835,
      -0.11406286805868149,
      0.992702841758728,
      -0.03912442922592163,
      0.12327247112989426,
      0.05321930721402168,
      0.9909448623657227
    ],
    [
      0.9932169914245605,
      -0.02910100296139717,
      0.1125749796628952,
      0.03997266665101051,
      0.9946212768554688,
      -0.09555454552173615,
      -0.1091887429356575,
      0.09940632432699203,
      0.9890379905700684
    ],
    [
      0.9955346584320068,
      0.09357284009456635,
      -0.012447932735085487,
      -0.08348152041435242,
      0.8111712336540222,
      -0.5788195133209229,
      -0.04406440630555153,
      0.5772740244865417,
      0.8153606653213501
    ],
    [
      0.9990125894546509,
      -0.019252868369221687,
      0.040038637816905975,
      0.026265136897563934,
      0.9828071594238281,
      -0.18275710940361023,
      -0.03583166375756264,
      0.18362829089164734,
      0.9823424220085144
    ],
    [
      0.9931413531303406,
      0.0004918273771181703,
      -0.11691955476999283,
      -0.005856902804225683,
      0.9989449977874756,
      -0.04554760828614235,
      0.11677379906177521,
      0.0459199883043766,
      0.992096483707428
    ],
    [
      0.9899778962135315,
      0.08027252554893494,
      0.1161901205778122,
      -0.07847277820110321,
      0.9967158436775208,
      -0.019989879801869392,
      -0.11741317063570023,
      0.010671782307326794,
      0.9930258393287659
    ],
    [
      0.9749371409416199,
      -0.15221597254276276,
      -0.16225862503051758,
      0.19784203171730042,
      0.9267564415931702,
      0.31934481859207153,
      0.10176483541727066,
      -0.3434427082538605,
      0.9336439967155457
    ],
    [
      0.9967890381813049,
      0.027500001713633537,
      0.07520224899053574,
      -0.02225087769329548,
      0.9973150491714478,
      -0.06976839900016785,
      -0.07691895961761475,
      0.06787105649709702,
      0.9947246313095093
    ],
    [
      0.9638620018959045,
      -0.2662534713745117,
      -0.00889729056507349,
      0.1801254004240036,
      0.6267364025115967,
      0.7581268548965454,
      -0.1962776482105255,
      -0.7323322296142578,
      0.6520464420318604
    ],
    [
      0.8859069347381592,
      0.24605639278888702,
      0.3932240307331085,
      -0.24947571754455566,
      0.9674126505851746,
      -0.04329780489206314,
      -0.39106354117393494,
      -0.0597420334815979,
      0.9184226989746094
    ],
    [
      0.9739977717399597,
      0.1952032744884491,
      0.11499597132205963,
      -0.18643036484718323,
      0.9789764881134033,
      -0.0827566459774971,
      -0.12873272597789764,
      0.05916604772210121,
      0.989912748336792
    ],
    [
      0.971310555934906,
      0.15987658500671387,
      -0.17605480551719666,
      -0.13420937955379486,
      0.9796583652496338,
      0.1491890400648117,
      0.1963253915309906,
      -0.12128067761659622,
      0.973009467124939
    ],
    [
      0.9365938305854797,
      -0.29459306597709656,
      0.18975526094436646,
      0.3023185133934021,
      0.9531254172325134,
      -0.012465959414839745,
      -0.1771881878376007,
      0.06904206424951553,
      0.981752336025238
    ],
    [
      0.9434165358543396,
      -0.1149597316980362,
      0.31104567646980286,
      0.1362248659133911,
      0.9895408749580383,
      -0.04745101556181908,
      -0.3023374676704407,
      0.08713823556900024,
      0.9492095708847046
    ],
    [
      0.6076186299324036,
      0.6715500354766846,
      -0.4240521490573883,
      -0.7244338989257812,
      0.6874779462814331,
      0.050692517310380936,
      0.3255690038204193,
      0.2763960063457489,
      0.9042180180549622
    ],
    [
      0.5822103023529053,
      -0.713115394115448,
      0.3905094861984253,
      0.7958078384399414,
      0.5981932282447815,
      -0.09409943222999573,
      -0.1664963960647583,
      0.36555618047714233,
      0.9157770276069641
    ],
    [
      -0.34132659435272217,
      -0.2908480763435364,
      -0.8938140273094177,
      0.22236047685146332,
      0.8989444375038147,
      -0.3774317502975464,
      0.9132644534111023,
      -0.3275763988494873,
      -0.24216052889823914
    ],
    [
      -0.12453289330005646,
      0.3664626181125641,
      0.9220611453056335,
      0.13388346135616302,
      0.9270026683807373,
      -0.35034438967704773,
      -0.983141303062439,
      0.07981933653354645,
      -0.16450560092926025
    ],
    [
      0.9134342670440674,
      -0.3733810782432556,
      0.16193942725658417,
      0.4069732427597046,
      0.8348004817962646,
      -0.37078410387039185,
      0.003256668336689472,
      0.40459194779396057,
      0.9144914746284485
    ],
    [
      0.9946202039718628,
      0.09881018102169037,
      0.03110191598534584,
      -0.09074079990386963,
      0.9758846163749695,
      -0.19853250682353973,
      -0.04996892437338829,
      0.19464220106601715,
      0.9796006679534912
    ],
    [
      0.8665701150894165,
      0.4563268721103668,
      -0.20204438269138336,
      -0.16642136871814728,
      0.6459155082702637,
      0.7450482845306396,
      0.4704892337322235,
      -0.6120120882987976,
      0.6356736421585083
    ],
    [
      0.737671434879303,
      -0.6711590886116028,
      -0.0733913853764534,
      0.2862756848335266,
      0.21248097717761993,
      0.9342901110649109,
      -0.6114630699157715,
      -0.710209310054779,
      0.3488776683807373
    ]
  ],
  "root_rot": [
    0.621623694896698,
    -0.13549160957336426,
    0.771509051322937,
    -0.1448552906513214,
    -0.9878231287002563,
    -0.056767042726278305,
    0.769805908203125,
    -0.07646941393613815,
    -0.6336809396743774
  ],
  "root_trans": [
    0.007073745131492615,
    0.5606013536453247,
    2.576246500015259
  ]
}