{
  "betas": [
    -0.7165159583091736,
    0.9675413370132446,
    1.0664021968841553,
    -0.2700575888156891,
    0.20502863824367523,
    -0.20787906646728516,
    -0.05671694874763489,
    0.9663547873497009,
    -0.1598857343196869,
    1.0835046768188477
  ],
  "joints": [
    [
      0.8707878589630127,
      -0.48998695611953735,
      0.0405123196542263,
      0.4885736405849457,
      0.8531644940376282,
      -0.18277376890182495,
      0.05499308928847313,
      0.1789504438638687,
      0.9823200106620789
    ],
    [
      0.754978358745575,
      0.4521850645542145,
      0.4749065637588501,
      -0.3212178349494934,
      -0.3763599693775177,
      0.8690063953399658,
      0.5716875791549683,
      -0.80862957239151,
      -0.138893723487854
    ],
    [
      0.9801421165466309,
      -0.1886288821697235,
      -0.061160024255514145,
      0.12398674339056015,
      0.8236683011054993,
      -0.5533514022827148,
      0.15475362539291382,
      0.534779965877533,
      0.8306994438171387
    ],
    [
      0.9599871039390564,
      -0.14328423142433167,
      -0.24061234295368195,
      -0.041388217359781265,
      0.777167558670044,
      -0.6279311776161194,
      0.27696874737739563,
      0.6127644181251526,
      0.7401405572891235
    ],
    [
      0.9491695165634155,
      -0.30706799030303955,
      -0.06918445229530334,
      0.06536733359098434,
      0.40729886293411255,
      -0.9109527468681335,
      0.30790314078330994,
      0.8601261377334595,
      0.40666788816452026
    ],
    [
      0.9913591146469116,
      -0.09538689255714417,
      -0.09004733711481094,
      0.07083263993263245,
      0.9670419096946716,
      -0.24456626176834106,
      0.11040796339511871,
      0.23607468605041504,
      0.9654422998428345
    ],
    [
      0.9883612990379333,
      0.1494232714176178,
      0.028541121631860733,
      -0.15184924006462097,
      0.9577673673629761,
      0.24417920410633087,
      0.009150310419499874,
      -0.24567122757434845,
      0.9693099856376648
    ],
    [
      0.9551907181739807,
      -0.2950606346130371,
      0.023451941087841988,
      0.28311747312545776,
      0.8876608610153198,
      -0.36318403482437134,
      0.08634395152330399,
      0.35354965925216675,
      0.931422233581543
    ],
    [
      0.9933534860610962,
      -0.09285352379083633,
      0.06802179664373398,
      0.08278358727693558,
      0.9869269132614136,
      0.13828271627426147,
      -0.07997258007526398,
      -0.1317325383424759,
      0.9880540370941162
    ],
    [
      0.9506928324699402,
      -0.23675091564655304,
      0.2003302127122879,
      0.026977190747857094,
      0.706627607345581,
      0.7070711851119995,
      -0.30895861983299255,
      -0.6668031215667725,
      0.6781726479530334
    ],
    [
      0.9152430891990662,
      0.34994736313819885,
      0.19966726005077362,
      -0.35780179500579834,
      0.9337910413742065,
      0.0034955365117639303,
      -0.1852242350578308,
      -0.07464057207107544,
      0.9798575639724731
    ],
    [
      0.9631357192993164,
      -0.09513051807880402,
      -0.2516340911388397,
      0.06371239572763443,
      0.9894388318061829,
      -0.13019755482673645,
      0.26136234402656555,
      0.10936570912599564,
      0.9590248465538025
    ],
    [
      0.8453639149665833,
      0.3713313639163971,
      -0.3840217888355255,
      -0.2893017530441284,
      0.9225813746452332,
      0.2552410960197449,
      0.44907042384147644,
      -0.10467346757650375,
      0.8873438239097595
    ],
    [
      0.8285343050956726,
      -0.1760713756084442,
      0.5315352082252502,
      0.09348522871732712,
      0.9794481992721558,
      0.178722083568573,
      -0.5520791411399841,
      -0.09838669002056122,
      0.8279665112495422
    ],
    [
      0.9933918714523315,
      -0.0804511308670044,
      0.08185508102178574,
      0.06598741561174393,
      0.9838839173316956,
      0.16618673503398895,
      -0.09390581399202347,
      -0.1596871316432953,
      0.9826910495758057
    ],
    [
      0.5190590620040894,
      0.5253100395202637,
      -0.6742603778839111,
      -0.7081767916679382,
      0.7060182690620422,
      0.004883753135800362,
      0.4786056578159332,
      0.474960595369339,
      0.7384775280952454
    ],
    [
      0.9177321791648865,
      -0.1455399990081787,
      0.3695752024650574,
      0.14008666574954987,
      0.9892602562904358,
      0.04170988127589226,
      -0.37167659401893616,
      0.013494055718183517,
      0.9282642006874084
    ],
    [
      -0.5120546817779541,
      -0.3886561989784241,
      -0.7659936547279358,
      -0.05932926386594772,
      0.905649721622467,
      -0.41985535621643066,
      0.8569014072418213,
      -0.16954305768013,
      -0.486800879240036
    ],
    [
      -0.5466617345809937,
      0.2741522789001465,
      0.7912026643753052,
      -0.018123755231499672,
      0.9407895803451538,
      -0.33850646018981934,
      -0.8371574282646179,
      -0.1993880718946457,
      -0.5093249678611755
    ],
    [
      0.8383634686470032,
      -0.4914495348930359,
      0.23584741353988647,
      0.5448817014694214,
      0.7429502010345459,
      -0.38875290751457214,
      0.015829529613256454,
      0.454425185918808,
      0.8906441330909729
    ],
    [
      0.9335464239120483,
      0.2973879277706146,
      -0.2001287341117859,
      -0.3507310152053833,
      0.6425230503082275,
      -0.6812869906425476,
      -0.07401920109987259,
      0.706204354763031,
      0.7041282653808594
    ],
    [
      0.9605586528778076,
      0.08584366738796234,
      -0.2644956111907959,
      -0.0757899284362793,
      0.9959676265716553,
      0.048003990203142166,
      0.26754990220069885,
      -0.026064546778798103,
      0.9631913900375366
    ],
    [
      0.9096287488937378,
      -0.2465604543685913,
      0.3343406319618225,
      0.23923933506011963,
      0.9688747525215149,
      0.06360937654972076,
      -0.3396177589893341,
      0.022126534953713417,
      0.9403032660484314
    ]
  ],
  "root_rot": [
    0.4512161314487457,
    0.6670876741409302,
    -0.5927883982658386,
    0.5395044088363647,
    -0.733029842376709,
    -0.41424909234046936,
    -0.7108719944953918,
    -0.1328960806131363,
    -0.6906516551971436
  ],
  "root_trans": [
    -0.4409308135509491,
    0.5558061599731445,
    2.51281476020813
  ]
}