{
  "betas": [
    -0.4862595796585083,
    0.4952735900878906,
    1.4633032083511353,
    0.44052666425704956,
    0.5985977649688721,
    0.015949944034218788,
    0.2977825403213501,
    0.3532499670982361,
    0.017132073640823364,
    1.1611497402191162
  ],
  "joints": [
    [
      0.9697416424751282,
      -0.2427040934562683,
      0.02637881599366665,
      0.23891548812389374,
      0.9656790494918823,
      0.10189881175756454,
      -0.05020472779870033,
      -0.09251321107149124,
      0.9944449663162231
    ],
    [
      0.9426243901252747,
      0.3230081796646118,
      -0.08440899848937988,
      -0.2940601706504822,
      0.923002302646637,
      0.24818430840969086,
      0.1580752581357956,
      -0.20912328362464905,
      0.9650283455848694
    ],
    [
      0.996277391910553,
      -0.08362926542758942,
      -0.020914698019623756,
      0.07955116778612137,
      0.985377311706543,
      -0.15067583322525024,
      0.03320977836847305,
      0.14845114946365356,
      0.9883619546890259
    ],
    [
      0.9992448091506958,
      0.03788464516401291,
      0.00863620825111866,
      -0.03515008091926575,
      0.9760541319847107,
      -0.21466894447803497,
      -0.01656206324696541,
      0.21420326828956604,
      0.9766486883163452
    ],
    [
      0.9975491166114807,
      0.04565100371837616,
      0.053026966750621796,
      -0.031154902651906013,
      0.9683666229248047,
      -0.2475791722536087,
      -0.06265178322792053,
      0.24532030522823334,
      0.9674155116081238
    ],
    [
      0.9894430637359619,
      0.10445986688137054,
      -0.10045145452022552,
      -0.10029546171426773,
      0.9939092397689819,
      0.04566345736384392,
      0.10460963845252991,
      -0.03510656580328941,
      0.9938934445381165
    ],
    [
      0.993583083152771,
      -0.04749244078993797,
      0.10265044867992401,
      0.044212449342012405,
      0.998443603515625,
      0.033996716141700745,
      -0.10410525649785995,
      -0.029240136966109276,
      0.9941364526748657
    ],
    [
      0.9281660318374634,
      -0.3590434789657593,
      -0.09795727580785751,
      0.34782472252845764,
      0.9304986000061035,
      -0.11484936624765396,
      0.1323850154876709,
      0.07252731174230576,
      0.9885413646697998
    ],
    [
      0.9912918210029602,
      0.12598192691802979,
      0.038329824805259705,
      -0.12517650425434113,
      0.9918737411499023,
      -0.02274295501410961,
      -0.04088354855775833,
      0.017746910452842712,
      0.9990063309669495
    ],
    [
      0.9857696890830994,
      -0.11738670617341995,
      0.12032610923051834,
      0.0684308186173439,
      0.9340255856513977,
      0.3505902588367462,
      -0.15354229509830475,
      -0.3373672664165497,
      0.9287669658660889
    ],
    [
      0.9807904362678528,
      0.1930941492319107,
      -0.027653811499476433,
      -0.19485242664813995,
      0.9764353036880493,
      -0.09277211129665375,
      0.009088410064578056,
      0.09637841582298279,
      0.9953032732009888
    ],
    [
      0.9604564309120178,
      -0.16198784112930298,
      -0.2264583557844162,
      0.13586024940013885,
      0.9825992584228516,
      -0.12665154039859772,
      0.24303384125232697,
      0.09087660163640976,
      0.9657514691352844
    ],
    [
      0.903414249420166,
      0.35514238476753235,
      -0.24024276435375214,
      -0.3081008791923523,
      0.9273635149002075,
      0.21229904890060425,
      0.298188716173172,
      -0.11777498573064804,
      0.9472131133079529
    ],
    [
      0.7965220212936401,
      0.17493650317192078,
      0.5787484645843506,
      -0.3920030891895294,
      0.8781945109367371,
      0.2740582227706909,
      -0.46031099557876587,
      -0.44516462087631226,
      0.7680768966674805
    ],
    [
      0.9859802722930908,
      -0.05437832325696945,
      0.15775275230407715,
      0.006695709656924009,
      0.9575405716896057,
      0.28822073340415955,
      -0.16672761738300323,
      -0.2831236720085144,
      0.9444802403450012
    ],
    [
      0.49344387650489807,
      0.7238960862159729,
      -0.4821696877479553,
      -0.8659619688987732,
      0.46075013279914856,
      -0.19447162747383118,
      0.08138251304626465,
      0.5135014057159424,
      0.8542208075523376
    ],
    [
      0.8690304160118103,
      -0.023732606321573257,
      0.49418914318084717,
      -0.14259879291057587,
      0.9444475769996643,
      0.2961152195930481,
      -0.4737634062767029,
      -0.32780390977859497,
      0.8173694014549255
    ],
    [
      0.04860691726207733,
      -0.40205851197242737,
      -0.9143227934837341,
      -0.02542247623205185,
      0.9146102666854858,
      -0.4035364091396332,
      0.9984943866729736,
      0.04285900667309761,
      0.034235063940286636
    ],
    [
      0.36114421486854553,
      -0.004685995634645224,
      0.9324981570243835,
      0.021072868257761,
      0.9997729659080505,
      -0.0031371754594147205,
      -0.9322718381881714,
      0.020783379673957825,
      0.3611609637737274
    ],
    [
      0.9718448519706726,
      -0.16660229861736298,
      0.16661709547042847,
      0.2304230034351349,
      0.8197298049926758,
      -0.5243550539016724,
      -0.04922223836183548,
      0.5479841828346252,
      0.8350391983985901
    ],
    [
      0.9822375178337097,
      0.17007064819335938,
      0.07928144186735153,
      -0.08629202097654343,
      0.784592866897583,
      -0.6139770150184631,
      -0.16662311553955078,
      0.5962297916412354,
      0.7853322625160217
    ],
    [
      0.9950516819953918,
      0.02039935253560543,
      -0.09724176675081253,
      -0.02608671225607395,
      0.9980001449584961,
      -0.057578884065151215,
      0.09587271511554718,
      0.0598306842148304,
      0.9935938715934753
    ],
    [
      0.9668461680412292,
      -0.1596185863018036,
      0.19932465255260468,
      0.1371111422777176,
      0.9830002188682556,
      0.12211097031831741,
      -0.21542735397815704,
      -0.09073290228843689,
      0.9722954630851746
    ]
  ],
  "root_rot": [
    -0.9680782556533813,
    -0.041533876210451126,
    -0.24718308448791504,
    0.050929054617881775,
    -0.9981979131698608,
    -0.031734663993120193,
    -0.24541959166526794,
    -0.043310437351465225,
    0.9684489965438843
  ],
  "root_trans": [
    -0.5686565637588501,
    0.573458731174469,
    2.2932233810424805
  ]
}