{
  "betas": [
    -0.4496832489967346,
    1.0048643350601196,
    0.9664589166641235,
    0.5590571165084839,
    0.31847527623176575,
    -0.15181046724319458,
    -0.3158881664276123,
    0.5028752088546753,
    0.30836644768714905,
    0.53306645154953
  ],
  "joints": [
    [
      0.9886482357978821,
      -0.12066522985696793,
      -0.08952445536851883,
      0.14183741807937622,
      0.9461025595664978,
      0.29115644097328186,
      0.049566857516765594,
      -0.3005492091178894,
      0.9524774551391602
    ],
    [
      0.9952561855316162,
      0.02734300307929516,
      -0.09336715191602707,
      -0.027463799342513084,
      0.9996228218078613,
      -8.900249667931348e-06,
      0.09333168715238571,
      0.0025730750057846308,
      0.995631754398346
    ],
    [
      0.9953116774559021,
      0.0015410931082442403,
      0.09670712798833847,
      0.010520093142986298,
      0.9922158718109131,
      -0.12408459186553955,
      -0.09614557772874832,
      0.1245202124118805,
      0.9875478148460388
    ],
    [
      0.9984737634658813,
      0.026479527354240417,
      0.048466477543115616,
      -0.016309231519699097,
      0.9797990322113037,
      -0.19931858777999878,
      -0.052765268832445145,
      0.19822393357753754,
      0.9787355065345764
    ],
    [
      0.9997994899749756,
      0.009320920333266258,
      0.017721587792038918,
      -0.006118432618677616,
      0.9849286675453186,
      -0.1728532314300537,
      -0.019065648317337036,
      0.17271015048027039,
      0.984788179397583
    ],
    [
      0.9904289841651917,
      -0.021037591621279716,
      -0.13641102612018585,
      0.014385686255991459,
      0.9986671209335327,
      -0.04956745356321335,
      0.13727200031280518,
      0.04713067039847374,
      0.989411473274231
    ],
    [
      0.991703450679779,
      0.06364750117063522,
      0.11168401688337326,
      -0.058728791773319244,
      0.9971766471862793,
      -0.046794988214969635,
      -0.11434706300497055,
      0.03984767943620682,
      0.9926414489746094
    ],
    [
      0.9711652398109436,
      -0.10336776077747345,
      -0.21483294665813446,
      0.14981050789356232,
      0.9655791521072388,
      0.21263487637043,
      0.18545864522457123,
      -0.23868782818317413,
      0.9532225131988525
    ],
    [
      0.9988048076629639,
      0.01769949309527874,
      0.04555903375148773,
      -0.017215801402926445,
      0.9997914433479309,
      -0.010987344197928905,
      -0.04574400186538696,
      0.010189877822995186,
      0.9989011883735657
    ],
    [
      0.9670904874801636,
      -0.2414180189371109,
      0.0803326815366745,
      0.15516071021556854,
      0.8098217248916626,
      0.5657861828804016,
      -0.2016461193561554,
      -0.534701943397522,
      0.8206294775009155
    ],
    [
      0.866865336894989,
      0.2742106318473816,
      0.41635680198669434,
      -0.3082893490791321,
      0.9511674642562866,
      0.015431834384799004,
      -0.39179345965385437,
      -0.14173570275306702,
      0.9090703129768372
    ],
    [
      0.9880366921424866,
      0.14640329778194427,
      0.04847181960940361,
      -0.14568106830120087,
      0.9891654849052429,
      -0.018130814656615257,
      -0.050601061433553696,
      0.010852484963834286,
      0.9986599683761597
    ],
    [
      0.9423384070396423,
      0.2794360816478729,
      -0.184157133102417,
      -0.2531282901763916,
      0.9550998210906982,
      0.1539817601442337,
      0.21891650557518005,
      -0.09848754107952118,
      0.9707604050636292
    ],
    [
      0.9165056943893433,
      -0.3581430912017822,
      0.17818744480609894,
      0.3645273447036743,
      0.9311867952346802,
      -0.0033295562025159597,
      -0.16473332047462463,
      0.0680057480931282,
      0.9839909672737122
    ],
    [
      0.9706709980964661,
      -0.15523144602775574,
      0.18357819318771362,
      0.17149412631988525,
      0.9822328686714172,
      -0.07621251046657562,
      -0.16848595440387726,
      0.10545986145734787,
      0.9800462126731873
    ],
    [
      0.633345365524292,
      0.6464408040046692,
      -0.425426721572876,
      -0.6780824661254883,
      0.7284937500953674,
      0.09747305512428284,
      0.37293124198913574,
      0.226740300655365,
      0.8997282981872559
    ],
    [
      0.5904589295387268,
      -0.6938638091087341,
      0.4122028946876526,
      0.7767218947410583,
      0.6272866725921631,
      -0.0566972978413105,
      -0.21922917664051056,
      0.35364440083503723,
      0.9093262553215027
    ],
    [
      -0.06050454080104828,
      -0.25474661588668823,
      -0.96511310338974,
      0.4749896824359894,
      0.8430464267730713,
      -0.2523043751716614,
      0.8779088854789734,
      -0.47368431091308594,
      0.06999387592077255
    ],
    [
      -0.20538505911827087,
      0.3418031334877014,
      0.9170536994934082,
      0.11959164589643478,
      0.9387730956077576,
      -0.3231143653392792,
      -0.9713468551635742,
      0.043309103697538376,
      -0.23368676006793976
    ],
    [
      0.9494760036468506,
      -0.2198662906885147,
      0.2239510864019394,
      0.2936292886734009,
      0.874271810054779,
      -0.3865625858306885,
      -0.1108020544052124,
      0.43279051780700684,
      0.8946592807769775
    ],
    [
      0.9953928589820862,
      0.09434951096773148,
      -0.017062878236174583,
      -0.09573749452829361,
      0.9877459406852722,
      -0.12325668334960938,
      0.005224585998803377,
      0.12432239204645157,
      0.9922280311584473
    ],
    [
      0.9431807994842529,
      0.1807580143213272,
      -0.27881261706352234,
      -0.0847761258482933,
      0.9422258734703064,
      0.32407307624816895,
      0.3212832808494568,
      -0.2820228636264801,
      0.9040133357048035
    ],
    [
      0.8606285452842712,
      -0.49549445509910583,
      0.11748945713043213,
      0.1747027337551117,
      0.5040061473846436,
      0.8458467125892639,
      -0.47832775115966797,
      -0.7074340581893921,
      0.5203263163566589
    ]
  ],
  "root_rot": [
    0.28379231691360474,
    -0.0875924602150917,
    0.9548766016960144,
    -0.12845337390899658,
    -0.9903160929679871,
    -0.05266662687063217,
    0.9502428770065308,
    -0.10771075636148453,
    -0.2922956347465515
  ],
  "root_trans": [
    -0.02650163322687149,
    0.5250132083892822,
    2.56134295463562
  ]
}