{
  "betas": [
    -0.7563461661338806,
    1.0351608991622925,
    1.1231637001037598,
    -0.3098985254764557,
    0.03176918625831604,
    0.15257960557937622,
    0.4945843815803528,
    0.5873546600341797,
    0.2832595109939575,
    0.9840533137321472
  ],
  "joints": [
    [
      0.9875459671020508,
      -0.1569708287715912,
      -0.010632817633450031,
      0.1565006971359253,
      0.9870234131813049,
      -0.03594919666647911,
      0.01613781414926052,
      0.033837441354990005,
      0.999297022819519
    ],
    [
      0.9539344906806946,
      0.26983603835105896,
      -0.13113921880722046,
      -0.24356159567832947,
      0.95175701379776,
      0.1866452693939209,
      0.17517627775669098,
      -0.14610688388347626,
      0.9736355543136597
    ],
    [
      0.9985542297363281,
      -0.02898618020117283,
      0.04526592046022415,
      0.03452252596616745,
      0.9913331866264343,
      -0.12675462663173676,
      -0.04119947552680969,
      0.128134086728096,
      0.9909006357192993
    ],
    [
      0.9994400143623352,
      0.014539002440869808,
      -0.030138475820422173,
      -0.01788092404603958,
      0.9933470487594604,
      -0.11376301199197769,
      0.028283962979912758,
      0.1142382025718689,
      0.993050754070282
    ],
    [
      0.9993936419487,
      0.010281943716108799,
      -0.033264029771089554,
      -0.019654611125588417,
      0.9552178978919983,
      -0.2952498495578766,
      0.028738653287291527,
      0.29572466015815735,
      0.9548407793045044
    ],
    [
      0.9970342516899109,
      0.00850293692201376,
      -0.07648809999227524,
      -0.002173519926145673,
      0.9965923428535461,
      0.08245581388473511,
      0.07692857831716537,
      -0.08204502612352371,
      0.9936552047729492
    ],
    [
      0.9981470108032227,
      0.06033460050821304,
      0.00789518654346466,
      -0.05962011218070984,
      0.9956663250923157,
      -0.07137265056371689,
      -0.01216721162199974,
      0.07076968252658844,
      0.9974185228347778
    ],
    [
      0.9250869154930115,
      -0.31973835825920105,
      -0.2048940658569336,
      0.2939276099205017,
      0.9444862604141235,
      -0.14680704474449158,
      0.24045945703983307,
      0.0755852535367012,
      0.9677118062973022
    ],
    [
      0.9953622817993164,
      0.060501374304294586,
      0.07478909194469452,
      -0.055912576615810394,
      0.9965088367462158,
      -0.06199941039085388,
      -0.0782790407538414,
      0.057530228048563004,
      0.9952700734138489
    ],
    [
      0.9861416816711426,
      -0.1657477766275406,
      0.007222600746899843,
      0.14421682059764862,
      0.8779343366622925,
      0.4565443992614746,
      -0.08201218396425247,
      -0.4491758644580841,
      0.889671266078949
    ],
    [
      0.9406368136405945,
      0.32770466804504395,
      0.08838579058647156,
      -0.3156912624835968,
      0.9403520226478577,
      -0.1267952024936676,
      -0.12466514110565186,
      0.09136561304330826,
      0.987983226776123
    ],
    [
      0.9935068488121033,
      0.05931220203638077,
      -0.09708847850561142,
      -0.051632851362228394,
      0.9954739809036255,
      0.07978450506925583,
      0.10138124972581863,
      -0.07425349950790405,
      0.9920727014541626
    ],
    [
      0.8101662397384644,
      0.08654598146677017,
      -0.5797761082649231,
      0.15725870430469513,
      0.9206992387771606,
      0.35718703269958496,
      0.5647125840187073,
      -0.38055574893951416,
      0.7323093414306641
    ],
    [
      0.7724630236625671,
      -0.10655137896537781,
      0.6260572671890259,
      -0.09304222464561462,
      0.9561980366706848,
      0.2775399684906006,
      -0.6282070279121399,
      -0.27263912558555603,
      0.728713870048523
    ],
    [
      0.9986980557441711,
      -0.0480707548558712,
      -0.017066990956664085,
      0.04965509474277496,
      0.9927497506141663,
      0.10946322232484818,
      0.01168127078562975,
      -0.11016818135976791,
      0.993844211101532
    ],
    [
      0.5431358814239502,
      0.6004665493965149,
      -0.5868929028511047,
      -0.5163319706916809,
      0.7900504469871521,
      0.33048683404922485,
      0.6621212959289551,
      0.12353233993053436,
      0.7391448616981506
    ],
    [
      0.5840649008750916,
      -0.5677332282066345,
      0.5801268219947815,
      0.44889387488365173,
      0.8213807344436646,
      0.35189196467399597,
      -0.6762858033180237,
      0.05488765612244606,
      0.7345916032791138
    ],
    [
      0.5528767704963684,
      -0.3101162612438202,
      -0.7734050750732422,
      0.5110626220703125,
      0.859292209148407,
      0.020783592015504837,
      0.6581355929374695,
      -0.4067491292953491,
      0.6335715055465698
    ],
    [
      0.39080244302749634,
      0.33794599771499634,
      0.8561927080154419,
      -0.4275188446044922,
      0.8903908729553223,
      -0.156306654214859,
      -0.8151693344116211,
      -0.3049534857273102,
      0.4924452006816864
    ],
    [
      0.970442533493042,
      -0.093415766954422,
      0.22251908481121063,
      0.1912236511707306,
      0.8601352572441101,
      -0.4728645384311676,
      -0.14722350239753723,
      0.5014387965202332,
      0.8525751233100891
    ],
    [
      0.9863057732582092,
      0.11287423223257065,
      -0.12025077641010284,
      -0.1547091156244278,
      0.8858424425125122,
      -0.437433660030365,
      0.05714826658368111,
      0.4500472843647003,
      0.8911741971969604
    ],
    [
      0.9893912076950073,
      0.04589640349149704,
      -0.13783542811870575,
      -0.03580864891409874,
      0.996555745601654,
      0.07479619979858398,
      0.1407935470342636,
      -0.06906700134277344,
      0.9876269698143005
    ],
    [
      0.9961197376251221,
      -0.004662290681153536,
      0.08788512647151947,
      0.006074653007090092,
      0.9998565316200256,
      -0.01581018604338169,
      -0.08779881149530411,
      0.016282711178064346,
      0.9960051774978638
    ]
  ],
  "root_rot": [
    -0.9587453007698059,
    -0.025903427973389626,
    -0.2830839157104492,
    0.05280694365501404,
    -0.9947354197502136,
    -0.08782326430082321,
    -0.2793186604976654,
    -0.0991489365696907,
    0.9550657868385315
  ],
  "root_trans": [
    -0.4868321418762207,
    0.46120625734329224,
    2.327692747116089
  ]
}