{
  "betas": [
    -0.19104048609733582,
    0.46797579526901245,
    0.7139791250228882,
    0.4302390515804291,
    0.28795838356018066,
    0.30334579944610596,
    -0.20840144157409668,
    0.40149664878845215,
    0.2580905556678772,
    0.8280165195465088
  ],
  "joints": [
    [
      0.9772765636444092,
      -0.2040385752916336,
      -0.0574367456138134,
      0.2077622413635254,
      0.86833256483078,
      0.4503704011440277,
      -0.04201873019337654,
      -0.4520695209503174,
      0.8909925818443298
    ],
    [
      0.9584848284721375,
      0.2559157609939575,
      -0.12575288116931915,
      -0.2713426649570465,
      0.9541445970535278,
      -0.1264161467552185,
      0.08763457089662552,
      0.15529011189937592,
      0.9839739799499512
    ],
    [
      0.992842435836792,
      -0.0027981610037386417,
      0.11939890682697296,
      0.024507392197847366,
      0.9832245707511902,
      -0.18074503540992737,
      -0.11689019203186035,
      0.18237748742103577,
      0.9762556552886963
    ],
    [
      0.9934387803077698,
      0.10388613492250443,
      0.04782330244779587,
      -0.08936815708875656,
      0.9661017656326294,
      -0.24219977855682373,
      -0.07136337459087372,
      0.23633676767349243,
      0.9690470695495605
    ],
    [
      0.984744131565094,
      0.02215312048792839,
      0.17259281873703003,
      0.007987898774445057,
      0.985062301158905,
      -0.17201316356658936,
      -0.17382530868053436,
      0.17076760530471802,
      0.9698573350906372
    ],
    [
      0.9860018491744995,
      -0.07168037444353104,
      -0.1505400389432907,
      0.08697881549596786,
      0.9914153218269348,
      0.0976235643029213,
      0.14225000143051147,
      -0.10935080796480179,
      0.9837720394134521
    ],
    [
      0.9992088079452515,
      -0.008254749700427055,
      0.03890495002269745,
      0.012664848938584328,
      0.993341326713562,
      -0.11451049149036407,
      -0.03770063444972038,
      0.11491262167692184,
      0.9926599264144897
    ],
    [
      0.9191004037857056,
      -0.24664364755153656,
      -0.30728068947792053,
      0.34760892391204834,
      0.8747591376304626,
      0.3375862240791321,
      0.18553310632705688,
      -0.4170891344547272,
      0.889726996421814
    ],
    [
      0.9982425570487976,
      -0.0590701662003994,
      -0.00476789427921176,
      0.05883246287703514,
      0.997462272644043,
      -0.040096163749694824,
      0.0071242805570364,
      0.039745181798934937,
      0.9991845488548279
    ],
    [
      0.9655572772026062,
      -0.020053302869200706,
      0.25941649079322815,
      -0.13881760835647583,
      0.8035664558410645,
      0.5788009762763977,
      -0.22006526589393616,
      -0.5948771834373474,
      0.7731056809425354
    ],
    [
      0.8599661588668823,
      0.30673202872276306,
      0.40788933634757996,
      -0.3339604437351227,
      0.9425752758979797,
      -0.004715370014309883,
      -0.38591277599334717,
      -0.1321638524532318,
      0.9130191802978516
    ],
    [
      0.9630497694015503,
      0.17117968201637268,
      0.20792466402053833,
      -0.15941967070102692,
      0.9845682978630066,
      -0.07218487560749054,
      -0.21707260608673096,
      0.03637034818530083,
      0.9754776954650879
    ],
    [
      0.8721787929534912,
      0.05898495018482208,
      -0.485617995262146,
      0.07222552597522736,
      0.966297447681427,
      0.24708843231201172,
      0.4838259220123291,
      -0.2505793273448944,
      0.8385239243507385
    ],
    [
      0.9045245051383972,
      -0.24378547072410583,
      0.3498629331588745,
      0.21076273918151855,
      0.9688298106193542,
      0.13018402457237244,
      -0.3706946074962616,
      -0.04401656612753868,
      0.9277111887931824
    ],
    [
      0.9619952440261841,
      -0.14196303486824036,
      0.23326314985752106,
      0.1577184945344925,
      0.9862051606178284,
      -0.050242677330970764,
      -0.22291269898414612,
      0.08512312918901443,
      0.9711148738861084
    ],
    [
      0.8436907529830933,
      0.26910990476608276,
      -0.46450597047805786,
      -0.2425135374069214,
      0.9630139470100403,
      0.11743705719709396,
      0.47892916202545166,
      0.013568387366831303,
      0.8777487277984619
    ],
    [
      0.6161506772041321,
      -0.5198374390602112,
      0.5917156338691711,
      0.6563957333564758,
      0.7541248798370361,
      -0.020983655005693436,
      -0.4353193938732147,
      0.4013287425041199,
      0.8058736324310303
    ],
    [
      0.91413414478302,
      -0.013350416906177998,
      -0.4051918685436249,
      0.13486939668655396,
      0.9525453448295593,
      0.27288758754730225,
      0.38232043385505676,
      -0.3041038513183594,
      0.8725547790527344
    ],
    [
      -0.15289999544620514,
      0.2606724500656128,
      0.9532425999641418,
      0.34584978222846985,
      0.9177013635635376,
      -0.1954791247844696,
      -0.9257480502128601,
      0.29979002475738525,
      -0.23047004640102386
    ],
    [
      0.9659026861190796,
      -0.21145091950893402,
      0.14940041303634644,
      0.25884971022605896,
      0.8006553053855896,
      -0.5403220653533936,
      -0.005366648081690073,
      0.5605707764625549,
      0.8280891180038452
    ],
    [
      0.9839656352996826,
      0.17500488460063934,
      0.03442107513546944,
      -0.174750417470932,
      0.9845589399337769,
      -0.010291109792888165,
      -0.03569057583808899,
      0.004111002199351788,
      0.999354362487793
    ],
    [
      0.942997395992279,
      0.2093331664800644,
      -0.2587190866470337,
      -0.1380157470703125,
      0.9533843994140625,
      0.2683468163013458,
      0.30283257365226746,
      -0.2173430323600769,
      0.9279302954673767
    ],
    [
      0.8656542301177979,
      -0.46899187564849854,
      0.17518387734889984,
      0.21312087774276733,
      0.6618371605873108,
      0.7187148332595825,
      -0.453014612197876,
      -0.5848231911659241,
      0.6728740930557251
    ]
  ],
  "root_rot": [
    0.47408902645111084,
    -0.04015396535396576,
    0.8795607686042786,
    -0.08554481714963913,
    -0.9963341355323792,
    0.0006242865929380059,
    0.8763113617897034,
    -0.07553784549236298,
    -0.475786030292511
  ],
  "root_trans": [
    0.27675992250442505,
    0.554265022277832,
    2.6653964519500732
  ]
}