{
  "betas": [
    -0.2420233190059662,
    0.823691725730896,
    0.9270102977752686,
    0.8166697025299072,
    0.3095971643924713,
    -0.28449827432632446,
    -0.4205169677734375,
    0.48036158084869385,
    0.32646554708480835,
    0.47195321321487427
  ],
  "joints": [
    [
      0.9912175536155701,
      -0.10396215319633484,
      -0.0817287340760231,
      0.12236659973859787,
      0.9553986191749573,
      0.2687745988368988,
      0.05014113336801529,
      -0.27641499042510986,
      0.9597293734550476
    ],
    [
      0.9948676824569702,
      0.023485630750656128,
      -0.09842164069414139,
      -0.02991008758544922,
      0.9974812269210815,
      -0.0643160417675972,
      0.09666323661804199,
      0.06692974269390106,
      0.993064284324646
    ],
    [
      0.9955177307128906,
      -0.00798259861767292,
      0.09423739463090897,
      0.0168305616825819,
      0.9954796433448792,
      -0.09347252547740936,
      -0.09306524693965912,
      0.09463962912559509,
      0.9911519885063171
    ],
    [
      0.9974057674407959,
      0.03110709972679615,
      0.06491575390100479,
      -0.018825918436050415,
      0.9831440448760986,
      -0.1818609982728958,
      -0.06947869062423706,
      0.18016710877418518,
      0.9811791777610779
    ],
    [
      0.9996687769889832,
      0.00755201606079936,
      0.024602657184004784,
      -0.004202841781079769,
      0.9910480976104736,
      -0.13343943655490875,
      -0.025390151888132095,
      0.1332918405532837,
      0.9907515645027161
    ],
    [
      0.989783763885498,
      -0.022443607449531555,
      -0.1407993882894516,
      0.014338923618197441,
      0.9981952905654907,
      -0.05831466615200043,
      0.14185406267642975,
      0.055699996650218964,
      0.9883193373680115
    ],
    [
      0.9931750297546387,
      0.04048728942871094,
      0.10938036441802979,
      -0.03398597612977028,
      0.9975795745849609,
      -0.06066230684518814,
      -0.11157167702913284,
      0.056530892848968506,
      0.9921471476554871
    ],
    [
      0.9761963486671448,
      -0.05409310385584831,
      -0.21003471314907074,
      0.10055925697088242,
      0.970905065536499,
      0.21732741594314575,
      0.19216784834861755,
      -0.2332751750946045,
      0.953233540058136
    ],
    [
      0.9991602301597595,
      0.013340499252080917,
      0.038739025592803955,
      -0.012160035781562328,
      0.9994592666625977,
      -0.030549315735697746,
      -0.03912562131881714,
      0.03005259670317173,
      0.9987821578979492
    ],
    [
      0.9711275100708008,
      -0.21579626202583313,
      0.10170214623212814,
      0.12958911061286926,
      0.835120677947998,
      0.534584105014801,
      -0.20029480755329132,
      -0.5059698820114136,
      0.8389735221862793
    ],
    [
      0.8988338112831116,
      0.2095177173614502,
      0.38496777415275574,
      -0.24118852615356445,
      0.9698359370231628,
      0.035303033888339996,
      -0.3659589886665344,
      -0.12458134442567825,
      0.9222546219825745
    ],
    [
      0.9910637736320496,
      0.12809282541275024,
      0.03721241652965546,
      -0.12614527344703674,
      0.9907167553901672,
      -0.0506732352077961,
      -0.043357837945222855,
      0.04552624002099037,
      0.9980217814445496
    ],
    [
      0.9378710389137268,
      0.31271612644195557,
      -0.15035484731197357,
      -0.28707751631736755,
      0.9427052140235901,
      0.16998066008090973,
      0.19489598274230957,
      -0.11625643819570541,
      0.9739096760749817
    ],
    [
      0.9214441776275635,
      -0.36489489674568176,
      0.13338816165924072,
      0.36736565828323364,
      0.9300540089607239,
      0.006484945770353079,
      -0.12642450630664825,
      0.04302670806646347,
      0.9910426735877991
    ],
    [
      0.9713042378425598,
      -0.14470793306827545,
      0.18875320255756378,
      0.16404977440834045,
      0.9822314977645874,
      -0.09115371853113174,
      -0.17220866680145264,
      0.11950290203094482,
      0.9777849316596985
    ],
    [
      0.6139259338378906,
      0.6578513979911804,
      -0.43626415729522705,
      -0.7002222537994385,
      0.708997368812561,
      0.0837344378232956,
      0.36439499258995056,
      0.25407513976097107,
      0.8959140777587891
    ],
    [
      0.5846730470657349,
      -0.6834592223167419,
      0.4370823800563812,
      0.777922511100769,
      0.6251941919326782,
      -0.06299854815006256,
      -0.23020443320274353,
      0.3768497407436371,
      0.8972125053405762
    ],
    [
      -0.026469804346561432,
      -0.25055158138275146,
      -0.9677413105964661,
      0.49208638072013855,
      0.8393987417221069,
      -0.23078285157680511,
      0.8701438307762146,
      -0.4823211133480072,
      0.10107430070638657
    ],
    [
      -0.20631371438503265,
      0.3353935480117798,
      0.9192093014717102,
      0.11663352698087692,
      0.9411519169807434,
      -0.3172217309474945,
      -0.9715097546577454,
      0.04176342487335205,
      -0.2332906872034073
    ],
    [
      0.953403115272522,
      -0.2055836170911789,
      0.2208116352558136,
      0.28256696462631226,
      0.8649535179138184,
      -0.4147425591945648,
      -0.10572750866413116,
      0.4578109681606293,
      0.8827404975891113
    ],
    [
      0.9937605261802673,
      0.10954685509204865,
      -0.020963778719305992,
      -0.11123324185609818,
      0.9872206449508667,
      -0.11411632597446442,
      0.008194793947041035,
      0.11573617160320282,
      0.9932461380958557
    ],
    [
      0.9431377053260803,
      0.20663036406040192,
      -0.26037517189979553,
      -0.0904521569609642,
      0.913290798664093,
      0.39713767170906067,
      0.31985896825790405,
      -0.3510039746761322,
      0.8800491690635681
    ],
    [
      0.8418409824371338,
      -0.5372421145439148,
      0.05171804502606392,
      0.18644417822360992,
      0.3793935179710388,
      0.9062555432319641,
      -0.5065000057220459,
      -0.753280520439148,
      0.4195546805858612
    ]
  ],
  "root_rot": [
    0.21275228261947632,
    -0.10816100239753723,
    0.9711012244224548,
    -0.11210457980632782,
    -0.9899935126304626,
    -0.08570495247840881,
    0.9706538915634155,
    -0.09063097834587097,
    -0.22274872660636902
  ],
  "root_trans": [
    -0.015012949705123901,
    0.5376701951026917,
    2.614471197128296
  ]
}