{
  "betas": [
    -0.890542209148407,
    1.1001813411712646,
    1.622463583946228,
    0.1538456678390503,
    0.011002302169799805,
    -0.09611300379037857,
    0.015414297580718994,
    0.19169749319553375,
    0.2120695561170578,
    0.8505957126617432
  ],
  "joints": [
    [
      0.942905068397522,
      -0.32245516777038574,
      -0.08338278532028198,
      0.33259040117263794,
      0.924898624420166,
      0.1842448115348816,
      0.01770993322134018,
      -0.201457679271698,
      0.9793370962142944
    ],
    [
      0.9413360357284546,
      0.3259204030036926,
      -0.08753467351198196,
      -0.3113262355327606,
      0.9387912154197693,
      0.147468701004982,
      0.1302398443222046,
      -0.11156576126813889,
      0.9851855635643005
    ],
    [
      0.9976344108581543,
      0.03303077816963196,
      0.06028783693909645,
      -0.02827952802181244,
      0.9965499639511108,
      -0.07802879065275192,
      -0.0626571923494339,
      0.07613929361104965,
      0.9951266050338745
    ],
    [
      0.9947285056114197,
      0.06218692287802696,
      -0.08153537660837173,
      -0.08151012659072876,
      0.9619644284248352,
      -0.2607308626174927,
      0.062220070511102676,
      0.266002357006073,
      0.9619622826576233
    ],
    [
      0.9881797432899475,
      0.07929693162441254,
      0.13119716942310333,
      -0.04048769921064377,
      0.960435688495636,
      -0.2755431532859802,
      -0.14785617589950562,
      0.2669743299484253,
      0.9522936344146729
    ],
    [
      0.9953919053077698,
      0.006817057263106108,
      -0.09564756602048874,
      -0.017286956310272217,
      0.9938841462135315,
      -0.10906631499528885,
      0.09431908279657364,
      0.11021718382835388,
      0.989422082901001
    ],
    [
      0.9971884489059448,
      0.0709310919046402,
      0.02416202612221241,
      -0.0714493989944458,
      0.997216522693634,
      0.021309582516551018,
      -0.022583262994885445,
      -0.022976037114858627,
      0.9994807839393616
    ],
    [
      0.8961637020111084,
      -0.3069482147693634,
      -0.32042694091796875,
      0.33809247612953186,
      0.9400326013565063,
      0.04508011415600777,
      0.28737449645996094,
      -0.14873309433460236,
      0.9461999535560608
    ],
    [
      0.9959774017333984,
      0.04571635276079178,
      0.0770653635263443,
      -0.04531770199537277,
      0.9989487528800964,
      -0.006914638914167881,
      -0.07730045169591904,
      0.003394398605450988,
      0.997002124786377
    ],
    [
      0.9725382924079895,
      -0.22031864523887634,
      0.07502669841051102,
      0.11525286734104156,
      0.7359456419944763,
      0.6671587228775024,
      -0.20220308005809784,
      -0.6401903629302979,
      0.7411276698112488
    ],
    [
      0.90003901720047,
      0.28614023327827454,
      0.3287149667739868,
      -0.34685298800468445,
      0.9269887804985046,
      0.14277558028697968,
      -0.2638612389564514,
      -0.24251937866210938,
      0.9335746765136719
    ],
    [
      0.8905863165855408,
      -0.16476644575595856,
      -0.42391982674598694,
      0.10729390382766724,
      0.9818769693374634,
      -0.15622268617153168,
      0.4419774115085602,
      0.09364577382802963,
      0.8921246528625488
    ],
    [
      0.9918564558029175,
      0.12560540437698364,
      0.02106829732656479,
      -0.12237516790628433,
      0.9857327938079834,
      -0.11556470394134521,
      -0.03528326377272606,
      0.11204537749290466,
      0.9930764436721802
    ],
    [
      0.9566698670387268,
      -0.15195545554161072,
      0.2483794242143631,
      0.17584137618541718,
      0.9814131855964661,
      -0.0768623873591423,
      -0.23208321630954742,
      0.11720730364322662,
      0.9656084775924683
    ],
    [
      0.9292746186256409,
      -0.05927380546927452,
      -0.36460286378860474,
      0.13071921467781067,
      0.9759402275085449,
      0.1745087057352066,
      0.34548676013946533,
      -0.20982711017131805,
      0.9146646857261658
    ],
    [
      0.404230535030365,
      0.8607279062271118,
      -0.30942732095718384,
      -0.9037202000617981,
      0.32368865609169006,
      -0.28020620346069336,
      -0.1410231739282608,
      0.392903596162796,
      0.90870201587677
    ],
    [
      0.4309571385383606,
      -0.858532726764679,
      0.27784430980682373,
      0.9005703330039978,
      0.428650826215744,
      -0.07232987880706787,
      -0.05700061470270157,
      0.28138941526412964,
      0.9578992128372192
    ],
    [
      -0.2400018274784088,
      -0.33375871181488037,
      -0.9115942716598511,
      -0.11944002658128738,
      0.9420577883720398,
      -0.3134663701057434,
      0.9633966684341431,
      0.03364836797118187,
      -0.2659597396850586
    ],
    [
      0.14571596682071686,
      0.3399309515953064,
      0.9290930032730103,
      0.0835757702589035,
      0.9315301775932312,
      -0.35393038392066956,
      -0.9857900142669678,
      0.12922295928001404,
      0.10732883214950562
    ],
    [
      0.9314018487930298,
      -0.3508882224559784,
      0.09678854048252106,
      0.36234357953071594,
      0.8685206770896912,
      -0.3381996750831604,
      0.0346074216067791,
      0.3500705063343048,
      0.9360838532447815
    ],
    [
      0.9671531319618225,
      0.21758617460727692,
      0.13141939043998718,
      -0.20473742485046387,
      0.9732128977775574,
      -0.10459069162607193,
      -0.1506565362215042,
      0.07424874603748322,
      0.985793948173523
    ],
    [
      0.8940943479537964,
      0.23820126056671143,
      -0.37928277254104614,
      -0.11346692591905594,
      0.939685046672821,
      0.3226722478866577,
      0.4332672357559204,
      -0.24546338617801666,
      0.8671950697898865
    ],
    [
      0.7842444181442261,
      -0.4602247178554535,
      0.4161176085472107,
      0.26040777564048767,
      0.852890133857727,
      0.4525109529495239,
      -0.5631593465805054,
      -0.24651895463466644,
      0.788720428943634
    ]
  ],
  "root_rot": [
    0.8459901809692383,
    -0.007332284469157457,
    0.5331480503082275,
    -0.01709653250873089,
    -0.9997643232345581,
    0.01337891723960638,
    0.5329242944717407,
    -0.020433416590094566,
    -0.8459161520004272
  ],
  "root_trans": [
    0.30375248193740845,
    0.5124921202659607,
    2.596316337585449
  ]
}