{
  "betas": [
    -0.9133617281913757,
    0.8485311269760132,
    0.8763880729675293,
    0.2977564036846161,
    -0.06679654121398926,
    0.18037182092666626,
    -0.2990983724594116,
    0.6007020473480225,
    0.1707840859889984,
    0.8723670840263367
  ],
  "joints": [
    [
      0.9945774078369141,
      -0.0412636362016201,
      0.09546275436878204,
      0.0709022656083107,
      0.94056236743927,
      -0.33213767409324646,
      -0.0760834589600563,
      0.3371051251888275,
      0.9383877515792847
    ],
    [
      0.9946282505989075,
      0.037065669894218445,
      0.09664715081453323,
      -0.08067159354686737,
      0.8626108765602112,
      0.49939411878585815,
      -0.06485852599143982,
      -0.5045082569122314,
      0.8609672784805298
    ],
    [
      0.9880727529525757,
      -0.04973742365837097,
      -0.1457342505455017,
      0.030788885429501534,
      0.9911008477210999,
      -0.12950390577316284,
      0.15087850391864777,
      0.12347228080034256,
      0.9808111190795898
    ],
    [
      0.9992020130157471,
      -0.006286856718361378,
      -0.03944365680217743,
      0.0028118430636823177,
      0.9961565732955933,
      -0.08754514157772064,
      0.03984244167804718,
      0.08736437559127808,
      0.9953793287277222
    ],
    [
      0.9988769292831421,
      0.03151208162307739,
      0.03538057208061218,
      -0.015928665176033974,
      0.9266383051872253,
      -0.3756164312362671,
      -0.04462144896388054,
      0.3746310770511627,
      0.9260995984077454
    ],
    [
      0.9843963384628296,
      -0.02575451321899891,
      -0.1740705519914627,
      0.026632258668541908,
      0.9996416568756104,
      0.0027081838343292475,
      0.17393842339515686,
      -0.0073018185794353485,
      0.9847294688224792
    ],
    [
      0.9862347841262817,
      -0.11523779481649399,
      0.11857978999614716,
      0.08384750038385391,
      0.9666388034820557,
      0.2420310527086258,
      -0.14251494407653809,
      -0.2287568300962448,
      0.9629952311515808
    ],
    [
      0.855845034122467,
      -0.5165491700172424,
      -0.026577092707157135,
      0.5067603588104248,
      0.8476969003677368,
      -0.15685653686523438,
      0.1035534217953682,
      0.12077665328979492,
      0.9872637987136841
    ],
    [
      0.9969544410705566,
      0.005280354060232639,
      -0.07780715078115463,
      -0.007483561988919973,
      0.9995784759521484,
      -0.028051961213350296,
      0.07762622833251953,
      0.028548801317811012,
      0.9965737462043762
    ],
    [
      0.9369154572486877,
      -0.30057328939437866,
      0.1784515231847763,
      0.14665664732456207,
      0.8014077544212341,
      0.5798598527908325,
      -0.3173028230667114,
      -0.517108678817749,
      0.7949323654174805
    ],
    [
      0.8480455279350281,
      0.39588385820388794,
      0.3522709906101227,
      -0.42592117190361023,
      0.9047192335128784,
      0.008620629087090492,
      -0.315293550491333,
      -0.1573503464460373,
      0.935858428478241
    ],
    [
      0.9900175929069519,
      0.04144536331295967,
      -0.13471239805221558,
      -0.044325172901153564,
      0.9988468289375305,
      -0.018447687849402428,
      0.1337924748659134,
      0.02423468604683876,
      0.9907130002975464
    ],
    [
      0.8126802444458008,
      0.15067052841186523,
      -0.5628936290740967,
      -0.0030915136449038982,
      0.9670941233634949,
      0.2544000446796417,
      0.5827017426490784,
      -0.2050056755542755,
      0.7864040732383728
    ],
    [
      0.8733101487159729,
      -0.18498781323432922,
      0.45067593455314636,
      0.13945692777633667,
      0.9813151359558105,
      0.13256123661994934,
      -0.4667772948741913,
      -0.052917201071977615,
      0.8827903270721436
    ],
    [
      0.9990374445915222,
      0.015746599063277245,
      0.04094250500202179,
      -0.014679267071187496,
      0.9995478391647339,
      -0.02624030038714409,
      -0.041337188333272934,
      0.02561403624713421,
      0.9988168478012085
    ],
    [
      0.3923604190349579,
      0.6031427979469299,
      -0.6944581866264343,
      -0.6585031151771545,
      0.7113247513771057,
      0.24574528634548187,
      0.642204761505127,
      0.3608821928501129,
      0.6762670874595642
    ],
    [
      0.6939839124679565,
      -0.5641441345214844,
      0.44735637307167053,
      0.5554577112197876,
      0.8148329257965088,
      0.16587337851524353,
      -0.4580972194671631,
      0.13337410986423492,
      0.8788391351699829
    ],
    [
      -0.26972317695617676,
      -0.38246452808380127,
      -0.8837252855300903,
      0.038753874599933624,
      0.9126834869384766,
      -0.406825453042984,
      0.9621578454971313,
      -0.14397801458835602,
      -0.2313499003648758
    ],
    [
      -0.4879247546195984,
      0.36999040842056274,
      0.7905924320220947,
      -0.15233105421066284,
      0.8557316660881042,
      -0.49448809027671814,
      -0.8594908714294434,
      -0.3617047965526581,
      -0.3611716330051422
    ],
    [
      0.841109573841095,
      -0.35568657517433167,
      0.40745753049850464,
      0.5115364789962769,
      0.7678444385528564,
      -0.38567519187927246,
      -0.17568448185920715,
      0.5328245162963867,
      0.8277879953384399
    ],
    [
      0.8031724095344543,
      0.490655779838562,
      -0.3378917872905731,
      -0.5955519676208496,
      0.6467798948287964,
      -0.47643834352493286,
      -0.015225612558424473,
      0.5838943123817444,
      0.8116868138313293
    ],
    [
      0.8963559865951538,
      0.2784048914909363,
      -0.3450169563293457,
      -0.170887291431427,
      0.9350646734237671,
      0.31056657433509827,
      0.40907639265060425,
      -0.2194191813468933,
      0.8857266902923584
    ],
    [
      0.9292886853218079,
      -0.2473708689212799,
      0.27428117394447327,
      0.15849490463733673,
      0.9378228783607483,
      0.30881640315055847,
      -0.3336193561553955,
      -0.24350741505622864,
      0.9107152223587036
    ]
  ],
  "root_rot": [
    0.604945957660675,
    0.06749066710472107,
    -0.7934011816978455,
    0.10057705640792847,
    -0.9948975443840027,
    -0.00794380996376276,
    -0.7898890376091003,
    -0.07499236613512039,
    -0.6086472868919373
  ],
  "root_trans": [
    0.1376832276582718,
    0.512252688407898,
    2.6880717277526855
  ]
}