{
  "betas": [
    -0.9749473929405212,
    0.7133069038391113,
    1.2805989980697632,
    0.33628392219543457,
    0.2836177945137024,
    0.038262467831373215,
    0.19787226617336273,
    0.4539870321750641,
    -0.13549751043319702,
    0.8331252336502075
  ],
  "joints": [
    [
      0.9317269921302795,
      -0.3611176609992981,
      -0.03845462575554848,
      0.35936179757118225,
      0.9320738315582275,
      -0.04579873010516167,
      0.052381277084350586,
      0.0288527924567461,
      0.9982102513313293
    ],
    [
      0.9540665149688721,
      0.2961964011192322,
      -0.044998522847890854,
      -0.27980226278305054,
      0.9346152544021606,
      0.21955657005310059,
      0.10708816349506378,
      -0.19688086211681366,
      0.9745615124702454
    ],
    [
      0.9995944499969482,
      -0.026151493191719055,
      0.011265739798545837,
      0.02705315500497818,
      0.9956498146057129,
      -0.08916020393371582,
      -0.008885059505701065,
      0.08942883461713791,
      0.9959535002708435
    ],
    [
      0.9849179983139038,
      -0.057478051632642746,
      -0.16319581866264343,
      0.013689272105693817,
      0.9661387801170349,
      -0.25765952467918396,
      0.17247958481311798,
      0.2515394389629364,
      0.9523543119430542
    ],
    [
      0.9973215460777283,
      0.02723134309053421,
      0.06788456439971924,
      0.0058987620286643505,
      0.8951427340507507,
      -0.44574064016342163,
      -0.07290448993444443,
      0.44494712352752686,
      0.892584502696991
    ],
    [
      0.9918983578681946,
      -0.08220688998699188,
      -0.09684870392084122,
      0.08460420370101929,
      0.9961953163146973,
      0.020905274897813797,
      0.0947616696357727,
      -0.02892971597611904,
      0.995079517364502
    ],
    [
      0.9922766089439392,
      0.1167372614145279,
      0.041945699602365494,
      -0.1109691858291626,
      0.9865052103996277,
      -0.12038841843605042,
      -0.05543346330523491,
      0.11480394750833511,
      0.9918403029441833
    ],
    [
      0.9335299134254456,
      -0.3541138768196106,
      -0.05590361729264259,
      0.3576268255710602,
      0.9307389259338379,
      0.07634264975786209,
      0.02499767579138279,
      -0.09126079082489014,
      0.9955132603645325
    ],
    [
      0.999736487865448,
      -0.0020783927757292986,
      0.022858116775751114,
      0.00198383629322052,
      0.9999893307685852,
      0.004159018862992525,
      -0.022866519168019295,
      -0.004112577065825462,
      0.9997299313545227
    ],
    [
      0.983725905418396,
      -0.09662652015686035,
      0.15148191154003143,
      -0.024019159376621246,
      0.7647958397865295,
      0.6438249349594116,
      -0.1780632883310318,
      -0.6369856595993042,
      0.7500286102294922
    ],
    [
      0.9491588473320007,
      0.29320409893989563,
      0.11458150297403336,
      -0.2657061815261841,
      0.9413765668869019,
      -0.20787088572978973,
      -0.16881296038627625,
      0.16685746610164642,
      0.971422016620636
    ],
    [
      0.9773167371749878,
      0.211685448884964,
      -0.006416803225874901,
      -0.21166688203811646,
      0.9753322601318359,
      -0.06264293193817139,
      -0.007002080790698528,
      0.06258021295070648,
      0.9980153441429138
    ],
    [
      0.9157307744026184,
      -0.021115725859999657,
      -0.4012373089790344,
      0.18185114860534668,
      0.9122629761695862,
      0.3670237064361572,
      0.35828399658203125,
      -0.4090603291988373,
      0.8392271995544434
    ],
    [
      0.8961590528488159,
      -0.3631051182746887,
      0.2550562024116516,
      0.3604287803173065,
      0.9309254288673401,
      0.058897923678159714,
      -0.2588244378566742,
      0.03914768621325493,
      0.9651308059692383
    ],
    [
      0.9982677698135376,
      -0.057468414306640625,
      -0.012602102942764759,
      0.05815202370285988,
      0.9963140487670898,
      0.06306127458810806,
      0.008931620046496391,
      -0.0636848732829094,
      0.997930109500885
    ],
    [
      0.6199782490730286,
      0.4515594244003296,
      -0.6416549682617188,
      -0.3450045883655548,
      0.8913826942443848,
      0.2939537763595581,
      0.7046976685523987,
      0.03912894427776337,
      0.7084279656410217
    ],
    [
      0.7612329721450806,
      -0.5870277881622314,
      0.27554064989089966,
      0.6166002154350281,
      0.7868057489395142,
      -0.027217678725719452,
      -0.2008194476366043,
      0.1906174272298813,
      0.9609039425849915
    ],
    [
      -0.29531651735305786,
      -0.2089812010526657,
      -0.9322633147239685,
      0.4236191511154175,
      0.8459790349006653,
      -0.32383060455322266,
      0.856349766254425,
      -0.49055710434913635,
      -0.16130314767360687
    ],
    [
      0.21658851206302643,
      0.30839842557907104,
      0.9262719750404358,
      -0.12123844772577286,
      0.9499456286430359,
      -0.28793150186538696,
      -0.9687056541442871,
      -0.04993711784482002,
      0.24313706159591675
    ],
    [
      0.9309114217758179,
      -0.28354308009147644,
      0.23023302853107452,
      0.3632695972919464,
      0.7842370867729187,
      -0.5029984712600708,
      -0.0379355363547802,
      0.5518836975097656,
      0.8330578207969666
    ],
    [
      0.9552797079086304,
      0.2830981910228729,
      0.08541715890169144,
      -0.22638854384422302,
      0.8860097527503967,
      -0.4046418070793152,
      -0.19023378193378448,
      0.3672086298465729,
      0.910477340221405
    ],
    [
      0.9724087715148926,
      0.15709523856639862,
      -0.17245949804782867,
      -0.13159988820552826,
      0.9798120260238647,
      0.1504986733198166,
      0.19262051582336426,
      -0.12365057319402695,
      0.973451554775238
    ],
    [
      0.9798629879951477,
      -0.064571313560009,
      0.18894189596176147,
      0.07461915165185928,
      0.9961249828338623,
      -0.046551041305065155,
      -0.18520388007164001,
      0.05971232429146767,
      0.9808842539787292
    ]
  ],
  "root_rot": [
    -0.9131243824958801,
    0.09324699640274048,
    -0.3968737721443176,
    -0.03570299595594406,
    -0.9880412817001343,
    -0.14999882876873016,
    -0.4061146378517151,
    -0.12279801070690155,
    0.9055337905883789
  ],
  "root_trans": [
    -0.3753822445869446,
    0.5743934512138367,
    2.360316276550293
  ]
}