{
  "betas": [
    -1.1078152656555176,
    0.8309842348098755,
    1.3763148784637451,
    0.39940279722213745,
    -0.04300147294998169,
    0.09281909465789795,
    0.1869826465845108,
    0.255245566368103,
    0.1572585105895996,
    0.6481385231018066
  ],
  "joints": [
    [
      0.9853382110595703,
      -0.154392808675766,
      -0.07260552793741226,
      0.16529743373394012,
      0.969279944896698,
      0.1821349561214447,
      0.04225475713610649,
      -0.19146601855754852,
      0.9805893301963806
    ],
    [
      0.9934201240539551,
      -0.09338011592626572,
      -0.06630761176347733,
      0.08528183400630951,
      0.9895890355110168,
      -0.11593322455883026,
      0.076443150639534,
      0.10951555520296097,
      0.9910413026809692
    ],
    [
      0.9935965538024902,
      0.002144856611266732,
      0.11296603083610535,
      0.0013097751652821898,
      0.9995339512825012,
      -0.030498018488287926,
      -0.11297880113124847,
      0.03045068494975567,
      0.9931306838989258
    ],
    [
      0.9977264404296875,
      0.054732974618673325,
      0.039323385804891586,
      -0.03262212127447128,
      0.9027835130691528,
      -0.42885640263557434,
      -0.05897309258580208,
      0.42659851908683777,
      0.9025164842605591
    ],
    [
      0.9997983574867249,
      -0.00911362748593092,
      -0.017893686890602112,
      0.005598442628979683,
      0.9822538495063782,
      -0.18747290968894958,
      0.019284700974822044,
      0.18733492493629456,
      0.9821068048477173
    ],
    [
      0.9979978799819946,
      0.002811453305184841,
      -0.06318515539169312,
      -0.005385182332247496,
      0.9991610050201416,
      -0.040599796921014786,
      0.06301799416542053,
      0.04085877165198326,
      0.9971756935119629
    ],
    [
      0.9989933371543884,
      0.04222744330763817,
      0.015139765106141567,
      -0.03950636088848114,
      0.9880455136299133,
      -0.14901460707187653,
      -0.02125128172338009,
      0.14826646447181702,
      0.9887191653251648
    ],
    [
      0.9656690359115601,
      -0.25976958870887756,
      0.0017637363635003567,
      0.2597498595714569,
      0.9656466841697693,
      0.007516651414334774,
      -0.003655743785202503,
      -0.006800467148423195,
      0.9999701976776123
    ],
    [
      0.998343825340271,
      0.03228252753615379,
      0.04761744663119316,
      -0.03180258348584175,
      0.9994357228279114,
      -0.010802816599607468,
      -0.047939322888851166,
      0.009270567446947098,
      0.9988071322441101
    ],
    [
      0.9540086984634399,
      -0.2478213906288147,
      0.16867703199386597,
      0.1533888280391693,
      0.8869725465774536,
      0.4356047511100769,
      -0.25756409764289856,
      -0.3896975517272949,
      0.8841925859451294
    ],
    [
      0.9336562752723694,
      0.31189224123954773,
      0.176094189286232,
      -0.303257554769516,
      0.9499770998954773,
      -0.07468811422586441,
      -0.1905800998210907,
      0.016331126913428307,
      0.9815357327461243
    ],
    [
      0.9438989162445068,
      -0.1342468410730362,
      -0.3017160892486572,
      0.0925944596529007,
      0.9845817685127258,
      -0.14840830862522125,
      0.3169874846935272,
      0.11214520037174225,
      0.9417761564254761
    ],
    [
      0.9557737708091736,
      0.2238738238811493,
      0.19072750210762024,
      -0.21946194767951965,
      0.9746180176734924,
      -0.0442279614508152,
      -0.1957879662513733,
      0.0004144934064242989,
      0.9806461334228516
    ],
    [
      0.9391446113586426,
      -0.15863269567489624,
      0.30470162630081177,
      0.11676006764173508,
      0.9815899729728699,
      0.15115660429000854,
      -0.3230704069137573,
      -0.10638092458248138,
      0.940376877784729
    ],
    [
      0.9883748888969421,
      -0.02030573971569538,
      -0.15067394077777863,
      0.05330156907439232,
      0.9744198322296143,
      0.21832318603992462,
      0.14238645136356354,
      -0.22381633520126343,
      0.9641744494438171
    ],
    [
      0.4917844533920288,
      0.8438085913658142,
      -0.21479082107543945,
      -0.8468124270439148,
      0.40609678626060486,
      -0.3435026705265045,
      -0.20262464880943298,
      0.3508168160915375,
      0.914259672164917
    ],
    [
      0.4771502912044525,
      -0.7471545338630676,
      0.4626960754394531,
      0.7115690112113953,
      0.6374406814575195,
      0.295531690120697,
      -0.5157491564750671,
      0.18822713196277618,
      0.8358070254325867
    ],
    [
      -0.12651020288467407,
      -0.3802165389060974,
      -0.9162043929100037,
      0.06719529628753662,
      0.9182192087173462,
      -0.3903310298919678,
      0.9896867871284485,
      -0.11094547808170319,
      -0.09061533212661743
    ],
    [
      -0.4430404603481293,
      0.3511810898780823,
      0.8248557448387146,
      -0.191925510764122,
      0.8615972399711609,
      -0.4699093699455261,
      -0.8757167458534241,
      -0.3664996922016144,
      -0.3143218159675598
    ],
    [
      0.9219192266464233,
      -0.35950997471809387,
      0.14428308606147766,
      0.3873487114906311,
      0.850612223148346,
      -0.3555557429790497,
      0.005096873268485069,
      0.3836815357208252,
      0.9234514832496643
    ],
    [
      0.8346604704856873,
      0.5419042706489563,
      0.09839540719985962,
      -0.5066080689430237,
      0.8254814147949219,
      -0.248854860663414,
      -0.21607908606529236,
      0.15786141157150269,
      0.9635297656059265
    ],
    [
      0.9103843569755554,
      0.24223297834396362,
      -0.3354451656341553,
      -0.15182682871818542,
      0.9497347474098206,
      0.2737744152545929,
      0.38490116596221924,
      -0.19831036031246185,
      0.9014011025428772
    ],
    [
      0.9018303155899048,
      -0.38711342215538025,
      0.1919512003660202,
      0.258081316947937,
      0.8388735055923462,
      0.4792550802230835,
      -0.34654879570007324,
      -0.38266775012016296,
      0.856428325176239
    ]
  ],
  "root_rot": [
    -0.9319056868553162,
    0.053932175040245056,
    -0.3586684465408325,
    0.013532248325645924,
    -0.9830243587493896,
    -0.1829751580953598,
    -0.3624480962753296,
    -0.17536918818950653,
    0.9153561592102051
  ],
  "root_trans": [
    -0.9338856339454651,
    0.5344852209091187,
    2.4120521545410156
  ]
}