{
  "betas": [
    -0.8425593972206116,
    1.1606110334396362,
    0.9050173759460449,
    -0.657259464263916,
    -0.3933136463165283,
    0.0193842351436615,
    0.8112637400627136,
    0.7566046118736267,
    -0.6350891590118408,
    1.0244560241699219
  ],
  "joints": [
    [
      0.9506642818450928,
      -0.24459826946258545,
      -0.1908116489648819,
      0.30350616574287415,
      0.8606250882148743,
      0.4089112877845764,
      0.06419829279184341,
      -0.44664984941482544,
      0.8924025893211365
    ],
    [
      0.9995531439781189,
      -0.026873020455241203,
      0.013087144121527672,
      -0.0011331612477079034,
      0.4034552574157715,
      0.9149986505508423,
      -0.02986886166036129,
      -0.914604663848877,
      0.4032445251941681
    ],
    [
      0.9972168207168579,
      -0.0668792799115181,
      -0.03295110538601875,
      0.042896293103694916,
      0.8761603236198425,
      -0.48010727763175964,
      0.060979679226875305,
      0.47735756635665894,
      0.8765906691551208
    ],
    [
      0.9988282918930054,
      0.046575311571359634,
      -0.013145332224667072,
      -0.03979464992880821,
      0.6358743906021118,
      -0.7707659602165222,
      -0.02753988280892372,
      0.7703859210014343,
      0.636982798576355
    ],
    [
      0.9562796950340271,
      -0.251224547624588,
      0.14971837401390076,
      0.0641116350889206,
      -0.31940433382987976,
      -0.9454473853111267,
      0.28534021973609924,
      0.9137105941772461,
      -0.2893334627151489
    ],
    [
      0.9915148019790649,
      -0.03881032392382622,
      -0.12406481057405472,
      0.02387407422065735,
      0.9925248026847839,
      -0.11968513578176498,
      0.1277824193239212,
      0.11570765823125839,
      0.9850295782089233
    ],
    [
      0.983934223651886,
      0.17178180813789368,
      0.04862513765692711,
      -0.15373581647872925,
      0.9537203311920166,
      -0.2584235668182373,
      -0.0907672643661499,
      0.2467963844537735,
      0.9648070931434631
    ],
    [
      0.8705334067344666,
      -0.4347690939903259,
      -0.23053701221942902,
      0.376287579536438,
      0.8899921774864197,
      -0.2575297951698303,
      0.317142128944397,
      0.13744010031223297,
      0.9383661150932312
    ],
    [
      0.9997431039810181,
      0.01658514142036438,
      -0.015449782833456993,
      -0.016378963366150856,
      0.9997763633728027,
      0.013376782648265362,
      0.01566818356513977,
      -0.013120293617248535,
      0.999791145324707
    ],
    [
      0.950755774974823,
      -0.28552278876304626,
      0.12058288604021072,
      0.1279335916042328,
      0.7158847451210022,
      0.6863978505134583,
      -0.28230568766593933,
      -0.6371700763702393,
      0.7171595096588135
    ],
    [
      0.7926068902015686,
      0.4419806897640228,
      0.4200325608253479,
      -0.47618693113327026,
      0.8789504170417786,
      -0.026307623833417892,
      -0.3808152973651886,
      -0.17916244268417358,
      0.9071275591850281
    ],
    [
      0.9910310506820679,
      0.06144487485289574,
      -0.1186678409576416,
      -0.09264654666185379,
      0.9558764696121216,
      -0.2787771224975586,
      0.09630238264799118,
      0.2872709333896637,
      0.9529958963394165
    ],
    [
      0.7927379012107849,
      0.05748918280005455,
      -0.6068456172943115,
      0.12063952535390854,
      0.9610539078712463,
      0.24863938987255096,
      0.5975053906440735,
      -0.2703154385089874,
      0.7549284100532532
    ],
    [
      0.8449757099151611,
      -0.0278065986931324,
      0.5340812802314758,
      -0.0635412260890007,
      0.986353874206543,
      0.15188314020633698,
      -0.5310165286064148,
      -0.16227373480796814,
      0.8316782116889954
    ],
    [
      0.9945859909057617,
      -0.09508541226387024,
      -0.04192246124148369,
      0.10091967135667801,
      0.980003297328949,
      0.17148961126804352,
      0.024777991697192192,
      -0.17479196190834045,
      0.984293520450592
    ],
    [
      0.5793800354003906,
      0.5104027390480042,
      -0.6354587078094482,
      -0.5370648503303528,
      0.825527012348175,
      0.17339687049388885,
      0.6130905747413635,
      0.24081987142562866,
      0.752413272857666
    ],
    [
      0.8897846341133118,
      -0.26268982887268066,
      0.373198926448822,
      0.23141586780548096,
      0.9645086526870728,
      0.1271609514951706,
      -0.39335742592811584,
      -0.026781708002090454,
      0.9189955592155457
    ],
    [
      -0.3308855891227722,
      -0.4097270369529724,
      -0.8500814437866211,
      0.11409104615449905,
      0.8768467903137207,
      -0.46703633666038513,
      0.9367486238479614,
      -0.2515222430229187,
      -0.2433897852897644
    ],
    [
      -0.5441280007362366,
      0.28675344586372375,
      0.7884776592254639,
      -0.10646136105060577,
      0.9085857272148132,
      -0.40390321612358093,
      -0.8322203159332275,
      -0.3037174642086029,
      -0.46385878324508667
    ],
    [
      0.8216237425804138,
      -0.3457009792327881,
      0.4532386064529419,
      0.5228915214538574,
      0.7736795544624329,
      -0.35777702927589417,
      -0.22697757184505463,
      0.5309527516365051,
      0.8164376020431519
    ],
    [
      0.9015783071517944,
      0.40072500705718994,
      -0.1630217581987381,
      -0.4215576946735382,
      0.7291138768196106,
      -0.5391494035720825,
      -0.09718921780586243,
      0.5548084378242493,
      0.8262819647789001
    ],
    [
      0.8410261869430542,
      0.2713901698589325,
      -0.4679982364177704,
      -0.21765261888504028,
      0.9617103934288025,
      0.1665545403957367,
      0.49528005719184875,
      -0.038215700536966324,
      0.8678923845291138
    ],
    [
      0.9190123677253723,
      -0.3022933602333069,
      0.25305137038230896,
      0.23032863438129425,
      0.9326597452163696,
      0.27765902876853943,
      -0.3199453055858612,
      -0.19688712060451508,
      0.9267526268959045
    ]
  ],
  "root_rot": [
    0.5929897427558899,
    0.4970892667770386,
    -0.6334551572799683,
    0.3323354423046112,
    -0.8676552772521973,
    -0.3697667419910431,
    -0.7334278225898743,
    0.008748272433876991,
    -0.6797110438346863
  ],
  "root_trans": [
    -0.27158528566360474,
    0.2932828664779663,
    2.4753940105438232
  ]
}