{
  "betas": [
    -0.7180560231208801,
    0.8391194343566895,
    0.5366214513778687,
    -0.14493486285209656,
    0.5522140264511108,
    -0.10536376386880875,
    -0.38678067922592163,
    0.2694898843765259,
    -0.2322675883769989,
    0.34643885493278503
  ],
  "joints": [
    [
      0.9602081775665283,
      -0.2665266990661621,
      0.08344988524913788,
      0.2655874192714691,
      0.9638273119926453,
      0.02236691303551197,
      -0.08639265596866608,
      0.0006863470771349967,
      0.9962610006332397
    ],
    [
      0.9990113973617554,
      0.037417422980070114,
      -0.02400290034711361,
      -0.032955192029476166,
      0.9857380390167236,
      0.1650286316871643,
      0.029835520312190056,
      -0.16407446563243866,
      0.985996663570404
    ],
    [
      0.9996337890625,
      -0.026116784662008286,
      -0.00708229374140501,
      0.025176752358675003,
      0.9935750961303711,
      -0.11033894866704941,
      0.00991848949342966,
      0.11012023687362671,
      0.9938687682151794
    ],
    [
      0.9959495663642883,
      0.028855782002210617,
      -0.08515742421150208,
      -0.05146610364317894,
      0.9595574140548706,
      -0.2767683267593384,
      0.073727086186409,
      0.2800300121307373,
      0.9571558833122253
    ],
    [
      0.9928516745567322,
      -0.022369803860783577,
      0.11723962426185608,
      0.04000934585928917,
      0.9878243207931519,
      -0.15034089982509613,
      -0.112449049949646,
      0.15395690500736237,
      0.9816580414772034
    ],
    [
      0.9893980622291565,
      0.02788938768208027,
      -0.14252592623233795,
      0.009946574456989765,
      0.9660701751708984,
      0.25808796286582947,
      0.1448879837989807,
      -0.2567693889141083,
      0.9555505514144897
    ],
    [
      0.9683263897895813,
      0.08101222664117813,
      0.23618008196353912,
      -0.042764704674482346,
      0.9857344627380371,
      -0.16278409957885742,
      -0.24599836766719818,
      0.14752797782421112,
      0.9579771757125854
    ],
    [
      0.9097941517829895,
      -0.3831727206707001,
      -0.15954041481018066,
      0.3846781849861145,
      0.9227743148803711,
      -0.022589705884456635,
      0.1558755487203598,
      -0.04081973060965538,
      0.9869328737258911
    ],
    [
      0.9989314675331116,
      0.03858959302306175,
      -0.02543208934366703,
      -0.04124188423156738,
      0.9926593899726868,
      -0.11369471997022629,
      0.02085796743631363,
      0.114622101187706,
      0.9931902289390564
    ],
    [
      0.9891470074653625,
      0.009524218738079071,
      0.14661967754364014,
      -0.12086261063814163,
      0.620177149772644,
      0.7750951647758484,
      -0.08354799449443817,
      -0.7844040393829346,
      0.614597499370575
    ],
    [
      0.8916299343109131,
      0.273898720741272,
      0.36052119731903076,
      -0.28497833013534546,
      0.9582528471946716,
      -0.02321363054215908,
      -0.3518286347389221,
      -0.08204276114702225,
      0.9324621558189392
    ],
    [
      0.9999353885650635,
      -0.010307679884135723,
      0.0047876606695353985,
      0.010789508000016212,
      0.9933217763900757,
      -0.11487216502428055,
      -0.003571621375158429,
      0.11491640657186508,
      0.9933688044548035
    ],
    [
      0.5721732378005981,
      -0.23989112675189972,
      -0.7842640280723572,
      0.6923325657844543,
      0.6539106369018555,
      0.3050845265388489,
      0.4396514594554901,
      -0.7175326943397522,
      0.5402346253395081
    ],
    [
      0.7220543622970581,
      0.289794921875,
      0.6282168626785278,
      -0.5644891858100891,
      0.7717667818069458,
      0.29279348254203796,
      -0.3999868631362915,
      -0.5660344362258911,
      0.7208436727523804
    ],
    [
      0.9952020645141602,
      -0.09007906168699265,
      0.03819059953093529,
      0.08329131454229355,
      0.9848083257675171,
      0.15236538648605347,
      -0.051335349678993225,
      -0.14845341444015503,
      0.9875860810279846
    ],
    [
      0.7534435391426086,
      0.19581812620162964,
      -0.6276767253875732,
      0.1046147346496582,
      0.9067608714103699,
      0.4084610044956207,
      0.6491367816925049,
      -0.3734165132045746,
      0.6627076864242554
    ],
    [
      0.8880598545074463,
      0.06084495037794113,
      0.45568373799324036,
      -0.24982617795467377,
      0.8959459662437439,
      0.3672434389591217,
      -0.3859230875968933,
      -0.4399758577346802,
      0.8108543157577515
    ],
    [
      0.4708721935749054,
      -0.08920977264642715,
      -0.8776793479919434,
      0.43202701210975647,
      0.8907315135002136,
      0.14124472439289093,
      0.769176185131073,
      -0.4456894099712372,
      0.4579617381095886
    ],
    [
      0.37101471424102783,
      0.20683859288692474,
      0.9052988886833191,
      -0.46179404854774475,
      0.8868863582611084,
      -0.013376726768910885,
      -0.8056639432907104,
      -0.41309863328933716,
      0.4245647192001343
    ],
    [
      0.947931706905365,
      -0.21624790132045746,
      0.23379981517791748,
      0.31695038080215454,
      0.7122982740402222,
      -0.626237690448761,
      -0.03111257776618004,
      0.6677334904670715,
      0.7437499761581421
    ],
    [
      0.9086872935295105,
      0.33428463339805603,
      -0.25008246302604675,
      -0.4157233238220215,
      0.6696953177452087,
      -0.6153717041015625,
      -0.03823023661971092,
      0.6631455421447754,
      0.7475135326385498
    ],
    [
      0.9351800680160522,
      0.3075447380542755,
      -0.1756545454263687,
      -0.22250467538833618,
      0.8960325717926025,
      0.38420987129211426,
      0.27555394172668457,
      -0.3202214241027832,
      0.9063819646835327
    ],
    [
      0.9464595913887024,
      -0.2507093846797943,
      0.20336920022964478,
      0.19249610602855682,
      0.9440180659294128,
      0.26790884137153625,
      -0.2591514587402344,
      -0.21441709995269775,
      0.9417355060577393
    ]
  ],
  "root_rot": [
    0.9958367943763733,
    -0.024220174178481102,
    0.08787758648395538,
    -0.03993707895278931,
    -0.9825291633605957,
    0.1817731410264969,
    0.0819397121667862,
    -0.18452595174312592,
    -0.9794059991836548
  ],
  "root_trans": [
    -0.12970487773418427,
    0.44940006732940674,
    2.599590539932251
  ]
}