{
  "betas": [
    -0.8062770962715149,
    1.0117164850234985,
    1.0635662078857422,
    -0.24798008799552917,
    0.0025779306888580322,
    0.22724470496177673,
    0.4342206120491028,
    0.6106151342391968,
    0.306871235370636,
    0.995684027671814
  ],
  "joints": [
    [
      0.9750091433525085,
      -0.2220335602760315,
      -0.00764155387878418,
      0.22168965637683868,
      0.9745959639549255,
      -0.03188008442521095,
      0.014525877311825752,
      0.029389316216111183,
      0.9994625449180603
    ],
    [
      0.9614526033401489,
      0.2531433403491974,
      -0.10736571997404099,
      -0.2308795303106308,
      0.9552718997001648,
      0.18479803204536438,
      0.1493438333272934,
      -0.15288600325584412,
      0.9768942594528198
    ],
    [
      0.9996299743652344,
      -0.011694197542965412,
      0.02456190064549446,
      0.014104529283940792,
      0.9948499202728271,
      -0.10037221014499664,
      -0.02326163463294506,
      0.10068149119615555,
      0.9946467280387878
    ],
    [
      0.9997279047966003,
      0.0029254595283418894,
      -0.023141970857977867,
      -0.005993283819407225,
      0.9910129904747009,
      -0.1336316019296646,
      0.022543059661984444,
      0.13373394310474396,
      0.990760862827301
    ],
    [
      0.9997833371162415,
      -0.0003599534393288195,
      -0.020811449736356735,
      -0.006260236259549856,
      0.9483564496040344,
      -0.31714484095573425,
      0.019850831478834152,
      0.31720641255378723,
      0.9481487274169922
    ],
    [
      0.9951093196868896,
      -0.016503585502505302,
      -0.09739156812429428,
      0.020352216437458992,
      0.9990453124046326,
      0.03865688294172287,
      0.09666060656309128,
      -0.04044995829463005,
      0.9944952130317688
    ],
    [
      0.9980151057243347,
      0.0608806349337101,
      0.016102802008390427,
      -0.05819433182477951,
      0.9893218874931335,
      -0.13362468779087067,
      -0.02406601421535015,
      0.13242237269878387,
      0.9909011125564575
    ],
    [
      0.938093364238739,
      -0.33223965764045715,
      -0.09796785563230515,
      0.30933743715286255,
      0.930820643901825,
      -0.19463643431663513,
      0.1558564305305481,
      0.1522820144891739,
      0.9759708642959595
    ],
    [
      0.9982481598854065,
      0.04019300639629364,
      0.043420251458883286,
      -0.039438605308532715,
      0.9990581274032593,
      -0.018093757331371307,
      -0.04410660266876221,
      0.01634962297976017,
      0.9988930821418762
    ],
    [
      0.9860656261444092,
      -0.15720075368881226,
      0.05442880839109421,
      0.11388374119997025,
      0.8763795495033264,
      0.4679630696773529,
      -0.12126443535089493,
      -0.4552437663078308,
      0.8820703625679016
    ],
    [
      0.9417997598648071,
      0.3294669985771179,
      0.06681766360998154,
      -0.3204852342605591,
      0.9399442076683044,
      -0.11744809150695801,
      -0.10150014609098434,
      0.0891985222697258,
      0.9908285140991211
    ],
    [
      0.9954318404197693,
      0.06445721536874771,
      -0.07043315470218658,
      -0.05590354651212692,
      0.9915206432342529,
      0.11730970442295074,
      0.07739738374948502,
      -0.1128363385796547,
      0.9905946254730225
    ],
    [
      0.84095698595047,
      0.1656462699174881,
      -0.5151239633560181,
      0.0028954460285604,
      0.9505993127822876,
      0.31040719151496887,
      0.5410942435264587,
      -0.2625305950641632,
      0.7989335060119629
    ],
    [
      0.8424907922744751,
      -0.18764863908290863,
      0.5049725770950317,
      0.08332490921020508,
      0.9714829325675964,
      0.22198627889156342,
      -0.532227635383606,
      -0.14494459331035614,
      0.8341012597084045
    ],
    [
      0.9982135891914368,
      -0.05634855106472969,
      0.019859112799167633,
      0.05447203665971756,
      0.9948981404304504,
      0.0849149227142334,
      -0.02454262599349022,
      -0.08368147164583206,
      0.9961902499198914
    ],
    [
      0.38576555252075195,
      0.6734023690223694,
      -0.6306458711624146,
      -0.6785698533058167,
      0.6702201962471008,
      0.3005792200565338,
      0.6250823736190796,
      0.311984121799469,
      0.7154983878135681
    ],
    [
      0.4878246486186981,
      -0.6961551904678345,
      0.5266830921173096,
      0.6637639999389648,
      0.6876710653305054,
      0.2941528558731079,
      -0.5669607520103455,
      0.2060982584953308,
      0.7975456118583679
    ],
    [
      0.5612357258796692,
      -0.27088284492492676,
      -0.782072126865387,
      0.31916069984436035,
      0.9426746964454651,
      -0.09747184067964554,
      0.7636431455612183,
      -0.19490204751491547,
      0.6155178546905518
    ],
    [
      0.5032055974006653,
      0.30302315950393677,
      0.8092966675758362,
      -0.3232652544975281,
      0.9345189332962036,
      -0.1489095240831375,
      -0.8014260530471802,
      -0.18668538331985474,
      0.5682120323181152
    ],
    [
      0.9464752674102783,
      -0.18959902226924896,
      0.2612217366695404,
      0.2802146077156067,
      0.8843219876289368,
      -0.3734360635280609,
      -0.16020098328590393,
      0.4266461431980133,
      0.8901172876358032
    ],
    [
      0.9624553918838501,
      0.22700950503349304,
      -0.1488160640001297,
      -0.2637002468109131,
      0.9119519591331482,
      -0.3143339157104492,
      0.06435629725456238,
      0.34177520871162415,
      0.9375755190849304
    ],
    [
      0.9904236793518066,
      0.007925228215754032,
      -0.13783419132232666,
      -0.0021471360232681036,
      0.9991145730018616,
      0.04201890155673027,
      0.13804514706134796,
      -0.0413205623626709,
      0.9895637631416321
    ],
    [
      0.9902055859565735,
      -0.018720757216215134,
      0.13835637271404266,
      0.022084185853600502,
      0.999495804309845,
      -0.022814977914094925,
      -0.1378594934940338,
      0.025647010654211044,
      0.9901197552680969
    ]
  ],
  "root_rot": [
    -0.9311406016349792,
    -0.03209175914525986,
    -0.3632454574108124,
    0.07280928641557693,
    -0.9924240708351135,
    -0.0989607572555542,
    -0.357317715883255,
    -0.11859402805566788,
    0.9264229536056519
  ],
  "root_trans": [
    -0.4916468858718872,
    0.47227340936660767,
    2.3263356685638428
  ]
}