{
  "betas": [
    -0.618304967880249,
    0.5108831524848938,
    0.8923352956771851,
    0.2719181776046753,
    0.3705649971961975,
    0.17523881793022156,
    -0.30484890937805176,
    0.5006991028785706,
    -0.49424460530281067,
    0.3222775161266327
  ],
  "joints": [
    [
      0.999673068523407,
      -0.025428054854273796,
      -0.0026840856298804283,
      0.0255329217761755,
      0.9871348738670349,
      0.15783771872520447,
      -0.0013639518292620778,
      -0.15785463154315948,
      0.9874613881111145
    ],
    [
      0.9906288981437683,
      -0.13411273062229156,
      0.02584775537252426,
      0.12854914367198944,
      0.9794663190841675,
      0.15530924499034882,
      -0.04614594951272011,
      -0.1505311280488968,
      0.9875277280807495
    ],
    [
      0.9992374777793884,
      -0.03351421654224396,
      0.0200310330837965,
      0.03507566452026367,
      0.9958910346031189,
      -0.08349091559648514,
      -0.017150593921542168,
      0.08412985503673553,
      0.9963071942329407
    ],
    [
      0.9847879409790039,
      0.1691184937953949,
      -0.039896488189697266,
      -0.1349073201417923,
      0.5994517207145691,
      -0.7889599204063416,
      -0.10951168835163116,
      0.7823404669761658,
      0.6131481528282166
    ],
    [
      0.9960833787918091,
      0.038031771779060364,
      0.07982194423675537,
      -0.005277832038700581,
      0.9267314672470093,
      -0.37568721175193787,
      -0.08826156705617905,
      0.37379446625709534,
      0.9233025312423706
    ],
    [
      0.9884514212608337,
      0.02988165244460106,
      -0.14856205880641937,
      0.010228220373392105,
      0.9649738073348999,
      0.26214689016342163,
      0.1511918604373932,
      -0.2606390416622162,
      0.953524112701416
    ],
    [
      0.9401888847351074,
      0.09298557043075562,
      0.3277171552181244,
      -0.017565997317433357,
      0.9739784002304077,
      -0.22595882415771484,
      -0.34020039439201355,
      0.20668728649616241,
      0.9173570275306702
    ],
    [
      0.9302697777748108,
      -0.22240935266017914,
      -0.2917742431163788,
      0.29979759454727173,
      0.9192535877227783,
      0.2551356852054596,
      0.21146997809410095,
      -0.3248182237148285,
      0.9218316078186035
    ],
    [
      0.9974401593208313,
      0.07039579004049301,
      0.012556402944028378,
      -0.06764466315507889,
      0.985834538936615,
      -0.15347477793693542,
      -0.023182513192296028,
      0.15223252773284912,
      0.9880728721618652
    ],
    [
      0.9954001903533936,
      -0.030352678149938583,
      0.09086844325065613,
      -0.06861960142850876,
      0.4360128343105316,
      0.8973204493522644,
      -0.06685588508844376,
      -0.8994284272193909,
      0.4319244623184204
    ],
    [
      0.7371402382850647,
      0.36870577931404114,
      0.5662863850593567,
      -0.36731550097465515,
      0.9220346808433533,
      -0.12219346314668655,
      -0.5671892166137695,
      -0.11793207377195358,
      0.8151001930236816
    ],
    [
      0.9977204203605652,
      0.04950108751654625,
      -0.045865971595048904,
      -0.05511361360549927,
      0.989913284778595,
      -0.1305147260427475,
      0.038942720741033554,
      0.13274502754211426,
      0.9903848767280579
    ],
    [
      0.5822312831878662,
      -0.25877144932746887,
      -0.7707425951957703,
      0.6564942002296448,
      0.7088634371757507,
      0.25793027877807617,
      0.4796062409877777,
      -0.6561630964279175,
      0.5826044082641602
    ],
    [
      0.7576289176940918,
      0.23503923416137695,
      0.6088964343070984,
      -0.49369463324546814,
      0.8165896534919739,
      0.2990766167640686,
      -0.42692384123802185,
      -0.5271980166435242,
      0.7347095608711243
    ],
    [
      0.9846107959747314,
      -0.09380544722080231,
      -0.14745229482650757,
      0.10671615600585938,
      0.9908842444419861,
      0.08222002536058426,
      0.13839545845985413,
      -0.09669025987386703,
      0.9856458902359009
    ],
    [
      0.7814956307411194,
      0.07598499953746796,
      -0.6192663908004761,
      0.15798942744731903,
      0.9361051917076111,
      0.31423959136009216,
      0.6035759449005127,
      -0.34341442584991455,
      0.7195572853088379
    ],
    [
      0.8477659225463867,
      -0.05421798303723335,
      0.5275920629501343,
      -0.19638150930404663,
      0.8919674754142761,
      0.40722042322158813,
      -0.4926735460758209,
      -0.44883692264556885,
      0.745532214641571
    ],
    [
      0.38136640191078186,
      -0.1663038730621338,
      -0.9093418717384338,
      0.5845048427581787,
      0.8054713606834412,
      0.0978262722492218,
      0.7161799073219299,
      -0.56882244348526,
      0.40438514947891235
    ],
    [
      0.4405776560306549,
      0.27087458968162537,
      0.8558729290962219,
      -0.5758822560310364,
      0.8166497349739075,
      0.03798600286245346,
      -0.6886588931083679,
      -0.5096177458763123,
      0.5157895088195801
    ],
    [
      0.8971430063247681,
      -0.35156741738319397,
      0.2674599587917328,
      0.43853694200515747,
      0.6360463500022888,
      -0.6349255442619324,
      0.05310220643877983,
      0.6869100332260132,
      0.7247998118400574
    ],
    [
      0.7979455590248108,
      0.48506662249565125,
      -0.3577615022659302,
      -0.6002238988876343,
      0.6935704350471497,
      -0.39836087822914124,
      0.05490121245384216,
      0.5326073169708252,
      0.8445799946784973
    ],
    [
      0.9032911062240601,
      0.33592885732650757,
      -0.2668651342391968,
      -0.19442817568778992,
      0.8750072121620178,
      0.44335097074508667,
      0.38244327902793884,
      -0.34858888387680054,
      0.8557002544403076
    ],
    [
      0.9306368231773376,
      -0.309622198343277,
      0.19506223499774933,
      0.22564619779586792,
      0.9051666259765625,
      0.3602184057235718,
      -0.2880954146385193,
      -0.2912174463272095,
      0.9122464656829834
    ]
  ],
  "root_rot": [
    0.3785254657268524,
    -0.047772377729415894,
    0.9243572354316711,
    -0.09418931603431702,
    -0.9954710602760315,
    -0.012877017259597778,
    0.9207859635353088,
    -0.08219029009342194,
    -0.3813107907772064
  ],
  "root_trans": [
    -0.22131744027137756,
    0.5177785158157349,
    2.595139503479004
  ]
}