{
  "betas": [
    -0.820501983165741,
    0.8655799627304077,
    0.7740826606750488,
    0.37806838750839233,
    0.20095984637737274,
    0.6910579204559326,
    0.5665903091430664,
    0.7281845808029175,
    -0.4696942865848541,
    0.6951255202293396
  ],
  "joints": [
    [
      0.9695818424224854,
      0.029969582334160805,
      -0.24292582273483276,
      0.19625049829483032,
      0.4979333281517029,
      0.8447178602218628,
      0.14627669751644135,
      -0.8666973114013672,
      0.47690555453300476
    ],
    [
      0.990698516368866,
      -0.13513065874576569,
      -0.016005070880055428,
      0.13355053961277008,
      0.988120436668396,
      -0.07604096084833145,
      0.026090402156114578,
      0.073196180164814,
      0.9969761967658997
    ],
    [
      0.9816413521766663,
      -0.01274882536381483,
      0.19031000137329102,
      0.06017817184329033,
      0.9675033092498779,
      -0.24559323489665985,
      -0.18099451065063477,
      0.25253695249557495,
      0.9505084753036499
    ],
    [
      0.9431470036506653,
      0.32426536083221436,
      -0.07297779619693756,
      -0.023744065314531326,
      -0.15327119827270508,
      -0.9878988862037659,
      -0.3315267562866211,
      0.9334666132926941,
      -0.13685789704322815
    ],
    [
      0.9958464503288269,
      0.03988016024231911,
      0.08184976130723953,
      -0.031040994450449944,
      0.9938218593597412,
      -0.10655754059553146,
      -0.08559361845254898,
      0.10357426106929779,
      0.9909318685531616
    ],
    [
      0.9918243288993835,
      0.0806867703795433,
      -0.09886462241411209,
      -0.059501148760318756,
      0.9777688980102539,
      0.20106616616249084,
      0.11289013922214508,
      -0.19353975355625153,
      0.974575936794281
    ],
    [
      0.9919192790985107,
      0.00011411349987611175,
      0.126870796084404,
      0.025543581694364548,
      0.9793424010276794,
      -0.20058932900428772,
      -0.12427282333374023,
      0.20220914483070374,
      0.9714257121086121
    ],
    [
      0.9157757759094238,
      -0.37247732281684875,
      -0.1503838151693344,
      0.3715249300003052,
      0.9277459979057312,
      -0.03544815257191658,
      0.1527216136455536,
      -0.02340877056121826,
      0.9879919290542603
    ],
    [
      0.9882431626319885,
      0.10606613010168076,
      0.1101154237985611,
      -0.09894461929798126,
      0.9927494525909424,
      -0.06825339049100876,
      -0.11655639857053757,
      0.056555621325969696,
      0.9915725588798523
    ],
    [
      0.9715136885643005,
      -0.2326521873474121,
      0.04509928449988365,
      0.12141693383455276,
      0.6520840525627136,
      0.7483609914779663,
      -0.20351636409759521,
      -0.7215672731399536,
      0.6617565155029297
    ],
    [
      0.8928186297416687,
      0.36212223768234253,
      0.26784759759902954,
      -0.285598486661911,
      0.9149793386459351,
      -0.2850375771522522,
      -0.34829339385032654,
      0.17799000442028046,
      0.920332133769989
    ],
    [
      0.9840933680534363,
      0.06307400017976761,
      -0.16607791185379028,
      -0.07844796776771545,
      0.9930535554885864,
      -0.08769536018371582,
      0.15939298272132874,
      0.0993288978934288,
      0.9822054505348206
    ],
    [
      0.8793050050735474,
      -0.09177152812480927,
      -0.46733352541923523,
      0.24282695353031158,
      0.9305225610733032,
      0.27415862679481506,
      0.40970438718795776,
      -0.3545502722263336,
      0.8404977321624756
    ],
    [
      0.7937837243080139,
      0.1179046779870987,
      0.5966622233390808,
      -0.25727546215057373,
      0.9540284276008606,
      0.15374968945980072,
      -0.5511050224304199,
      -0.2755505442619324,
      0.7876262068748474
    ],
    [
      0.9965428113937378,
      -0.08260411024093628,
      -0.008886669762432575,
      0.08308031409978867,
      0.9904735088348389,
      0.10981761664152145,
      -0.0002693747519515455,
      -0.11017626523971558,
      0.9939120411872864
    ],
    [
      0.5990726947784424,
      0.511631965637207,
      -0.6159095764160156,
      -0.5231561660766602,
      0.8324355483055115,
      0.18264369666576385,
      0.6061513423919678,
      0.212800070643425,
      0.7663528323173523
    ],
    [
      0.9185152053833008,
      -0.0713256374001503,
      0.3888989984989166,
      -0.014806942082941532,
      0.9766990542411804,
      0.21410202980041504,
      -0.39510825276374817,
      -0.2024143785238266,
      0.8960568308830261
    ],
    [
      -0.46467331051826477,
      -0.3733358681201935,
      -0.8029314279556274,
      0.11696323752403259,
      0.8729494214057922,
      -0.47358086705207825,
      0.8777233362197876,
      -0.3139738440513611,
      -0.3619697391986847
    ],
    [
      -0.41792547702789307,
      0.2022065818309784,
      0.885692298412323,
      -0.160641610622406,
      0.9431046843528748,
      -0.2911148965358734,
      -0.8941658735275269,
      -0.2639433741569519,
      -0.36166468262672424
    ],
    [
      0.8500057458877563,
      -0.4220026433467865,
      0.31528404355049133,
      0.5155253410339355,
      0.7894307374954224,
      -0.33321574330329895,
      -0.10827699303627014,
      0.4457722008228302,
      0.8885737061500549
    ],
    [
      0.8016217947006226,
      0.578076183795929,
      -0.15241557359695435,
      -0.5669552683830261,
      0.6542250514030457,
      -0.5005509257316589,
      -0.18964245915412903,
      0.4876653254032135,
      0.8521844148635864
    ],
    [
      0.8656291365623474,
      0.3867710828781128,
      -0.3179534375667572,
      -0.2770405411720276,
      0.8989615440368652,
      0.33928850293159485,
      0.4170548617839813,
      -0.20561200380325317,
      0.8853185772895813
    ],
    [
      0.898624837398529,
      -0.37657973170280457,
      0.22508035600185394,
      0.2701743245124817,
      0.8792319297790527,
      0.3923736810684204,
      -0.3456577956676483,
      -0.2917857766151428,
      0.8918418288230896
    ]
  ],
  "root_rot": [
    0.4169744849205017,
    0.09922967851161957,
    -0.9034853577613831,
    0.07201451808214188,
    -0.9945046305656433,
    -0.07599033415317535,
    -0.9060608148574829,
    -0.033378034830093384,
    -0.4218290448188782
  ],
  "root_trans": [
    -0.15012316405773163,
    0.4068189859390259,
    2.5655343532562256
  ]
}