{
  "betas": [
    -0.5397493243217468,
    0.8770334720611572,
    0.39771410822868347,
    -0.09620547294616699,
    0.277657151222229,
    0.6733478307723999,
    -0.4560147523880005,
    0.2328079491853714,
    -0.08454880118370056,
    0.24639029800891876
  ],
  "joints": [
    [
      0.9816029071807861,
      -0.1377868950366974,
      0.13217560946941376,
      0.1630880981683731,
      0.9650447368621826,
      -0.2051607370376587,
      -0.09928690642118454,
      0.22294266521930695,
      0.9697621464729309
    ],
    [
      0.9877297282218933,
      0.13646632432937622,
      0.07593975961208344,
      -0.15616559982299805,
      0.8584287166595459,
      0.4885820746421814,
      0.0014861271483823657,
      -0.4944462478160858,
      0.8692069053649902
    ],
    [
      0.9899947047233582,
      -0.09560304880142212,
      -0.10378105193376541,
      0.07524950057268143,
      0.9798829555511475,
      -0.18484285473823547,
      0.11936482787132263,
      0.1751839816570282,
      0.9772730469703674
    ],
    [
      0.9890678524971008,
      0.03591176122426987,
      -0.14302177727222443,
      -0.06910769641399384,
      0.969671905040741,
      -0.2344367355108261,
      0.13026516139507294,
      0.24175772070884705,
      0.9615530967712402
    ],
    [
      0.9941586256027222,
      0.038087401539087296,
      0.1009855642914772,
      0.018748614937067032,
      0.8604951500892639,
      -0.5091135501861572,
      -0.10628839582204819,
      0.5080329179763794,
      0.8547545671463013
    ],
    [
      0.9900754690170288,
      0.032093703746795654,
      -0.13682322204113007,
      0.009405427612364292,
      0.9562610983848572,
      0.2923630177974701,
      0.1402217447757721,
      -0.29074832797050476,
      0.9464688301086426
    ],
    [
      0.957053542137146,
      -0.1547051966190338,
      0.24518337845802307,
      0.10563454031944275,
      0.9736667275428772,
      0.20202596485614777,
      -0.26998135447502136,
      -0.16744981706142426,
      0.9481934309005737
    ],
    [
      0.8543100953102112,
      -0.46647337079048157,
      -0.22925281524658203,
      0.47206559777259827,
      0.8809331059455872,
      -0.03333164379000664,
      0.21750469505786896,
      -0.0797468051314354,
      0.9727960824966431
    ],
    [
      0.9972729682922363,
      0.037831369787454605,
      -0.0633683055639267,
      -0.04419376328587532,
      0.9937801361083984,
      -0.10221468657255173,
      0.05910724401473999,
      0.10473641008138657,
      0.9927420020103455
    ],
    [
      0.9834135174751282,
      -0.05980990454554558,
      0.1712326556444168,
      -0.10142229497432709,
      0.6013445854187012,
      0.7925264835357666,
      -0.1503707617521286,
      -0.7967480421066284,
      0.585304319858551
    ],
    [
      0.8295484781265259,
      0.23832851648330688,
      0.5050236582756042,
      -0.3031651973724365,
      0.9516845345497131,
      0.048862360417842865,
      -0.4689778685569763,
      -0.19363926351070404,
      0.861721396446228
    ],
    [
      0.9967305660247803,
      0.07720930129289627,
      0.023808743804693222,
      -0.07333154231309891,
      0.9881809949874878,
      -0.13461358845233917,
      -0.033920768648386,
      0.13242755830287933,
      0.9906120896339417
    ],
    [
      0.534305989742279,
      -0.2820540964603424,
      -0.7968453764915466,
      0.7188912034034729,
      0.6475080251693726,
      0.2528415322303772,
      0.4446486830711365,
      -0.7079399228096008,
      0.548733651638031
    ],
    [
      0.6579199433326721,
      0.36009836196899414,
      0.6614155769348145,
      -0.6201468706130981,
      0.7573515176773071,
      0.20454007387161255,
      -0.42726948857307434,
      -0.5447458028793335,
      0.721590518951416
    ],
    [
      0.9973064661026001,
      -0.07260256260633469,
      0.010423682630062103,
      0.06893230229616165,
      0.9763259291648865,
      0.20502690970897675,
      -0.02506239153444767,
      -0.20375613868236542,
      0.9787008166313171
    ],
    [
      0.8144327402114868,
      0.20572136342525482,
      -0.5425660610198975,
      0.08996295183897018,
      0.8789699077606201,
      0.46831458806991577,
      0.5732415914535522,
      -0.4302215874195099,
      0.6973545551300049
    ],
    [
      0.8574183583259583,
      0.11953884363174438,
      0.5005440711975098,
      -0.3473030924797058,
      0.8521614670753479,
      0.39140936732292175,
      -0.37975579500198364,
      -0.5094420313835144,
      0.7721750736236572
    ],
    [
      0.4802539646625519,
      -0.14589163661003113,
      -0.8649114370346069,
      0.6471485495567322,
      0.7245492339134216,
      0.23712250590324402,
      0.5920767784118652,
      -0.67360520362854,
      0.44238120317459106
    ],
    [
      0.5551499128341675,
      0.14061523973941803,
      0.8197780251502991,
      -0.5254880785942078,
      0.8232806921005249,
      0.21464204788208008,
      -0.6447254419326782,
      -0.5499420166015625,
      0.5309358239173889
    ],
    [
      0.8987839221954346,
      -0.3094978630542755,
      0.3104810416698456,
      0.431086927652359,
      0.7527039647102356,
      -0.4975948631763458,
      -0.07969581335783005,
      0.5810746550559998,
      0.8099387288093567
    ],
    [
      0.9046270847320557,
      0.34397464990615845,
      -0.25165703892707825,
      -0.4228059947490692,
      0.6498612761497498,
      -0.6315974593162537,
      -0.053711313754320145,
      0.6777622699737549,
      0.7333166599273682
    ],
    [
      0.9509330987930298,
      0.18445932865142822,
      -0.24839691817760468,
      -0.142269566655159,
      0.9736247658729553,
      0.17836511135101318,
      0.27474650740623474,
      -0.1342739760875702,
      0.9520949721336365
    ],
    [
      0.9846592545509338,
      -0.06648394465446472,
      0.16132599115371704,
      0.05053858831524849,
      0.9936011433601379,
      0.1010081097483635,
      -0.16700910031795502,
      -0.09130538254976273,
      0.9817185401916504
    ]
  ],
  "root_rot": [
    0.7038670182228088,
    -0.03632020577788353,
    -0.7094025611877441,
    0.05140158534049988,
    -0.9934694766998291,
    0.10186444222927094,
    -0.7084694504737854,
    -0.10816345363855362,
    -0.6974034905433655
  ],
  "root_trans": [
    0.0493808388710022,
    0.515647828578949,
    2.684558391571045
  ]
}