{
  "betas": [
    -0.938328206539154,
    0.8067057132720947,
    1.1130670309066772,
    0.15940041840076447,
    0.35103362798690796,
    -0.1677837073802948,
    0.06127893924713135,
    0.670671820640564,
    -0.13280516862869263,
    0.7182997465133667
  ],
  "joints": [
    [
      0.9407194256782532,
      -0.3220761716365814,
      -0.10636704415082932,
      0.3326393663883209,
      0.9373403787612915,
      0.10365331918001175,
      0.06631787121295929,
      -0.13289055228233337,
      0.9889095425605774
    ],
    [
      0.9605058431625366,
      0.27816641330718994,
      0.007206450682133436,
      -0.26954466104507446,
      0.9236799478530884,
      0.2723252475261688,
      0.06909528374671936,
      -0.2635124623775482,
      0.9621782302856445
    ],
    [
      0.9995631575584412,
      -0.0005778248887509108,
      0.029551977291703224,
      0.006235860288143158,
      0.9814277291297913,
      -0.19173112511634827,
      -0.028892338275909424,
      0.19183161854743958,
      0.9810026288032532
    ],
    [
      0.9829624891281128,
      -0.03470563516020775,
      -0.18049991130828857,
      -0.031252797693014145,
      0.9361552596092224,
      -0.35019513964653015,
      0.18112967908382416,
      0.34986981749534607,
      0.9191208481788635
    ],
    [
      0.9965258240699768,
      0.058124810457229614,
      0.059648118913173676,
      -0.0123099060729146,
      0.8111213445663452,
      -0.584748387336731,
      -0.08237025141716003,
      0.5819825530052185,
      0.8090188503265381
    ],
    [
      0.9925903081893921,
      -0.0795663371682167,
      -0.09183526784181595,
      0.08594625443220139,
      0.9939941763877869,
      0.06774003803730011,
      0.0858939066529274,
      -0.07513099908828735,
      0.993467390537262
    ],
    [
      0.9905111789703369,
      0.13065259158611298,
      -0.042632728815078735,
      -0.1363278329372406,
      0.9733295440673828,
      -0.18451076745986938,
      0.017388883978128433,
      0.1885720044374466,
      0.9819054007530212
    ],
    [
      0.9392391443252563,
      -0.30263492465019226,
      -0.1619933396577835,
      0.32768434286117554,
      0.9310477375984192,
      0.16054002940654755,
      0.10223850607872009,
      -0.20386818051338196,
      0.9736452102661133
    ],
    [
      0.999438464641571,
      -0.014518974348902702,
      0.030198466032743454,
      0.015096158720552921,
      0.999705970287323,
      -0.01897367835044861,
      -0.029914110898971558,
      0.019418904557824135,
      0.9993637800216675
    ],
    [
      0.9600772857666016,
      -0.1366376131772995,
      0.24409379065036774,
      -0.05731558799743652,
      0.757992148399353,
      0.64974045753479,
      -0.27380019426345825,
      -0.6377914547920227,
      0.719899594783783
    ],
    [
      0.947712242603302,
      0.28833380341529846,
      0.13676667213439941,
      -0.23168659210205078,
      0.9163743853569031,
      -0.3264648914337158,
      -0.21946033835411072,
      0.2777077555656433,
      0.9352623224258423
    ],
    [
      0.9492930769920349,
      0.29842448234558105,
      0.09892167896032333,
      -0.2924078106880188,
      0.9536607265472412,
      -0.0709146037697792,
      -0.11550037562847137,
      0.03839327022433281,
      0.9925651550292969
    ],
    [
      0.8398035168647766,
      -0.17949195206165314,
      -0.5123598575592041,
      0.40529948472976685,
      0.8351922035217285,
      0.3717341125011444,
      0.3611956834793091,
      -0.519842803478241,
      0.7741453647613525
    ],
    [
      0.8607810735702515,
      -0.4470517039299011,
      0.2433120161294937,
      0.4474795162677765,
      0.8924917578697205,
      0.05675024166703224,
      -0.24252423644065857,
      0.06002761423587799,
      0.9682865142822266
    ],
    [
      0.9944120645523071,
      -0.0835970863699913,
      -0.06446854025125504,
      0.0851885974407196,
      0.9961143732070923,
      0.022341372445225716,
      0.06235035881400108,
      -0.027708515524864197,
      0.9976696968078613
    ],
    [
      0.7825950980186462,
      0.18924541771411896,
      -0.5930691957473755,
      0.0032147823367267847,
      0.9514328241348267,
      0.30783960223197937,
      0.6225227117538452,
      -0.2428203672170639,
      0.7439782619476318
    ],
    [
      0.6912064552307129,
      -0.6724219918251038,
      0.2647305130958557,
      0.7122160196304321,
      0.69591224193573,
      -0.09194844961166382,
      -0.12240103632211685,
      0.2521006464958191,
      0.9599287509918213
    ],
    [
      0.3539092540740967,
      -0.12092553079128265,
      -0.9274293780326843,
      0.5362997055053711,
      0.8386294841766357,
      0.09530613571405411,
      0.766244649887085,
      -0.5311098098754883,
      0.36165106296539307
    ],
    [
      0.8066583871841431,
      0.1829843372106552,
      0.5619776844978333,
      -0.010062973015010357,
      0.9549785256385803,
      -0.29650411009788513,
      -0.5909322500228882,
      0.23352237045764923,
      0.772182822227478
    ],
    [
      0.9434250593185425,
      -0.24494284391403198,
      0.2234996259212494,
      0.3314594328403473,
      0.6780439615249634,
      -0.6560418009757996,
      0.009150171652436256,
      0.6930074095726013,
      0.7208722829818726
    ],
    [
      0.9788018465042114,
      0.200627863407135,
      -0.041175421327352524,
      -0.18912836909294128,
      0.8082545399665833,
      -0.5576333999633789,
      -0.07859659940004349,
      0.5536000728607178,
      0.8290654420852661
    ],
    [
      0.9733320474624634,
      0.1322469562292099,
      -0.1874447911977768,
      -0.09865760803222656,
      0.9789970517158508,
      0.17841395735740662,
      0.20710258185863495,
      -0.15516315400600433,
      0.9659363627433777
    ],
    [
      0.9834601879119873,
      -0.0593700185418129,
      0.17111781239509583,
      0.058505140244960785,
      0.9982360005378723,
      0.010097227990627289,
      -0.17141544818878174,
      8.105087181320414e-05,
      0.9851987957954407
    ]
  ],
  "root_rot": [
    -0.877059280872345,
    0.16440217196941376,
    -0.4513746201992035,
    -0.10394475609064102,
    -0.9823033213615417,
    -0.1558065265417099,
    -0.4690017104148865,
    -0.08973352611064911,
    0.8786270022392273
  ],
  "root_trans": [
    -0.3166669011116028,
    0.5641446709632874,
    2.3649964332580566
  ]
}