{
  "betas": [
    -0.4345758557319641,
    1.05867600440979,
    1.034574031829834,
    0.37627992033958435,
    0.1555384397506714,
    -0.25940611958503723,
    -0.4990655183792114,
    0.6127890348434448,
    0.20715536177158356,
    0.6520990133285522
  ],
  "joints": [
    [
      0.956920325756073,
      -0.24601291120052338,
      0.1542114019393921,
      0.28289830684661865,
      0.9095451831817627,
      -0.30446043610572815,
      -0.06536102294921875,
      0.33497053384780884,
      0.939958930015564
    ],
    [
      0.999267041683197,
      0.034787680953741074,
      0.015973461791872978,
      -0.03825206309556961,
      0.8916078209877014,
      0.4511898159980774,
      0.0014537806855514646,
      -0.45147013664245605,
      0.8922849893569946
    ],
    [
      0.9948142170906067,
      -0.031216051429510117,
      -0.09679953008890152,
      0.025308459997177124,
      0.9977757930755615,
      -0.0616675540804863,
      0.09850925207138062,
      0.05889791622757912,
      0.9933915734291077
    ],
    [
      0.9904979467391968,
      -0.015511438250541687,
      -0.13664963841438293,
      -0.021441452205181122,
      0.964051365852356,
      -0.26484936475753784,
      0.13584546744823456,
      0.2652627229690552,
      0.9545583128929138
    ],
    [
      0.9980023503303528,
      -0.059061549603939056,
      -0.02242765575647354,
      0.04387787729501724,
      0.9034046530723572,
      -0.4265381395816803,
      0.04545325040817261,
      0.4247020184993744,
      0.9041914343833923
    ],
    [
      0.9883087277412415,
      -0.04080723598599434,
      -0.14690352976322174,
      0.028376666828989983,
      0.9959132671356201,
      -0.08574037998914719,
      0.14980201423168182,
      0.080569326877594,
      0.985427737236023
    ],
    [
      0.9380450248718262,
      0.20355845987796783,
      0.2804200053215027,
      -0.1743013709783554,
      0.976614773273468,
      -0.12586721777915955,
      -0.29948365688323975,
      0.06919153779745102,
      0.9515891671180725
    ],
    [
      0.9182955622673035,
      -0.3527316153049469,
      -0.17975977063179016,
      0.360331267118454,
      0.9327661395072937,
      0.010428063571453094,
      0.16399551928043365,
      -0.07434912025928497,
      0.9836552143096924
    ],
    [
      0.999489963054657,
      -0.016248494386672974,
      -0.027489639818668365,
      0.016842326149344444,
      0.9996268153190613,
      0.021510491147637367,
      0.027129866182804108,
      -0.021962512284517288,
      0.9993906021118164
    ],
    [
      0.9148570895195007,
      -0.39586159586906433,
      -0.07956140488386154,
      0.33028748631477356,
      0.620331346988678,
      0.7114065289497375,
      -0.23226410150527954,
      -0.6771134734153748,
      0.6982626914978027
    ],
    [
      0.8632507920265198,
      0.36703231930732727,
      0.34653347730636597,
      -0.3792167007923126,
      0.9246575236320496,
      -0.03468667343258858,
      -0.33315593004226685,
      -0.10146798193454742,
      0.9373961091041565
    ],
    [
      0.9305934906005859,
      -0.046948760747909546,
      -0.3630311191082001,
      0.02121192030608654,
      0.9969908595085144,
      -0.07456058263778687,
      0.365439236164093,
      0.06168500334024429,
      0.9287890791893005
    ],
    [
      0.9650183916091919,
      0.2053431272506714,
      -0.1630142629146576,
      -0.18907295167446136,
      0.9757946729660034,
      0.10989144444465637,
      0.18163391947746277,
      -0.07522568106651306,
      0.980484664440155
    ],
    [
      0.9191545844078064,
      -0.3564237654209137,
      0.1676815301179886,
      0.36554020643234253,
      0.9304323196411133,
      -0.02600027807056904,
      -0.14674921333789825,
      0.08519262075424194,
      0.9854983687400818
    ],
    [
      0.9889122843742371,
      0.052853088825941086,
      -0.13877679407596588,
      -0.053744640201330185,
      0.9985511302947998,
      -0.0026822008658200502,
      0.13843394815921783,
      0.010110970586538315,
      0.9903200268745422
    ],
    [
      0.42782357335090637,
      0.6269233226776123,
      -0.6511022448539734,
      -0.8089218139648438,
      0.5869534015655518,
      0.03363355994224548,
      0.4032523036003113,
      0.5123016238212585,
      0.7582444548606873
    ],
    [
      0.6631012558937073,
      -0.668539822101593,
      0.336676687002182,
      0.7108041048049927,
      0.7033824920654297,
      -0.0032551083713769913,
      -0.2346363216638565,
      0.24146965146064758,
      0.9416146874427795
    ],
    [
      -0.12529078125953674,
      -0.2803514003753662,
      -0.9516854882240295,
      -0.007733260281383991,
      0.9594910740852356,
      -0.2816327214241028,
      0.9920899271965027,
      -0.02792634814977646,
      -0.12238341569900513
    ],
    [
      0.9262439012527466,
      0.044326405972242355,
      0.3743092715740204,
      0.007408583536744118,
      0.9907281994819641,
      -0.13565677404403687,
      -0.3768519163131714,
      0.12842436134815216,
      0.9173275828361511
    ],
    [
      0.9441314935684204,
      -0.24433590471744537,
      0.22116903960704803,
      0.31648704409599304,
      0.8593748211860657,
      -0.4016353189945221,
      -0.09193318337202072,
      0.44919368624687195,
      0.8886919617652893
    ],
    [
      0.9853132963180542,
      0.10623528808355331,
      -0.13368484377861023,
      -0.16712820529937744,
      0.760505199432373,
      -0.6274550557136536,
      0.0350102074444294,
      0.6405824422836304,
      0.7670907974243164
    ],
    [
      0.8894660472869873,
      0.39640700817108154,
      -0.2274019718170166,
      -0.23595832288265228,
      0.8244950771331787,
      0.5143263339996338,
      0.3913744390010834,
      -0.40381839871406555,
      0.8268958926200867
    ],
    [
      0.9773896932601929,
      -0.18764284253120422,
      0.09746534377336502,
      0.17086578905582428,
      0.9724304676055908,
      0.15869393944740295,
      -0.12455606460571289,
      -0.13845233619213104,
      0.9825052618980408
    ]
  ],
  "root_rot": [
    0.7172892093658447,
    0.005824796389788389,
    -0.6967512965202332,
    0.07206907123327255,
    -0.9952219724655151,
    0.06587343662977219,
    -0.6930384635925293,
    -0.09746450930833817,
    -0.7142817974090576
  ],
  "root_trans": [
    0.07901248335838318,
    0.5486781597137451,
    2.5726168155670166
  ]
}