{
  "betas": [
    -0.5395041108131409,
    0.8138086795806885,
    1.4180481433868408,
    0.2537147104740143,
    0.19298450648784637,
    -0.35356423258781433,
    -0.30529624223709106,
    0.25532248616218567,
    -0.06663551926612854,
    0.5603815317153931
  ],
  "joints": [
    [
      0.9470511674880981,
      -0.3206535875797272,
      -0.016592252999544144,
      0.31919753551483154,
      0.93464195728302,
      0.15670780837535858,
      -0.034741103649139404,
      -0.15370653569698334,
      0.9875056147575378
    ],
    [
      0.9353581666946411,
      0.3493669331073761,
      -0.0552072711288929,
      -0.3443956673145294,
      0.9351541996002197,
      0.08293508738279343,
      0.08060208708047867,
      -0.05856086686253548,
      0.995024561882019
    ],
    [
      0.9979203939437866,
      -0.04722552001476288,
      0.04387206584215164,
      0.0495108887553215,
      0.9973899126052856,
      -0.05255419760942459,
      -0.04127565771341324,
      0.05461704358458519,
      0.9976539015769958
    ],
    [
      0.9985208511352539,
      0.04267380014061928,
      -0.03368986025452614,
      -0.04662609100341797,
      0.9908195734024048,
      -0.12689551711082458,
      0.02796546369791031,
      0.12827864289283752,
      0.9913437366485596
    ],
    [
      0.9793164730072021,
      0.032759588211774826,
      0.19966521859169006,
      0.0050406684167683125,
      0.9825495481491089,
      -0.18593281507492065,
      -0.20227204263210297,
      0.18309348821640015,
      0.9620618224143982
    ],
    [
      0.9884214997291565,
      -0.06425640732049942,
      -0.1374557912349701,
      0.068775475025177,
      0.9972284436225891,
      0.028378963470458984,
      0.13525129854679108,
      -0.03750396519899368,
      0.9901012778282166
    ],
    [
      0.9987395405769348,
      0.03843529894948006,
      0.032278429716825485,
      -0.03459620848298073,
      0.9930980205535889,
      -0.11206817626953125,
      -0.03636302053928375,
      0.11081022024154663,
      0.9931759834289551
    ],
    [
      0.909866988658905,
      -0.3946119546890259,
      -0.12815365195274353,
      0.41260528564453125,
      0.8930303454399109,
      0.17959313094615936,
      0.04357549548149109,
      -0.21628277003765106,
      0.9753578305244446
    ],
    [
      0.9997640252113342,
      -9.97305687633343e-05,
      0.021721653640270233,
      0.0014208987122401595,
      0.9981480240821838,
      -0.06081514433026314,
      -0.021675359457731247,
      0.06083165854215622,
      0.9979126453399658
    ],
    [
      0.9675909876823425,
      0.009128239937126637,
      0.25235748291015625,
      -0.17564351856708527,
      0.7423306107521057,
      0.6466023921966553,
      -0.18143033981323242,
      -0.6699716448783875,
      0.7198757529258728
    ],
    [
      0.9460377097129822,
      0.24554608762264252,
      0.21147045493125916,
      -0.25697317719459534,
      0.9660150408744812,
      0.02792389504611492,
      -0.19742703437805176,
      -0.08075928688049316,
      0.9769853949546814
    ],
    [
      0.8801085352897644,
      0.3092483580112457,
      0.3602420687675476,
      -0.28230956196784973,
      0.9509315490722656,
      -0.1266118735074997,
      -0.38172003626823425,
      0.009732413105666637,
      0.9242267608642578
    ],
    [
      0.757615327835083,
      -0.020115569233894348,
      -0.652391254901886,
      0.29338884353637695,
      0.9033516049385071,
      0.31285586953163147,
      0.583045482635498,
      -0.4284287095069885,
      0.6902946829795837
    ],
    [
      0.9671156406402588,
      -0.14411978423595428,
      0.20956352353096008,
      0.15632016956806183,
      0.986779510974884,
      -0.04278049245476723,
      -0.20062747597694397,
      0.07413268834352493,
      0.9768587350845337
    ],
    [
      0.8618794679641724,
      -0.16758713126182556,
      0.47862115502357483,
      0.17810258269309998,
      0.9837257862091064,
      0.023728175088763237,
      -0.4748085141181946,
      0.06479284167289734,
      0.8777007460594177
    ],
    [
      0.3708325922489166,
      0.6176377534866333,
      -0.6935464143753052,
      -0.5953396558761597,
      0.7312629818916321,
      0.3329039216041565,
      0.7127789855003357,
      0.2894440293312073,
      0.6388803720474243
    ],
    [
      0.5862587094306946,
      -0.7596178650856018,
      0.28156962990760803,
      0.8101237416267395,
      0.5499102473258972,
      -0.20321975648403168,
      -0.00046866413322277367,
      0.34724560379981995,
      0.937774121761322
    ],
    [
      -0.020669152960181236,
      -0.2689554989337921,
      -0.9629307389259338,
      -0.1866343468427658,
      0.9472443461418152,
      -0.2605680525302887,
      0.9822119474411011,
      0.17433026432991028,
      -0.06977507472038269
    ],
    [
      -0.12406329065561295,
      0.41619861125946045,
      0.9007702469825745,
      0.13781090080738068,
      0.9062129259109497,
      -0.39973270893096924,
      -0.9826579093933105,
      0.0745437890291214,
      -0.16978445649147034
    ],
    [
      0.9738947153091431,
      -0.14887674152851105,
      0.17136135697364807,
      0.2074638307094574,
      0.8901316523551941,
      -0.40573930740356445,
      -0.09212901443243027,
      0.4306986927986145,
      0.8977810740470886
    ],
    [
      0.9853659272193909,
      0.16674472391605377,
      0.03535682335495949,
      -0.15280136466026306,
      0.9560390114784241,
      -0.2502821385860443,
      -0.07553572952747345,
      0.24121694266796112,
      0.9675270915031433
    ],
    [
      0.8882497549057007,
      0.38541197776794434,
      -0.2499401718378067,
      -0.2679433226585388,
      0.8766592741012573,
      0.39959338307380676,
      0.3731204569339752,
      -0.28796887397766113,
      0.881960928440094
    ],
    [
      0.8419907093048096,
      -0.4405670166015625,
      0.31137171387672424,
      0.2959774136543274,
      0.8597753047943115,
      0.41615352034568787,
      -0.451053261756897,
      -0.25823840498924255,
      0.8543207049369812
    ]
  ],
  "root_rot": [
    0.9171701073646545,
    -0.08449965715408325,
    0.38943397998809814,
    -0.09755142778158188,
    -0.9951344728469849,
    0.013821923173964024,
    0.3863712549209595,
    -0.050666894763708115,
    -0.9209506511688232
  ],
  "root_trans": [
    0.20999091863632202,
    0.5498183369636536,
    2.5826189517974854
  ]
}