{
  "betas": [
    -0.4663294553756714,
    1.2005351781845093,
    1.7512058019638062,
    0.5255454778671265,
    0.023556113243103027,
    -0.3956686556339264,
    -0.01980552077293396,
    0.6661571264266968,
    0.24085557460784912,
    0.9703918099403381
  ],
  "joints": [
    [
      0.9659785628318787,
      -0.24616870284080505,
      -0.0792878195643425,
      0.2579137682914734,
      0.9396236538887024,
      0.22491741180419922,
      0.019133087247610092,
      -0.23771478235721588,
      0.9711465835571289
    ],
    [
      0.9743939638137817,
      0.19223631918430328,
      -0.11662635952234268,
      -0.1839897781610489,
      0.9798386096954346,
      0.0778728723526001,
      0.12924498319625854,
      -0.05442079156637192,
      0.9901183247566223
    ],
    [
      0.9951191544532776,
      -0.008516044355928898,
      0.0983131155371666,
      0.018397292122244835,
      0.9948129653930664,
      -0.10004384815692902,
      -0.09695117920637131,
      0.10136423259973526,
      0.9901140928268433
    ],
    [
      0.9987807869911194,
      0.024443240836262703,
      -0.04288841038942337,
      -0.036335352808237076,
      0.9521284699440002,
      -0.30353111028671265,
      0.03341599553823471,
      0.3047194182872772,
      0.9518557786941528
    ],
    [
      0.9991472959518433,
      0.013588707894086838,
      0.038989223539829254,
      -0.0017164755845442414,
      0.9571455717086792,
      -0.2896021902561188,
      -0.04125368222594261,
      0.2892882823944092,
      0.956352710723877
    ],
    [
      0.9916237592697144,
      -0.04130712151527405,
      -0.12237680703401566,
      0.039524320513010025,
      0.9990746378898621,
      -0.016961080953478813,
      0.12296418100595474,
      0.011982150375843048,
      0.9923387765884399
    ],
    [
      0.9980674386024475,
      0.061440758407115936,
      0.009298762306571007,
      -0.06090389937162399,
      0.9968962669372559,
      -0.049885038286447525,
      -0.012334875762462616,
      0.049222297966480255,
      0.9987117052078247
    ],
    [
      0.9003462195396423,
      -0.3705065846443176,
      -0.22825758159160614,
      0.40712088346481323,
      0.90241539478302,
      0.14106395840644836,
      0.1537180244922638,
      -0.2199348360300064,
      0.9633272290229797
    ],
    [
      0.9991447925567627,
      -0.0029318134766072035,
      0.041244085878133774,
      0.003151107579469681,
      0.9999812245368958,
      -0.005252981558442116,
      -0.04122791439294815,
      0.005378453992307186,
      0.9991352558135986
    ],
    [
      0.9172534346580505,
      -0.24948033690452576,
      0.31049272418022156,
      0.09083709865808487,
      0.8900203704833984,
      0.4467799663543701,
      -0.3878076672554016,
      -0.38160619139671326,
      0.8390362858772278
    ],
    [
      0.8579260110855103,
      0.45364296436309814,
      0.24118676781654358,
      -0.4608723819255829,
      0.8869938850402832,
      -0.028957480564713478,
      -0.22706754505634308,
      -0.08631293475627899,
      0.9700466394424438
    ],
    [
      0.9792466163635254,
      0.005995626095682383,
      -0.20258356630802155,
      -0.01340083684772253,
      0.9992903470993042,
      -0.035202015191316605,
      0.20222875475883484,
      0.03718624264001846,
      0.9786320328712463
    ],
    [
      0.9572529196739197,
      0.21905283629894257,
      0.18889883160591125,
      -0.2194289118051529,
      0.9754397869110107,
      -0.01918446458876133,
      -0.18846186995506287,
      -0.02308547869324684,
      0.981809139251709
    ],
    [
      0.9206598401069641,
      -0.389489084482193,
      -0.02614881470799446,
      0.3880346417427063,
      0.9204159379005432,
      -0.04757719114422798,
      0.04259858280420303,
      0.033655762672424316,
      0.9985252618789673
    ],
    [
      0.988427996635437,
      -0.14220912754535675,
      -0.05278914421796799,
      0.14278925955295563,
      0.989725649356842,
      0.007366186007857323,
      0.05119923874735832,
      -0.014818666502833366,
      0.9985784888267517
    ],
    [
      0.6062307953834534,
      0.7255228757858276,
      -0.32573115825653076,
      -0.793562114238739,
      0.5248742699623108,
      -0.3078411817550659,
      -0.05237791687250137,
      0.4451106786727905,
      0.8939424157142639
    ],
    [
      0.6797606348991394,
      -0.6973369121551514,
      0.22725914418697357,
      0.717064619064331,
      0.6969794034957886,
      -0.006173070054501295,
      -0.15409021079540253,
      0.1671556979417801,
      0.9738147854804993
    ],
    [
      0.05419878661632538,
      -0.2700718939304352,
      -0.9613134860992432,
      -0.19714248180389404,
      0.9408844709396362,
      -0.27544742822647095,
      0.9788755178451538,
      0.20444464683532715,
      -0.0022478457540273666
    ],
    [
      0.9980683326721191,
      0.0563557930290699,
      0.026142898947000504,
      -0.05447009950876236,
      0.9961998462677002,
      -0.06796201318502426,
      -0.02987360581755638,
      0.0664067417383194,
      0.9973452091217041
    ],
    [
      0.9470528364181519,
      -0.15484458208084106,
      0.281272292137146,
      0.27105528116226196,
      0.8551422357559204,
      -0.4418833553791046,
      -0.17210456728935242,
      0.4947271943092346,
      0.8518363237380981
    ],
    [
      0.9854803085327148,
      0.07473473995923996,
      -0.15245768427848816,
      -0.1411394327878952,
      0.8597148656845093,
      -0.4908871352672577,
      0.09438376873731613,
      0.5052773356437683,
      0.8577800989151001
    ],
    [
      0.6766698956489563,
      0.4599381387233734,
      -0.5749563574790955,
      -0.3312021493911743,
      0.8875628113746643,
      0.3202146589756012,
      0.6575887799263,
      -0.02625283971428871,
      0.7529195547103882
    ],
    [
      0.9462486505508423,
      -0.2786364257335663,
      0.16424132883548737,
      0.22700135409832,
      0.9338389039039612,
      0.2764332890510559,
      -0.23039931058883667,
      -0.2242916375398636,
      0.946894645690918
    ]
  ],
  "root_rot": [
    -0.6925633549690247,
    0.016936656087636948,
    0.7211582064628601,
    -0.06021594628691673,
    -0.9975924491882324,
    -0.03439949452877045,
    0.7188393473625183,
    -0.06724905222654343,
    0.6919158101081848
  ],
  "root_trans": [
    -1.1541008949279785,
    0.5323548913002014,
    2.6900978088378906
  ]
}