{
  "betas": [
    -0.8694787621498108,
    0.8489152193069458,
    1.1795164346694946,
    0.48225098848342896,
    0.11594203114509583,
    -0.14333504438400269,
    -0.2941190004348755,
    0.7863914370536804,
    0.12173555046319962,
    1.0246708393096924
  ],
  "joints": [
    [
      0.9951969385147095,
      -0.05382194370031357,
      0.08176987618207932,
      0.07619726657867432,
      0.9502968192100525,
      -0.3018772304058075,
      -0.0614580400288105,
      0.30665791034698486,
      0.9498335719108582
    ],
    [
      0.9953681826591492,
      0.044002972543239594,
      0.08547403663396835,
      -0.08181382715702057,
      0.8546125292778015,
      0.5127804279327393,
      -0.050483338534832,
      -0.5173983573913574,
      0.8542541861534119
    ],
    [
      0.9903773069381714,
      -0.049873918294906616,
      -0.1290944516658783,
      0.03292623162269592,
      0.9909364581108093,
      -0.13023404777050018,
      0.13441966474056244,
      0.12473025172948837,
      0.9830431342124939
    ],
    [
      0.9995460510253906,
      -0.0022134161554276943,
      -0.030046209692955017,
      -0.00010251739877276123,
      0.9970418214797974,
      -0.07686024904251099,
      0.030127454549074173,
      0.07682844251394272,
      0.9965890049934387
    ],
    [
      0.9993012547492981,
      0.029389923438429832,
      0.02309078723192215,
      -0.01996299996972084,
      0.9419955611228943,
      -0.33503109216690063,
      -0.031597960740327835,
      0.3343360424041748,
      0.9419240355491638
    ],
    [
      0.9867669939994812,
      -0.028518836945295334,
      -0.15961706638336182,
      0.02343807741999626,
      0.9991596937179565,
      -0.033623918890953064,
      0.16044186055660248,
      0.029437854886054993,
      0.986606240272522
    ],
    [
      0.9907314777374268,
      -0.0884234681725502,
      0.10311389714479446,
      0.06192750856280327,
      0.9696552753448486,
      0.23650296032428741,
      -0.12089734524488449,
      -0.22792533040046692,
      0.9661438465118408
    ],
    [
      0.8785980343818665,
      -0.4766365587711334,
      -0.02971767634153366,
      0.46389785408973694,
      0.866584300994873,
      -0.18393057584762573,
      0.11342089623212814,
      0.1478150635957718,
      0.9824899435043335
    ],
    [
      0.9983084201812744,
      0.008353978395462036,
      -0.057537149637937546,
      -0.009186679497361183,
      0.9998566508293152,
      -0.014223174192011356,
      0.05741007998585701,
      0.014727689325809479,
      0.9982420802116394
    ],
    [
      0.9139453768730164,
      -0.3562887907028198,
      0.1943247765302658,
      0.1984662562608719,
      0.8100415468215942,
      0.5517641305923462,
      -0.3539985716342926,
      -0.4657154083251953,
      0.8110450506210327
    ],
    [
      0.8774654269218445,
      0.3801950216293335,
      0.2924143970012665,
      -0.40280380845069885,
      0.9150907397270203,
      0.01892339251935482,
      -0.26039111614227295,
      -0.13439024984836578,
      0.9561045169830322
    ],
    [
      0.9762777090072632,
      -0.006162143312394619,
      -0.2164343148469925,
      0.015405092388391495,
      0.9990385174751282,
      0.0410444512963295,
      0.21597330272197723,
      -0.04340497776865959,
      0.9754339456558228
    ],
    [
      0.8661009073257446,
      0.23901128768920898,
      -0.4390248656272888,
      -0.1451776772737503,
      0.9606965780258179,
      0.23661255836486816,
      0.4783227741718292,
      -0.14119373261928558,
      0.8667593002319336
    ],
    [
      0.9033623337745667,
      -0.23221448063850403,
      0.36057326197624207,
      0.20585483312606812,
      0.9723288416862488,
      0.11045563220977783,
      -0.3762451708316803,
      -0.025555701926350594,
      0.9261677265167236
    ],
    [
      0.9988574385643005,
      0.02966354601085186,
      0.037468791007995605,
      -0.030089057981967926,
      0.999488353729248,
      0.010843828320503235,
      -0.03712795674800873,
      -0.011958838440477848,
      0.999238908290863
    ],
    [
      0.37753015756607056,
      0.6021207571029663,
      -0.703506588935852,
      -0.754192054271698,
      0.6407436728477478,
      0.1436728835105896,
      0.5372758507728577,
      0.4763382375240326,
      0.6960147619247437
    ],
    [
      0.6759013533592224,
      -0.6076791882514954,
      0.41699326038360596,
      0.6339809894561768,
      0.7679206132888794,
      0.09146621078252792,
      -0.37579983472824097,
      0.20254366099834442,
      0.9042956233024597
    ],
    [
      -0.32997527718544006,
      -0.4106982350349426,
      -0.8499666452407837,
      -0.030344944447278976,
      0.9045478105545044,
      -0.42529094219207764,
      0.9435017108917236,
      -0.11454330384731293,
      -0.31094104051589966
    ],
    [
      -0.5372675657272339,
      0.3816831409931183,
      0.7521047592163086,
      -0.08623942732810974,
      0.8622058033943176,
      -0.4991632401943207,
      -0.8389912247657776,
      -0.3330453038215637,
      -0.43031907081604004
    ],
    [
      0.7977018356323242,
      -0.4497305750846863,
      0.4017638862133026,
      0.5871363282203674,
      0.731240451335907,
      -0.3472152054309845,
      -0.13763269782066345,
      0.512864351272583,
      0.8473650217056274
    ],
    [
      0.7762433886528015,
      0.5564361810684204,
      -0.2963525950908661,
      -0.6277087330818176,
      0.6385154724121094,
      -0.4452860653400421,
      -0.05854756757616997,
      0.5316735506057739,
      0.8449232578277588
    ],
    [
      0.8929036259651184,
      0.2719492018222809,
      -0.35884082317352295,
      -0.16202585399150848,
      0.937669038772583,
      0.30744805932044983,
      0.42008423805236816,
      -0.21637998521327972,
      0.8813108801841736
    ],
    [
      0.9147474765777588,
      -0.3171423077583313,
      0.250315397977829,
      0.19801464676856995,
      0.8919537663459778,
      0.40645870566368103,
      -0.3521750271320343,
      -0.322240948677063,
      0.8787112832069397
    ]
  ],
  "root_rot": [
    0.6413892507553101,
    0.05284241959452629,
    -0.7653937339782715,
    0.08970945328474045,
    -0.9959473609924316,
    0.0064155408181250095,
    -0.761952817440033,
    -0.07277791202068329,
    -0.6435303688049316
  ],
  "root_trans": [
    0.15099942684173584,
    0.5180733799934387,
    2.726491928100586
  ]
}