{
  "betas": [
    -0.6858639717102051,
    0.6344709992408752,
    1.1966421604156494,
    0.3247835040092468,
    0.30863767862319946,
    0.2041855752468109,
    0.21674856543540955,
    0.285906046628952,
    0.0847637876868248,
    0.7168844938278198
  ],
  "joints": [
    [
      0.9559587240219116,
      -0.29311132431030273,
      0.015119253657758236,
      0.29100632667541504,
      0.953277051448822,
      0.08110593259334564,
      -0.038185905665159225,
      -0.07313413172960281,
      0.9965907335281372
    ],
    [
      0.9504795074462891,
      0.2935459613800049,
      -0.10207575559616089,
      -0.26193881034851074,
      0.9334099292755127,
      0.24522218108177185,
      0.1672625094652176,
      -0.20634105801582336,
      0.9640780687332153
    ],
    [
      0.9998618364334106,
      0.00639410549774766,
      0.015347988344728947,
      -0.003375355852767825,
      0.9819345474243164,
      -0.18919061124324799,
      -0.01628042384982109,
      0.18911263346672058,
      0.9818204641342163
    ],
    [
      0.9999513626098633,
      0.008652021177113056,
      -0.004739515949040651,
      -0.009234319441020489,
      0.9899503588676453,
      -0.14111308753490448,
      0.0034709738101810217,
      0.14114998281002045,
      0.9899821281433105
    ],
    [
      0.9997706413269043,
      0.013534344732761383,
      -0.016597583889961243,
      -0.017633561044931412,
      0.9600356817245483,
      -0.27932167053222656,
      0.012153836898505688,
      0.2795502841472626,
      0.9600541591644287
    ],
    [
      0.995230495929718,
      -0.0014632235979661345,
      -0.09754082560539246,
      -0.00449803750962019,
      0.9981357455253601,
      -0.060867588967084885,
      0.09744804352521896,
      0.0610160157084465,
      0.9933685660362244
    ],
    [
      0.99847412109375,
      -0.024706481024622917,
      0.04938718304038048,
      0.024926217272877693,
      0.9996819496154785,
      -0.003838190110400319,
      -0.049276646226644516,
      0.0050633689388632774,
      0.998772382736206
    ],
    [
      0.9439351558685303,
      -0.30857089161872864,
      -0.11734718084335327,
      0.3046606481075287,
      0.9511282444000244,
      -0.05036839097738266,
      0.12715443968772888,
      0.011793430894613266,
      0.9918127655982971
    ],
    [
      0.9994845986366272,
      0.02202915959060192,
      0.023355143144726753,
      -0.023827681317925453,
      0.9965296387672424,
      0.07975555956363678,
      -0.02151714451611042,
      -0.08027093857526779,
      0.996540904045105
    ],
    [
      0.9868348836898804,
      -0.10369573533535004,
      0.12411301583051682,
      0.04396262764930725,
      0.910499632358551,
      0.4111661911010742,
      -0.15564104914665222,
      -0.4002968370914459,
      0.9030715227127075
    ],
    [
      0.9618645906448364,
      0.27085933089256287,
      0.03810111805796623,
      -0.26503297686576843,
      0.9573542475700378,
      -0.11502295732498169,
      -0.0676313117146492,
      0.1005384624004364,
      0.9926317930221558
    ],
    [
      0.9840943813323975,
      0.002965552732348442,
      -0.17762184143066406,
      0.022288648411631584,
      0.9898984432220459,
      0.14001503586769104,
      0.17624282836914062,
      -0.14174695312976837,
      0.9740874171257019
    ],
    [
      0.9042157530784607,
      0.34947243332862854,
      -0.24548515677452087,
      -0.3229105472564697,
      0.9356310367584229,
      0.14256031811237335,
      0.2795044183731079,
      -0.04963552579283714,
      0.9588606357574463
    ],
    [
      0.8850957155227661,
      -0.3021399974822998,
      0.35400134325027466,
      0.2984039783477783,
      0.9521170854568481,
      0.0665438249707222,
      -0.35715627670288086,
      0.04673774167895317,
      0.9328745007514954
    ],
    [
      0.9945992231369019,
      -0.10332097113132477,
      0.00985193531960249,
      0.09761118143796921,
      0.9634302258491516,
      0.2495480626821518,
      -0.03527519851922989,
      -0.2472386658191681,
      0.9683122634887695
    ],
    [
      0.43578729033470154,
      0.702276885509491,
      -0.5629356503486633,
      -0.8737542033195496,
      0.4801739752292633,
      -0.077372707426548,
      0.2159699946641922,
      0.525585412979126,
      0.8228710889816284
    ],
    [
      0.5673647522926331,
      -0.6905503273010254,
      0.4485950469970703,
      0.777482807636261,
      0.6287128925323486,
      -0.015511475503444672,
      -0.27132606506347656,
      0.35757556557655334,
      0.8936005234718323
    ],
    [
      0.2644971013069153,
      -0.31842920184135437,
      -0.9102990031242371,
      -0.012087498791515827,
      0.9427463412284851,
      -0.3332916796207428,
      0.9643107056617737,
      0.0991579070687294,
      0.24550466239452362
    ],
    [
      0.2651172876358032,
      0.3002903163433075,
      0.9162634015083313,
      0.1544772833585739,
      0.9247648119926453,
      -0.3477739691734314,
      -0.9517613649368286,
      0.23374274373054504,
      0.19878309965133667
    ],
    [
      0.9364205598831177,
      -0.27572181820869446,
      0.217011496424675,
      0.347006231546402,
      0.8193621635437012,
      -0.4563247859477997,
      -0.05199229344725609,
      0.502616286277771,
      0.8629447817802429
    ],
    [
      0.9571256041526794,
      0.2772201895713806,
      -0.08402116596698761,
      -0.2844826579093933,
      0.8449024558067322,
      -0.4530004560947418,
      -0.05459117144346237,
      0.45748090744018555,
      0.8875421285629272
    ],
    [
      0.9916117191314697,
      -0.07246089726686478,
      -0.10703078657388687,
      0.06585411727428436,
      0.9957729578018188,
      -0.06402719020843506,
      0.11121782660484314,
      0.056441694498062134,
      0.9921919703483582
    ],
    [
      0.9896955490112305,
      0.001259675482288003,
      0.14318221807479858,
      0.0016285417368635535,
      0.9997975826263428,
      -0.020052580162882805,
      -0.14317850768566132,
      0.020079126581549644,
      0.989493191242218
    ]
  ],
  "root_rot": [
    -0.9496404528617859,
    -0.06386449933052063,
    -0.3067642152309418,
    0.07617948204278946,
    -0.9966915845870972,
    -0.028327608481049538,
    -0.30394020676612854,
    -0.05027018114924431,
    0.9513638019561768
  ],
  "root_trans": [
    -0.5439102649688721,
    0.5718839764595032,
    2.299572706222534
  ]
}