{
  "betas": [
    -0.6648573279380798,
    0.7714228630065918,
    1.2435111999511719,
    -0.008950382471084595,
    0.1431768834590912,
    -0.3673034906387329,
    -0.18729829788208008,
    0.16258791089057922,
    0.044026583433151245,
    0.5927976369857788
  ],
  "joints": [
    [
      0.9536081552505493,
      -0.2978302538394928,
      0.04391520470380783,
      0.2873205840587616,
      0.943932831287384,
      0.1625966727733612,
      -0.08987921476364136,
      -0.14243578910827637,
      0.9857147932052612
    ],
    [
      0.9287656545639038,
      0.36247682571411133,
      -0.07749129086732864,
      -0.3482101261615753,
      0.9248780012130737,
      0.15280820429325104,
      0.1270594447851181,
      -0.11493976414203644,
      0.985213041305542
    ],
    [
      0.997978687286377,
      -0.049995869398117065,
      0.03922829404473305,
      0.052789997309446335,
      0.995877742767334,
      -0.073760986328125,
      -0.035378843545913696,
      0.07568275928497314,
      0.9965040683746338
    ],
    [
      0.9960277080535889,
      0.08844346553087234,
      0.010322164744138718,
      -0.08650815486907959,
      0.9886077046394348,
      -0.12317109107971191,
      -0.02109825238585472,
      0.1217888668179512,
      0.9923317432403564
    ],
    [
      0.9911054968833923,
      0.008780010044574738,
      0.13278882205486298,
      0.020097624510526657,
      0.9765017628669739,
      -0.21457040309906006,
      -0.13155242800712585,
      0.21533063054084778,
      0.9676398038864136
    ],
    [
      0.9892878532409668,
      -0.07413303107023239,
      -0.1257534623146057,
      0.07540901005268097,
      0.9971380233764648,
      0.0054102446883916855,
      0.1249924749135971,
      -0.014835232868790627,
      0.9920468330383301
    ],
    [
      0.9966246485710144,
      0.0030150653328746557,
      0.08203751593828201,
      0.008014650084078312,
      0.9909778237342834,
      -0.13378576934337616,
      -0.08170073479413986,
      0.13399170339107513,
      0.987608790397644
    ],
    [
      0.9020360112190247,
      -0.3725586235523224,
      -0.21801654994487762,
      0.3854592740535736,
      0.9225427508354187,
      0.018333083018660545,
      0.19429942965507507,
      -0.1005735993385315,
      0.9757729768753052
    ],
    [
      0.9994375705718994,
      -0.015363919548690319,
      0.029806125909090042,
      0.016359373927116394,
      0.9993066191673279,
      -0.0334460511803627,
      -0.029271597042679787,
      0.033914852887392044,
      0.9989959001541138
    ],
    [
      0.9828283190727234,
      0.052693527191877365,
      0.17683850228786469,
      -0.1502080261707306,
      0.7850973010063171,
      0.6008825302124023,
      -0.10717280954122543,
      -0.6171269416809082,
      0.7795308232307434
    ],
    [
      0.9311591386795044,
      0.27414458990097046,
      0.2403901070356369,
      -0.29416847229003906,
      0.9543879628181458,
      0.05107270926237106,
      -0.21542413532733917,
      -0.11827202141284943,
      0.9693317413330078
    ],
    [
      0.8823647499084473,
      0.32788968086242676,
      0.337521493434906,
      -0.3074491322040558,
      0.9447106719017029,
      -0.11400339752435684,
      -0.3562406897544861,
      -0.00317810638807714,
      0.9343888163566589
    ],
    [
      0.8242233991622925,
      -0.04018585383892059,
      -0.5648371577262878,
      0.23532243072986603,
      0.9315757155418396,
      0.27711018919944763,
      0.5150526762008667,
      -0.36131954193115234,
      0.7772831320762634
    ],
    [
      0.9733566641807556,
      -0.1593886762857437,
      0.1648397296667099,
      0.1719045490026474,
      0.9829941391944885,
      -0.06458571553230286,
      -0.15174226462841034,
      0.09120163321495056,
      0.9842035174369812
    ],
    [
      0.8643133044242859,
      -0.17770156264305115,
      0.47051528096199036,
      0.16683392226696014,
      0.983833372592926,
      0.06510297954082489,
      -0.47447749972343445,
      0.022228527814149857,
      0.8799869418144226
    ],
    [
      0.5293265581130981,
      0.5125563740730286,
      -0.676091194152832,
      -0.5526525378227234,
      0.8129333257675171,
      0.18361492455005646,
      0.643730103969574,
      0.27645134925842285,
      0.7135728001594543
    ],
    [
      0.6351198554039001,
      -0.736204981803894,
      0.23372018337249756,
      0.7720687389373779,
      0.5960352420806885,
      -0.2205715924501419,
      0.023080414161086082,
      0.32053741812705994,
      0.9469546675682068
    ],
    [
      -0.13864915072917938,
      -0.23565584421157837,
      -0.9618954658508301,
      -0.21362105011940002,
      0.9555278420448303,
      -0.2033042013645172,
      0.9670277237892151,
      0.17729312181472778,
      -0.18282416462898254
    ],
    [
      -0.1733493208885193,
      0.38689032196998596,
      0.9056852459907532,
      0.13469257950782776,
      0.9202802181243896,
      -0.3673446774482727,
      -0.9756064414978027,
      0.058310139924287796,
      -0.21164120733737946
    ],
    [
      0.9791099429130554,
      -0.16528287529945374,
      0.1184282973408699,
      0.1998349279165268,
      0.8897561430931091,
      -0.4103657007217407,
      -0.037545885890722275,
      0.42545923590660095,
      0.9041983485221863
    ],
    [
      0.9850392937660217,
      0.17105194926261902,
      0.02095181494951248,
      -0.16148380935192108,
      0.9586445689201355,
      -0.23435744643211365,
      -0.060172662138938904,
      0.227467879652977,
      0.9719246625900269
    ],
    [
      0.9312152862548828,
      0.3254973888397217,
      -0.16398026049137115,
      -0.25379684567451477,
      0.9020169973373413,
      0.3492169678211212,
      0.2615821957588196,
      -0.2835785150527954,
      0.92258220911026
    ],
    [
      0.8602772951126099,
      -0.35930773615837097,
      0.36169174313545227,
      0.2610395848751068,
      0.9198246002197266,
      0.29288390278816223,
      -0.4379284679889679,
      -0.15754550695419312,
      0.8850977420806885
    ]
  ],
  "root_rot": [
    0.9338521957397461,
    -0.07181144505739212,
    0.35037580132484436,
    -0.09220904111862183,
    -0.9948592782020569,
    0.04186171665787697,
    0.3455684781074524,
    -0.0714004710316658,
    -0.935673177242279
  ],
  "root_trans": [
    0.2498326301574707,
    0.5259373188018799,
    2.5734872817993164
  ]
}