{
  "betas": [
    -0.9097872376441956,
    0.9790647029876709,
    1.4035756587982178,
    0.47375616431236267,
    0.2173769772052765,
    0.0044672563672065735,
    -0.2964535355567932,
    0.6799359917640686,
    0.2796823978424072,
    0.7942295074462891
  ],
  "joints": [
    [
      0.9887900948524475,
      -0.14729095995426178,
      0.024484921246767044,
      0.14930404722690582,
      0.973636269569397,
      -0.17245513200759888,
      0.0015616760356351733,
      0.1741776317358017,
      0.9847130179405212
    ],
    [
      0.9929662942886353,
      0.07704223692417145,
      -0.08990313112735748,
      -0.01457738596946001,
      0.8331052660942078,
      0.5529223680496216,
      0.11749714612960815,
      -0.5477226972579956,
      0.8283685445785522
    ],
    [
      0.9975142478942871,
      -0.06521175801753998,
      0.026700295507907867,
      0.06909135729074478,
      0.9796050786972046,
      -0.18868039548397064,
      -0.013851562514901161,
      0.19005610048770905,
      0.9816755652427673
    ],
    [
      0.9930621385574341,
      0.011410482227802277,
      -0.11703561991453171,
      -0.020513057708740234,
      0.9968301057815552,
      -0.07686939835548401,
      0.11578751355409622,
      0.07873685657978058,
      0.9901483058929443
    ],
    [
      0.9791600108146667,
      -0.1391633301973343,
      -0.14791661500930786,
      0.06512323766946793,
      0.9050152897834778,
      -0.42036449909210205,
      0.1923661231994629,
      0.4019712507724762,
      0.8952175378799438
    ],
    [
      0.9989486336708069,
      0.01263081468641758,
      -0.04406923055648804,
      -0.015956098213791847,
      0.9969847202301025,
      -0.07593963295221329,
      0.04297717288136482,
      0.07656296342611313,
      0.9961380362510681
    ],
    [
      0.9866570234298706,
      0.07272384315729141,
      0.14566786587238312,
      -0.10157234966754913,
      0.9741811156272888,
      0.2016288936138153,
      -0.12724365293979645,
      -0.21373440325260162,
      0.9685693979263306
    ],
    [
      0.8656530976295471,
      -0.2432130128145218,
      -0.43759799003601074,
      0.3152276277542114,
      0.9438377618789673,
      0.09900444746017456,
      0.38894233107566833,
      -0.22364649176597595,
      0.8937035202980042
    ],
    [
      0.9942703247070312,
      0.013819124549627304,
      0.10599783062934875,
      -0.015222196467220783,
      0.9998067617416382,
      0.012439148500561714,
      -0.10580544918775558,
      -0.013981395401060581,
      0.9942885637283325
    ],
    [
      0.914330244064331,
      -0.404968798160553,
      -0.0007922385702840984,
      0.28628578782081604,
      0.6449840068817139,
      0.7085451483726501,
      -0.28642764687538147,
      -0.6480709314346313,
      0.7056651711463928
    ],
    [
      0.7611092329025269,
      0.2846795320510864,
      0.5828123688697815,
      -0.41507771611213684,
      0.9042312502861023,
      0.10038118809461594,
      -0.4984206557273865,
      -0.31831350922584534,
      0.8063828945159912
    ],
    [
      0.8879245519638062,
      -0.02448393777012825,
      -0.45933717489242554,
      0.06071394309401512,
      0.9960839748382568,
      0.06426945328712463,
      0.4559648334980011,
      -0.08495458960533142,
      0.8859339356422424
    ],
    [
      0.9451770186424255,
      0.3200259804725647,
      0.06499029695987701,
      -0.3197993338108063,
      0.9473797082901001,
      -0.014142443425953388,
      -0.06609643995761871,
      -0.007416742853820324,
      0.9977856278419495
    ],
    [
      0.9041156768798828,
      -0.26125603914260864,
      0.3381124436855316,
      0.23033636808395386,
      0.9644795656204224,
      0.1293221414089203,
      -0.35988879203796387,
      -0.03904258459806442,
      0.9321778416633606
    ],
    [
      0.9965556859970093,
      0.033196188509464264,
      -0.0759914293885231,
      -0.03156638890504837,
      0.9992472529411316,
      0.022548915818333626,
      0.07668276131153107,
      -0.02007247693836689,
      0.9968534111976624
    ],
    [
      0.6748933792114258,
      0.7125170826911926,
      -0.1919330507516861,
      -0.6904457807540894,
      0.5179600715637207,
      -0.5049771666526794,
      -0.2603912055492401,
      0.47332507371902466,
      0.841522216796875
    ],
    [
      0.8562296628952026,
      -0.35078001022338867,
      0.3792414963245392,
      0.2775840163230896,
      0.9315377473831177,
      0.23491398990154266,
      -0.4356808662414551,
      -0.09586896747350693,
      0.8949811458587646
    ],
    [
      -0.2850928008556366,
      -0.2390677034854889,
      -0.9282072186470032,
      -0.09801867604255676,
      0.9705904722213745,
      -0.21987807750701904,
      0.9534749388694763,
      0.028295984491705894,
      -0.30014145374298096
    ],
    [
      0.3654234707355499,
      0.1632678210735321,
      0.9164111018180847,
      -0.5802393555641174,
      0.8097747564315796,
      0.08710379898548126,
      -0.7278653979301453,
      -0.5635675191879272,
      0.3906451165676117
    ],
    [
      0.933415412902832,
      -0.35830652713775635,
      -0.01876426674425602,
      0.3181557059288025,
      0.8507293462753296,
      -0.41837358474731445,
      0.1658693253993988,
      0.3845463991165161,
      0.9080811738967896
    ],
    [
      0.9190807342529297,
      0.3394896686077118,
      -0.2000931054353714,
      -0.3919326961040497,
      0.7346921563148499,
      -0.553729236125946,
      -0.04097853600978851,
      0.5873450040817261,
      0.8082985281944275
    ],
    [
      0.749029815196991,
      0.48444291949272156,
      -0.4519616663455963,
      -0.23204639554023743,
      0.8307819366455078,
      0.5059208273887634,
      0.6205713748931885,
      -0.2740737199783325,
      0.7346936464309692
    ],
    [
      0.9493077397346497,
      -0.24159860610961914,
      0.20110924541950226,
      0.13419799506664276,
      0.8900134563446045,
      0.43573734164237976,
      -0.2842634320259094,
      -0.3866603672504425,
      0.8773186802864075
    ]
  ],
  "root_rot": [
    0.6959988474845886,
    -0.04268268123269081,
    -0.716773271560669,
    0.018770771101117134,
    -0.9968090057373047,
    0.07758510112762451,
    -0.717797577381134,
    -0.06745351850986481,
    -0.692976713180542
  ],
  "root_trans": [
    -0.6923253536224365,
    0.5499793887138367,
    2.4510490894317627
  ]
}