{
  "betas": [
    -0.5758095979690552,
    0.9915369749069214,
    1.2064611911773682,
    0.579963207244873,
    0.3784266710281372,
    -0.46921980381011963,
    -0.0708237886428833,
    0.6167780160903931,
    -0.20413175225257874,
    0.4893791675567627
  ],
  "joints": [
    [
      0.9447620511054993,
      -0.27879229187965393,
      -0.1723356544971466,
      0.3183574974536896,
      0.6555533409118652,
      0.6847615242004395,
      -0.07793103903532028,
      -0.7018010020256042,
      0.708097517490387
    ],
    [
      0.9699034094810486,
      0.2317223697900772,
      -0.07478012144565582,
      -0.22567005455493927,
      0.9708058834075928,
      0.08129528909921646,
      0.09143492579460144,
      -0.06197294965386391,
      0.9938807487487793
    ],
    [
      0.9940358400344849,
      0.02768050879240036,
      0.1054820567369461,
      0.009203177876770496,
      0.9425067901611328,
      -0.3340601921081543,
      -0.10866451263427734,
      0.3330385982990265,
      0.9366307854652405
    ],
    [
      0.9644069671630859,
      0.23194044828414917,
      -0.12697550654411316,
      -0.2040335237979889,
      0.34729570150375366,
      -0.915290117263794,
      -0.16819477081298828,
      0.9086194634437561,
      0.38225802779197693
    ],
    [
      0.9985672831535339,
      0.03595057129859924,
      0.03963493928313255,
      -0.008568857796490192,
      0.8385671377182007,
      -0.5447309613227844,
      -0.05281993746757507,
      0.5436109304428101,
      0.8376737833023071
    ],
    [
      0.9923120141029358,
      -0.09692072123289108,
      -0.07696138322353363,
      0.10572274029254913,
      0.9871259927749634,
      0.12002072483301163,
      0.0643380805850029,
      -0.1272345930337906,
      0.9897837042808533
    ],
    [
      0.9988306164741516,
      0.038850702345371246,
      -0.028776265680789948,
      -0.042648471891880035,
      0.988373875617981,
      -0.14593908190727234,
      0.02277187444269657,
      0.1469956785440445,
      0.9888750314712524
    ],
    [
      0.9158528447151184,
      -0.21281391382217407,
      -0.3404758870601654,
      0.30828675627708435,
      0.9159979820251465,
      0.2567236125469208,
      0.2572408616542816,
      -0.3400852382183075,
      0.9045270681381226
    ],
    [
      0.9973780512809753,
      -0.05835598707199097,
      0.042798057198524475,
      0.0626673698425293,
      0.9922285676002502,
      -0.10749518871307373,
      -0.03619246929883957,
      0.10989537835121155,
      0.9932839870452881
    ],
    [
      0.9640236496925354,
      -0.24993351101875305,
      0.09050793200731277,
      0.1582513302564621,
      0.8132040500640869,
      0.5600496530532837,
      -0.21357659995555878,
      -0.5255780816078186,
      0.8235002756118774
    ],
    [
      0.9012981057167053,
      0.25224605202674866,
      0.3521841764450073,
      -0.15978556871414185,
      0.9492369294166565,
      -0.27095723152160645,
      -0.40265411138534546,
      0.18793928623199463,
      0.8958507180213928
    ],
    [
      0.9388179183006287,
      0.3444133698940277,
      0.0005974000669084489,
      -0.34352797269821167,
      0.9365260601043701,
      -0.07005315274000168,
      -0.024686722084879875,
      0.0655619353055954,
      0.9975430965423584
    ],
    [
      0.700290322303772,
      -0.3663672208786011,
      -0.6126732230186462,
      0.6657021641731262,
      0.6450440287590027,
      0.3751784861087799,
      0.2577480673789978,
      -0.6705917716026306,
      0.6956095099449158
    ],
    [
      0.804563045501709,
      -0.4455532729625702,
      0.39263299107551575,
      0.4191628098487854,
      0.8944036960601807,
      0.15602760016918182,
      -0.42069098353385925,
      0.039043113589286804,
      0.9063635468482971
    ],
    [
      0.9559473395347595,
      0.02901861071586609,
      -0.29210034012794495,
      0.039569396525621414,
      0.9732797145843506,
      0.22618761658668518,
      0.29085901379585266,
      -0.22778166830539703,
      0.9292559027671814
    ],
    [
      0.8465082049369812,
      0.014780858531594276,
      -0.5321704745292664,
      0.18516425788402557,
      0.9290302395820618,
      0.32033902406692505,
      0.4991373121738434,
      -0.3697085678577423,
      0.783694863319397
    ],
    [
      0.6395573616027832,
      -0.6055583357810974,
      0.4735667407512665,
      0.7033544778823853,
      0.7095642685890198,
      -0.04255588352680206,
      -0.3102559447288513,
      0.36030223965644836,
      0.8797292113304138
    ],
    [
      0.7453494071960449,
      -0.0611664280295372,
      -0.6638622283935547,
      0.372633695602417,
      0.8639310598373413,
      0.338773250579834,
      0.5528096556663513,
      -0.4998818337917328,
      0.6667231917381287
    ],
    [
      0.743464469909668,
      0.18848927319049835,
      0.6416637301445007,
      0.06094812601804733,
      0.9363718628883362,
      -0.3456776440143585,
      -0.6659924387931824,
      0.2961072623729706,
      0.68467116355896
    ],
    [
      0.9676355719566345,
      -0.11569532006978989,
      0.22426775097846985,
      0.23961110413074493,
      0.70004802942276,
      -0.672695517539978,
      -0.07917048037052155,
      0.7046610713005066,
      0.7051132321357727
    ],
    [
      0.9866456389427185,
      0.11145811527967453,
      -0.11877496540546417,
      -0.15965358912944794,
      0.806226909160614,
      -0.5696567893028259,
      0.03226670250296593,
      0.5810121893882751,
      0.8132549524307251
    ],
    [
      0.9676597714424133,
      0.10883403569459915,
      -0.22757351398468018,
      -0.05647941306233406,
      0.9727129936218262,
      0.22503238916397095,
      0.24585486948490143,
      -0.2049015760421753,
      0.9474021196365356
    ],
    [
      0.9850519895553589,
      -0.035924118012189865,
      0.16846942901611328,
      0.02350284717977047,
      0.9968949556350708,
      0.07515334337949753,
      -0.17064616084098816,
      -0.07007043808698654,
      0.9828376770019531
    ]
  ],
  "root_rot": [
    -0.758088231086731,
    0.26233136653900146,
    -0.5970633029937744,
    -0.13424517214298248,
    -0.9586932063102722,
    -0.25077009201049805,
    -0.6381853818893433,
    -0.10995298624038696,
    0.7619907855987549
  ],
  "root_trans": [
    -0.25254499912261963,
    0.5503763556480408,
    2.447283983230591
  ]
}