{
  "betas": [
    -0.5179245471954346,
    0.5697296261787415,
    1.5532312393188477,
    0.3190091848373413,
    0.7570626139640808,
    -0.09104519337415695,
    0.24762064218521118,
    0.550580620765686,
    0.014230102300643921,
    1.2280573844909668
  ],
  "joints": [
    [
      0.967815637588501,
      -0.250092476606369,
      0.028047027066349983,
      0.2467898726463318,
      0.9649927616119385,
      0.08879030495882034,
      -0.04927096143364906,
      -0.07901091873645782,
      0.995655357837677
    ],
    [
      0.9420661926269531,
      0.31843996047973633,
      -0.10539085417985916,
      -0.287374883890152,
      0.9282807111740112,
      0.23603080213069916,
      0.17299394309520721,
      -0.19206996262073517,
      0.966013491153717
    ],
    [
      0.9969530701637268,
      -0.07530375570058823,
      -0.020342864096164703,
      0.07208776473999023,
      0.9890872836112976,
      -0.12849034368991852,
      0.029796671122312546,
      0.12663237750530243,
      0.9915021061897278
    ],
    [
      0.9995709657669067,
      0.02884611301124096,
      0.005065985955297947,
      -0.02703847922384739,
      0.9753760695457458,
      -0.2188843935728073,
      -0.011255191639065742,
      0.21865352988243103,
      0.9757375717163086
    ],
    [
      0.9981642365455627,
      0.0392509400844574,
      0.046125199645757675,
      -0.026877902448177338,
      0.9695515036582947,
      -0.24340802431106567,
      -0.054274749010801315,
      0.24172143638134003,
      0.9688265919685364
    ],
    [
      0.9909154176712036,
      0.08521370589733124,
      -0.10404454916715622,
      -0.07823523879051208,
      0.9945156574249268,
      0.06941104680299759,
      0.10938870161771774,
      -0.060640525072813034,
      0.9921476244926453
    ],
    [
      0.9957646727561951,
      -0.0524471253156662,
      0.07551250606775284,
      0.04697127267718315,
      0.9962579607963562,
      0.07255146652460098,
      -0.07903505116701126,
      -0.0686972588300705,
      0.9945020079612732
    ],
    [
      0.921796977519989,
      -0.36971765756607056,
      -0.11661510914564133,
      0.36239874362945557,
      0.9286261200904846,
      -0.07950355112552643,
      0.13768568634986877,
      0.031024964526295662,
      0.9899899959564209
    ],
    [
      0.9926577210426331,
      0.11797597259283066,
      0.02669002301990986,
      -0.11688770353794098,
      0.9923709034919739,
      -0.03920716792345047,
      -0.031111907213926315,
      0.03579955920577049,
      0.9988746047019958
    ],
    [
      0.9792641997337341,
      -0.09226884692907333,
      0.18035495281219482,
      0.028650088235735893,
      0.9443872570991516,
      0.3275849521160126,
      -0.20055080950260162,
      -0.3156251013278961,
      0.9274481534957886
    ],
    [
      0.9677819609642029,
      0.2506200671195984,
      -0.02424122765660286,
      -0.25178098678588867,
      0.9640552401542664,
      -0.08487468957901001,
      0.0020985822193324566,
      0.08824367076158524,
      0.9960966110229492
    ],
    [
      0.9483916163444519,
      -0.20897038280963898,
      -0.2385050654411316,
      0.1801418662071228,
      0.9740385413169861,
      -0.137104794383049,
      0.26096397638320923,
      0.08706430345773697,
      0.9614142775535583
    ],
    [
      0.9005963206291199,
      0.3439387083053589,
      -0.2657674551010132,
      -0.2887975573539734,
      0.9304554462432861,
      0.22549638152122498,
      0.32484170794487,
      -0.1263282299041748,
      0.9372934103012085
    ],
    [
      0.7939932942390442,
      0.19275085628032684,
      0.5765602588653564,
      -0.4301695227622986,
      0.8482896685600281,
      0.3088023066520691,
      -0.42956817150115967,
      -0.49320560693740845,
      0.7564518451690674
    ],
    [
      0.9935056567192078,
      -0.03739793971180916,
      0.1074613630771637,
      0.021715600043535233,
      0.9894034266471863,
      0.1435592770576477,
      -0.11169146746397018,
      -0.14029335975646973,
      0.9837900400161743
    ],
    [
      0.4631337523460388,
      0.7254461050033569,
      -0.5091513395309448,
      -0.880459189414978,
      0.44237086176872253,
      -0.17058610916137695,
      0.10148269683122635,
      0.5272911787033081,
      0.8436025977134705
    ],
    [
      0.8509620428085327,
      0.002303352579474449,
      0.5252220630645752,
      -0.2526431679725647,
      0.8784979581832886,
      0.40547841787338257,
      -0.46047255396842957,
      -0.4777405261993408,
      0.7481503486633301
    ],
    [
      -0.012387447990477085,
      -0.42894917726516724,
      -0.9032436609268188,
      -0.0693780928850174,
      0.9015047550201416,
      -0.42717188596725464,
      0.9975135326385498,
      0.05737375095486641,
      -0.04092701897025108
    ],
    [
      0.14011134207248688,
      0.09105008840560913,
      0.9859405755996704,
      -0.36510831117630005,
      0.9303429126739502,
      -0.03403043746948242,
      -0.9203612208366394,
      -0.35520702600479126,
      0.16359473764896393
    ],
    [
      0.961870014667511,
      -0.2099657654762268,
      0.17527234554290771,
      0.2723049521446228,
      0.7951759099960327,
      -0.5417981147766113,
      -0.025613289326429367,
      0.5688669085502625,
      0.8220306038856506
    ],
    [
      0.9652750492095947,
      0.24671009182929993,
      0.08589614927768707,
      -0.15868429839611053,
      0.8149356245994568,
      -0.5574039816856384,
      -0.20751704275608063,
      0.5244178175926208,
      0.8257860541343689
    ],
    [
      0.99126797914505,
      0.04110557213425636,
      -0.12529249489307404,
      -0.04602215066552162,
      0.9982696175575256,
      -0.03660095855593681,
      0.12357119470834732,
      0.04204758256673813,
      0.99144446849823
    ],
    [
      0.9526593685150146,
      -0.18419170379638672,
      0.24189579486846924,
      0.15407375991344452,
      0.978350043296814,
      0.1381758153438568,
      -0.26210957765579224,
      -0.094364695250988,
      0.9604134559631348
    ]
  ],
  "root_rot": [
    -0.9648047685623169,
    -0.06198911741375923,
    -0.25555628538131714,
    0.06783898919820786,
    -0.9975962042808533,
    -0.014131066389381886,
    -0.25406599044799805,
    -0.03097040392458439,
    0.9666908383369446
  ],
  "root_trans": [
    -0.5821361541748047,
    0.5798614621162415,
    2.3252151012420654
  ]
}