{
  "betas": [
    -0.7744395136833191,
    0.6109256744384766,
    1.3205057382583618,
    0.30863136053085327,
    0.6375585794448853,
    0.10703828185796738,
    0.07500569522380829,
    0.3735705614089966,
    0.0958864614367485,
    0.8295889496803284
  ],
  "joints": [
    [
      0.9367090463638306,
      -0.34720155596733093,
      -0.045025501400232315,
      0.3479606509208679,
      0.9090063571929932,
      0.2294142246246338,
      -0.03872450068593025,
      -0.23056146502494812,
      0.9722869396209717
    ],
    [
      0.9431027173995972,
      0.3317038118839264,
      -0.02301768958568573,
      -0.2980310916900635,
      0.8739973902702332,
      0.38380470871925354,
      0.14742687344551086,
      -0.35510727763175964,
      0.9231273531913757
    ],
    [
      0.9998514652252197,
      -0.011471837759017944,
      0.012858329340815544,
      0.014952491037547588,
      0.9484795928001404,
      -0.3164852559566498,
      -0.008565195836126804,
      0.3166305422782898,
      0.9485102295875549
    ],
    [
      0.9948214292526245,
      0.08320531994104385,
      -0.05837085098028183,
      -0.10032087564468384,
      0.8960071206092834,
      -0.43255865573883057,
      0.016309522092342377,
      0.4361744523048401,
      0.8997142910957336
    ],
    [
      0.9999966621398926,
      0.0015224964590743184,
      -0.0021055075339972973,
      -0.002488275757059455,
      0.7944577932357788,
      -0.6073143482208252,
      0.0007481004577130079,
      0.6073175072669983,
      0.7944589257240295
    ],
    [
      0.9958739280700684,
      -0.002432603621855378,
      -0.09071540832519531,
      -0.003408454591408372,
      0.9979326128959656,
      -0.06417827308177948,
      0.09068398922681808,
      0.06422266364097595,
      0.993806779384613
    ],
    [
      0.997936487197876,
      -0.05457645654678345,
      -0.03382657840847969,
      0.05742192268371582,
      0.9943023324012756,
      0.08980902284383774,
      0.028732387349009514,
      -0.09156607836484909,
      0.9953844547271729
    ],
    [
      0.9502899646759033,
      -0.28475797176361084,
      -0.1259438693523407,
      0.2976500391960144,
      0.9495283365249634,
      0.09899729490280151,
      0.0913970023393631,
      -0.13156333565711975,
      0.9870854616165161
    ],
    [
      0.9994575381278992,
      0.020758921280503273,
      0.0255686417222023,
      -0.022423917427659035,
      0.9975242018699646,
      0.06665286421775818,
      -0.02412169799208641,
      -0.06719005107879639,
      0.9974485635757446
    ],
    [
      0.984742283821106,
      -0.054709937423467636,
      0.16519545018672943,
      -0.021434489637613297,
      0.9039316773414612,
      0.4271394908428192,
      -0.1726941615343094,
      -0.42416316270828247,
      0.8889670372009277
    ],
    [
      0.9575625061988831,
      0.2830413579940796,
      0.05442052707076073,
      -0.2726444900035858,
      0.9507445096969604,
      -0.14747846126556396,
      -0.09348251670598984,
      0.12638239562511444,
      0.9875669479370117
    ],
    [
      0.9779307246208191,
      0.042168330401182175,
      -0.20462998747825623,
      0.015545418485999107,
      0.9620198607444763,
      0.27253633737564087,
      0.2083505392074585,
      -0.2697027027606964,
      0.940133273601532
    ],
    [
      0.841435432434082,
      0.42668619751930237,
      -0.3315500020980835,
      -0.391547292470932,
      0.9043018817901611,
      0.17008423805236816,
      0.37239396572113037,
      -0.0132973687723279,
      0.9279794692993164
    ],
    [
      0.7949371337890625,
      -0.3980637490749359,
      0.45784300565719604,
      0.3774280548095703,
      0.9153195023536682,
      0.14049330353736877,
      -0.474997878074646,
      0.06111946329474449,
      0.8778618574142456
    ],
    [
      0.9941534399986267,
      -0.09227931499481201,
      -0.05606646463274956,
      0.10152068734169006,
      0.9756808280944824,
      0.19426913559436798,
      0.03677595034241676,
      -0.19882524013519287,
      0.9793447256088257
    ],
    [
      0.4559548795223236,
      0.7178289890289307,
      -0.5261433720588684,
      -0.8604362607002258,
      0.5066429376602173,
      -0.05442853271961212,
      0.22749640047550201,
      0.4775297939777374,
      0.8486524224281311
    ],
    [
      0.5224921107292175,
      -0.7173035144805908,
      0.4609529972076416,
      0.7741000652313232,
      0.625705897808075,
      0.09623522311449051,
      -0.3574509024620056,
      0.3065415918827057,
      0.8821911215782166
    ],
    [
      0.2585211396217346,
      -0.3435761630535126,
      -0.9028412103652954,
      0.10579972714185715,
      0.9390607476234436,
      -0.3270646631717682,
      0.9601944088935852,
      -0.010967222042381763,
      0.27911731600761414
    ],
    [
      0.23887962102890015,
      0.34398353099823,
      0.9080812931060791,
      -0.1660793423652649,
      0.9358487129211426,
      -0.3108130693435669,
      -0.9567413926124573,
      -0.0765666589140892,
      0.2806837558746338
    ],
    [
      0.919668436050415,
      -0.26872768998146057,
      0.2863484025001526,
      0.37548479437828064,
      0.8152694702148438,
      -0.44084790349006653,
      -0.11498308181762695,
      0.5129534006118774,
      0.8506807684898376
    ],
    [
      0.9313583374023438,
      0.34104597568511963,
      -0.12751175463199615,
      -0.3614846467971802,
      0.8241715431213379,
      -0.4359704256057739,
      -0.043594423681497574,
      0.4521382451057434,
      0.8908818960189819
    ],
    [
      0.9915675520896912,
      -0.06294930726289749,
      -0.11327525973320007,
      0.06094115599989891,
      0.9979181885719299,
      -0.021107826381921768,
      0.11436815559864044,
      0.014026710763573647,
      0.993339478969574
    ],
    [
      0.9883949160575867,
      0.008478568866848946,
      0.15166954696178436,
      -0.0034921697806566954,
      0.9994455575942993,
      -0.033113040030002594,
      -0.15186619758605957,
      0.03219910338521004,
      0.9878765344619751
    ]
  ],
  "root_rot": [
    -0.9254962205886841,
    -0.007881460711359978,
    -0.3786748945713043,
    0.044929388910532,
    -0.9950088262557983,
    -0.08909980207681656,
    -0.3760826289653778,
    -0.09947515279054642,
    0.9212310314178467
  ],
  "root_trans": [
    -0.5121108293533325,
    0.6249501705169678,
    2.3154120445251465
  ]
}