{
  "betas": [
    -0.8804947733879089,
    0.6701787710189819,
    1.7168017625808716,
    -0.015697985887527466,
    0.07353141903877258,
    -0.16403555870056152,
    0.06752641499042511,
    -0.029579609632492065,
    0.007215023040771484,
    0.8259351253509521
  ],
  "joints": [
    [
      0.9674038290977478,
      -0.24205894768238068,
      0.07441304624080658,
      0.23482279479503632,
      0.9674580693244934,
      0.09425007551908493,
      -0.09480558335781097,
      -0.07370400428771973,
      0.9927635788917542
    ],
    [
      0.9261454939842224,
      0.3721960783004761,
      -0.06103048846125603,
      -0.3537850081920624,
      0.9133694171905518,
      0.20147576928138733,
      0.13073186576366425,
      -0.1650041788816452,
      0.9775903820991516
    ],
    [
      0.9974353313446045,
      -0.06138359010219574,
      0.0368092879652977,
      0.06309114396572113,
      0.9968920946121216,
      -0.04717608541250229,
      -0.033799055963754654,
      0.049377430230379105,
      0.9982081651687622
    ],
    [
      0.9967045187950134,
      0.08077635616064072,
      -0.007440915796905756,
      -0.08111222833395004,
      0.9912949204444885,
      -0.10370729118585587,
      -0.0010009602410718799,
      0.10396906733512878,
      0.994580090045929
    ],
    [
      0.9906046390533447,
      0.06429209560155869,
      0.12070200592279434,
      -0.031507618725299835,
      0.9661528468132019,
      -0.2560389041900635,
      -0.13307787477970123,
      0.24983029067516327,
      0.9591012001037598
    ],
    [
      0.9938013553619385,
      -0.04562002420425415,
      -0.10137785226106644,
      0.04409671947360039,
      0.9988788962364197,
      -0.017217889428138733,
      0.10204967856407166,
      0.012640735134482384,
      0.9946988821029663
    ],
    [
      0.9933236837387085,
      -0.016621917486190796,
      0.11415683478116989,
      0.02535443753004074,
      0.9968252182006836,
      -0.07547520846128464,
      -0.11253988742828369,
      0.07786569744348526,
      0.9905915260314941
    ],
    [
      0.8732460737228394,
      -0.38611626625061035,
      -0.2972465753555298,
      0.38837769627571106,
      0.9199178218841553,
      -0.053981829434633255,
      0.29428568482398987,
      -0.06830452382564545,
      0.953273594379425
    ],
    [
      0.9989400506019592,
      0.002491455292329192,
      0.04596469923853874,
      -0.0003847512125503272,
      0.9989511966705322,
      -0.04578544571995735,
      -0.04603056609630585,
      0.045719221234321594,
      0.9978933334350586
    ],
    [
      0.9843878149986267,
      -0.02700444497168064,
      0.17392922937870026,
      -0.08562563359737396,
      0.7898807525634766,
      0.6072533130645752,
      -0.15378189086914062,
      -0.612665593624115,
      0.7752367258071899
    ],
    [
      0.8938844203948975,
      0.3314996063709259,
      0.30179253220558167,
      -0.37081459164619446,
      0.9250618815422058,
      0.08220136910676956,
      -0.25192704796791077,
      -0.18538759648799896,
      0.9498233199119568
    ],
    [
      0.8919286727905273,
      0.3244914710521698,
      0.3149103820323944,
      -0.27304404973983765,
      0.9416294693946838,
      -0.19692881405353546,
      -0.36043059825897217,
      0.08966206014156342,
      0.928466796875
    ],
    [
      0.9741593599319458,
      -0.15953683853149414,
      -0.15987959504127502,
      0.17228248715400696,
      0.982612133026123,
      0.06922555714845657,
      0.14605559408664703,
      -0.09498118609189987,
      0.9847062230110168
    ],
    [
      0.9913450479507446,
      -0.11188699305057526,
      0.06867460906505585,
      0.11919566243886948,
      0.9863447546958923,
      -0.1136498898267746,
      -0.05502089858055115,
      0.12085197865962982,
      0.9911444187164307
    ],
    [
      0.8401546478271484,
      -0.13281171023845673,
      0.5258337259292603,
      0.12426143884658813,
      0.990899920463562,
      0.05173550546169281,
      -0.5279196500778198,
      0.021875029429793358,
      0.849012553691864
    ],
    [
      0.8919138312339783,
      0.3764733076095581,
      -0.2505147457122803,
      -0.4205996096134186,
      0.8941159248352051,
      -0.15379451215267181,
      0.16608966886997223,
      0.24253782629966736,
      0.9558188915252686
    ],
    [
      0.5946022272109985,
      -0.7659265995025635,
      0.2445499151945114,
      0.8039853572845459,
      0.569229245185852,
      -0.1720045506954193,
      -0.0074621145613491535,
      0.2988888621330261,
      0.9542587399482727
    ],
    [
      -0.17797160148620605,
      -0.15883508324623108,
      -0.9711321592330933,
      -0.09713800251483917,
      0.9849027991294861,
      -0.14328566193580627,
      0.9792294502258301,
      0.06883304566144943,
      -0.19071365892887115
    ],
    [
      -0.1659327894449234,
      0.37899890542030334,
      0.9103989601135254,
      0.17357859015464783,
      0.9200082421302795,
      -0.3513621687889099,
      -0.9707403182983398,
      0.09972324222326279,
      -0.21844562888145447
    ],
    [
      0.9962284564971924,
      -0.07266376167535782,
      0.0474214144051075,
      0.0867268294095993,
      0.8508599996566772,
      -0.518185019493103,
      -0.0026957266964018345,
      0.5203433632850647,
      0.8539528250694275
    ],
    [
      0.99351567029953,
      0.10320005565881729,
      0.04771163687109947,
      -0.0858457013964653,
      0.9560530185699463,
      -0.28034457564353943,
      -0.0745464414358139,
      0.27443087100982666,
      0.9587129354476929
    ],
    [
      0.9394041299819946,
      0.24181486666202545,
      -0.24299275875091553,
      -0.16670258343219757,
      0.9416016340255737,
      0.292569100856781,
      0.2995499074459076,
      -0.2343330979347229,
      0.924855649471283
    ],
    [
      0.8940346240997314,
      -0.2371729612350464,
      0.3800673484802246,
      0.15776073932647705,
      0.9606996178627014,
      0.2284027487039566,
      -0.41930150985717773,
      -0.14424024522304535,
      0.8963152766227722
    ]
  ],
  "root_rot": [
    0.9538021683692932,
    -0.0820167064666748,
    0.28902390599250793,
    -0.09996160119771957,
    -0.993839681148529,
    0.04785805195569992,
    0.28331828117370605,
    -0.07453839480876923,
    -0.9561249613761902
  ],
  "root_trans": [
    0.2853940725326538,
    0.5162767767906189,
    2.5342307090759277
  ]
}