{
  "betas": [
    -0.7021582126617432,
    0.962159276008606,
    1.2816022634506226,
    0.525786817073822,
    -0.05628448724746704,
    0.013873137533664703,
    -0.3747302293777466,
    0.8559603095054626,
    0.3606911301612854,
    0.8810989856719971
  ],
  "joints": [
    [
      0.9889709949493408,
      0.10964145511388779,
      -0.09957463294267654,
      -0.13065192103385925,
      0.9624746441841125,
      -0.23784999549388885,
      0.06975983828306198,
      0.24823637306690216,
      0.9661843776702881
    ],
    [
      0.9816479682922363,
      -0.08265510201454163,
      -0.17185887694358826,
      0.13791091740131378,
      0.9301102757453918,
      0.34040483832359314,
      0.13171151280403137,
      -0.35785892605781555,
      0.9244399070739746
    ],
    [
      0.9962794780731201,
      -0.07013381272554398,
      0.050083063542842865,
      0.07542169094085693,
      0.9907333254814148,
      -0.1129562258720398,
      -0.041696906089782715,
      0.11631333082914352,
      0.9923368692398071
    ],
    [
      0.9998788237571716,
      0.012534810230135918,
      -0.009231268428266048,
      -0.015222079120576382,
      0.9114329218864441,
      -0.411167174577713,
      0.0032597777899354696,
      0.41125786304473877,
      0.9115132689476013
    ],
    [
      0.9737192392349243,
      -0.09088273346424103,
      -0.2088329941034317,
      0.02496255189180374,
      0.953995406627655,
      -0.2987803816795349,
      0.22637969255447388,
      0.2857151925563812,
      0.9311923384666443
    ],
    [
      0.9987565279006958,
      0.04120330139994621,
      -0.028067469596862793,
      -0.042289312928915024,
      0.9983335733413696,
      -0.03926479443907738,
      0.026402855291962624,
      0.04040291905403137,
      0.9988346099853516
    ],
    [
      0.9866461157798767,
      0.15686847269535065,
      0.043837953358888626,
      -0.14289498329162598,
      0.962822437286377,
      -0.22924666106700897,
      -0.07816973328590393,
      0.21992109715938568,
      0.9723807573318481
    ],
    [
      0.8319051861763,
      -0.09460896998643875,
      -0.5467932224273682,
      0.17476962506771088,
      0.9798833131790161,
      0.09635449945926666,
      0.5266776084899902,
      -0.17572066187858582,
      0.8317047953605652
    ],
    [
      0.9892392754554749,
      0.031025759875774384,
      0.1429796814918518,
      -0.026548927649855614,
      0.9990988969802856,
      -0.033113520592451096,
      -0.14387822151184082,
      0.02896123379468918,
      0.98917156457901
    ],
    [
      0.8779827952384949,
      -0.46928927302360535,
      -0.09441262483596802,
      0.409426748752594,
      0.6340000629425049,
      0.6560591459274292,
      -0.24802391231060028,
      -0.6146637797355652,
      0.7487807273864746
    ],
    [
      0.7698209285736084,
      0.3073957860469818,
      0.5593599081039429,
      -0.3433317542076111,
      0.9382252097129822,
      -0.04308943450450897,
      -0.5380511283874512,
      -0.15887488424777985,
      0.8278041481971741
    ],
    [
      0.8790805339813232,
      -0.017657127231359482,
      -0.4763461649417877,
      0.04241224750876427,
      0.9982475638389587,
      0.041267454624176025,
      0.4747827351093292,
      -0.056480325758457184,
      0.8782888650894165
    ],
    [
      0.9390352964401245,
      0.2945447564125061,
      0.1773587465286255,
      -0.2906164824962616,
      0.9556179046630859,
      -0.04833769425749779,
      -0.1837248057126999,
      -0.0061525749042630196,
      0.9829584956169128
    ],
    [
      0.8957351446151733,
      -0.23005495965480804,
      0.3804382383823395,
      0.17566701769828796,
      0.969219982624054,
      0.17249248921871185,
      -0.4084111154079437,
      -0.08767712116241455,
      0.9085774421691895
    ],
    [
      0.9908844232559204,
      0.08745038509368896,
      -0.10247191041707993,
      -0.08303963392972946,
      0.9954582452774048,
      0.046554453670978546,
      0.10607770830392838,
      -0.03762085363268852,
      0.9936459064483643
    ],
    [
      0.6145135164260864,
      0.7574686408042908,
      -0.2204868048429489,
      -0.74574214220047,
      0.4665631353855133,
      -0.475591778755188,
      -0.2573748230934143,
      0.456683874130249,
      0.8515856266021729
    ],
    [
      0.7828642725944519,
      -0.36392101645469666,
      0.504663348197937,
      0.2864271402359009,
      0.9308415055274963,
      0.22692206501960754,
      -0.5523433089256287,
      -0.03309989348053932,
      0.8329594135284424
    ],
    [
      -0.25957056879997253,
      -0.2690313160419464,
      -0.9274941086769104,
      -0.13553982973098755,
      0.9610556960105896,
      -0.2408338040113449,
      0.9561653137207031,
      0.0631990134716034,
      -0.2859262228012085
    ],
    [
      0.23118194937705994,
      0.18737459182739258,
      0.9546965956687927,
      -0.5607994198799133,
      0.8275237083435059,
      -0.026616035029292107,
      -0.7950213551521301,
      -0.5292401313781738,
      0.2963881194591522
    ],
    [
      0.9242032766342163,
      -0.38163089752197266,
      0.01435662992298603,
      0.36233916878700256,
      0.8643670678138733,
      -0.34868311882019043,
      0.12065883725881577,
      0.3274560570716858,
      0.9371306896209717
    ],
    [
      0.799659013748169,
      0.5719971060752869,
      -0.1826602667570114,
      -0.5872829556465149,
      0.6816843152046204,
      -0.43635445833206177,
      -0.12507684528827667,
      0.4562080204486847,
      0.8810391426086426
    ],
    [
      0.7616366744041443,
      0.596498966217041,
      -0.2531770169734955,
      -0.22763460874557495,
      0.612088680267334,
      0.7573176026344299,
      0.606705904006958,
      -0.5191689729690552,
      0.6019729971885681
    ],
    [
      0.9430029988288879,
      -0.2881033420562744,
      0.16655874252319336,
      0.15545961260795593,
      0.8239082098007202,
      0.544983983039856,
      -0.2942408323287964,
      -0.488028347492218,
      0.8217363357543945
    ]
  ],
  "root_rot": [
    0.09791819751262665,
    -0.008098677732050419,
    -0.9951614141464233,
    0.07212287932634354,
    -0.997279703617096,
    0.01521239336580038,
    -0.9925775527954102,
    -0.07326348125934601,
    -0.09706772863864899
  ],
  "root_trans": [
    -0.8174617886543274,
    0.5689878463745117,
    2.453850746154785
  ]
}