{
  "betas": [
    -0.8018553853034973,
    0.645676851272583,
    1.1207612752914429,
    0.41896215081214905,
    0.044849008321762085,
    0.1687304973602295,
    0.10549740493297577,
    0.4996553957462311,
    0.049261271953582764,
    0.6950981616973877
  ],
  "joints": [
    [
      0.9903698563575745,
      -0.08335559070110321,
      -0.11054152995347977,
      0.1291862577199936,
      0.8435046672821045,
      0.5213547348976135,
      0.049784477800130844,
      -0.53061443567276,
      0.8461499810218811
    ],
    [
      0.9488982558250427,
      0.25748881697654724,
      -0.18246006965637207,
      -0.2856955826282501,
      0.9464952349662781,
      -0.15008246898651123,
      0.134053036570549,
      0.19454100728034973,
      0.9716910719871521
    ],
    [
      0.984721839427948,
      -0.028282828629016876,
      0.1718224734067917,
      0.05364037677645683,
      0.9880082607269287,
      -0.14478425681591034,
      -0.1656671017408371,
      0.1517888456583023,
      0.9744304418563843
    ],
    [
      0.994422435760498,
      0.09342201054096222,
      0.04895311966538429,
      -0.0724651888012886,
      0.9424231648445129,
      -0.32647719979286194,
      -0.0766347125172615,
      0.3211088180541992,
      0.9439365863800049
    ],
    [
      0.9924647808074951,
      0.0265907421708107,
      0.11961031705141068,
      0.004915366880595684,
      0.9667428731918335,
      -0.2557031810283661,
      -0.12243174761533737,
      0.2543643116950989,
      0.9593275785446167
    ],
    [
      0.9933267831802368,
      -0.03704323619604111,
      -0.1092228814959526,
      0.047596994787454605,
      0.9942755103111267,
      0.09565921872854233,
      0.10505411028862,
      -0.10021954774856567,
      0.9894036650657654
    ],
    [
      0.9991497993469238,
      0.020445412024855614,
      -0.03580022230744362,
      -0.02497722953557968,
      0.9910541772842407,
      -0.13110217452049255,
      0.03279952332377434,
      0.13188490271568298,
      0.9907222390174866
    ],
    [
      0.8936606049537659,
      -0.23923157155513763,
      -0.3796563446521759,
      0.3589860200881958,
      0.8887772560119629,
      0.28496313095092773,
      0.2692577540874481,
      -0.39095163345336914,
      0.8801460266113281
    ],
    [
      0.9962596893310547,
      -0.02102150022983551,
      0.08381302654743195,
      0.02948697656393051,
      0.9944409728050232,
      -0.10108267515897751,
      -0.08122219890356064,
      0.10317599773406982,
      0.9913412928581238
    ],
    [
      0.9388259053230286,
      -0.07845529913902283,
      0.3353365957736969,
      -0.16137711703777313,
      0.759972095489502,
      0.6296029686927795,
      -0.3042421340942383,
      -0.6452032923698425,
      0.7008206248283386
    ],
    [
      0.8178483843803406,
      0.3017120957374573,
      0.4899936616420746,
      -0.35005760192871094,
      0.9366980195045471,
      0.007512103300541639,
      -0.4567096531391144,
      -0.17766976356506348,
      0.8716935515403748
    ],
    [
      0.9994714856147766,
      0.019163507968187332,
      -0.026259493082761765,
      -0.020383398979902267,
      0.9986867904663086,
      -0.04700293391942978,
      0.02532426454126835,
      0.04751334711909294,
      0.9985495805740356
    ],
    [
      0.8514457941055298,
      -0.08736000210046768,
      -0.5171153545379639,
      0.2519512474536896,
      0.9329246282577515,
      0.25723952054977417,
      0.4599572420120239,
      -0.3493133783340454,
      0.81634521484375
    ],
    [
      0.8291640877723694,
      -0.07982650399208069,
      0.5532762408256531,
      -0.0680065006017685,
      0.9679950475692749,
      0.24157950282096863,
      -0.5548531413078308,
      -0.23793543875217438,
      0.7971979975700378
    ],
    [
      0.9886439442634583,
      -0.10587247461080551,
      0.10664936155080795,
      0.11533907055854797,
      0.9895188212394714,
      -0.08688722550868988,
      -0.09633258730173111,
      0.09820137917995453,
      0.9904929995536804
    ],
    [
      0.7296551465988159,
      0.46142882108688354,
      -0.5046651363372803,
      -0.46576714515686035,
      0.875707745552063,
      0.12726758420467377,
      0.5006640553474426,
      0.14219491183757782,
      0.8538830280303955
    ],
    [
      0.5121402144432068,
      -0.5227051973342896,
      0.6815363168716431,
      0.46039292216300964,
      0.8369377255439758,
      0.2959284484386444,
      -0.7250867486000061,
      0.16221760213375092,
      0.6692792177200317
    ],
    [
      0.5654354095458984,
      -0.08210430294275284,
      -0.8206958770751953,
      0.004133924841880798,
      0.995302677154541,
      -0.09672421962022781,
      0.8247821927070618,
      0.051298607140779495,
      0.5631188154220581
    ],
    [
      0.5604240298271179,
      0.13846233487129211,
      0.81654953956604,
      0.01828063279390335,
      0.9836175441741943,
      -0.17933866381645203,
      -0.8280041217803955,
      0.1154327243566513,
      0.5487117171287537
    ],
    [
      0.9317013621330261,
      -0.09095446765422821,
      0.3516530394554138,
      0.2614043653011322,
      0.8400942087173462,
      -0.4752993881702423,
      -0.25219106674194336,
      0.5347607135772705,
      0.806492805480957
    ],
    [
      0.9655043482780457,
      0.1909160315990448,
      -0.17706641554832458,
      -0.2322114259004593,
      0.9389750361442566,
      -0.25377902388572693,
      0.11781045794487,
      0.286141574382782,
      0.9509173631668091
    ],
    [
      0.8959529995918274,
      0.2332492470741272,
      -0.37797239422798157,
      -0.12450220435857773,
      0.9487789273262024,
      0.29037532210350037,
      0.42634204030036926,
      -0.2131042182445526,
      0.8791013956069946
    ],
    [
      0.9152503609657288,
      -0.3007298707962036,
      0.26810136437416077,
      0.14973555505275726,
      0.8716952800750732,
      0.46661192178726196,
      -0.3740268051624298,
      -0.3869224190711975,
      0.8428493738174438
    ]
  ],
  "root_rot": [
    0.284517765045166,
    -0.06590467691421509,
    0.9564027786254883,
    -0.04498772323131561,
    -0.997452974319458,
    -0.055350128561258316,
    0.9576146602630615,
    -0.027278287336230278,
    -0.2867580056190491
  ],
  "root_trans": [
    0.2737685441970825,
    0.5345397591590881,
    2.6314659118652344
  ]
}