{
  "betas": [
    -0.9057169556617737,
    1.0594298839569092,
    0.9149693250656128,
    -0.4256301820278168,
    -0.5448703169822693,
    0.14851364493370056,
    0.7711884379386902,
    0.6779375076293945,
    -0.5511118173599243,
    0.9652372598648071
  ],
  "joints": [
    [
      0.9502752423286438,
      -0.19495713710784912,
      -0.24283462762832642,
      0.3000957667827606,
      0.7815923690795898,
      0.5468600988388062,
      0.0831834077835083,
      -0.5925412178039551,
      0.80123370885849
    ],
    [
      0.9973045587539673,
      0.07283689081668854,
      -0.008854221552610397,
      -0.056353550404310226,
      0.8376529812812805,
      0.5432879328727722,
      0.046988170593976974,
      -0.5413245558738708,
      0.8394997715950012
    ],
    [
      0.9975540637969971,
      0.00045861065154895186,
      0.0698978379368782,
      0.023639587685465813,
      0.9388423562049866,
      -0.3435347080230713,
      -0.06578060984611511,
      0.3443467915058136,
      0.9365351796150208
    ],
    [
      0.9951362013816833,
      0.09283057600259781,
      0.03296177461743355,
      -0.024653693661093712,
      0.5586543679237366,
      -0.8290340304374695,
      -0.0953739583492279,
      0.8241891264915466,
      0.5582258105278015
    ],
    [
      0.9798858761787415,
      -0.1797311156988144,
      0.08672035485506058,
      0.07496602833271027,
      -0.07120331376791,
      -0.9946407079696655,
      0.18494266271591187,
      0.9811354279518127,
      -0.05629739537835121
    ],
    [
      0.9948705434799194,
      0.001816411386243999,
      -0.10114006698131561,
      -0.008107645437121391,
      0.9980539083480835,
      -0.0618269257247448,
      0.10083094239234924,
      0.062329795211553574,
      0.9929491877555847
    ],
    [
      0.9656980633735657,
      0.17973394691944122,
      0.1874110847711563,
      -0.11310207098722458,
      0.940818190574646,
      -0.31948232650756836,
      -0.2337416112422943,
      0.2873269021511078,
      0.9288746118545532
    ],
    [
      0.8090503811836243,
      -0.4801536202430725,
      -0.3389543294906616,
      0.3338186740875244,
      0.8500615954399109,
      -0.40738236904144287,
      0.48373815417289734,
      0.21644356846809387,
      0.8480269312858582
    ],
    [
      0.9981825351715088,
      0.05461899936199188,
      0.02546383999288082,
      -0.053507402539253235,
      0.997664213180542,
      -0.042462509125471115,
      -0.02772362157702446,
      0.041022829711437225,
      0.9987735152244568
    ],
    [
      0.9611122608184814,
      -0.27611812949180603,
      0.004694581031799316,
      0.16883033514022827,
      0.6009477376937866,
      0.7812542915344238,
      -0.21853965520858765,
      -0.750080406665802,
      0.6241953372955322
    ],
    [
      0.8021173477172852,
      0.46380794048309326,
      0.376151442527771,
      -0.4266495406627655,
      0.8858229517936707,
      -0.18244962394237518,
      -0.4178251624107361,
      -0.014138828031718731,
      0.9084174036979675
    ],
    [
      0.9906402230262756,
      0.04331624135375023,
      -0.12944360077381134,
      -0.07995545864105225,
      0.9527369737625122,
      -0.29308608174324036,
      0.11063031107187271,
      0.3006925880908966,
      0.9472829103469849
    ],
    [
      0.8133195042610168,
      0.013138816691935062,
      -0.5816689729690552,
      0.15476679801940918,
      0.9588399529457092,
      0.23806129395961761,
      0.5608552694320679,
      -0.2836429178714752,
      0.7778097987174988
    ],
    [
      0.8249524235725403,
      0.0004410760011523962,
      0.565201997756958,
      -0.10008987784385681,
      0.9843088388442993,
      0.1453201174736023,
      -0.5562693476676941,
      -0.17645318806171417,
      0.8120521306991577
    ],
    [
      0.990938127040863,
      -0.13257870078086853,
      -0.02155156619846821,
      0.13419058918952942,
      0.9841775298118591,
      0.11570430546998978,
      0.005870641674846411,
      -0.11754783242940903,
      0.9930498600006104
    ],
    [
      0.545550525188446,
      0.5489231944084167,
      -0.6332914233207703,
      -0.5657697319984436,
      0.7986969947814941,
      0.20490938425064087,
      0.6182873845100403,
      0.2465086281299591,
      0.7462937235832214
    ],
    [
      0.8461564183235168,
      -0.34379470348358154,
      0.40721553564071655,
      0.30193889141082764,
      0.9388930201530457,
      0.16526609659194946,
      -0.439149409532547,
      -0.016886785626411438,
      0.8982553482055664
    ],
    [
      -0.41677460074424744,
      -0.39302703738212585,
      -0.8196514844894409,
      0.04999008774757385,
      0.8904225826263428,
      -0.4523809254169464,
      0.9076341986656189,
      -0.22951532900333405,
      -0.3514580726623535
    ],
    [
      -0.41819998621940613,
      0.3009761869907379,
      0.8570425510406494,
      -0.04968246445059776,
      0.934519350528717,
      -0.3524273931980133,
      -0.9069952964782715,
      -0.1899651288986206,
      -0.3758627474308014
    ],
    [
      0.8150555491447449,
      -0.38081908226013184,
      0.43664780259132385,
      0.5295455455780029,
      0.7954351902008057,
      -0.29472774267196655,
      -0.2350870668888092,
      0.47144439816474915,
      0.8499849438667297
    ],
    [
      0.8438292741775513,
      0.504898190498352,
      -0.1817411184310913,
      -0.526008665561676,
      0.7112776041030884,
      -0.46626076102256775,
      -0.10614585131406784,
      0.48904192447662354,
      0.8657776713371277
    ],
    [
      0.8233782649040222,
      0.35323095321655273,
      -0.4441576600074768,
      -0.22060848772525787,
      0.9203394055366516,
      0.32296648621559143,
      0.5228574872016907,
      -0.16793863475322723,
      0.8357132077217102
    ],
    [
      0.9233707189559937,
      -0.3038797080516815,
      0.23461376130580902,
      0.21599099040031433,
      0.9164273142814636,
      0.33691075444221497,
      -0.31738680601119995,
      -0.2604190707206726,
      0.9118373990058899
    ]
  ],
  "root_rot": [
    0.4839725196361542,
    0.40849366784095764,
    -0.7738885283470154,
    0.26944756507873535,
    -0.9109570980072021,
    -0.3123382031917572,
    -0.8325674533843994,
    -0.05735928192734718,
    -0.5509458184242249
  ],
  "root_trans": [
    -0.25314003229141235,
    0.2705998420715332,
    2.4837353229522705
  ]
}