{
  "betas": [
    -0.720937192440033,
    1.0514823198318481,
    1.2940813302993774,
    0.48948824405670166,
    -0.11499440670013428,
    -0.1491837501525879,
    -0.2945936918258667,
    0.902746856212616,
    0.3571000397205353,
    0.9254779815673828
  ],
  "joints": [
    [
      0.9886513948440552,
      0.09348209947347641,
      -0.11759879440069199,
      -0.10556072741746902,
      0.9892645478248596,
      -0.10105736553668976,
      0.1068892553448677,
      0.11232432723045349,
      0.9879058003425598
    ],
    [
      0.9805436134338379,
      -0.12513019144535065,
      -0.15125048160552979,
      0.1645260751247406,
      0.9441477060317993,
      0.2855106592178345,
      0.10707678645849228,
      -0.3048402667045593,
      0.9463651776313782
    ],
    [
      0.9964643120765686,
      -0.06270626187324524,
      0.05591793358325958,
      0.06929303705692291,
      0.9897451400756836,
      -0.12491212040185928,
      -0.04751173406839371,
      0.12834519147872925,
      0.9905908107757568
    ],
    [
      0.997719407081604,
      0.06749169528484344,
      -0.0008816151530481875,
      -0.05335399881005287,
      0.7805891633033752,
      -0.6227630972862244,
      -0.04134315997362137,
      0.6213899254798889,
      0.7824099063873291
    ],
    [
      0.9777334332466125,
      -0.08037576079368591,
      -0.1938481628894806,
      0.01427191961556673,
      0.9470725655555725,
      -0.32070228457450867,
      0.20936495065689087,
      0.31079474091529846,
      0.9271316528320312
    ],
    [
      0.9990717172622681,
      0.025030164048075676,
      -0.03506132960319519,
      -0.026564326137304306,
      0.99867844581604,
      -0.04399637505412102,
      0.033913757652044296,
      0.044886909425258636,
      0.9984163045883179
    ],
    [
      0.9726966619491577,
      0.1935935616493225,
      -0.12799489498138428,
      -0.226576030254364,
      0.9115478992462158,
      -0.3431380093097687,
      0.050244152545928955,
      0.3627697825431824,
      0.9305232763290405
    ],
    [
      0.8460482954978943,
      -0.02032659761607647,
      -0.5327185392379761,
      0.12366916239261627,
      0.979496955871582,
      0.15903376042842865,
      0.5185635685920715,
      -0.20043110847473145,
      0.831215500831604
    ],
    [
      0.9913671016693115,
      0.029189862310886383,
      0.12782464921474457,
      -0.02549707144498825,
      0.9992116093635559,
      -0.030431469902396202,
      -0.12861216068267822,
      0.026909606531262398,
      0.9913297891616821
    ],
    [
      0.8509752750396729,
      -0.5010280013084412,
      -0.15751825273036957,
      0.47806766629219055,
      0.6147559285163879,
      0.6273168921470642,
      -0.2174680233001709,
      -0.6091355681419373,
      0.7626673579216003
    ],
    [
      0.7855767607688904,
      0.3093048930168152,
      0.5359101295471191,
      -0.3415345549583435,
      0.9389621019363403,
      -0.0412830151617527,
      -0.515968382358551,
      -0.1506008505821228,
      0.8432651162147522
    ],
    [
      0.8701293468475342,
      -0.045359618961811066,
      -0.49073153734207153,
      0.0619688481092453,
      0.9979221820831299,
      0.01763802580535412,
      0.48891186714172363,
      -0.04575742781162262,
      0.8711322546005249
    ],
    [
      0.9427616596221924,
      0.2788514196872711,
      0.18287238478660583,
      -0.2753322422504425,
      0.960300624370575,
      -0.044886499643325806,
      -0.18812914192676544,
      -0.008033395744860172,
      0.982111394405365
    ],
    [
      0.9112626910209656,
      -0.21729665994644165,
      0.3498319387435913,
      0.1539018154144287,
      0.9676060080528259,
      0.20013198256492615,
      -0.3819875121116638,
      -0.12853305041790009,
      0.9151856303215027
    ],
    [
      0.9847006797790527,
      0.0824020579457283,
      -0.15354017913341522,
      -0.05826437100768089,
      0.9861071109771729,
      0.15555742383003235,
      0.16422529518604279,
      -0.14423155784606934,
      0.9758214354515076
    ],
    [
      0.5921640396118164,
      0.7671266794204712,
      -0.24669505655765533,
      -0.7693252563476562,
      0.4471174478530884,
      -0.45631638169288635,
      -0.23975078761577606,
      0.4600028693675995,
      0.8549367785453796
    ],
    [
      0.7442952990531921,
      -0.41749364137649536,
      0.5212711691856384,
      0.3424040377140045,
      0.9086795449256897,
      0.23887421190738678,
      -0.5733969211578369,
      0.0006924139452166855,
      0.8192774057388306
    ],
    [
      -0.25043466687202454,
      -0.3170830011367798,
      -0.9147354364395142,
      -0.15322433412075043,
      0.9459171891212463,
      -0.28594231605529785,
      0.9559313654899597,
      0.06854985654354095,
      -0.2854752838611603
    ],
    [
      0.10234399884939194,
      0.23132531344890594,
      0.9674782752990723,
      -0.5219898223876953,
      0.8404110670089722,
      -0.1457250565290451,
      -0.8467894196510315,
      -0.4900997579097748,
      0.2067604809999466
    ],
    [
      0.9334288835525513,
      -0.3567858934402466,
      0.03760695829987526,
      0.3482236862182617,
      0.8757973909378052,
      -0.3342442214488983,
      0.08631754666566849,
      0.32508885860443115,
      0.9417358636856079
    ],
    [
      0.834771990776062,
      0.5247865319252014,
      -0.16659781336784363,
      -0.5389955043792725,
      0.7170957326889038,
      -0.4418795704841614,
      -0.11242587119340897,
      0.4586641788482666,
      0.8814690113067627
    ],
    [
      0.7862337231636047,
      0.5170373320579529,
      -0.33839166164398193,
      -0.1658843755722046,
      0.7041248679161072,
      0.6904277801513672,
      0.5952469706535339,
      -0.4867037534713745,
      0.6393751502037048
    ],
    [
      0.9465135335922241,
      -0.2817562520503998,
      0.1572435349225998,
      0.17014826834201813,
      0.849905788898468,
      0.4987080693244934,
      -0.2741563022136688,
      -0.44527921080589294,
      0.8523876667022705
    ]
  ],
  "root_rot": [
    -0.0039058702532202005,
    0.014767751097679138,
    -0.999883234500885,
    0.08310253918170929,
    -0.9964274764060974,
    -0.015041334554553032,
    -0.9965332746505737,
    -0.08315159380435944,
    0.002664678730070591
  ],
  "root_trans": [
    -0.8362723588943481,
    0.5650236010551453,
    2.44555401802063
  ]
}