{
  "betas": [
    -0.5450502038002014,
    0.6310007572174072,
    0.9042227268218994,
    0.27014195919036865,
    0.18986327946186066,
    0.7749959826469421,
    -0.23185193538665771,
    0.33764633536338806,
    -0.12783753871917725,
    0.7438805103302002
  ],
  "joints": [
    [
      0.9901157021522522,
      -0.057372353971004486,
      0.12798231840133667,
      0.09386824071407318,
      0.9490745067596436,
      -0.3007429540157318,
      -0.10421043634414673,
      0.3097837269306183,
      0.9450790286064148
    ],
    [
      0.9911244511604309,
      0.08367209881544113,
      0.10330230742692947,
      -0.12694516777992249,
      0.8263793587684631,
      0.5486183166503906,
      -0.039462845772504807,
      -0.5568627119064331,
      0.8296665549278259
    ],
    [
      0.985093891620636,
      -0.08247804641723633,
      -0.1509547382593155,
      0.058405760675668716,
      0.9857946038246155,
      -0.15747271478176117,
      0.16179843246936798,
      0.1463087797164917,
      0.9759174585342407
    ],
    [
      0.9953936338424683,
      0.034338049590587616,
      -0.08951230347156525,
      -0.047251686453819275,
      0.9880961179733276,
      -0.14640134572982788,
      0.08341962099075317,
      0.1499565690755844,
      0.9851671457290649
    ],
    [
      0.9976829290390015,
      0.022346865385770798,
      0.06426039338111877,
      0.012984720058739185,
      0.8646135926246643,
      -0.5022695660591125,
      -0.0667845606803894,
      0.501940131187439,
      0.862320065498352
    ],
    [
      0.9877756237983704,
      0.02474967949092388,
      -0.15390470623970032,
      0.008874265477061272,
      0.9767858386039734,
      0.21403445303440094,
      0.1556292027235031,
      -0.2127838283777237,
      0.9646255970001221
    ],
    [
      0.9692667722702026,
      -0.17668990790843964,
      0.17118024826049805,
      0.14822666347026825,
      0.9747763276100159,
      0.16685327887535095,
      -0.19634373486042023,
      -0.13635185360908508,
      0.9710084795951843
    ],
    [
      0.8186278939247131,
      -0.5659819841384888,
      -0.09753341972827911,
      0.5532355904579163,
      0.8227111101150513,
      -0.13067834079265594,
      0.154203400015831,
      0.053017981350421906,
      0.9866156578063965
    ],
    [
      0.9956581592559814,
      0.030615704134106636,
      -0.08790578693151474,
      -0.040334321558475494,
      0.9930012822151184,
      -0.11100251227617264,
      0.08389213681221008,
      0.11406618356704712,
      0.9899246692657471
    ],
    [
      0.961550772190094,
      -0.11977312713861465,
      0.2471327930688858,
      -0.10884695500135422,
      0.6599741578102112,
      0.7433616518974304,
      -0.2521359920501709,
      -0.7416795492172241,
      0.6215617060661316
    ],
    [
      0.8181390166282654,
      0.3791770935058594,
      0.43228837847709656,
      -0.4231221377849579,
      0.9060524106025696,
      0.006057083141058683,
      -0.38937923312187195,
      -0.18786631524562836,
      0.9017150402069092
    ],
    [
      0.9984577298164368,
      0.05093170329928398,
      -0.022094042971730232,
      -0.053356435149908066,
      0.9902834892272949,
      -0.12841980159282684,
      0.01533872727304697,
      0.1294005960226059,
      0.9914737343788147
    ],
    [
      0.6329628825187683,
      -0.18726405501365662,
      -0.7511924505233765,
      0.5634517669677734,
      0.7768522500991821,
      0.2811098098754883,
      0.5309237241744995,
      -0.601192831993103,
      0.5972328782081604
    ],
    [
      0.7968514561653137,
      0.19038143754005432,
      0.5733957290649414,
      -0.36584484577178955,
      0.9073265194892883,
      0.20716208219528198,
      -0.4808173179626465,
      -0.3748512864112854,
      0.7926545143127441
    ],
    [
      0.9993752837181091,
      -0.024474501609802246,
      0.025497902184724808,
      0.023498814553022385,
      0.9990057349205017,
      0.037886470556259155,
      -0.026399802416563034,
      -0.03726362809538841,
      0.9989567399024963
    ],
    [
      0.6832882165908813,
      0.42078763246536255,
      -0.5967033505439758,
      -0.19415321946144104,
      0.8925235271453857,
      0.4070702791213989,
      0.7038619518280029,
      -0.1622944325208664,
      0.6915481090545654
    ],
    [
      0.8878498077392578,
      -0.1690114289522171,
      0.42796948552131653,
      0.02120598405599594,
      0.9441400170326233,
      0.3288615942001343,
      -0.45964449644088745,
      -0.28290417790412903,
      0.8418385982513428
    ],
    [
      0.09902624040842056,
      -0.222202330827713,
      -0.9699587821960449,
      0.47921890020370483,
      0.8649187088012695,
      -0.14921429753303528,
      0.8720912337303162,
      -0.4500463902950287,
      0.19213320314884186
    ],
    [
      -0.07179053872823715,
      0.2566249966621399,
      0.9638410806655884,
      -0.49757394194602966,
      0.8282902240753174,
      -0.2575954496860504,
      -0.864445686340332,
      -0.49807512760162354,
      0.06822650879621506
    ],
    [
      0.8886289000511169,
      -0.3028724789619446,
      0.3443935811519623,
      0.4467358887195587,
      0.7415117621421814,
      -0.500586986541748,
      -0.10375785827636719,
      0.598689079284668,
      0.7942327857017517
    ],
    [
      0.7840835452079773,
      0.4739501178264618,
      -0.40072956681251526,
      -0.6191912293434143,
      0.5530154705047607,
      -0.5574728846549988,
      -0.0426047258079052,
      0.6852335929870605,
      0.7270761132240295
    ],
    [
      0.9154908657073975,
      0.29526272416114807,
      -0.2733061909675598,
      -0.2058325707912445,
      0.927380383014679,
      0.3124077618122101,
      0.3457011282444,
      -0.22975116968154907,
      0.9097829461097717
    ],
    [
      0.9563496112823486,
      -0.1611527055501938,
      0.2437727451324463,
      0.12467056512832642,
      0.9794712066650391,
      0.15840891003608704,
      -0.26429641246795654,
      -0.12110302597284317,
      0.9568079113960266
    ]
  ],
  "root_rot": [
    0.5983620285987854,
    0.016266589984297752,
    -0.801060676574707,
    0.0640629231929779,
    -0.9975642561912537,
    0.027595732361078262,
    -0.7986605763435364,
    -0.06783053278923035,
    -0.5979466438293457
  ],
  "root_trans": [
    0.10575059801340103,
    0.5343912839889526,
    2.710111618041992
  ]
}