{
  "betas": [
    -0.4888283610343933,
    0.7976363301277161,
    1.122136116027832,
    -0.04465740919113159,
    0.5773270726203918,
    -0.21391364932060242,
    0.16847611963748932,
    0.36839035153388977,
    0.14498606324195862,
    0.7512907981872559
  ],
  "joints": [
    [
      0.9683464765548706,
      -0.2484949827194214,
      0.023568496108055115,
      0.24804605543613434,
      0.9685330986976624,
      0.02041447162628174,
      -0.027899764478206635,
      -0.013922207988798618,
      0.9995138049125671
    ],
    [
      0.9323472380638123,
      0.3205152750015259,
      -0.16732780635356903,
      -0.3010116219520569,
      0.9444583654403687,
      0.13187268376350403,
      0.20030134916305542,
      -0.07258351147174835,
      0.9770419597625732
    ],
    [
      0.9939481616020203,
      -0.108839251101017,
      -0.014862814918160439,
      0.10699006170034409,
      0.9898437857627869,
      -0.09360767900943756,
      0.024900054559111595,
      0.0914510190486908,
      0.9954981207847595
    ],
    [
      0.9992837905883789,
      0.029246743768453598,
      -0.024010643362998962,
      -0.03359206020832062,
      0.9777475595474243,
      -0.20707790553569794,
      0.01741999387741089,
      0.20773616433143616,
      0.978029727935791
    ],
    [
      0.9980891942977905,
      0.04716973379254341,
      0.03991329297423363,
      -0.034985583275556564,
      0.9638334512710571,
      -0.26419880986213684,
      -0.050931960344314575,
      0.26229754090309143,
      0.9636420011520386
    ],
    [
      0.9912577867507935,
      0.09184220433235168,
      -0.09472545981407166,
      -0.08333463221788406,
      0.9924339652061462,
      0.09016784280538559,
      0.10228996723890305,
      -0.08148567378520966,
      0.9914115071296692
    ],
    [
      0.998405396938324,
      -0.013950393535196781,
      0.05469920486211777,
      0.009333396330475807,
      0.9964412450790405,
      0.08377142995595932,
      -0.05567318946123123,
      -0.08312731981277466,
      0.9949825406074524
    ],
    [
      0.9039956331253052,
      -0.35953471064567566,
      -0.23135817050933838,
      0.35578152537345886,
      0.93268883228302,
      -0.059254612773656845,
      0.23708926141262054,
      -0.02874704822897911,
      0.971062421798706
    ],
    [
      0.9900582432746887,
      0.133332759141922,
      0.044800300151109695,
      -0.1319083422422409,
      0.9906995296478271,
      -0.033386874943971634,
      -0.04883519932627678,
      0.027145415544509888,
      0.9984379410743713
    ],
    [
      0.9920262694358826,
      -0.08111181855201721,
      0.0964614525437355,
      0.040424756705760956,
      0.9297202229499817,
      0.36604124307632446,
      -0.1193724274635315,
      -0.3592230975627899,
      0.9255858063697815
    ],
    [
      0.9758395552635193,
      0.20743001997470856,
      0.06862973421812057,
      -0.20692157745361328,
      0.9782497882843018,
      -0.0145149240270257,
      -0.07014786452054977,
      -3.673675382742658e-05,
      0.9975365996360779
    ],
    [
      0.9292648434638977,
      -0.248244047164917,
      -0.27357208728790283,
      0.21372133493423462,
      0.9653134346008301,
      -0.14997726678848267,
      0.3013137876987457,
      0.0809004157781601,
      0.9500868916511536
    ],
    [
      0.8871840834617615,
      0.3563551604747772,
      -0.29311326146125793,
      -0.30466723442077637,
      0.9294950366020203,
      0.20788682997226715,
      0.3465288281440735,
      -0.09513188898563385,
      0.9332029223442078
    ],
    [
      0.7213939428329468,
      0.29570189118385315,
      0.626219630241394,
      -0.5739601850509644,
      0.7612725496292114,
      0.3017179071903229,
      -0.38750529289245605,
      -0.5770826935768127,
      0.7188985347747803
    ],
    [
      0.9713950157165527,
      -0.12459342926740646,
      0.2021591067314148,
      0.046329908072948456,
      0.9343804121017456,
      0.353251576423645,
      -0.23290637135505676,
      -0.33378076553344727,
      0.9134248495101929
    ],
    [
      0.48061850666999817,
      0.7399787306785583,
      -0.47057127952575684,
      -0.8736985325813293,
      0.4500885605812073,
      -0.1845836043357849,
      0.0752108246088028,
      0.4998517632484436,
      0.8628392219543457
    ],
    [
      0.8242340087890625,
      0.13512377440929413,
      0.5498908758163452,
      -0.41413676738739014,
      0.8061310052871704,
      0.4226624071598053,
      -0.3861723840236664,
      -0.5761027336120605,
      0.720400333404541
    ],
    [
      0.23993182182312012,
      -0.41331255435943604,
      -0.8784106969833374,
      -0.12229970842599869,
      0.8847634792327881,
      -0.4497069716453552,
      0.9630552530288696,
      0.2153283953666687,
      0.1617349088191986
    ],
    [
      0.6311662197113037,
      0.023351017385721207,
      0.7752960920333862,
      -0.2796730697154999,
      0.9391617774963379,
      0.1993945688009262,
      -0.7234722971916199,
      -0.34268054366111755,
      0.599297821521759
    ],
    [
      0.9631486535072327,
      -0.19384431838989258,
      0.18646478652954102,
      0.2681221663951874,
      0.7469406723976135,
      -0.6084325909614563,
      -0.021336909383535385,
      0.6360062956809998,
      0.7713888883590698
    ],
    [
      0.9780964255332947,
      0.18689432740211487,
      -0.09163995832204819,
      -0.19135946035385132,
      0.6341163516044617,
      -0.7491849660873413,
      -0.08190800994634628,
      0.7503113150596619,
      0.6559909582138062
    ],
    [
      0.9921038150787354,
      0.03132806718349457,
      -0.12144377082586288,
      -0.03339489549398422,
      0.9993293881416321,
      -0.01502046175301075,
      0.1208917573094368,
      0.018957458436489105,
      0.9924846887588501
    ],
    [
      0.9900257587432861,
      -0.058116815984249115,
      0.12834152579307556,
      0.03919505700469017,
      0.9886080026626587,
      0.14532019197940826,
      -0.13532501459121704,
      -0.13884036242961884,
      0.9810252785682678
    ]
  ],
  "root_rot": [
    -0.9409319758415222,
    -0.024803197011351585,
    -0.3376862406730652,
    0.061346493661403656,
    -0.9932960271835327,
    -0.09797843545675278,
    -0.33299216628074646,
    -0.11290688812732697,
    0.9361456036567688
  ],
  "root_trans": [
    -0.5843926072120667,
    0.5579164624214172,
    2.329002857208252
  ]
}