{
  "betas": [
    -0.7391230463981628,
    0.9877644777297974,
    1.299150824546814,
    0.5569581389427185,
    0.0006900429725646973,
    0.09523828327655792,
    -0.39545828104019165,
    0.8469080328941345,
    0.3246356248855591,
    0.8182583451271057
  ],
  "joints": [
    [
      0.9907763004302979,
      0.08345446735620499,
      -0.10675981640815735,
      -0.11160533875226974,
      0.9493897557258606,
      -0.29360389709472656,
      0.07685412466526031,
      0.30281075835227966,
      0.9499468207359314
    ],
    [
      0.9835930466651917,
      -0.048110511153936386,
      -0.17386791110038757,
      0.11681122332811356,
      0.9043080806732178,
      0.4105874001979828,
      0.1374765932559967,
      -0.4241606295108795,
      0.8950909972190857
    ],
    [
      0.9966806769371033,
      -0.062418095767498016,
      0.05226406827569008,
      0.0686732679605484,
      0.9893953800201416,
      -0.12798765301704407,
      -0.04372107982635498,
      0.1311519742012024,
      0.9903976917266846
    ],
    [
      0.9985622763633728,
      -0.018911316990852356,
      -0.05015723779797554,
      0.005169316660612822,
      0.9653120636940002,
      -0.2610476613044739,
      0.05335414037108421,
      0.2604130804538727,
      0.9640219807624817
    ],
    [
      0.9708718061447144,
      -0.09909602999687195,
      -0.21814650297164917,
      0.028570804744958878,
      0.951848566532135,
      -0.3052343428134918,
      0.23788994550704956,
      0.29011082649230957,
      0.9269542098045349
    ],
    [
      0.9989622831344604,
      0.04155350849032402,
      -0.018643103539943695,
      -0.04234505817294121,
      0.998120903968811,
      -0.04429055005311966,
      0.01676764339208603,
      0.04503403976559639,
      0.9988447427749634
    ],
    [
      0.9872326850891113,
      0.1339898407459259,
      0.08613061904907227,
      -0.1272604614496231,
      0.9886866807937622,
      -0.0793938934803009,
      -0.09579416364431381,
      0.06741921603679657,
      0.9931154251098633
    ],
    [
      0.816994309425354,
      -0.14168781042099,
      -0.5589677095413208,
      0.21975821256637573,
      0.9726946949958801,
      0.07464159280061722,
      0.533129096031189,
      -0.1838195025920868,
      0.8258230686187744
    ],
    [
      0.9876137971878052,
      0.026548707857728004,
      0.15464232861995697,
      -0.021646995097398758,
      0.9992110729217529,
      -0.033295512199401855,
      -0.15540428459644318,
      0.0295355636626482,
      0.9874093532562256
    ],
    [
      0.8732300996780396,
      -0.4790990352630615,
      -0.08906925469636917,
      0.40510693192481995,
      0.6121129393577576,
      0.6791215538978577,
      -0.27084600925445557,
      -0.6291119456291199,
      0.7286018133163452
    ],
    [
      0.7349684834480286,
      0.297414094209671,
      0.6093981266021729,
      -0.3765973448753357,
      0.9263747334480286,
      0.002084570238366723,
      -0.5639110207557678,
      -0.23102983832359314,
      0.7928615808486938
    ],
    [
      0.8760339021682739,
      -0.027228277176618576,
      -0.4814801812171936,
      0.05655195936560631,
      0.9973164200782776,
      0.04649457708001137,
      0.47892215847969055,
      -0.06795947253704071,
      0.8752228021621704
    ],
    [
      0.9517041444778442,
      0.2710447907447815,
      0.1442013382911682,
      -0.26975858211517334,
      0.9624978303909302,
      -0.028777094557881355,
      -0.146593376994133,
      -0.011512271128594875,
      0.9891298413276672
    ],
    [
      0.8775835037231445,
      -0.23841369152069092,
      0.4159401059150696,
      0.18133479356765747,
      0.9681976437568665,
      0.17236894369125366,
      -0.44380733370780945,
      -0.07584371417760849,
      0.8929069638252258
    ],
    [
      0.9930621385574341,
      0.08117899298667908,
      -0.08507375419139862,
      -0.079126738011837,
      0.9964925646781921,
      0.027229413390159607,
      0.08698582649230957,
      -0.02030889131128788,
      0.9960024952888489
    ],
    [
      0.6308866143226624,
      0.7457345724105835,
      -0.21415428817272186,
      -0.725297749042511,
      0.46882522106170654,
      -0.5041291117668152,
      -0.27554556727409363,
      0.4733738601207733,
      0.8366551399230957
    ],
    [
      0.7881085276603699,
      -0.34711986780166626,
      0.5083234310150146,
      0.26977527141571045,
      0.9370691180229187,
      0.22163662314414978,
      -0.5532686710357666,
      -0.037540603429079056,
      0.8321565389633179
    ],
    [
      -0.28065043687820435,
      -0.24659274518489838,
      -0.9275922775268555,
      -0.16266606748104095,
      0.964672863483429,
      -0.20723439753055573,
      0.9459255337715149,
      0.09272737056016922,
      -0.3108481466770172
    ],
    [
      0.24314309656620026,
      0.16771258413791656,
      0.9553815722465515,
      -0.5620285272598267,
      0.827114999294281,
      -0.0021606371738016605,
      -0.7905728220939636,
      -0.5364263653755188,
      0.2953665554523468
    ],
    [
      0.9099882245063782,
      -0.41458842158317566,
      0.006156257353723049,
      0.39010196924209595,
      0.8510223031044006,
      -0.3515414595603943,
      0.14050590991973877,
      0.32230013608932495,
      0.9361520409584045
    ],
    [
      0.8059197068214417,
      0.5481346249580383,
      -0.22370043396949768,
      -0.5827577710151672,
      0.6678979396820068,
      -0.4629315435886383,
      -0.10433973371982574,
      0.5034488439559937,
      0.85770183801651
    ],
    [
      0.6992464661598206,
      0.675225555896759,
      -0.23478685319423676,
      -0.25359296798706055,
      0.5413569808006287,
      0.8016378283500671,
      0.6683897972106934,
      -0.5010021328926086,
      0.5497744083404541
    ],
    [
      0.9434973001480103,
      -0.2913147807121277,
      0.15795114636421204,
      0.14589378237724304,
      0.7931294441223145,
      0.5913211703300476,
      -0.2975362241268158,
      -0.5348657965660095,
      0.7908164858818054
    ]
  ],
  "root_rot": [
    0.19431418180465698,
    -0.02422906830906868,
    -0.9806400537490845,
    0.06059835106134415,
    -0.9974890351295471,
    0.03665294870734215,
    -0.9790657758712769,
    -0.06654735654592514,
    -0.19235801696777344
  ],
  "root_trans": [
    -0.7801968455314636,
    0.5710281133651733,
    2.448425531387329
  ]
}