{
  "betas": [
    -0.5827276110649109,
    0.9835110902786255,
    1.0450125932693481,
    -0.14110824465751648,
    0.41292163729667664,
    0.30310341715812683,
    0.12321692705154419,
    0.2389373481273651,
    -0.13842740654945374,
    0.5372705459594727
  ],
  "joints": [
    [
      0.982010543346405,
      -0.18314909934997559,
      0.04595354571938515,
      0.18706203997135162,
      0.9767762422561646,
      -0.10447931289672852,
      -0.02575104311108589,
      0.11119594424962997,
      0.9934648275375366
    ],
    [
      0.9476288557052612,
      0.23590998351573944,
      -0.21528136730194092,
      -0.20599527657032013,
      0.9666017293930054,
      0.1524699330329895,
      0.24406051635742188,
      -0.10013796389102936,
      0.964576005935669
    ],
    [
      0.9990156888961792,
      -0.006664884276688099,
      0.043854858726263046,
      0.010775579139590263,
      0.9954972267150879,
      -0.09417656809091568,
      -0.04302971065044403,
      0.09455642849206924,
      0.9945891499519348
    ],
    [
      0.9981678128242493,
      -0.0009255888871848583,
      -0.06049852445721626,
      -0.01021265797317028,
      0.982959508895874,
      -0.18353809416294098,
      0.059637486934661865,
      0.1838196963071823,
      0.9811490774154663
    ],
    [
      0.9982627630233765,
      -0.029380977153778076,
      -0.051071472465991974,
      0.01175800058990717,
      0.948701798915863,
      -0.31595349311828613,
      0.057734619826078415,
      0.3148041069507599,
      0.9473991394042969
    ],
    [
      0.9963341951370239,
      0.01088383886963129,
      -0.0848502516746521,
      0.014645688235759735,
      0.9555269479751587,
      0.2945399880409241,
      0.08428242057561874,
      -0.29470300674438477,
      0.9518647789955139
    ],
    [
      0.9911535382270813,
      -0.03039396181702614,
      0.12919311225414276,
      0.024158360436558723,
      0.9984788298606873,
      0.049562085419893265,
      -0.13050296902656555,
      -0.04600254073739052,
      0.9903801083564758
    ],
    [
      0.8543833494186401,
      -0.36552172899246216,
      -0.36935484409332275,
      0.3901517987251282,
      0.9207097887992859,
      -0.008664377965033054,
      0.3432356119155884,
      -0.13670174777507782,
      0.9292480945587158
    ],
    [
      0.9963974952697754,
      0.04799995198845863,
      0.06991425156593323,
      -0.03980378434062004,
      0.9926553964614868,
      -0.11424034833908081,
      -0.07488429546356201,
      0.1110459491610527,
      0.9909899234771729
    ],
    [
      0.9688774943351746,
      0.030226774513721466,
      0.2456885427236557,
      -0.19892726838588715,
      0.685771644115448,
      0.7001037001609802,
      -0.1473243683576584,
      -0.727188766002655,
      0.6704416275024414
    ],
    [
      0.8533107042312622,
      0.4052896499633789,
      0.32802605628967285,
      -0.39588072896003723,
      0.9130297303199768,
      -0.09826119244098663,
      -0.3393217623233795,
      -0.04601185396313667,
      0.9395443797111511
    ],
    [
      0.9900090098381042,
      -0.06717991083860397,
      -0.12397226691246033,
      0.06272587180137634,
      0.9972491264343262,
      -0.03949218988418579,
      0.12628431618213654,
      0.03132135421037674,
      0.9914995431900024
    ],
    [
      0.5886420011520386,
      -0.17386247217655182,
      -0.7894760370254517,
      0.6541584730148315,
      0.6762195229530334,
      0.3388272225856781,
      0.4749497175216675,
      -0.7158903479576111,
      0.5117848515510559
    ],
    [
      0.6298297643661499,
      0.11355943977832794,
      0.7683870196342468,
      -0.5544460415840149,
      0.7585359811782837,
      0.34236347675323486,
      -0.5439705848693848,
      -0.6416598558425903,
      0.5407111048698425
    ],
    [
      0.9981719851493835,
      -0.02362370304763317,
      -0.05562889575958252,
      0.0396319217979908,
      0.9507628083229065,
      0.30737510323524475,
      0.04562854394316673,
      -0.30901792645454407,
      0.9499610662460327
    ],
    [
      0.742706835269928,
      0.2416449934244156,
      -0.6244952082633972,
      0.03451022505760193,
      0.9175634980201721,
      0.3960888385772705,
      0.6687268018722534,
      -0.3157293498516083,
      0.6731414794921875
    ],
    [
      0.7906278371810913,
      -0.15398946404457092,
      0.5926169753074646,
      -0.15221621096134186,
      0.8880432844161987,
      0.4338310956954956,
      -0.5930749177932739,
      -0.43320485949516296,
      0.6786720752716064
    ],
    [
      0.5170032978057861,
      -0.13182806968688965,
      -0.8457712531089783,
      0.508103609085083,
      0.8424292802810669,
      0.17928655445575714,
      0.688867449760437,
      -0.5224311351776123,
      0.5025210380554199
    ],
    [
      0.5018799304962158,
      0.2590992748737335,
      0.825217604637146,
      -0.4670603573322296,
      0.8842020034790039,
      0.006437242496758699,
      -0.7279911637306213,
      -0.3886571526527405,
      0.564778208732605
    ],
    [
      0.9098559021949768,
      -0.28157153725624084,
      0.30476170778274536,
      0.41001901030540466,
      0.7227450609207153,
      -0.5563488006591797,
      -0.06361304223537445,
      0.6311553716659546,
      0.7730435132980347
    ],
    [
      0.8518257141113281,
      0.40697163343429565,
      -0.3297985792160034,
      -0.5237932801246643,
      0.6687315702438354,
      -0.5276728272438049,
      0.00579884834587574,
      0.6222315430641174,
      0.7828117609024048
    ],
    [
      0.9502225518226624,
      0.20910215377807617,
      -0.23098337650299072,
      -0.1405923217535019,
      0.9493421316146851,
      0.28103962540626526,
      0.27804824709892273,
      -0.23457570374011993,
      0.9314844608306885
    ],
    [
      0.9679554104804993,
      -0.14474865794181824,
      0.20520763099193573,
      0.10969741642475128,
      0.9787969589233398,
      0.17298254370689392,
      -0.22589561343193054,
      -0.14492864906787872,
      0.9633103609085083
    ]
  ],
  "root_rot": [
    -0.9594196081161499,
    -0.05013293772935867,
    -0.27748993039131165,
    0.07705425471067429,
    -0.9932262301445007,
    -0.08697256445884705,
    -0.2712500989437103,
    -0.1048249676823616,
    0.956783652305603
  ],
  "root_trans": [
    -0.4780328869819641,
    0.5037617683410645,
    2.440537452697754
  ]
}