{
  "betas": [
    -0.850847065448761,
    0.7007786631584167,
    1.4750498533248901,
    -0.17751649022102356,
    0.15160608291625977,
    -0.14254137873649597,
    -0.02843773365020752,
    0.24117408692836761,
    -0.009424284100532532,
    1.0690046548843384
  ],
  "joints": [
    [
      0.9424892663955688,
      -0.32364219427108765,
      0.08348551392555237,
      0.304308146238327,
      0.934206485748291,
      0.18615804612636566,
      -0.13824130594730377,
      -0.15004661679267883,
      0.9789665341377258
    ],
    [
      0.9368569254875183,
      0.3486594259738922,
      -0.02712089940905571,
      -0.33221983909606934,
      0.9115350246429443,
      0.2423507571220398,
      0.10921952873468399,
      -0.2180379182100296,
      0.9698094725608826
    ],
    [
      0.9983691573143005,
      -0.04236214607954025,
      0.03826814889907837,
      0.04756959527730942,
      0.9879307150840759,
      -0.14741115272045135,
      -0.03156162425875664,
      0.1489911526441574,
      0.9883347153663635
    ],
    [
      0.9902185797691345,
      0.13467657566070557,
      -0.03646083176136017,
      -0.13947148621082306,
      0.9626680016517639,
      -0.23198705911636353,
      0.00385645660571754,
      0.23480314016342163,
      0.97203528881073
    ],
    [
      0.9844701290130615,
      0.057641372084617615,
      0.1658191680908203,
      -0.01552276685833931,
      0.9694406986236572,
      -0.24483415484428406,
      -0.17486442625522614,
      0.23845794796943665,
      0.9552801847457886
    ],
    [
      0.9928597211837769,
      -0.024146337062120438,
      -0.11681841313838959,
      0.03007224015891552,
      0.998334527015686,
      0.049233611673116684,
      0.11543503403663635,
      -0.052395060658454895,
      0.9919322729110718
    ],
    [
      0.9863195419311523,
      -0.03382381796836853,
      0.1613372415304184,
      0.04750259593129158,
      0.9955247640609741,
      -0.08169405162334442,
      -0.15785200893878937,
      0.0882403776049614,
      0.9835122227668762
    ],
    [
      0.8718113303184509,
      -0.42590102553367615,
      -0.24197785556316376,
      0.4258195161819458,
      0.903111457824707,
      -0.0553843230009079,
      0.24212121963500977,
      -0.05475422367453575,
      0.9686997532844543
    ],
    [
      0.9996349811553955,
      0.0015329483430832624,
      0.02697538584470749,
      -0.0006367145688273013,
      0.9994485378265381,
      -0.0332016758620739,
      -0.02701140195131302,
      0.033172376453876495,
      0.9990847110748291
    ],
    [
      0.993518590927124,
      -0.026435725390911102,
      0.11055290699005127,
      -0.05249909684062004,
      0.7559186816215515,
      0.6525570750236511,
      -0.10081983357667923,
      -0.6541315317153931,
      0.749631404876709
    ],
    [
      0.905162513256073,
      0.3779536783695221,
      0.19450420141220093,
      -0.37518179416656494,
      0.9254710674285889,
      -0.05236249044537544,
      -0.19979862868785858,
      -0.025577878579497337,
      0.9795030355453491
    ],
    [
      0.8617308139801025,
      0.32816657423973083,
      0.3869453966617584,
      -0.28360843658447266,
      0.9439393281936646,
      -0.16895201802253723,
      -0.4206973910331726,
      0.035850174725055695,
      0.9064924120903015
    ],
    [
      0.9898560047149658,
      -0.03682754561305046,
      -0.13721802830696106,
      0.05618865042924881,
      0.9885537028312683,
      0.1400156319141388,
      0.1304909586906433,
      -0.1463054120540619,
      0.9805951118469238
    ],
    [
      0.98248690366745,
      -0.1828637421131134,
      0.03578247129917145,
      0.1859712451696396,
      0.9742755889892578,
      -0.127286896109581,
      -0.011585826985538006,
      0.13171221315860748,
      0.9912204146385193
    ],
    [
      0.851783812046051,
      -0.1584826409816742,
      0.49934712052345276,
      0.11983051151037216,
      0.986815869808197,
      0.10878904163837433,
      -0.5100048184394836,
      -0.03282773122191429,
      0.8595448136329651
    ],
    [
      0.971882700920105,
      0.19379040598869324,
      -0.13375091552734375,
      -0.18561214208602905,
      0.9800371527671814,
      0.07124092429876328,
      0.14488667249679565,
      -0.044412028044462204,
      0.9884510040283203
    ],
    [
      0.6148588061332703,
      -0.7540459036827087,
      0.23100535571575165,
      0.7886242866516113,
      0.5895600318908691,
      -0.1746160238981247,
      -0.004523029550909996,
      0.2895406186580658,
      0.9571551084518433
    ],
    [
      0.9103240966796875,
      -0.007302514277398586,
      -0.4138317108154297,
      0.15061025321483612,
      0.9371436238288879,
      0.31476715207099915,
      0.38552117347717285,
      -0.34886741638183594,
      0.8542042374610901
    ],
    [
      -0.13544932007789612,
      0.3540404438972473,
      0.9253696203231812,
      0.16912440955638885,
      0.9285312294960022,
      -0.33049476146698,
      -0.9762430191040039,
      0.11173728853464127,
      -0.18564580380916595
    ],
    [
      0.9637405276298523,
      -0.20433998107910156,
      0.17160819470882416,
      0.26631128787994385,
      0.7770503163337708,
      -0.5703254342079163,
      -0.016807913780212402,
      0.5953469276428223,
      0.8032929301261902
    ],
    [
      0.9715437889099121,
      0.2048385739326477,
      0.11892766505479813,
      -0.17938658595085144,
      0.9642026424407959,
      -0.19527827203273773,
      -0.15467090904712677,
      0.16838736832141876,
      0.9735103845596313
    ],
    [
      0.9574792981147766,
      0.19812609255313873,
      -0.20971277356147766,
      -0.15912149846553802,
      0.9690048098564148,
      0.1889708787202835,
      0.24065275490283966,
      -0.14756590127944946,
      0.9593281745910645
    ],
    [
      0.9258581399917603,
      -0.07715366780757904,
      0.3699108064174652,
      0.07092206180095673,
      0.9970173835754395,
      0.030439164489507675,
      -0.3711559474468231,
      -0.0019475140143185854,
      0.9285685420036316
    ]
  ],
  "root_rot": [
    0.9693959355354309,
    -0.052828360348939896,
    0.23975156247615814,
    -0.06468288600444794,
    -0.9970282316207886,
    0.041843120008707047,
    0.23682856559753418,
    -0.05607036501169205,
    -0.9699321985244751
  ],
  "root_trans": [
    0.2742469906806946,
    0.5189511775970459,
    2.540178060531616
  ]
}