{
  "betas": [
    -0.9023106694221497,
    0.9542922973632812,
    1.1771572828292847,
    0.1192861795425415,
    0.04747277498245239,
    -0.06396213918924332,
    -0.10778632760047913,
    0.22226755321025848,
    0.18999385833740234,
    0.5289466381072998
  ],
  "joints": [
    [
      0.9531373381614685,
      -0.2985546886920929,
      -0.04893159866333008,
      0.2995170056819916,
      0.9539953470230103,
      0.0135111128911376,
      0.042646706104278564,
      -0.027533793821930885,
      0.9987108111381531
    ],
    [
      0.9411711692810059,
      0.3305961787700653,
      -0.07002086192369461,
      -0.3062874972820282,
      0.9220739603042603,
      0.23657475411891937,
      0.14277513325214386,
      -0.20121082663536072,
      0.9690868854522705
    ],
    [
      0.9998071789741516,
      0.010245325043797493,
      0.016752149909734726,
      -0.00995018519461155,
      0.9997954368591309,
      -0.017607413232326508,
      -0.01692911796271801,
      0.01743733137845993,
      0.9997045993804932
    ],
    [
      0.9860997200012207,
      0.058848027139902115,
      -0.15538367629051208,
      -0.08602840453386307,
      0.9808984398841858,
      -0.17446297407150269,
      0.14214880764484406,
      0.18540534377098083,
      0.9723262786865234
    ],
    [
      0.989498496055603,
      0.04396411031484604,
      0.13769474625587463,
      -0.01998457871377468,
      0.9850836992263794,
      -0.17091161012649536,
      -0.1431548148393631,
      0.16636502742767334,
      0.9756174683570862
    ],
    [
      0.9952425360679626,
      0.02950919046998024,
      -0.09285219013690948,
      -0.04084832966327667,
      0.9916033744812012,
      -0.12269597500562668,
      0.08845186978578568,
      0.1259050965309143,
      0.988091230392456
    ],
    [
      0.9929330348968506,
      0.11205337941646576,
      -0.03909029811620712,
      -0.1110733151435852,
      0.9934612512588501,
      0.026408782228827477,
      0.04179389029741287,
      -0.021880263462662697,
      0.9988866448402405
    ],
    [
      0.884210467338562,
      -0.3897813558578491,
      -0.25737592577934265,
      0.3639768362045288,
      0.9203141331672668,
      -0.14332778751850128,
      0.29273316264152527,
      0.03305305540561676,
      0.9556227922439575
    ],
    [
      0.9947383403778076,
      0.051100101321935654,
      0.08879435807466507,
      -0.05591941252350807,
      0.9970455169677734,
      0.05266166478395462,
      -0.08584100008010864,
      -0.057349905371665955,
      0.9946568608283997
    ],
    [
      0.971278727054596,
      -0.2212405651807785,
      0.08757919073104858,
      0.10446900129318237,
      0.7271957993507385,
      0.6784338355064392,
      -0.213784322142601,
      -0.649799108505249,
      0.7294225692749023
    ],
    [
      0.9166758060455322,
      0.3364628851413727,
      0.21563419699668884,
      -0.3681580424308777,
      0.9208869338035583,
      0.1281677633523941,
      -0.15545101463794708,
      -0.19687576591968536,
      0.9680262804031372
    ],
    [
      0.8694378733634949,
      -0.1896400898694992,
      -0.45619556307792664,
      0.09912595897912979,
      0.9715780019760132,
      -0.21496543288230896,
      0.4839956760406494,
      0.14167827367782593,
      0.8635249733924866
    ],
    [
      0.9415507316589355,
      0.30453598499298096,
      0.14401383697986603,
      -0.2851926386356354,
      0.9481335282325745,
      -0.14038527011871338,
      -0.17929670214653015,
      0.09110817313194275,
      0.9795672297477722
    ],
    [
      0.9420804977416992,
      -0.30999064445495605,
      0.12802346050739288,
      0.3256022334098816,
      0.9368718266487122,
      -0.1274925172328949,
      -0.08042007684707642,
      0.16179296374320984,
      0.9835423231124878
    ],
    [
      0.9454476237297058,
      -0.028165239840745926,
      -0.3245542049407959,
      0.08547794818878174,
      0.9827976226806641,
      0.16371437907218933,
      0.3143600523471832,
      -0.1825256198644638,
      0.9315912127494812
    ],
    [
      0.5354868173599243,
      0.7907721996307373,
      -0.2965353727340698,
      -0.8321912884712219,
      0.4342268109321594,
      -0.3448256850242615,
      -0.14391495287418365,
      0.43142378330230713,
      0.8905964493751526
    ],
    [
      0.5966541171073914,
      -0.7819286584854126,
      0.18053123354911804,
      0.8018313646316528,
      0.5900482535362244,
      -0.09439016133546829,
      -0.03271577134728432,
      0.20107388496398926,
      0.979029655456543
    ],
    [
      -0.33790549635887146,
      -0.31179654598236084,
      -0.8880330324172974,
      -0.06435634195804596,
      0.9489776492118835,
      -0.30870646238327026,
      0.9389771223068237,
      -0.04716302081942558,
      -0.34073084592819214
    ],
    [
      0.8970189094543457,
      -0.030535031110048294,
      0.44093629717826843,
      0.113621287047863,
      0.9800153374671936,
      -0.16327916085720062,
      -0.42713862657546997,
      0.19656424224376678,
      0.8825617432594299
    ],
    [
      0.928733229637146,
      -0.34070882201194763,
      0.14619174599647522,
      0.3696762025356293,
      0.821044385433197,
      -0.4350007474422455,
      0.028178682550787926,
      0.45804327726364136,
      0.8884831666946411
    ],
    [
      0.9829091429710388,
      0.16486486792564392,
      -0.08190928399562836,
      -0.1838817298412323,
      0.8580358624458313,
      -0.47954344749450684,
      -0.008778762072324753,
      0.4864092767238617,
      0.8736869096755981
    ],
    [
      0.8808770179748535,
      0.2602541148662567,
      -0.39537757635116577,
      -0.17738968133926392,
      0.9559143781661987,
      0.23400965332984924,
      0.43884915113449097,
      -0.13599781692028046,
      0.8882094025611877
    ],
    [
      0.9196317195892334,
      -0.35966914892196655,
      0.15784697234630585,
      0.316654771566391,
      0.9166629910469055,
      0.24384164810180664,
      -0.23239479959011078,
      -0.17426151037216187,
      0.9568833112716675
    ]
  ],
  "root_rot": [
    0.9641344547271729,
    0.012815643101930618,
    0.2651045322418213,
    -0.001881868694908917,
    -0.9984784126281738,
    0.05511229485273361,
    0.2654074430465698,
    -0.053634557873010635,
    -0.9626433253288269
  ],
  "root_trans": [
    0.3117549419403076,
    0.5089868307113647,
    2.570039749145508
  ]
}