{
  "betas": [
    -0.718407928943634,
    1.071244716644287,
    1.7494491338729858,
    0.3748943507671356,
    0.33285027742385864,
    -0.019942481070756912,
    -0.21678268909454346,
    0.8527625203132629,
    0.14125438034534454,
    1.1841124296188354
  ],
  "joints": [
    [
      0.9828641414642334,
      -0.1824045479297638,
      -0.026581767946481705,
      0.17957426607608795,
      0.9800411462783813,
      -0.08527832478284836,
      0.04160638153553009,
      0.07904361188411713,
      0.9960024356842041
    ],
    [
      0.9925766587257385,
      0.08604837208986282,
      0.08594899624586105,
      -0.12141583859920502,
      0.6600984930992126,
      0.7413017153739929,
      0.007053003180772066,
      -0.7462343573570251,
      0.6656460165977478
    ],
    [
      0.9963608980178833,
      -0.05875087529420853,
      -0.061752334237098694,
      0.0473618246614933,
      0.9839637875556946,
      -0.17196552455425262,
      0.07086518406867981,
      0.16841502487659454,
      0.9831655621528625
    ],
    [
      0.9940335154533386,
      0.012441993691027164,
      -0.10836297273635864,
      -0.06039947271347046,
      0.8900402784347534,
      -0.4518631398677826,
      0.09082531929016113,
      0.4557121694087982,
      0.8854813575744629
    ],
    [
      0.9866008162498474,
      -0.16014663875102997,
      0.031173914670944214,
      0.07688408344984055,
      0.2878338098526001,
      -0.9545891284942627,
      0.14390134811401367,
      0.9441952705383301,
      0.2962898015975952
    ],
    [
      0.9954780340194702,
      -0.006110279820859432,
      -0.09479501098394394,
      -0.0016320649301633239,
      0.9966815710067749,
      -0.0813828781247139,
      0.0949777141213417,
      0.08116958290338516,
      0.9921646118164062
    ],
    [
      0.9973745942115784,
      0.05836571380496025,
      0.04286377876996994,
      -0.06796885281801224,
      0.9587317109107971,
      0.27606824040412903,
      -0.024981938302516937,
      -0.2782568633556366,
      0.960181713104248
    ],
    [
      0.9045501947402954,
      -0.3837248980998993,
      -0.18586060404777527,
      0.34037157893180847,
      0.9124194383621216,
      -0.22723983228206635,
      0.2567804157733917,
      0.1422881782054901,
      0.9559382200241089
    ],
    [
      0.9995105862617493,
      0.026715906336903572,
      -0.01627281866967678,
      -0.026730632409453392,
      0.9996424317359924,
      -0.0006874316022731364,
      0.016248634085059166,
      0.0011220776941627264,
      0.99986732006073
    ],
    [
      0.916421115398407,
      -0.37854206562042236,
      0.12991607189178467,
      0.23352541029453278,
      0.769398033618927,
      0.5945523381233215,
      -0.3250202536582947,
      -0.5145216584205627,
      0.793491780757904
    ],
    [
      0.8277110457420349,
      0.31797945499420166,
      0.46236729621887207,
      -0.43762457370758057,
      0.8815299272537231,
      0.1771712303161621,
      -0.35125383734703064,
      -0.3489898443222046,
      0.8688076734542847
    ],
    [
      0.9509948492050171,
      -0.12540468573570251,
      -0.28263479471206665,
      0.10185389220714569,
      0.990098774433136,
      -0.09659282863140106,
      0.2919495403766632,
      0.0630718320608139,
      0.9543517827987671
    ],
    [
      0.9616788029670715,
      0.271386981010437,
      -0.0390235111117363,
      -0.27085304260253906,
      0.9624434113502502,
      0.018475517630577087,
      0.042571935802698135,
      -0.007197879254817963,
      0.9990674257278442
    ],
    [
      0.9175736308097839,
      -0.029705487191677094,
      0.39645442366600037,
      -0.03798997029662132,
      0.9860901236534119,
      0.1618114858865738,
      -0.39574649930000305,
      -0.16353526711463928,
      0.903681755065918
    ],
    [
      0.9959734082221985,
      -0.00988699495792389,
      0.08910275995731354,
      0.010442690923810005,
      0.9999288320541382,
      -0.005772567819803953,
      -0.08903934806585312,
      0.006679796148091555,
      0.9960057735443115
    ],
    [
      0.6694251298904419,
      0.7056271433830261,
      -0.23229357600212097,
      -0.7336905002593994,
      0.5789609551429749,
      -0.35567185282707214,
      -0.11648280918598175,
      0.4085272550582886,
      0.9052829742431641
    ],
    [
      0.8052241802215576,
      -0.26213333010673523,
      0.5318835973739624,
      0.1604389250278473,
      0.9598373174667358,
      0.23015575110912323,
      -0.5708532333374023,
      -0.09999214112758636,
      0.8149406313896179
    ],
    [
      -0.436055451631546,
      -0.30563557147979736,
      -0.8464292883872986,
      -0.12865515053272247,
      0.9520715475082397,
      -0.2775024175643921,
      0.8906759023666382,
      -0.012108974158763885,
      -0.45447757840156555
    ],
    [
      -0.6641277074813843,
      0.09260371327400208,
      0.7418618202209473,
      -0.1537337303161621,
      0.9541776180267334,
      -0.25673142075538635,
      -0.7316422462463379,
      -0.2845516502857208,
      -0.6194594502449036
    ],
    [
      0.9737259745597839,
      -0.21763814985752106,
      0.06701844930648804,
      0.2277093082666397,
      0.9337926506996155,
      -0.27600690722465515,
      -0.0025117076002061367,
      0.2840157747268677,
      0.958816409111023
    ],
    [
      0.977204442024231,
      0.20413126051425934,
      0.05832552909851074,
      -0.16557694971561432,
      0.9047625064849854,
      -0.39241448044776917,
      -0.13287481665611267,
      0.37381184101104736,
      0.9179373979568481
    ],
    [
      0.7827479839324951,
      0.47346392273902893,
      -0.40390288829803467,
      -0.20229528844356537,
      0.8073345422744751,
      0.5543352365493774,
      0.5885425209999084,
      -0.3521971106529236,
      0.7277190089225769
    ],
    [
      0.934036135673523,
      -0.2783748209476471,
      0.22379422187805176,
      0.1564837098121643,
      0.8821572661399841,
      0.44419747591018677,
      -0.32107505202293396,
      -0.37987637519836426,
      0.8675279021263123
    ]
  ],
  "root_rot": [
    0.6387166976928711,
    0.2447178214788437,
    -0.7294889688491821,
    0.22467505931854248,
    -0.9660741090774536,
    -0.12736563384532928,
    -0.7359089851379395,
    -0.08254741132259369,
    -0.6720296740531921
  ],
  "root_trans": [
    -0.536802351474762,
    0.5387810468673706,
    2.4243743419647217
  ]
}