{
  "betas": [
    -0.6523534655570984,
    0.7109935283660889,
    1.0640798807144165,
    0.28546151518821716,
    0.3034808039665222,
    -0.4496876299381256,
    -0.29429519176483154,
    0.34295862913131714,
    0.005063280463218689,
    0.47949063777923584
  ],
  "joints": [
    [
      0.9420137405395508,
      -0.32610559463500977,
      -0.07915324717760086,
      0.33533182740211487,
      0.9058077931404114,
      0.2589688003063202,
      -0.012753549963235855,
      -0.2704947888851166,
      0.9626369476318359
    ],
    [
      0.97980135679245,
      0.18013633787631989,
      -0.08683376759290695,
      -0.18399235606193542,
      0.9821695685386658,
      -0.03859744966030121,
      0.07833268493413925,
      0.05379458889365196,
      0.9954748153686523
    ],
    [
      0.9963995814323425,
      -0.013645172119140625,
      0.08367640525102615,
      0.0200214646756649,
      0.9969187378883362,
      -0.07584276795387268,
      -0.08238369226455688,
      0.07724501937627792,
      0.9936026334762573
    ],
    [
      0.9990618228912354,
      0.03802322968840599,
      -0.020730337128043175,
      -0.04137416183948517,
      0.9794283509254456,
      -0.19750510156154633,
      0.01279410533607006,
      0.1981775015592575,
      0.980082631111145
    ],
    [
      0.9931568503379822,
      -0.009431539103388786,
      0.11640634387731552,
      0.02750464901328087,
      0.9875867366790771,
      -0.15464769303798676,
      -0.11350280046463013,
      0.15679113566875458,
      0.9810879230499268
    ],
    [
      0.9878811836242676,
      -0.051597896963357925,
      -0.14638391137123108,
      0.046098463237285614,
      0.9981067180633545,
      -0.040717713534832,
      0.14820770919322968,
      0.033476199954748154,
      0.9883894324302673
    ],
    [
      0.9947056770324707,
      0.10217509418725967,
      0.010995256714522839,
      -0.09731964766979218,
      0.9709568619728088,
      -0.2185675948858261,
      -0.03300808370113373,
      0.21634036302566528,
      0.9757599234580994
    ],
    [
      0.9631421566009521,
      -0.23722399771213531,
      -0.12681475281715393,
      0.262945294380188,
      0.9297013282775879,
      0.25790536403656006,
      0.05671849846839905,
      -0.2817448675632477,
      0.9578114748001099
    ],
    [
      0.9993583559989929,
      0.010592075996100903,
      0.03421365097165108,
      -0.009396024979650974,
      0.9993455410003662,
      -0.03493127599358559,
      -0.03456125408411026,
      0.03458739072084427,
      0.9988038539886475
    ],
    [
      0.9857518672943115,
      -0.05451878905296326,
      0.1591259241104126,
      -0.06561341881752014,
      0.7464454770088196,
      0.6622039675712585,
      -0.15488135814666748,
      -0.6632094979286194,
      0.7322328686714172
    ],
    [
      0.9149097204208374,
      0.21047763526439667,
      0.34444066882133484,
      -0.2127542346715927,
      0.9765931963920593,
      -0.03164583444595337,
      -0.3430391252040863,
      -0.044328123331069946,
      0.938274621963501
    ],
    [
      0.9019718766212463,
      0.30484965443611145,
      0.30579981207847595,
      -0.28320688009262085,
      0.9522628784179688,
      -0.11397106200456619,
      -0.32594579458236694,
      0.01619407720863819,
      0.9452498555183411
    ],
    [
      0.8351072072982788,
      0.03179281949996948,
      -0.5491677522659302,
      0.13376788794994354,
      0.9566237330436707,
      0.2587994337081909,
      0.5335748791694641,
      -0.28958627581596375,
      0.7946305274963379
    ],
    [
      0.9321577548980713,
      -0.27217862010002136,
      0.23874835669994354,
      0.2855411171913147,
      0.9581000804901123,
      -0.022597188130021095,
      -0.22259432077407837,
      0.08923661708831787,
      0.9708186388015747
    ],
    [
      0.9058868288993835,
      -0.18489331007003784,
      0.38102954626083374,
      0.20770178735256195,
      0.9780030846595764,
      -0.019232314079999924,
      -0.3690921664237976,
      0.09656281769275665,
      0.9243627786636353
    ],
    [
      0.4205680787563324,
      0.5624889731407166,
      -0.7118487358093262,
      -0.6364664435386658,
      0.7420702576637268,
      0.21033811569213867,
      0.646554708480835,
      0.3646063506603241,
      0.6700963973999023
    ],
    [
      0.6113210916519165,
      -0.7287216186523438,
      0.3086280822753906,
      0.7891297340393066,
      0.5907208323478699,
      -0.16829508543014526,
      -0.059672754257917404,
      0.3464299142360687,
      0.9361760020256042
    ],
    [
      -0.32587987184524536,
      -0.32420584559440613,
      -0.8880838751792908,
      -0.19365888833999634,
      0.9423351287841797,
      -0.27294835448265076,
      0.9253640174865723,
      0.08303693681955338,
      -0.36987340450286865
    ],
    [
      -0.09489468485116959,
      0.4140671491622925,
      0.9052862524986267,
      0.12236633896827698,
      0.9073455333709717,
      -0.4021821916103363,
      -0.9879379272460938,
      0.07261164486408234,
      -0.13677014410495758
    ],
    [
      0.9731251001358032,
      -0.19142983853816986,
      0.12799298763275146,
      0.22612163424491882,
      0.8994787335395813,
      -0.3739079535007477,
      -0.043549831956624985,
      0.3928011655807495,
      0.9185917377471924
    ],
    [
      0.9964912533760071,
      0.0831928476691246,
      0.00916689820587635,
      -0.07728599011898041,
      0.9566715955734253,
      -0.28072458505630493,
      -0.032123975455760956,
      0.2790311276912689,
      0.9597445130348206
    ],
    [
      0.9175010323524475,
      0.3089796304702759,
      -0.25044646859169006,
      -0.19447359442710876,
      0.8977876305580139,
      0.39516767859458923,
      0.34694647789001465,
      -0.31386151909828186,
      0.8838094472885132
    ],
    [
      0.8114720582962036,
      -0.5389456748962402,
      0.2259436547756195,
      0.3034345507621765,
      0.7190039753913879,
      0.6252684593200684,
      -0.49944019317626953,
      -0.43882882595062256,
      0.7469863891601562
    ]
  ],
  "root_rot": [
    0.7740688920021057,
    -0.12084327638149261,
    0.6214613318443298,
    -0.12259149551391602,
    -0.9916455745697021,
    -0.04013027995824814,
    0.6211188435554504,
    -0.04512228071689606,
    -0.7824163436889648
  ],
  "root_trans": [
    0.06735126674175262,
    0.5339511036872864,
    2.5388777256011963
  ]
}