{
  "betas": [
    -0.881969153881073,
    0.9573034048080444,
    1.0662437677383423,
    0.3967575132846832,
    0.1050562858581543,
    -0.26179876923561096,
    -0.31613653898239136,
    0.9069483876228333,
    0.15825773775577545,
    1.088500738143921
  ],
  "joints": [
    [
      0.9946821331977844,
      -0.01544851902872324,
      0.101827472448349,
      0.047339484095573425,
      0.9466356635093689,
      -0.31880998611450195,
      -0.09146838635206223,
      0.3219350278377533,
      0.942332923412323
    ],
    [
      0.9931154847145081,
      0.06440319120883942,
      0.09784617274999619,
      -0.10792724788188934,
      0.8277682662010193,
      0.5505918264389038,
      -0.04553409665822983,
      -0.5573615431785583,
      0.8290203213691711
    ],
    [
      0.9871731400489807,
      -0.06087812781333923,
      -0.14759086072444916,
      0.03922293707728386,
      0.9885911345481873,
      -0.1454273909330368,
      0.15476036071777344,
      0.1377730667591095,
      0.9782984256744385
    ],
    [
      0.9996115565299988,
      0.014675022102892399,
      -0.023694995790719986,
      -0.013766909949481487,
      0.9991811513900757,
      0.03804481402039528,
      0.024233905598521233,
      -0.037703823298215866,
      0.9989950656890869
    ],
    [
      0.9992676377296448,
      0.037066154181957245,
      0.009504750370979309,
      -0.03103906847536564,
      0.9304229021072388,
      -0.365170955657959,
      -0.022378917783498764,
      0.364608496427536,
      0.9308919906616211
    ],
    [
      0.9863317012786865,
      -0.02207246422767639,
      -0.16328683495521545,
      0.019337603822350502,
      0.9996451139450073,
      -0.01831956021487713,
      0.16363325715065002,
      0.014911587350070477,
      0.9864084720611572
    ],
    [
      0.9920453429222107,
      -0.07542169839143753,
      0.10078420490026474,
      0.05319999158382416,
      0.9768211841583252,
      0.20734058320522308,
      -0.11408612132072449,
      -0.20032957196235657,
      0.9730633497238159
    ],
    [
      0.8876607418060303,
      -0.45799389481544495,
      -0.04795777425169945,
      0.44292235374450684,
      0.8776364326477051,
      -0.18323196470737457,
      0.12600862979888916,
      0.14140625298023224,
      0.9818991422653198
    ],
    [
      0.9985182285308838,
      0.005987560376524925,
      -0.05408811569213867,
      -0.0052023995667696,
      0.9998791813850403,
      0.014645452611148357,
      0.05416927486658096,
      -0.014342362992465496,
      0.9984287619590759
    ],
    [
      0.918811559677124,
      -0.3710509240627289,
      0.13456016778945923,
      0.2659114599227905,
      0.8338685035705566,
      0.48368826508522034,
      -0.2916784882545471,
      -0.40863731503486633,
      0.864834725856781
    ],
    [
      0.8782467842102051,
      0.42467033863067627,
      0.21985815465450287,
      -0.43902787566185,
      0.8982796669006348,
      0.018657781183719635,
      -0.18957071006298065,
      -0.11290999501943588,
      0.9753533601760864
    ],
    [
      0.9854250550270081,
      0.02249729260802269,
      -0.16861560940742493,
      -0.008257600478827953,
      0.9963738918304443,
      0.08468058705329895,
      0.1699092835187912,
      -0.0820540189743042,
      0.9820375442504883
    ],
    [
      0.8427393436431885,
      0.2815130949020386,
      -0.45884737372398376,
      -0.18957996368408203,
      0.952963650226593,
      0.23647357523441315,
      0.5038352608680725,
      -0.11229729652404785,
      0.8564692139625549
    ],
    [
      0.8860644698143005,
      -0.2655913829803467,
      0.37993547320365906,
      0.241600900888443,
      0.9640664458274841,
      0.11047602444887161,
      -0.3956244885921478,
      -0.006096133030951023,
      0.9183921217918396
    ],
    [
      0.9963892698287964,
      0.003840705147013068,
      0.08481515198945999,
      -0.007994288578629494,
      0.9987820982933044,
      0.04868706688284874,
      -0.08452486246824265,
      -0.04918931424617767,
      0.9952064752578735
    ],
    [
      0.3982193171977997,
      0.5595670938491821,
      -0.7268466353416443,
      -0.7327395677566528,
      0.670735239982605,
      0.11492157727479935,
      0.5518280267715454,
      0.48682528734207153,
      0.6771166920661926
    ],
    [
      0.6947833299636841,
      -0.5501131415367126,
      0.46330517530441284,
      0.6022022366523743,
      0.7971605658531189,
      0.04344509541988373,
      -0.39322829246520996,
      0.2488185167312622,
      0.8851332664489746
    ],
    [
      -0.31640931963920593,
      -0.40312790870666504,
      -0.8587042689323425,
      -0.10700111091136932,
      0.9146013259887695,
      -0.3899424076080322,
      0.942568838596344,
      -0.031499095261096954,
      -0.33252352476119995
    ],
    [
      -0.5653052926063538,
      0.43587881326675415,
      0.7003139853477478,
      0.04169008880853653,
      0.8629993200302124,
      -0.5034820437431335,
      -0.8238276243209839,
      -0.2554248869419098,
      -0.5060299038887024
    ],
    [
      0.7916901707649231,
      -0.4930559992790222,
      0.3607249855995178,
      0.6019784808158875,
      0.7302606105804443,
      -0.32301899790763855,
      -0.10415682196617126,
      0.4728796184062958,
      0.8749492764472961
    ],
    [
      0.7374404072761536,
      0.609694242477417,
      -0.2906106114387512,
      -0.6707957983016968,
      0.6109170317649841,
      -0.4204917252063751,
      -0.07883239537477493,
      0.5050280094146729,
      0.859495222568512
    ],
    [
      0.89067542552948,
      0.30668726563453674,
      -0.33561912178993225,
      -0.17951850593090057,
      0.9154644012451172,
      0.3601361811161041,
      0.4176965653896332,
      -0.26051461696624756,
      0.8704376816749573
    ],
    [
      0.9199024438858032,
      -0.3029387593269348,
      0.24901321530342102,
      0.19923095405101776,
      0.9079815745353699,
      0.36861419677734375,
      -0.33776697516441345,
      -0.28947797417640686,
      0.8956092596054077
    ]
  ],
  "root_rot": [
    0.6319386959075928,
    -0.015778105705976486,
    -0.774857759475708,
    0.059455905109643936,
    -0.9958594441413879,
    0.06876779347658157,
    -0.7727344632148743,
    -0.08952689170837402,
    -0.628383994102478
  ],
  "root_trans": [
    0.14435164630413055,
    0.5133721828460693,
    2.698310375213623
  ]
}