{
  "betas": [
    -0.5918497443199158,
    1.040055274963379,
    1.1008329391479492,
    -0.18774786591529846,
    0.3480825126171112,
    0.3131170868873596,
    0.14292584359645844,
    0.33570531010627747,
    -0.07646626234054565,
    0.7137023210525513
  ],
  "joints": [
    [
      0.9875195622444153,
      -0.149473637342453,
      0.04962534084916115,
      0.15538854897022247,
      0.9760503768920898,
      -0.15224984288215637,
      -0.02567949704825878,
      0.1580609232187271,
      0.9870953559875488
    ],
    [
      0.9354110360145569,
      0.26153403520584106,
      -0.23792044818401337,
      -0.17925631999969482,
      0.9308352470397949,
      0.31845399737358093,
      0.30475127696990967,
      -0.2552366256713867,
      0.9175952076911926
    ],
    [
      0.9997248649597168,
      -0.010747985914349556,
      0.020848331972956657,
      0.012735600583255291,
      0.9951367378234863,
      -0.0976761057972908,
      -0.019697120413184166,
      0.09791474789381027,
      0.9949998259544373
    ],
    [
      0.9982677102088928,
      -0.007406097836792469,
      -0.0583675242960453,
      -0.004699582699686289,
      0.9788386225700378,
      -0.20457971096038818,
      0.0586475245654583,
      0.20449960231781006,
      0.9771081805229187
    ],
    [
      0.9834328293800354,
      -0.12345822155475616,
      -0.13273276388645172,
      0.05448100343346596,
      0.8996725082397461,
      -0.4331527352333069,
      0.1728922724723816,
      0.4187451899051666,
      0.8914936184883118
    ],
    [
      0.9961392879486084,
      0.015649421140551567,
      -0.08638079464435577,
      0.010824170894920826,
      0.9545785188674927,
      0.2977627217769623,
      0.08711706846952438,
      -0.2975481450557709,
      0.9507237672805786
    ],
    [
      0.9773004055023193,
      -0.037169381976127625,
      0.20857226848602295,
      0.02166968770325184,
      0.9968637228012085,
      0.07611282169818878,
      -0.21074718236923218,
      -0.0698653981089592,
      0.9750407934188843
    ],
    [
      0.8582087159156799,
      -0.3106938600540161,
      -0.40859153866767883,
      0.3404998481273651,
      0.9402445554733276,
      0.00022457716113422066,
      0.38410618901252747,
      -0.13931810855865479,
      0.9127172827720642
    ],
    [
      0.996429443359375,
      0.053472988307476044,
      0.06533819437026978,
      -0.04442700743675232,
      0.9901451468467712,
      -0.13281117379665375,
      -0.07179610431194305,
      0.12943416833877563,
      0.9889854192733765
    ],
    [
      0.9769156575202942,
      -0.02453799918293953,
      0.212211474776268,
      -0.13608406484127045,
      0.6942614912986755,
      0.7067403793334961,
      -0.16467227041721344,
      -0.7193043231964111,
      0.674895703792572
    ],
    [
      0.8420838117599487,
      0.40785881876945496,
      0.3529108166694641,
      -0.40895578265190125,
      0.9094475507736206,
      -0.07523481547832489,
      -0.3516390919685364,
      -0.080970898270607,
      0.932627260684967
    ],
    [
      0.9916772246360779,
      -0.09397189319133759,
      -0.088009312748909,
      0.07886852324008942,
      0.983690619468689,
      -0.16165517270565033,
      0.1017649844288826,
      0.15336857736110687,
      0.9829149842262268
    ],
    [
      0.5781705975532532,
      -0.2627275586128235,
      -0.7724589705467224,
      0.7045941948890686,
      0.638157308101654,
      0.3103260099887848,
      0.41141918301582336,
      -0.7236915230751038,
      0.554080069065094
    ],
    [
      0.6225697994232178,
      0.19812025129795074,
      0.7570702433586121,
      -0.6116456985473633,
      0.7266591787338257,
      0.31281939148902893,
      -0.48815619945526123,
      -0.657810628414154,
      0.5735754370689392
    ],
    [
      0.9954813122749329,
      -0.05873848497867584,
      -0.07460976392030716,
      0.07949838787317276,
      0.945241391658783,
      0.31654173135757446,
      0.05193105712532997,
      -0.3210427761077881,
      0.9456397294998169
    ],
    [
      0.7846837639808655,
      0.21262258291244507,
      -0.5822912454605103,
      0.06088871881365776,
      0.9083577394485474,
      0.4137376844882965,
      0.6168987154960632,
      -0.36010822653770447,
      0.699827253818512
    ],
    [
      0.8233218789100647,
      -0.0908774733543396,
      0.5602521300315857,
      -0.20891888439655304,
      0.8692699670791626,
      0.4480208456516266,
      -0.527725338935852,
      -0.48591262102127075,
      0.6967029571533203
    ],
    [
      0.5231295228004456,
      -0.10762999951839447,
      -0.8454297184944153,
      0.4357771873474121,
      0.8862884044647217,
      0.15681573748588562,
      0.7324164509773254,
      -0.45045387744903564,
      0.5105463266372681
    ],
    [
      0.5060751438140869,
      0.23861713707447052,
      0.8288242220878601,
      -0.4163857698440552,
      0.9091570377349854,
      -0.007502147927880287,
      -0.7553216218948364,
      -0.34131401777267456,
      0.5594585537910461
    ],
    [
      0.9146671891212463,
      -0.25037115812301636,
      0.3173299729824066,
      0.399472177028656,
      0.679740309715271,
      -0.6151221394538879,
      -0.06169307231903076,
      0.6893964409828186,
      0.7217524647712708
    ],
    [
      0.8812746405601501,
      0.33542948961257935,
      -0.3329293429851532,
      -0.47257089614868164,
      0.6338196992874146,
      -0.6123310327529907,
      0.005623278673738241,
      0.6969646215438843,
      0.7170834541320801
    ],
    [
      0.9592323303222656,
      0.18434733152389526,
      -0.21421821415424347,
      -0.12449437379837036,
      0.956092119216919,
      0.2653091847896576,
      0.2537214159965515,
      -0.22782418131828308,
      0.9400646686553955
    ],
    [
      0.9675997495651245,
      -0.13495664298534393,
      0.21339502930641174,
      0.09413621574640274,
      0.9770519733428955,
      0.19107036292552948,
      -0.23428422212600708,
      -0.16479143500328064,
      0.9580995440483093
    ]
  ],
  "root_rot": [
    -0.9913950562477112,
    -0.03989861533045769,
    -0.12467576563358307,
    0.051832616329193115,
    -0.9942227602005005,
    -0.09399165958166122,
    -0.1202053502202034,
    -0.09964513033628464,
    0.9877355694770813
  ],
  "root_trans": [
    -0.44834041595458984,
    0.508339524269104,
    2.4299962520599365
  ]
}