{
  "betas": [
    -0.6187130808830261,
    0.6007447838783264,
    1.292017936706543,
    0.2485865354537964,
    0.23166991770267487,
    -0.20895206928253174,
    -0.03247654438018799,
    0.4364129900932312,
    0.05437356233596802,
    0.9821782112121582
  ],
  "joints": [
    [
      0.943537175655365,
      -0.29813671112060547,
      -0.14440275728702545,
      0.3294941186904907,
      0.8896649479866028,
      0.3161167502403259,
      0.034224074333906174,
      -0.3458477556705475,
      0.9376662373542786
    ],
    [
      0.9295642971992493,
      0.3364204466342926,
      -0.1507696509361267,
      -0.3314436972141266,
      0.9417044520378113,
      0.05777329206466675,
      0.16141659021377563,
      -0.0037323422729969025,
      0.986879289150238
    ],
    [
      0.9934006929397583,
      0.03368023782968521,
      0.10963901877403259,
      -0.01943216286599636,
      0.9915167689323425,
      -0.12851807475090027,
      -0.11303743720054626,
      0.12553942203521729,
      0.9856279492378235
    ],
    [
      0.9969564080238342,
      0.050812989473342896,
      -0.05912654101848602,
      -0.06764034926891327,
      0.9408767819404602,
      -0.33192723989486694,
      0.03876456618309021,
      0.334916353225708,
      0.9414501190185547
    ],
    [
      0.9914255738258362,
      0.04116204380989075,
      0.12402044236660004,
      -0.0032448936253786087,
      0.9565538763999939,
      -0.2915377616882324,
      -0.13063250482082367,
      0.2886355221271515,
      0.9484855532646179
    ],
    [
      0.9966148138046265,
      0.025013208389282227,
      -0.07831548899412155,
      -0.029641801491379738,
      0.9978467226028442,
      -0.058508217334747314,
      0.07668337970972061,
      0.060631562024354935,
      0.9952102899551392
    ],
    [
      0.9966834187507629,
      0.07300692051649094,
      -0.035945966839790344,
      -0.07286244630813599,
      0.9973278641700745,
      0.0053144157864153385,
      0.03623789921402931,
      -0.002677678829059005,
      0.9993395805358887
    ],
    [
      0.9356095790863037,
      -0.2130776345729828,
      -0.2814827561378479,
      0.2794351577758789,
      0.9342432618141174,
      0.22159743309020996,
      0.21575593948364258,
      -0.2859848737716675,
      0.9336283206939697
    ],
    [
      0.9946655631065369,
      0.04104005917906761,
      0.09463689476251602,
      -0.04014440253376961,
      0.9991294741630554,
      -0.011349471285939217,
      -0.09502028673887253,
      0.007489786483347416,
      0.9954472184181213
    ],
    [
      0.9694935083389282,
      -0.1748776137828827,
      0.171756312251091,
      0.027135169133543968,
      0.7729753255844116,
      0.6338556408882141,
      -0.24361051619052887,
      -0.6098582744598389,
      0.7541399002075195
    ],
    [
      0.9146816730499268,
      0.25220686197280884,
      0.3158308267593384,
      -0.2838548719882965,
      0.9571258425712585,
      0.057762399315834045,
      -0.28772178292274475,
      -0.14248433709144592,
      0.9470556378364563
    ],
    [
      0.9202131628990173,
      -0.15898481011390686,
      -0.3576751947402954,
      0.09319514036178589,
      0.9765082597732544,
      -0.19428405165672302,
      0.38016098737716675,
      0.14544914662837982,
      0.9134123921394348
    ],
    [
      0.9581751227378845,
      0.2771049737930298,
      -0.0715075209736824,
      -0.27760812640190125,
      0.9606896638870239,
      0.003002484329044819,
      0.06952854990959167,
      0.01697416417300701,
      0.9974355101585388
    ],
    [
      0.8998180031776428,
      -0.1927291750907898,
      0.39138609170913696,
      0.17386767268180847,
      0.9812266826629639,
      0.08345156908035278,
      -0.4001220464706421,
      -0.007041845470666885,
      0.9164348244667053
    ],
    [
      0.9229080677032471,
      -0.12118377536535263,
      -0.3654521107673645,
      0.16617874801158905,
      0.9815887212753296,
      0.09417124092578888,
      0.3473116457462311,
      -0.14764176309108734,
      0.9260542988777161
    ],
    [
      0.563839316368103,
      0.8016039133071899,
      -0.19878710806369781,
      -0.8177281022071838,
      0.5081138014793396,
      -0.2704460024833679,
      -0.11578412353992462,
      0.3150418996810913,
      0.9419885873794556
    ],
    [
      0.44550326466560364,
      -0.6978075504302979,
      0.5608845353126526,
      0.7898637056350708,
      0.6012883186340332,
      0.12069632858037949,
      -0.42147618532180786,
      0.3892517685890198,
      0.8190487623214722
    ],
    [
      0.7522206902503967,
      -0.19271211326122284,
      -0.6300999522209167,
      -0.022067544981837273,
      0.9483700394630432,
      -0.31639745831489563,
      0.6585415005683899,
      0.25190550088882446,
      0.7091308832168579
    ],
    [
      -0.17435112595558167,
      0.3572845160961151,
      0.9175781011581421,
      0.27721843123435974,
      0.9119696617126465,
      -0.3024258017539978,
      -0.9448553919792175,
      0.2016412913799286,
      -0.25804877281188965
    ],
    [
      0.923959493637085,
      -0.32486897706985474,
      0.20188869535923004,
      0.38231542706489563,
      0.768444299697876,
      -0.5131551027297974,
      0.011567935347557068,
      0.5513196587562561,
      0.8342138528823853
    ],
    [
      0.956104576587677,
      0.29222220182418823,
      0.021682722494006157,
      -0.285990834236145,
      0.9467096924781799,
      -0.14815562963485718,
      -0.06382160633802414,
      0.13545122742652893,
      0.9887263178825378
    ],
    [
      0.9231120347976685,
      0.1601707637310028,
      -0.349584698677063,
      -0.08487244695425034,
      0.9715663194656372,
      0.22103290259838104,
      0.3750477135181427,
      -0.1743680238723755,
      0.9104586243629456
    ],
    [
      0.8778278231620789,
      -0.3306049704551697,
      0.3465813398361206,
      0.08052822202444077,
      0.8151561617851257,
      0.5736163258552551,
      -0.4721582531929016,
      -0.47562679648399353,
      0.7421897649765015
    ]
  ],
  "root_rot": [
    0.6982146501541138,
    -0.032349247485399246,
    0.7151573300361633,
    -0.024384595453739166,
    -0.999473512172699,
    -0.021403038874268532,
    0.7154731750488281,
    -0.0024949051439762115,
    -0.6986358761787415
  ],
  "root_trans": [
    0.28961747884750366,
    0.5317182540893555,
    2.624375104904175
  ]
}