{
  "betas": [
    -0.7939407229423523,
    1.0172830820083618,
    1.316007137298584,
    0.5920171737670898,
    0.12313205003738403,
    -0.19154727458953857,
    -0.06997811794281006,
    0.6210988163948059,
    0.1423085331916809,
    0.6974753141403198
  ],
  "joints": [
    [
      0.9961330890655518,
      -0.08280820399522781,
      -0.029353557154536247,
      0.08716528862714767,
      0.9733385443687439,
      0.21216556429862976,
      0.011001900769770145,
      -0.2139037549495697,
      0.9767927527427673
    ],
    [
      0.9690234661102295,
      -0.1781834214925766,
      -0.17100922763347626,
      0.18679344654083252,
      0.9817568063735962,
      0.03552117571234703,
      0.16156019270420074,
      -0.06636425852775574,
      0.9846288561820984
    ],
    [
      0.9954174757003784,
      -0.010148976929485798,
      0.09508447349071503,
      0.02293814904987812,
      0.9906623959541321,
      -0.1343943476676941,
      -0.09283265471458435,
      0.13595953583717346,
      0.9863554835319519
    ],
    [
      0.9746878147125244,
      0.2225860059261322,
      0.020956682041287422,
      -0.12240713834762573,
      0.6097406148910522,
      -0.7830918431282043,
      -0.18708345293998718,
      0.7607048153877258,
      0.6215528845787048
    ],
    [
      0.9864798188209534,
      -0.0558893084526062,
      -0.1540583372116089,
      0.02318510040640831,
      0.9781913161277771,
      -0.2064075767993927,
      0.16223451495170593,
      0.20004504919052124,
      0.9662618041038513
    ],
    [
      0.9986492395401001,
      -0.007311841007322073,
      -0.05144147947430611,
      0.007448183372616768,
      0.9999692440032959,
      0.002459153765812516,
      0.05142191797494888,
      -0.0028389773797243834,
      0.9986729621887207
    ],
    [
      0.9927358627319336,
      0.10580813884735107,
      -0.057273559272289276,
      -0.11412463337182999,
      0.9788458943367004,
      -0.16981244087219238,
      0.038094453513622284,
      0.1751152127981186,
      0.9838107228279114
    ],
    [
      0.9546206593513489,
      -0.06988121569156647,
      -0.2895100712776184,
      0.11068306118249893,
      0.9857033491134644,
      0.127035990357399,
      0.2764936089515686,
      -0.15331503748893738,
      0.9487074613571167
    ],
    [
      0.9971445202827454,
      0.025077898055315018,
      0.07123006880283356,
      -0.02087702974677086,
      0.9980325102806091,
      -0.05912034958600998,
      -0.07257253676652908,
      0.057464469224214554,
      0.9957062005996704
    ],
    [
      0.8711311221122742,
      -0.4802513122558594,
      -0.10241739451885223,
      0.44292011857032776,
      0.6784138083457947,
      0.5861541032791138,
      -0.2120198756456375,
      -0.5559797286987305,
      0.80370032787323
    ],
    [
      0.8979928493499756,
      0.3193458318710327,
      0.3026996850967407,
      -0.30180999636650085,
      0.947635293006897,
      -0.10439440608024597,
      -0.3201867938041687,
      0.002387647982686758,
      0.9473514556884766
    ],
    [
      0.9370042681694031,
      -0.04351242259144783,
      -0.34659725427627563,
      0.03593359887599945,
      0.9989544153213501,
      -0.028266195207834244,
      0.34746474027633667,
      0.014031059108674526,
      0.937588095664978
    ],
    [
      0.9601151943206787,
      0.18936476111412048,
      0.20571768283843994,
      -0.18370993435382843,
      0.9818832874298096,
      -0.04642969369888306,
      -0.21078293025493622,
      0.006785471923649311,
      0.9775092601776123
    ],
    [
      0.9311815500259399,
      -0.19680535793304443,
      0.30686885118484497,
      0.13513946533203125,
      0.9681376814842224,
      0.2108239382505417,
      -0.3385825753211975,
      -0.15484528243541718,
      0.9281080961227417
    ],
    [
      0.9840454459190369,
      -0.0024968362413346767,
      -0.1778997927904129,
      0.05952665954828262,
      0.9468967318534851,
      0.3159795105457306,
      0.1676637977361679,
      -0.32152798771858215,
      0.9319380521774292
    ],
    [
      0.44338759779930115,
      0.8426533341407776,
      -0.30552056431770325,
      -0.8675433993339539,
      0.31775763630867004,
      -0.38262057304382324,
      -0.2253350168466568,
      0.4347015619277954,
      0.8719281554222107
    ],
    [
      0.5361062288284302,
      -0.6277904510498047,
      0.5643308162689209,
      0.5930366516113281,
      0.755854070186615,
      0.2774744927883148,
      -0.6007476449012756,
      0.1859130561351776,
      0.7775208353996277
    ],
    [
      -0.22695079445838928,
      -0.37994304299354553,
      -0.8967366814613342,
      -0.12784390151500702,
      0.9244176149368286,
      -0.35931596159935,
      0.9654788374900818,
      0.03309524059295654,
      -0.2583707273006439
    ],
    [
      -0.4438275396823883,
      0.3975188434123993,
      0.8031163811683655,
      -0.25718221068382263,
      0.8020148873329163,
      -0.5391006469726562,
      -0.8584138751029968,
      -0.44581496715545654,
      -0.25372153520584106
    ],
    [
      0.9251596927642822,
      -0.36455363035202026,
      0.10573636740446091,
      0.3792431056499481,
      0.8760559558868408,
      -0.2978265583515167,
      0.01594277285039425,
      0.31563693284988403,
      0.9487460851669312
    ],
    [
      0.7751888632774353,
      0.6291008591651917,
      -0.05757071077823639,
      -0.6193733811378479,
      0.7389278411865234,
      -0.26525893807411194,
      -0.12433402240276337,
      0.24128350615501404,
      0.9624569416046143
    ],
    [
      0.8032469749450684,
      0.4737774133682251,
      -0.36101144552230835,
      -0.1523938775062561,
      0.7493728399276733,
      0.6443729400634766,
      0.5758215188980103,
      -0.46257469058036804,
      0.674132227897644
    ],
    [
      0.8988939523696899,
      -0.43442317843437195,
      0.05715023726224899,
      0.25840362906455994,
      0.6309189200401306,
      0.7315523624420166,
      -0.3538605272769928,
      -0.6428201794624329,
      0.6793857216835022
    ]
  ],
  "root_rot": [
    -0.5544725060462952,
    0.050037939101457596,
    -0.8306962847709656,
    0.10536669194698334,
    -0.9859365224838257,
    -0.129719078540802,
    -0.825504720211029,
    -0.1594533920288086,
    0.5414023399353027
  ],
  "root_trans": [
    -0.8849915862083435,
    0.5667614936828613,
    2.421502113342285
  ]
}