{
  "betas": [
    -0.7423475384712219,
    0.43658995628356934,
    1.3181387186050415,
    0.3816968500614166,
    0.7626259326934814,
    0.02467820607125759,
    0.05905526876449585,
    0.3415568470954895,
    0.029162168502807617,
    0.8243721127510071
  ],
  "joints": [
    [
      0.9310397505760193,
      -0.361390084028244,
      -0.05061785504221916,
      0.3601657748222351,
      0.8877203464508057,
      0.286763459444046,
      -0.058698974549770355,
      -0.2852190136909485,
      0.9566632509231567
    ],
    [
      0.9326131343841553,
      0.3608700633049011,
      -0.0023622214794158936,
      -0.32424336671829224,
      0.8407948017120361,
      0.4335094094276428,
      0.1584267020225525,
      -0.4035305976867676,
      0.9011459946632385
    ],
    [
      0.999764084815979,
      -0.014508059248328209,
      0.016168955713510513,
      0.019415978342294693,
      0.9305970668792725,
      -0.36553001403808594,
      -0.009743650443851948,
      0.36575764417648315,
      0.9306592345237732
    ],
    [
      0.9910438060760498,
      0.11514084786176682,
      -0.06763624399900436,
      -0.13348151743412018,
      0.8395941257476807,
      -0.526559054851532,
      -0.0038414616137742996,
      0.5308713316917419,
      0.8474437594413757
    ],
    [
      0.9999318718910217,
      -0.010892237536609173,
      0.004192014690488577,
      0.01089792512357235,
      0.7428289651870728,
      -0.669392466545105,
      0.004177240654826164,
      0.6693925857543945,
      0.7428970336914062
    ],
    [
      0.9962924122810364,
      0.006972215138375759,
      -0.0857492983341217,
      -0.011974849738180637,
      0.9982467889785767,
      -0.05796479806303978,
      0.08519481867551804,
      0.05877671390771866,
      0.9946292042732239
    ],
    [
      0.9960011839866638,
      -0.08374188095331192,
      -0.031130043789744377,
      0.08730699121952057,
      0.9862543940544128,
      0.14028438925743103,
      0.01895446516573429,
      -0.1424412727355957,
      0.9896218180656433
    ],
    [
      0.9543136358261108,
      -0.2732846736907959,
      -0.12083454430103302,
      0.2875673472881317,
      0.9498401880264282,
      0.12291732430458069,
      0.0811820849776268,
      -0.1520497351884842,
      0.9850332140922546
    ],
    [
      0.9992404580116272,
      0.020798008888959885,
      0.03295311704277992,
      -0.02295009419322014,
      0.9975334405899048,
      0.06633521616458893,
      -0.031492192298173904,
      -0.06704110652208328,
      0.9972530603408813
    ],
    [
      0.9861213564872742,
      -0.01814906671643257,
      0.16503112018108368,
      -0.053695667535066605,
      0.9057222604751587,
      0.42045679688453674,
      -0.1571032553911209,
      -0.42348289489746094,
      0.8921775221824646
    ],
    [
      0.9663324952125549,
      0.25025367736816406,
      0.059788040816783905,
      -0.23951640725135803,
      0.9598131775856018,
      -0.14625513553619385,
      -0.09398623555898666,
      0.12701088190078735,
      0.9874384999275208
    ],
    [
      0.9836736917495728,
      0.0587482713162899,
      -0.17010226845741272,
      -0.008001650683581829,
      0.9585579633712769,
      0.2847852408885956,
      0.17978352308273315,
      -0.278774619102478,
      0.9433783292770386
    ],
    [
      0.8356818556785583,
      0.4393288493156433,
      -0.32958459854125977,
      -0.39779016375541687,
      0.8979422450065613,
      0.1883155107498169,
      0.37868034839630127,
      -0.026266353204846382,
      0.9251547455787659
    ],
    [
      0.7747235298156738,
      -0.4251578152179718,
      0.4680217206478119,
      0.39989617466926575,
      0.9028094410896301,
      0.15817119181156158,
      -0.4897821843624115,
      0.06462115049362183,
      0.8694466948509216
    ],
    [
      0.9926391243934631,
      -0.11219288408756256,
      -0.04561200737953186,
      0.1198076382279396,
      0.9647490978240967,
      0.2343185693025589,
      0.017715269699692726,
      -0.2380584180355072,
      0.971089243888855
    ],
    [
      0.48697078227996826,
      0.7004596590995789,
      -0.5217430591583252,
      -0.8459669947624207,
      0.526850700378418,
      -0.08226935565471649,
      0.21725434064865112,
      0.48144009709358215,
      0.8491266965866089
    ],
    [
      0.5371044874191284,
      -0.6960344314575195,
      0.47650274634361267,
      0.7635024189949036,
      0.6412995457649231,
      0.07615074515342712,
      -0.35858455300331116,
      0.3229100704193115,
      0.8758688569068909
    ],
    [
      0.37162989377975464,
      -0.3055683970451355,
      -0.8766522407531738,
      0.09071318060159683,
      0.9517140984535217,
      -0.2932770848274231,
      0.9239384531974792,
      0.029466627165675163,
      0.38140448927879333
    ],
    [
      0.3263515830039978,
      0.3004396855831146,
      0.8962313532829285,
      -0.16929423809051514,
      0.9513907432556152,
      -0.25728410482406616,
      -0.929964542388916,
      -0.06776174902915955,
      0.3613505959510803
    ],
    [
      0.9256628155708313,
      -0.25344666838645935,
      0.28091490268707275,
      0.36315295100212097,
      0.8034858107566833,
      -0.47173136472702026,
      -0.10615240782499313,
      0.5386792421340942,
      0.8357968330383301
    ],
    [
      0.9305157661437988,
      0.33746445178985596,
      -0.14233140647411346,
      -0.36394280195236206,
      0.8084006905555725,
      -0.46263816952705383,
      -0.041063155978918076,
      0.4822925329208374,
      0.8750473260879517
    ],
    [
      0.9919549226760864,
      -0.06075502559542656,
      -0.11105982959270477,
      0.059870850294828415,
      0.9981423616409302,
      -0.011282222345471382,
      0.11153897643089294,
      0.004542211536318064,
      0.9937496781349182
    ],
    [
      0.989205539226532,
      0.02226102352142334,
      0.14483380317687988,
      -0.01748710684478283,
      0.9992637038230896,
      -0.03415145352482796,
      -0.14548739790916443,
      0.031250081956386566,
      0.9888664484024048
    ]
  ],
  "root_rot": [
    -0.9320394992828369,
    -0.0034216383937746286,
    -0.36234045028686523,
    0.04009582847356796,
    -0.994788646697998,
    -0.09374357759952545,
    -0.3601314127445221,
    -0.10190106183290482,
    0.9273195266723633
  ],
  "root_trans": [
    -0.5205851793289185,
    0.6546911001205444,
    2.325704574584961
  ]
}