{
  "betas": [
    -0.8149217963218689,
    1.2835776805877686,
    0.9787935018539429,
    0.25287172198295593,
    -0.28043609857559204,
    0.1753559410572052,
    0.252320796251297,
    0.6381725668907166,
    0.05088084936141968,
    0.6132456064224243
  ],
  "joints": [
    [
      0.9932422041893005,
      0.0018728368449956179,
      -0.1160445585846901,
      0.04084787890315056,
      0.9302536845207214,
      0.36463624238967896,
      0.10863377898931503,
      -0.366912305355072,
      0.9238907098770142
    ],
    [
      0.9856406450271606,
      -0.15822960436344147,
      0.05895725265145302,
      0.13122473657131195,
      0.9375053644180298,
      0.3222789764404297,
      -0.1062668189406395,
      -0.30991458892822266,
      0.9448070526123047
    ],
    [
      0.9993565082550049,
      -0.035566847771406174,
      -0.004660316277295351,
      0.03353172540664673,
      0.9724178910255432,
      -0.23082268238067627,
      0.012741412967443466,
      0.23051784932613373,
      0.972984790802002
    ],
    [
      0.9820631742477417,
      0.17467911541461945,
      -0.07098732143640518,
      -0.08128564059734344,
      0.05251629650592804,
      -0.9953063726425171,
      -0.17013123631477356,
      0.9832239151000977,
      0.06577322632074356
    ],
    [
      0.9999741911888123,
      0.0068470449186861515,
      0.0021636076271533966,
      -0.0052888705395162106,
      0.9060909748077393,
      -0.42304983735084534,
      -0.004857067950069904,
      0.42302748560905457,
      0.906103789806366
    ],
    [
      0.9834908246994019,
      -0.06444897502660751,
      -0.16909176111221313,
      0.07320496439933777,
      0.9962525963783264,
      0.04606349393725395,
      0.16548936069011688,
      -0.057681385427713394,
      0.9845232963562012
    ],
    [
      0.9814762473106384,
      0.1304752379655838,
      0.14028792083263397,
      -0.09684981405735016,
      0.9696971774101257,
      -0.22429320216178894,
      -0.16530150175094604,
      0.20655156672000885,
      0.9643712639808655
    ],
    [
      0.9406843781471252,
      -0.27399879693984985,
      -0.20009389519691467,
      0.2958522439002991,
      0.9511315822601318,
      0.08843185752630234,
      0.1660853922367096,
      -0.14238469302654266,
      0.975777804851532
    ],
    [
      0.9998793005943298,
      -0.011465277522802353,
      -0.01049064751714468,
      0.010909312404692173,
      0.9986081719398499,
      -0.05160136893391609,
      0.01106767076998949,
      0.05148068815469742,
      0.9986127018928528
    ],
    [
      0.9406667351722717,
      -0.323442667722702,
      0.10262007266283035,
      0.1619463562965393,
      0.6936678886413574,
      0.7018533945083618,
      -0.2981936037540436,
      -0.6435912251472473,
      0.7048906683921814
    ],
    [
      0.8475214838981628,
      0.3098020851612091,
      0.43096405267715454,
      -0.2507971525192261,
      0.949361264705658,
      -0.18924580514431,
      -0.4677693247795105,
      0.05230533331632614,
      0.8823015689849854
    ],
    [
      0.9609490633010864,
      0.03725247457623482,
      -0.2742065191268921,
      -0.07439561188220978,
      0.9891946911811829,
      -0.12632977962493896,
      0.26653751730918884,
      0.14179623126983643,
      0.9533371329307556
    ],
    [
      0.8261857628822327,
      -0.09402430057525635,
      -0.5554965734481812,
      0.30977120995521545,
      0.8993749022483826,
      0.308490514755249,
      0.4705941677093506,
      -0.42694732546806335,
      0.7721767425537109
    ],
    [
      0.8921492695808411,
      -0.3245805501937866,
      0.3141928017139435,
      0.32760757207870483,
      0.9437550902366638,
      0.044716861099004745,
      -0.31103527545928955,
      0.06303781270980835,
      0.9483054876327515
    ],
    [
      0.9638593792915344,
      -0.009663129225373268,
      -0.2662360966205597,
      0.013375223614275455,
      0.9998369812965393,
      0.012133149430155754,
      0.26607540249824524,
      -0.015255617909133434,
      0.9638314843177795
    ],
    [
      0.48490110039711,
      0.46305790543556213,
      -0.7419219613075256,
      -0.29550784826278687,
      0.8851848244667053,
      0.35933664441108704,
      0.823131799697876,
      0.04500104486942291,
      0.5660643577575684
    ],
    [
      0.623690664768219,
      -0.7251688241958618,
      0.2917877733707428,
      0.7575223445892334,
      0.6528014540672302,
      0.0031928380485624075,
      -0.1927948296070099,
      0.21904441714286804,
      0.9564777612686157
    ],
    [
      0.24277758598327637,
      -0.2649199366569519,
      -0.9332075715065002,
      0.3352333605289459,
      0.9256338477134705,
      -0.17555765807628632,
      0.9103173613548279,
      -0.2702208459377289,
      0.31353315711021423
    ],
    [
      0.912324845790863,
      0.11626960337162018,
      0.39261284470558167,
      -0.030890021473169327,
      0.9756489992141724,
      -0.21715183556079865,
      -0.4083004593849182,
      0.18598517775535583,
      0.8937004208564758
    ],
    [
      0.9156057834625244,
      -0.24126659333705902,
      0.32164639234542847,
      0.3858635425567627,
      0.7521325349807739,
      -0.5342340469360352,
      -0.11302787810564041,
      0.6132594347000122,
      0.78175288438797
    ],
    [
      0.9701201915740967,
      0.1953539401292801,
      -0.1438874751329422,
      -0.24262461066246033,
      0.7804773449897766,
      -0.5761844515800476,
      -0.00025898843887262046,
      0.5938788056373596,
      0.8045545220375061
    ],
    [
      0.8872247934341431,
      0.38387030363082886,
      -0.2558820843696594,
      -0.24583427608013153,
      0.8627349138259888,
      0.44187548756599426,
      0.3903813064098358,
      -0.3291383385658264,
      0.8598082661628723
    ],
    [
      0.9410398602485657,
      -0.30000126361846924,
      0.15634363889694214,
      0.23804402351379395,
      0.9155886769294739,
      0.3240869641304016,
      -0.24037298560142517,
      -0.26776203513145447,
      0.9330189228057861
    ]
  ],
  "root_rot": [
    0.4546413719654083,
    0.0984344407916069,
    -0.8852185606956482,
    0.11948805302381516,
    -0.9916307330131531,
    -0.04889911040663719,
    -0.8826232552528381,
    -0.08354149013757706,
    -0.4625980854034424
  ],
  "root_trans": [
    0.030904464423656464,
    0.4907407760620117,
    2.472520589828491
  ]
}