{
  "betas": [
    -0.7073899507522583,
    1.3764370679855347,
    1.0774434804916382,
    0.26742351055145264,
    -0.028680086135864258,
    -0.21659713983535767,
    -0.26501256227493286,
    0.70045006275177,
    0.12057525664567947,
    0.7475188970565796
  ],
  "joints": [
    [
      0.9869023561477661,
      -0.1610276848077774,
      -0.009687583893537521,
      0.15865354239940643,
      0.9797161817550659,
      -0.12241419404745102,
      0.029203159734606743,
      0.11927388608455658,
      0.9924318194389343
    ],
    [
      0.9996633529663086,
      -0.0034786053001880646,
      0.025710025802254677,
      -0.00687244301661849,
      0.920066237449646,
      0.39170268177986145,
      -0.02501750737428665,
      -0.39174753427505493,
      0.9197325706481934
    ],
    [
      0.9956313967704773,
      -0.05300034210085869,
      -0.07687199860811234,
      0.04448331892490387,
      0.9930939078330994,
      -0.10856181383132935,
      0.08209493011236191,
      0.10466800630092621,
      0.9911131262779236
    ],
    [
      0.9941483736038208,
      0.014490795321762562,
      -0.10704641044139862,
      -0.08670175075531006,
      0.6981316208839417,
      -0.7107003331184387,
      0.06443387269973755,
      0.7158227562904358,
      0.6953027844429016
    ],
    [
      0.9993537068367004,
      -0.03587665036320686,
      0.002230271464213729,
      0.03329871967434883,
      0.9006049036979675,
      -0.4333612620830536,
      0.013538957573473454,
      0.43315547704696655,
      0.901217520236969
    ],
    [
      0.9862809181213379,
      -0.046202436089515686,
      -0.15847837924957275,
      0.03830024227499962,
      0.9978829622268677,
      -0.052561260759830475,
      0.16057133674621582,
      0.04577040299773216,
      0.9859625101089478
    ],
    [
      0.95268315076828,
      0.2778915464878082,
      0.12317080795764923,
      -0.243938148021698,
      0.9407266974449158,
      -0.2356424331665039,
      -0.1813531368970871,
      0.19444653391838074,
      0.9640028476715088
    ],
    [
      0.92226243019104,
      -0.31981325149536133,
      -0.2171439826488495,
      0.33876001834869385,
      0.9392361044883728,
      0.05547211319208145,
      0.18620875477790833,
      -0.12471953779459,
      0.9745621085166931
    ],
    [
      0.9999444484710693,
      -0.004180941730737686,
      -0.009675820358097553,
      0.004128507804125547,
      0.9999766945838928,
      -0.005432614590972662,
      0.009698309004306793,
      0.005392366088926792,
      0.999938428401947
    ],
    [
      0.8952655792236328,
      -0.43392473459243774,
      -0.1010391116142273,
      0.37976908683776855,
      0.6246501803398132,
      0.6823397874832153,
      -0.2329699993133545,
      -0.6492468118667603,
      0.7240189909934998
    ],
    [
      0.8443649411201477,
      0.317828506231308,
      0.4313153624534607,
      -0.32443827390670776,
      0.9439727067947388,
      -0.06045962870121002,
      -0.4263657033443451,
      -0.08888520300388336,
      0.9001731872558594
    ],
    [
      0.934887170791626,
      -0.03397355228662491,
      -0.35331547260284424,
      0.01023116335272789,
      0.997574508190155,
      -0.06885112076997757,
      0.3547976315021515,
      0.060753196477890015,
      0.9329671859741211
    ],
    [
      0.9455418586730957,
      0.09296482056379318,
      -0.31194260716438293,
      -0.02656291425228119,
      0.977188766002655,
      0.21070492267608643,
      0.3244149386882782,
      -0.19094420969486237,
      0.9264423251152039
    ],
    [
      0.9275059103965759,
      -0.30079105496406555,
      0.22194047272205353,
      0.308789998292923,
      0.9511291980743408,
      -0.001412158366292715,
      -0.21066930890083313,
      0.06984279304742813,
      0.9750592112541199
    ],
    [
      0.9819060564041138,
      0.028455134481191635,
      -0.18721836805343628,
      -0.02772727981209755,
      0.9995943307876587,
      0.006505785044282675,
      0.1873275488615036,
      -0.001197013072669506,
      0.9822967052459717
    ],
    [
      0.3435627222061157,
      0.6115438938140869,
      -0.712726354598999,
      -0.6965550184249878,
      0.6749659180641174,
      0.24337662756443024,
      0.6299014091491699,
      0.412837952375412,
      0.6578671336174011
    ],
    [
      0.6095948815345764,
      -0.7211462259292603,
      0.3291538655757904,
      0.75657719373703,
      0.6532179117202759,
      0.02995590679347515,
      -0.23661179840564728,
      0.2307693213224411,
      0.9438011050224304
    ],
    [
      -0.02129345014691353,
      -0.30774959921836853,
      -0.9512289762496948,
      0.09307633340358734,
      0.9467024207115173,
      -0.30836865305900574,
      0.9954312443733215,
      -0.09510313719511032,
      0.008485643193125725
    ],
    [
      0.9297572374343872,
      0.06024844944477081,
      0.36321011185646057,
      0.00927320308983326,
      0.9823747277259827,
      -0.18669185042381287,
      -0.36805635690689087,
      0.176946222782135,
      0.9128113389015198
    ],
    [
      0.9320619106292725,
      -0.1912715584039688,
      0.30769413709640503,
      0.31505855917930603,
      0.8472349047660828,
      -0.4277043342590332,
      -0.17888155579566956,
      0.49558863043785095,
      0.8499371409416199
    ],
    [
      0.9843170642852783,
      0.10698704421520233,
      -0.14026321470737457,
      -0.17165817320346832,
      0.7641612887382507,
      -0.6217643618583679,
      0.040662966668605804,
      0.6360905766487122,
      0.7705422043800354
    ],
    [
      0.8700835108757019,
      0.4457087516784668,
      -0.21047192811965942,
      -0.2558358609676361,
      0.7733466625213623,
      0.5800714492797852,
      0.4213106632232666,
      -0.450864315032959,
      0.7869044542312622
    ],
    [
      0.961338460445404,
      -0.24246050417423248,
      0.13054244220256805,
      0.20264852046966553,
      0.9438904523849487,
      0.2607765197753906,
      -0.18644578754901886,
      -0.2242402732372284,
      0.9565324783325195
    ]
  ],
  "root_rot": [
    0.649260401725769,
    0.03799119219183922,
    -0.7596166729927063,
    0.09756797552108765,
    -0.994659960269928,
    0.0336468443274498,
    -0.7542819976806641,
    -0.09595982730388641,
    -0.6495000720024109
  ],
  "root_trans": [
    0.06110856682062149,
    0.524287223815918,
    2.488910436630249
  ]
}