{
  "betas": [
    -0.24439045786857605,
    0.8207833766937256,
    0.9175828695297241,
    0.8211868405342102,
    0.3086186647415161,
    -0.2954776883125305,
    -0.41635942459106445,
    0.48234015703201294,
    0.32428455352783203,
    0.4775412976741791
  ],
  "joints": [
    [
      0.9915516376495361,
      -0.10013575851917267,
      -0.08245240151882172,
      0.11905407160520554,
      0.9548982977867126,
      0.2720208168029785,
      0.05149465054273605,
      -0.27953892946243286,
      0.9587525129318237
    ],
    [
      0.9946645498275757,
      0.02818213775753975,
      -0.0992380902171135,
      -0.03433534502983093,
      0.9975560903549194,
      -0.06085267663002014,
      0.0972805917263031,
      0.06393537670373917,
      0.9932013154029846
    ],
    [
      0.9955545663833618,
      -0.009116064757108688,
      0.09374444931745529,
      0.01801949180662632,
      0.9953548312187195,
      -0.09457273036241531,
      -0.09244686365127563,
      0.09584153443574905,
      0.9910942912101746
    ],
    [
      0.9972749948501587,
      0.032884858548641205,
      0.06603842973709106,
      -0.02000436559319496,
      0.9821588397026062,
      -0.18698635697364807,
      -0.07100924104452133,
      0.18515577912330627,
      0.9801402688026428
    ],
    [
      0.9996566772460938,
      0.007653938140720129,
      0.02506122924387455,
      -0.004127862397581339,
      0.9904463291168213,
      -0.13783735036849976,
      -0.02587679773569107,
      0.13768655061721802,
      0.9901378750801086
    ],
    [
      0.9898045659065247,
      -0.022623268887400627,
      -0.1406238079071045,
      0.014418255537748337,
      0.9981483221054077,
      -0.05909472703933716,
      0.14170031249523163,
      0.05646468326449394,
      0.9882979393005371
    ],
    [
      0.9932250380516052,
      0.039471935480833054,
      0.10929829627275467,
      -0.03292982652783394,
      0.9975927472114563,
      -0.061027564108371735,
      -0.11144406348466873,
      0.05701492726802826,
      0.9921339154243469
    ],
    [
      0.9754166007041931,
      -0.05066980794072151,
      -0.21446457505226135,
      0.09862053394317627,
      0.9706816673278809,
      0.21920573711395264,
      0.19706971943378448,
      -0.23496752977371216,
      0.9518160820007324
    ],
    [
      0.999159574508667,
      0.012829394079744816,
      0.0389292910695076,
      -0.011663640849292278,
      0.9994810819625854,
      -0.030025960877537727,
      -0.03929430618882179,
      0.029546668753027916,
      0.9987907409667969
    ],
    [
      0.9708196520805359,
      -0.21855957806110382,
      0.09869613498449326,
      0.13337494432926178,
      0.834124743938446,
      0.5352076292037964,
      -0.19929960370063782,
      -0.5064264535903931,
      0.8389350771903992
    ],
    [
      0.8997160196304321,
      0.20857152342796326,
      0.3834177255630493,
      -0.2409094125032425,
      0.9698131084442139,
      0.037751562893390656,
      -0.363969624042511,
      -0.12633459270000458,
      0.9228032231330872
    ],
    [
      0.9911773204803467,
      0.12729157507419586,
      0.03693646565079689,
      -0.1253785490989685,
      0.9908396005630493,
      -0.0501711368560791,
      -0.04298447445034981,
      0.04509745538234711,
      0.9980573654174805
    ],
    [
      0.9365063309669495,
      0.31635624170303345,
      -0.1512439250946045,
      -0.2904767096042633,
      0.9415251612663269,
      0.17074452340602875,
      0.19641605019569397,
      -0.11597047001123428,
      0.9736384153366089
    ],
    [
      0.9202577471733093,
      -0.3671128451824188,
      0.13547658920288086,
      0.36953309178352356,
      0.9291852116584778,
      0.007751550525426865,
      -0.12872853875160217,
      0.04292965680360794,
      0.990750253200531
    ],
    [
      0.971069872379303,
      -0.14626218378543854,
      0.18876075744628906,
      0.16520871222019196,
      0.9822523593902588,
      -0.08880457282066345,
      -0.17242197692394257,
      0.11742037534713745,
      0.9779994487762451
    ],
    [
      0.6181678771972656,
      0.654051661491394,
      -0.43598729372024536,
      -0.6966047286987305,
      0.7127968072891235,
      0.0816245973110199,
      0.3641570508480072,
      0.25325310230255127,
      0.8962435722351074
    ],
    [
      0.5881778001785278,
      -0.6798955202102661,
      0.4379372000694275,
      0.7749772071838379,
      0.6286515593528748,
      -0.06486555188894272,
      -0.23120810091495514,
      0.3775438368320465,
      0.8966624140739441
    ],
    [
      -0.022174378857016563,
      -0.24912574887275696,
      -0.9682173132896423,
      0.49214833974838257,
      0.8402650952339172,
      -0.22747451066970825,
      0.8702288866043091,
      -0.4815506339073181,
      0.10397446155548096
    ],
    [
      -0.2071446180343628,
      0.33498960733413696,
      0.9191697239875793,
      0.12124371528625488,
      0.9410954713821411,
      -0.315656840801239,
      -0.9707682728767395,
      0.04605694115161896,
      -0.23555824160575867
    ],
    [
      0.9535936117172241,
      -0.20688539743423462,
      0.21876387298107147,
      0.2831457257270813,
      0.863274335861206,
      -0.41783469915390015,
      -0.10240937024354935,
      0.46038657426834106,
      0.8817915916442871
    ],
    [
      0.9937301278114319,
      0.11020369082689285,
      -0.01885712519288063,
      -0.11164998263120651,
      0.987022340297699,
      -0.11541704833507538,
      0.005893019959330559,
      0.11679878830909729,
      0.9931380748748779
    ],
    [
      0.9434517025947571,
      0.2054958939552307,
      -0.26013532280921936,
      -0.09048109501600266,
      0.9145246148109436,
      0.3942815065383911,
      0.31892338395118713,
      -0.3484482169151306,
      0.8814033269882202
    ],
    [
      0.8427686095237732,
      -0.5355048775672913,
      0.054549332708120346,
      0.1864256113767624,
      0.3854491412639618,
      0.9037005305290222,
      -0.5049620270729065,
      -0.7514410018920898,
      0.4246762692928314
    ]
  ],
  "root_rot": [
    0.21360737085342407,
    -0.10877871513366699,
    0.9708445072174072,
    -0.1127057746052742,
    -0.9898897409439087,
    -0.08611486852169037,
    0.9703964591026306,
    -0.09102501720190048,
    -0.22370773553848267
  ],
  "root_trans": [
    -0.015308476984500885,
    0.5368059873580933,
    2.6170847415924072
  ]
}