{
  "betas": [
    -0.8621148467063904,
    1.0358388423919678,
    0.9698798656463623,
    0.5007150769233704,
    0.258405864238739,
    0.5153058767318726,
    0.3586842119693756,
    0.902260959148407,
    -0.23715901374816895,
    0.8224676251411438
  ],
  "joints": [
    [
      0.9861382842063904,
      0.0406065508723259,
      -0.16087989509105682,
      0.04930267110466957,
      0.8540900349617004,
      0.5177831053733826,
      0.15843132138252258,
      -0.5185375809669495,
      0.8402488827705383
    ],
    [
      0.9936996102333069,
      -0.11192923039197922,
      0.005733466241508722,
      0.10697430372238159,
      0.9624834656715393,
      0.2493632435798645,
      -0.033429406583309174,
      -0.2471788376569748,
      0.9683929681777954
    ],
    [
      0.9938675761222839,
      -0.08089093863964081,
      0.07539208978414536,
      0.09760886430740356,
      0.9621585011482239,
      -0.25440821051597595,
      -0.0519598163664341,
      0.26020699739456177,
      0.9641538262367249
    ],
    [
      0.9743325710296631,
      0.20536832511425018,
      -0.09219421446323395,
      -0.07471682876348495,
      -0.09130559861660004,
      -0.9930159449577332,
      -0.21235187351703644,
      0.9744163751602173,
      -0.07361754775047302
    ],
    [
      0.9997813701629639,
      0.008771608583629131,
      -0.01897842437028885,
      -0.017501208931207657,
      0.8477195501327515,
      -0.5301560163497925,
      0.01143806241452694,
      0.5303722620010376,
      0.8476877212524414
    ],
    [
      0.9916268587112427,
      0.06941018998622894,
      -0.10889595001935959,
      -0.049961406737565994,
      0.9838081002235413,
      0.17212055623531342,
      0.11907964199781418,
      -0.16523878276348114,
      0.9790383577346802
    ],
    [
      0.9843543767929077,
      0.08067336678504944,
      0.15664729475975037,
      -0.06312219798564911,
      0.9914782643318176,
      -0.11395832151174545,
      -0.16450577974319458,
      0.10228743404150009,
      0.9810582399368286
    ],
    [
      0.9524555802345276,
      -0.210031196475029,
      -0.22071537375450134,
      0.27220627665519714,
      0.9120259881019592,
      0.3067774772644043,
      0.1368653029203415,
      -0.35227203369140625,
      0.9258360266685486
    ],
    [
      0.9924254417419434,
      0.08250308036804199,
      0.09102226048707962,
      -0.07959241420030594,
      0.9962071180343628,
      -0.03516298159956932,
      -0.09357807785272598,
      0.0276519525796175,
      0.9952279329299927
    ],
    [
      0.9511735439300537,
      -0.3047996759414673,
      -0.048641253262758255,
      0.2401324361562729,
      0.6317495107650757,
      0.737040638923645,
      -0.19392067193984985,
      -0.7127339839935303,
      0.6740956902503967
    ],
    [
      0.8593157529830933,
      0.3483833372592926,
      0.3744402229785919,
      -0.3006055951118469,
      0.9363535642623901,
      -0.1813236027956009,
      -0.4137785732746124,
      0.04325539618730545,
      0.9093493223190308
    ],
    [
      0.9847186207771301,
      0.08859188109636307,
      -0.1499357968568802,
      -0.06574933975934982,
      0.9863473773002625,
      0.15098309516906738,
      0.16126465797424316,
      -0.1388176828622818,
      0.9770994782447815
    ],
    [
      0.836611270904541,
      0.07616665959358215,
      -0.5424759984016418,
      0.11183928698301315,
      0.945679247379303,
      0.3052581548690796,
      0.5362588763237,
      -0.31605255603790283,
      0.7826474905014038
    ],
    [
      0.7732464671134949,
      -0.028921805322170258,
      0.6334455609321594,
      -0.13130725920200348,
      0.9700038433074951,
      0.20457500219345093,
      -0.620361328125,
      -0.24136292934417725,
      0.7462543845176697
    ],
    [
      0.996567964553833,
      -0.06189582124352455,
      0.05496533215045929,
      0.05469144508242607,
      0.9907631874084473,
      0.12408491224050522,
      -0.062137968838214874,
      -0.12065292149782181,
      0.9907480478286743
    ],
    [
      0.5233280062675476,
      0.5143246650695801,
      -0.6794099807739258,
      -0.5616901516914368,
      0.8077841997146606,
      0.1788540482521057,
      0.6408057808876038,
      0.28801852464675903,
      0.711627185344696
    ],
    [
      0.8709090948104858,
      -0.13819386065006256,
      0.47161412239074707,
      0.06435416638851166,
      0.9834551811218262,
      0.16933517158031464,
      -0.4872124493122101,
      -0.11712520569562912,
      0.8653934001922607
    ],
    [
      -0.5725669860839844,
      -0.3852592706680298,
      -0.7237004041671753,
      0.04750572890043259,
      0.8656412363052368,
      -0.4984058439731598,
      0.8184804320335388,
      -0.3197506368160248,
      -0.4773355722427368
    ],
    [
      -0.49039149284362793,
      0.2990664541721344,
      0.8185814023017883,
      -0.11008041352033615,
      0.9104971885681152,
      -0.39859405159950256,
      -0.8645220994949341,
      -0.2855769097805023,
      -0.41357871890068054
    ],
    [
      0.8582027554512024,
      -0.350921630859375,
      0.3746225833892822,
      0.47935032844543457,
      0.8089367747306824,
      -0.3403594493865967,
      -0.18360647559165955,
      0.4716728627681732,
      0.8624461889266968
    ],
    [
      0.8418622016906738,
      0.5107362270355225,
      -0.17440323531627655,
      -0.5114890933036804,
      0.6519615054130554,
      -0.5597545504570007,
      -0.17218272387981415,
      0.5604415535926819,
      0.8100977540016174
    ],
    [
      0.8608645796775818,
      0.3542010486125946,
      -0.36531320214271545,
      -0.21528032422065735,
      0.9040539264678955,
      0.3692436218261719,
      0.46104931831359863,
      -0.23922398686408997,
      0.8545204997062683
    ],
    [
      0.9233378171920776,
      -0.3311678171157837,
      0.194358229637146,
      0.23352502286434174,
      0.8860856890678406,
      0.40039756894111633,
      -0.3048168122768402,
      -0.3243147134780884,
      0.8954923748970032
    ]
  ],
  "root_rot": [
    0.5107662677764893,
    0.05041142553091049,
    -0.8582404255867004,
    0.11439921706914902,
    -0.9933871626853943,
    0.009732931852340698,
    -0.852074384689331,
    -0.1031532809138298,
    -0.5131556987762451
  ],
  "root_trans": [
    -0.10046842694282532,
    0.5075163841247559,
    2.592635154724121
  ]
}