{
  "betas": [
    -0.7052112221717834,
    1.171166181564331,
    1.536075472831726,
    -0.033903300762176514,
    0.35642823576927185,
    -0.21429350972175598,
    0.1151733249425888,
    1.0117052793502808,
    0.10053829848766327,
    1.3013441562652588
  ],
  "joints": [
    [
      0.9664235711097717,
      -0.2517325282096863,
      -0.05153751000761986,
      0.24853846430778503,
      0.9666876792907715,
      -0.0611843504011631,
      0.06522276997566223,
      0.04632095247507095,
      0.9967949986457825
    ],
    [
      0.9875366687774658,
      0.14518144726753235,
      0.06077545881271362,
      -0.10387911647558212,
      0.3111394941806793,
      0.9446699023246765,
      0.1182389110326767,
      -0.939209520816803,
      0.32234299182891846
    ],
    [
      0.9934064745903015,
      -0.09090957790613174,
      -0.06984962522983551,
      0.06416713446378708,
      0.9457940459251404,
      -0.3183648884296417,
      0.09500577300786972,
      0.31178373098373413,
      0.9453913569450378
    ],
    [
      0.9890924096107483,
      -0.007071435451507568,
      -0.14712652564048767,
      -0.08998408168554306,
      0.7617825269699097,
      -0.6415529847145081,
      0.11661511659622192,
      0.647794246673584,
      0.7528370022773743
    ],
    [
      0.9226282238960266,
      -0.33558204770088196,
      0.19011008739471436,
      0.08814957737922668,
      -0.2963910400867462,
      -0.9509900212287903,
      0.37548208236694336,
      0.8941683769226074,
      -0.2438773214817047
    ],
    [
      0.9962085485458374,
      -0.025318998843431473,
      -0.08323167264461517,
      0.012683160603046417,
      0.9887598156929016,
      -0.148973748087883,
      0.08606799691915512,
      0.14735327661037445,
      0.9853321313858032
    ],
    [
      0.9964975118637085,
      0.08353116363286972,
      -0.003901116084307432,
      -0.0796905979514122,
      0.9627481698989868,
      0.25839003920555115,
      0.025339419022202492,
      -0.25717416405677795,
      0.9660328030586243
    ],
    [
      0.9054717421531677,
      -0.3678499162197113,
      -0.21167753636837006,
      0.24784094095230103,
      0.8631865978240967,
      -0.43986788392066956,
      0.3445225656032562,
      0.34582558274269104,
      0.8727593421936035
    ],
    [
      0.9999646544456482,
      0.006126675754785538,
      0.005748202558606863,
      -0.006422721780836582,
      0.99857497215271,
      0.05297918990254402,
      -0.005415423773229122,
      -0.05301424115896225,
      0.9985790252685547
    ],
    [
      0.9145404696464539,
      -0.37260645627975464,
      0.1574173867702484,
      0.2308424860239029,
      0.8003497123718262,
      0.553310215473175,
      -0.33215588331222534,
      -0.46968594193458557,
      0.8179656267166138
    ],
    [
      0.8430673480033875,
      0.32686299085617065,
      0.42708078026771545,
      -0.4375309646129608,
      0.8786312341690063,
      0.19124272465705872,
      -0.3127363324165344,
      -0.34809160232543945,
      0.8837579488754272
    ],
    [
      0.9681119322776794,
      -0.08664972335100174,
      -0.2350553572177887,
      0.06522102653980255,
      0.9930992126464844,
      -0.0974685400724411,
      0.2418789267539978,
      0.07902991026639938,
      0.9670825600624084
    ],
    [
      0.9365593791007996,
      0.34092891216278076,
      -0.08138860017061234,
      -0.3381061851978302,
      0.9399494528770447,
      0.046682365238666534,
      0.09241653233766556,
      -0.016202813014388084,
      0.9955886602401733
    ],
    [
      0.9156524538993835,
      -0.10876715183258057,
      0.38697582483291626,
      0.06286714226007462,
      0.9895986318588257,
      0.12939150631427765,
      -0.39702433347702026,
      -0.09414958208799362,
      0.9129663109779358
    ],
    [
      0.9836295247077942,
      -0.0553043857216835,
      0.17150601744651794,
      0.043417755514383316,
      0.9964372515678406,
      0.07230278849601746,
      -0.17489364743232727,
      -0.0636727511882782,
      0.9825263023376465
    ],
    [
      0.6975669860839844,
      0.6540753245353699,
      -0.29255038499832153,
      -0.7161808609962463,
      0.6239210963249207,
      -0.3127416968345642,
      -0.022028276696801186,
      0.42767730355262756,
      0.9036629796028137
    ],
    [
      0.7821757793426514,
      -0.32079848647117615,
      0.5341249108314514,
      0.2778119444847107,
      0.9468973278999329,
      0.16188251972198486,
      -0.5576931238174438,
      0.0217656921595335,
      0.829761803150177
    ],
    [
      -0.448319673538208,
      -0.34232527017593384,
      -0.8257256746292114,
      -0.11754657328128815,
      0.9383172392845154,
      -0.3251821994781494,
      0.886110782623291,
      -0.04872434586286545,
      -0.4609052538871765
    ],
    [
      -0.6188335418701172,
      0.19065611064434052,
      0.7620335817337036,
      -0.05221017077565193,
      0.9579699635505676,
      -0.2820771038532257,
      -0.7837851643562317,
      -0.21434469521045685,
      -0.5828697681427002
    ],
    [
      0.9458541870117188,
      -0.31089434027671814,
      0.09329808503389359,
      0.3245474696159363,
      0.9010669589042664,
      -0.28765833377838135,
      0.00536353187635541,
      0.30236250162124634,
      0.9531779289245605
    ],
    [
      0.9637536406517029,
      0.26674503087997437,
      0.005093616433441639,
      -0.23931986093521118,
      0.8727893233299255,
      -0.42539945244789124,
      -0.11791884899139404,
      0.40876129269599915,
      0.9049912691116333
    ],
    [
      0.8771951198577881,
      0.20760329067707062,
      -0.4329313337802887,
      -0.12443774938583374,
      0.9691795706748962,
      0.21261721849441528,
      0.46372827887535095,
      -0.132633775472641,
      0.8759932518005371
    ],
    [
      0.9449256658554077,
      -0.23874709010124207,
      0.22386454045772552,
      0.15263280272483826,
      0.9265302419662476,
      0.34386757016181946,
      -0.2895146608352661,
      -0.29076018929481506,
      0.9119428396224976
    ]
  ],
  "root_rot": [
    0.5047404766082764,
    0.3992164731025696,
    -0.7654169797897339,
    0.3142608106136322,
    -0.9107816219329834,
    -0.2678002119064331,
    -0.8040379881858826,
    -0.10537096858024597,
    -0.5851664543151855
  ],
  "root_trans": [
    -0.5059068202972412,
    0.5490396022796631,
    2.480964183807373
  ]
}