{
  "betas": [
    -0.7177687287330627,
    1.3365764617919922,
    1.3969842195510864,
    -0.1310187578201294,
    0.3603202700614929,
    -0.3000473082065582,
    0.1419084221124649,
    1.0467958450317383,
    0.03895539045333862,
    1.2258944511413574
  ],
  "joints": [
    [
      0.9545971751213074,
      -0.2948271334171295,
      -0.042677223682403564,
      0.289755254983902,
      0.9521906971931458,
      -0.09682309627532959,
      0.06918293237686157,
      0.08006108552217484,
      0.9943862557411194
    ],
    [
      0.9911928772926331,
      0.13212449848651886,
      -0.008935710415244102,
      0.004363497719168663,
      0.0348544605076313,
      0.9993829131126404,
      0.13235442340373993,
      -0.9906201362609863,
      0.033970966935157776
    ],
    [
      0.987845778465271,
      -0.12370306253433228,
      -0.09411852061748505,
      0.07648435235023499,
      0.9139725565910339,
      -0.3985026180744171,
      0.13531774282455444,
      0.3864605128765106,
      0.9123252630233765
    ],
    [
      0.9826227426528931,
      -0.042251139879226685,
      -0.18074145913124084,
      -0.09720443189144135,
      0.7124086022377014,
      -0.6950002908706665,
      0.15812630951404572,
      0.7004919052124023,
      0.6959218978881836
    ],
    [
      0.897201657295227,
      -0.3855300843715668,
      0.21539640426635742,
      0.04695891961455345,
      -0.40169018507003784,
      -0.9145708084106445,
      0.4391171932220459,
      0.8306693434715271,
      -0.34229302406311035
    ],
    [
      0.9942594170570374,
      -0.046643443405628204,
      -0.09629486501216888,
      0.028046011924743652,
      0.9821224212646484,
      -0.18614241480827332,
      0.10325566679239273,
      0.18237313628196716,
      0.9777926206588745
    ],
    [
      0.99267578125,
      0.1186627447605133,
      -0.02266756445169449,
      -0.10987359285354614,
      0.9647953510284424,
      0.23895134031772614,
      0.050224192440509796,
      -0.2347106784582138,
      0.9707669019699097
    ],
    [
      0.9308046102523804,
      -0.34517979621887207,
      -0.12022377550601959,
      0.2536233365535736,
      0.8467757701873779,
      -0.4675959348678589,
      0.26320725679397583,
      0.4047488570213318,
      0.8757284283638
    ],
    [
      0.9999536871910095,
      -0.008166478015482426,
      0.0050927745178341866,
      0.007656915113329887,
      0.9956261515617371,
      0.09311279654502869,
      -0.005830903071910143,
      -0.09306949377059937,
      0.9956425428390503
    ],
    [
      0.9174729585647583,
      -0.37219521403312683,
      0.14040693640708923,
      0.23450319468975067,
      0.7911520004272461,
      0.5648775100708008,
      -0.3213280141353607,
      -0.4853339195251465,
      0.8131415247917175
    ],
    [
      0.8401066064834595,
      0.32855939865112305,
      0.43158960342407227,
      -0.4537592828273773,
      0.8616454601287842,
      0.22730952501296997,
      -0.2971925437450409,
      -0.3868020176887512,
      0.8729609251022339
    ],
    [
      0.9665382504463196,
      -0.09810170531272888,
      -0.23702287673950195,
      0.0769554153084755,
      0.9923146367073059,
      -0.09689950942993164,
      0.24470727145671844,
      0.07541688531637192,
      0.9666594862937927
    ],
    [
      0.9236428141593933,
      0.3737022876739502,
      -0.08503244072198868,
      -0.3705426752567291,
      0.9274188876152039,
      0.050915639847517014,
      0.09788797795772552,
      -0.015519719570875168,
      0.9950764179229736
    ],
    [
      0.9180120229721069,
      -0.14480054378509521,
      0.36917024850845337,
      0.10880090296268463,
      0.9871948957443237,
      0.11665572971105576,
      -0.3813348114490509,
      -0.06692530959844589,
      0.9220111966133118
    ],
    [
      0.9808339476585388,
      -0.04511561989784241,
      0.18955053389072418,
      0.029629407450556755,
      0.9960458278656006,
      0.08375444263219833,
      -0.19257965683937073,
      -0.07653292268514633,
      0.9782922863960266
    ],
    [
      0.7144918441772461,
      0.627348780632019,
      -0.309733510017395,
      -0.6995317339897156,
      0.6484822630882263,
      -0.30021020770072937,
      0.012520157732069492,
      0.4311661720275879,
      0.9021856784820557
    ],
    [
      0.808030366897583,
      -0.30113092064857483,
      0.5063665509223938,
      0.2841586768627167,
      0.9521218538284302,
      0.11277305334806442,
      -0.5160821080207825,
      0.05276438966393471,
      0.8549123406410217
    ],
    [
      -0.5004574060440063,
      -0.3462279438972473,
      -0.7935165762901306,
      -0.08776328712701797,
      0.9321205615997314,
      -0.3513529300689697,
      0.8613013029098511,
      -0.10619555413722992,
      -0.49687275290489197
    ],
    [
      -0.6257057189941406,
      0.21557311713695526,
      0.7496803402900696,
      -0.01516524888575077,
      0.957512378692627,
      -0.28799331188201904,
      -0.7799117565155029,
      -0.19156815111637115,
      -0.5958517789840698
    ],
    [
      0.9393677115440369,
      -0.32980459928512573,
      0.09389959275722504,
      0.34257081151008606,
      0.8903650045394897,
      -0.2998254895210266,
      0.015278909355401993,
      0.3138136565685272,
      0.9493615627288818
    ],
    [
      0.9726329445838928,
      0.22576378285884857,
      -0.054916862398386,
      -0.2208588570356369,
      0.8249449133872986,
      -0.5202761888504028,
      -0.07215613126754761,
      0.5181666612625122,
      0.8522305488586426
    ],
    [
      0.8909912109375,
      0.17796948552131653,
      -0.41768574714660645,
      -0.12370078265666962,
      0.9803240895271301,
      0.15382714569568634,
      0.4368439316749573,
      -0.08539058268070221,
      0.8954750895500183
    ],
    [
      0.9406965970993042,
      -0.2484646737575531,
      0.2309875637292862,
      0.1709326058626175,
      0.9352726340293884,
      0.30991488695144653,
      -0.2930392324924469,
      -0.25205257534980774,
      0.9222785234451294
    ]
  ],
  "root_rot": [
    0.48664310574531555,
    0.490557461977005,
    -0.7228637337684631,
    0.38488760590553284,
    -0.8632121682167053,
    -0.3266899287700653,
    -0.784244954586029,
    -0.11923990398645401,
    -0.6088857054710388
  ],
  "root_trans": [
    -0.4908522069454193,
    0.5583663582801819,
    2.4832615852355957
  ]
}