{
  "betas": [
    -1.0285348892211914,
    0.9997435808181763,
    1.445489525794983,
    0.10970845818519592,
    0.050958067178726196,
    0.07366243004798889,
    0.08647626638412476,
    -0.06752541661262512,
    0.20172473788261414,
    0.47992026805877686
  ],
  "joints": [
    [
      0.9568125009536743,
      -0.28922733664512634,
      -0.02927887998521328,
      0.29048287868499756,
      0.9551592469215393,
      0.057362835854291916,
      0.011375091969966888,
      -0.06339050084352493,
      0.9979239106178284
    ],
    [
      0.9460420608520508,
      0.31452295184135437,
      -0.07797247916460037,
      -0.2818228006362915,
      0.917368471622467,
      0.28108900785446167,
      0.15993843972682953,
      -0.2439476102590561,
      0.9565088748931885
    ],
    [
      0.9999418258666992,
      0.007419370114803314,
      0.00782351940870285,
      -0.007010474801063538,
      0.9986711144447327,
      -0.051057569682598114,
      -0.008191938512027264,
      0.050999756902456284,
      0.9986650347709656
    ],
    [
      0.9914020895957947,
      0.04813399538397789,
      -0.12167554348707199,
      -0.07729887962341309,
      0.9657249450683594,
      -0.24779072403907776,
      0.10557793825864792,
      0.2550656497478485,
      0.9611424207687378
    ],
    [
      0.993411123752594,
      0.03318673372268677,
      0.10969486087560654,
      -0.012653428129851818,
      0.9830645322799683,
      -0.18282213807106018,
      -0.11390440165996552,
      0.1802295297384262,
      0.9770071506500244
    ],
    [
      0.994793176651001,
      -0.03420962020754814,
      -0.09600171446800232,
      0.025284724310040474,
      0.9953740239143372,
      -0.09268888831138611,
      0.09872846305370331,
      0.08977889269590378,
      0.9910562634468079
    ],
    [
      0.9962607026100159,
      0.08424887806177139,
      -0.01914804056286812,
      -0.08348359912633896,
      0.9957934021949768,
      0.037760861217975616,
      0.022248806431889534,
      -0.036021120846271515,
      0.9991032481193542
    ],
    [
      0.8533568978309631,
      -0.4113495349884033,
      -0.32027095556259155,
      0.3830726742744446,
      0.9114623665809631,
      -0.1499725580215454,
      0.3536060154438019,
      0.005293087102472782,
      0.9353794455528259
    ],
    [
      0.9986612796783447,
      0.005874973721802235,
      0.0513908714056015,
      -0.007452445570379496,
      0.9995051622390747,
      0.03055792860686779,
      -0.05118592083454132,
      -0.030900010839104652,
      0.9982109069824219
    ],
    [
      0.9560204148292542,
      -0.25752463936805725,
      0.1403779536485672,
      0.0869283452630043,
      0.705895721912384,
      0.7029613256454468,
      -0.2801220715045929,
      -0.6598426103591919,
      0.6972368955612183
    ],
    [
      0.8809903860092163,
      0.361642062664032,
      0.30507537722587585,
      -0.3936542272567749,
      0.9179727435112,
      0.048604510724544525,
      -0.2624734342098236,
      -0.16291432082653046,
      0.9510870575904846
    ],
    [
      0.8257876634597778,
      -0.19198764860630035,
      -0.530297577381134,
      0.11077673733234406,
      0.9771742820739746,
      -0.1812705397605896,
      0.5529947876930237,
      0.09094633907079697,
      0.8282062411308289
    ],
    [
      0.9712325930595398,
      0.20538507401943207,
      0.12051618844270706,
      -0.18528501689434052,
      0.9696804881095886,
      -0.1593399941921234,
      -0.14958824217319489,
      0.13242635130882263,
      0.979840099811554
    ],
    [
      0.945710301399231,
      -0.3096797466278076,
      0.09864341467618942,
      0.31862279772758484,
      0.943268358707428,
      -0.09340409934520721,
      -0.06412184983491898,
      0.11976324766874313,
      0.9907296299934387
    ],
    [
      0.9079869389533997,
      -0.005180808249861002,
      -0.41896653175354004,
      0.08747880905866623,
      0.9802317023277283,
      0.17746341228485107,
      0.4097648859024048,
      -0.1977851390838623,
      0.8904907703399658
    ],
    [
      0.49227309226989746,
      0.794798731803894,
      -0.3549116253852844,
      -0.8664770722389221,
      0.4085802137851715,
      -0.2868443429470062,
      -0.0829736515879631,
      0.4487285614013672,
      0.889807939529419
    ],
    [
      0.6767787337303162,
      -0.7305800318717957,
      0.09068287909030914,
      0.7344585657119751,
      0.6784828901290894,
      -0.015216628089547157,
      -0.050409819930791855,
      0.07690110802650452,
      0.9957635402679443
    ],
    [
      -0.2986215353012085,
      -0.3554689288139343,
      -0.8857014179229736,
      -0.10016172379255295,
      0.9345946907997131,
      -0.34132149815559387,
      0.9491010904312134,
      -0.013212574645876884,
      -0.31469449400901794
    ],
    [
      0.9851493239402771,
      0.04188845306634903,
      0.1665118932723999,
      -0.04625717177987099,
      0.9986773729324341,
      0.022443652153015137,
      -0.16535153985023499,
      -0.029812712222337723,
      0.9857839941978455
    ],
    [
      0.9713762998580933,
      -0.20777128636837006,
      0.11514833569526672,
      0.23736779391765594,
      0.8302180171012878,
      -0.5043753385543823,
      0.009196490049362183,
      0.5172708034515381,
      0.8557723164558411
    ],
    [
      0.991409182548523,
      0.03887335583567619,
      -0.1248866394162178,
      -0.09578802436590195,
      0.8659531474113464,
      -0.4908663034439087,
      0.08906438201665878,
      0.49861201643943787,
      0.8622375130653381
    ],
    [
      0.9333850145339966,
      0.14912952482700348,
      -0.32642415165901184,
      -0.13938869535923004,
      0.9888089895248413,
      0.05317409336566925,
      0.33070099353790283,
      -0.004132069647312164,
      0.9437264800071716
    ],
    [
      0.9455776810646057,
      -0.28636568784713745,
      0.15452349185943604,
      0.253696084022522,
      0.9461678862571716,
      0.20100915431976318,
      -0.20376726984977722,
      -0.1508677750825882,
      0.9673250913619995
    ]
  ],
  "root_rot": [
    0.9857689738273621,
    0.03742079809308052,
    0.16388823091983795,
    0.017576439306139946,
    -0.9925090074539185,
    0.12090051174163818,
    0.1671847403049469,
    -0.11629938334226608,
    -0.9790422916412354
  ],
  "root_trans": [
    0.3105514943599701,
    0.5116638541221619,
    2.5392467975616455
  ]
}