{
  "betas": [
    -0.23713722825050354,
    0.8047233819961548,
    0.594197154045105,
    0.29446783661842346,
    0.058741241693496704,
    0.5578742027282715,
    -0.27829742431640625,
    0.37213045358657837,
    -0.10104778409004211,
    0.2205592393875122
  ],
  "joints": [
    [
      0.9926775693893433,
      -0.12007082253694534,
      0.013199683278799057,
      0.1201038584113121,
      0.9927598237991333,
      -0.0017368680564686656,
      -0.01289556734263897,
      0.003309482941403985,
      0.999911367893219
    ],
    [
      0.9846565127372742,
      -0.1661471426486969,
      -0.05335300415754318,
      0.1737825572490692,
      0.9613935947418213,
      0.21335873007774353,
      0.01584428921341896,
      -0.21935690939426422,
      0.9755159616470337
    ],
    [
      0.9999679923057556,
      -0.007930389605462551,
      -0.0011323416838422418,
      0.0078045763075351715,
      0.9963089823722839,
      -0.08548365533351898,
      0.001806081272661686,
      0.08547206968069077,
      0.996338963508606
    ],
    [
      0.9949431419372559,
      0.08082710206508636,
      -0.05962491035461426,
      -0.09846073389053345,
      0.6676229238510132,
      -0.7379600405693054,
      -0.019840214401483536,
      0.7400990128517151,
      0.6722051501274109
    ],
    [
      0.9989182949066162,
      -0.020204704254865646,
      -0.04188235476613045,
      0.006729057524353266,
      0.9539996385574341,
      -0.29973217844963074,
      0.046011749655008316,
      0.2991260886192322,
      0.9531036615371704
    ],
    [
      0.9862132668495178,
      0.05949554964900017,
      -0.1544141173362732,
      -0.01117023266851902,
      0.9549382328987122,
      0.2965942919254303,
      0.16510199010372162,
      -0.29078036546707153,
      0.9424373507499695
    ],
    [
      0.9020565152168274,
      0.2687971889972687,
      0.3377012312412262,
      -0.12862050533294678,
      0.9142661690711975,
      -0.38415372371673584,
      -0.41200825572013855,
      0.3030930757522583,
      0.8592925667762756
    ],
    [
      0.9231917262077332,
      -0.22407129406929016,
      -0.31226447224617004,
      0.2513865828514099,
      0.9666151404380798,
      0.049596723169088364,
      0.2907264232635498,
      -0.12428639084100723,
      0.9486995935440063
    ],
    [
      0.9968902468681335,
      0.07828164845705032,
      -0.009043757803738117,
      -0.07867979258298874,
      0.9823662638664246,
      -0.16960571706295013,
      -0.0043927328661084175,
      0.1697898507118225,
      0.9854705333709717
    ],
    [
      0.9854464530944824,
      -0.013134725391864777,
      0.16947776079177856,
      -0.1406225711107254,
      0.49714818596839905,
      0.8561944365501404,
      -0.09550143778324127,
      -0.8675662279129028,
      0.4880658686161041
    ],
    [
      0.7574793100357056,
      0.45661160349845886,
      0.4666163921356201,
      -0.35722991824150085,
      0.8881242871284485,
      -0.28917446732521057,
      -0.5464538335800171,
      0.052354320883750916,
      0.8358510732650757
    ],
    [
      0.9960448145866394,
      0.07140601426362991,
      0.052876099944114685,
      -0.05067828670144081,
      0.9453732371330261,
      -0.32202643156051636,
      -0.07298228144645691,
      0.3180730938911438,
      0.9452528357505798
    ],
    [
      0.5833772420883179,
      -0.34838593006134033,
      -0.7336880564689636,
      0.7070739269256592,
      0.6623331308364868,
      0.2477119117975235,
      0.3996466100215912,
      -0.6632812023162842,
      0.6327247023582458
    ],
    [
      0.7415785193443298,
      0.3649081587791443,
      0.5629416704177856,
      -0.5857628583908081,
      0.7612435817718506,
      0.2781907618045807,
      -0.32702162861824036,
      -0.5360506176948547,
      0.7782715559005737
    ],
    [
      0.9755308628082275,
      -0.20037810504436493,
      -0.09048838168382645,
      0.21700315177440643,
      0.9436763525009155,
      0.2497689127922058,
      0.03534352406859398,
      -0.2632935643196106,
      0.9640681147575378
    ],
    [
      0.8004150986671448,
      0.15381892025470734,
      -0.5793750882148743,
      0.1017155647277832,
      0.9176508188247681,
      0.3841497302055359,
      0.5907534956932068,
      -0.3664107024669647,
      0.7188557982444763
    ],
    [
      0.8634060621261597,
      -0.06481843441724777,
      0.5003284215927124,
      -0.20920877158641815,
      0.8564272522926331,
      0.4719787538051605,
      -0.45908787846565247,
      -0.5121824145317078,
      0.7258839011192322
    ],
    [
      0.5910870432853699,
      -0.1847536563873291,
      -0.7851638197898865,
      0.6074913740158081,
      0.7423340082168579,
      0.28265616297721863,
      0.530631959438324,
      -0.644054651260376,
      0.5510202646255493
    ],
    [
      0.5442571043968201,
      0.26805949211120605,
      0.7949392199516296,
      -0.5500856637954712,
      0.8294655680656433,
      0.09691548347473145,
      -0.6333956122398376,
      -0.4900315999984741,
      0.5988982319831848
    ],
    [
      0.8623141050338745,
      -0.35657018423080444,
      0.3595442771911621,
      0.5052344799041748,
      0.6534465551376343,
      -0.5636893510818481,
      -0.033948153257369995,
      0.6677314639091492,
      0.7436277270317078
    ],
    [
      0.7824844717979431,
      0.5002893805503845,
      -0.37071356177330017,
      -0.6223641633987427,
      0.6470451951026917,
      -0.440449059009552,
      0.01951643079519272,
      0.5753633975982666,
      0.8176649808883667
    ],
    [
      0.9606531858444214,
      0.18347278237342834,
      -0.20852628350257874,
      -0.12072819471359253,
      0.9519628286361694,
      0.2814098596572876,
      0.25014030933380127,
      -0.24516227841377258,
      0.9366564750671387
    ],
    [
      0.935861349105835,
      -0.22918741405010223,
      0.2676502764225006,
      0.1599714457988739,
      0.9531311988830566,
      0.256807416677475,
      -0.3139628767967224,
      -0.1975197196006775,
      0.928662121295929
    ]
  ],
  "root_rot": [
    -0.5395519137382507,
    -0.03874901682138443,
    0.8410601615905762,
    -0.10048168897628784,
    -0.9888374209403992,
    -0.11001776903867722,
    0.8359348773956299,
    -0.1438714563846588,
    0.5296355485916138
  ],
  "root_trans": [
    -0.2757861018180847,
    0.5278817415237427,
    2.6088144779205322
  ]
}