{
  "betas": [
    -0.6822457909584045,
    0.7239816784858704,
    0.529248833656311,
    -0.18219426274299622,
    0.5745210647583008,
    0.012377813458442688,
    -0.44198179244995117,
    0.25950053334236145,
    -0.20116516947746277,
    0.421932578086853
  ],
  "joints": [
    [
      0.9425387978553772,
      -0.3156958520412445,
      0.10934638977050781,
      0.32124608755111694,
      0.9462699294090271,
      -0.037069376558065414,
      -0.09176855534315109,
      0.0700664296746254,
      0.9933121800422668
    ],
    [
      0.9978054165840149,
      0.023038290441036224,
      -0.06207810342311859,
      -0.008955900557339191,
      0.9758611917495728,
      0.21820798516273499,
      0.0656067505478859,
      -0.21717311441898346,
      0.9739258885383606
    ],
    [
      0.9999197125434875,
      -0.012453324161469936,
      -0.00233433092944324,
      0.012094732373952866,
      0.9930585622787476,
      -0.11699753254652023,
      0.003775134449824691,
      0.11695990711450577,
      0.9931294322013855
    ],
    [
      0.99232017993927,
      0.023145297542214394,
      -0.1215110793709755,
      -0.05693570896983147,
      0.9575550556182861,
      -0.28257134556770325,
      0.10981336236000061,
      0.2873195707798004,
      0.9515190124511719
    ],
    [
      0.9970536828041077,
      -0.05868005007505417,
      0.049402330070734024,
      0.07088438421487808,
      0.9509702324867249,
      -0.30104953050613403,
      -0.029314551502466202,
      0.3036644160747528,
      0.9523278474807739
    ],
    [
      0.9906861782073975,
      0.014803491532802582,
      -0.1353582739830017,
      0.019363392144441605,
      0.9686541557312012,
      0.24765773117542267,
      0.13478152453899384,
      -0.2479720562696457,
      0.9593456387519836
    ],
    [
      0.9734070301055908,
      0.12570035457611084,
      0.19151537120342255,
      -0.07609208673238754,
      0.9659585356712341,
      -0.24725303053855896,
      -0.21607571840286255,
      0.22610503435134888,
      0.9498356580734253
    ],
    [
      0.9157238006591797,
      -0.31928643584251404,
      -0.2439386546611786,
      0.32477983832359314,
      0.9456088542938232,
      -0.0184942539781332,
      0.23657549917697906,
      -0.06229071691632271,
      0.9696143269538879
    ],
    [
      0.9993977546691895,
      0.01687704212963581,
      -0.03031974844634533,
      -0.020051002502441406,
      0.9939887523651123,
      -0.10763078927993774,
      0.028320996090769768,
      0.1081739142537117,
      0.993728518486023
    ],
    [
      0.9854475259780884,
      -0.0022379509173333645,
      0.16996502876281738,
      -0.13218535482883453,
      0.6185490489006042,
      0.7745476365089417,
      -0.10686510801315308,
      -0.785742998123169,
      0.6092517971992493
    ],
    [
      0.8833779096603394,
      0.26293158531188965,
      0.3879568576812744,
      -0.2730303704738617,
      0.9615382552146912,
      -0.029977114871144295,
      -0.3809172809123993,
      -0.07944285869598389,
      0.9211899638175964
    ],
    [
      0.9996283650398254,
      -0.021647214889526367,
      0.016567260026931763,
      0.023654868826270103,
      0.9908941388130188,
      -0.13254965841770172,
      -0.013547067530453205,
      0.13289229571819305,
      0.9910379648208618
    ],
    [
      0.559074878692627,
      -0.2307123839855194,
      -0.7963712215423584,
      0.6920120120048523,
      0.6588905453681946,
      0.2949282228946686,
      0.4566778242588043,
      -0.7159854173660278,
      0.5280249118804932
    ],
    [
      0.6941555738449097,
      0.27856558561325073,
      0.6637387871742249,
      -0.5705129504203796,
      0.7751768827438354,
      0.2713222801685333,
      -0.4389339089393616,
      -0.5670114755630493,
      0.6970186233520508
    ],
    [
      0.9927104115486145,
      -0.10658634454011917,
      0.056262556463479996,
      0.09542933851480484,
      0.980245053768158,
      0.1732422113418579,
      -0.07361634820699692,
      -0.1666102260351181,
      0.9832709431648254
    ],
    [
      0.7767753005027771,
      0.19618353247642517,
      -0.5984414219856262,
      0.09158635884523392,
      0.9049506187438965,
      0.41554340720176697,
      0.62308269739151,
      -0.37759289145469666,
      0.6849755644798279
    ],
    [
      0.8734405040740967,
      0.0875513032078743,
      0.4789952039718628,
      -0.2851579487323761,
      0.8893433809280396,
      0.3574259579181671,
      -0.3946980834007263,
      -0.4487796127796173,
      0.8017544746398926
    ],
    [
      0.4992802143096924,
      -0.08322392404079437,
      -0.8624343872070312,
      0.4634370803833008,
      0.8666757941246033,
      0.18465963006019592,
      0.7320829033851624,
      -0.49188098311424255,
      0.4712831377983093
    ],
    [
      0.403119832277298,
      0.18408794701099396,
      0.8964407444000244,
      -0.47499868273735046,
      0.8793668150901794,
      0.03302008658647537,
      -0.7822216153144836,
      -0.43911921977996826,
      0.44193172454833984
    ],
    [
      0.9316533803939819,
      -0.24539649486541748,
      0.2679600119590759,
      0.3607836961746216,
      0.7122418284416199,
      -0.6021185517311096,
      -0.04309453070163727,
      0.6576413512229919,
      0.7520975470542908
    ],
    [
      0.9015605449676514,
      0.3487566411495209,
      -0.25604188442230225,
      -0.4293137788772583,
      0.6477442979812622,
      -0.6293783783912659,
      -0.05365024879574776,
      0.6773449778556824,
      0.7337067127227783
    ],
    [
      0.946923553943634,
      0.2528633773326874,
      -0.19848403334617615,
      -0.1834028661251068,
      0.9320622086524963,
      0.3124476373195648,
      0.26400598883628845,
      -0.25946149230003357,
      0.9289675354957581
    ],
    [
      0.9629824757575989,
      -0.17680194973945618,
      0.20348402857780457,
      0.1458781659603119,
      0.9765783548355103,
      0.1581590175628662,
      -0.2266809195280075,
      -0.12262049317359924,
      0.9662193655967712
    ]
  ],
  "root_rot": [
    0.9900139570236206,
    -0.017704851925373077,
    -0.13985319435596466,
    0.0021217060275375843,
    -0.9900979995727539,
    0.14036187529563904,
    -0.1409534513950348,
    -0.13925693929195404,
    -0.9801732897758484
  ],
  "root_trans": [
    -0.11048713326454163,
    0.45379090309143066,
    2.6251742839813232
  ]
}