{
  "betas": [
    -0.7311022877693176,
    1.155777931213379,
    1.7096046209335327,
    0.4058215618133545,
    0.012500286102294922,
    -0.2782641649246216,
    -0.00045421719551086426,
    0.6031019687652588,
    0.1603727787733078,
    0.6759135723114014
  ],
  "joints": [
    [
      0.9755920171737671,
      -0.21338176727294922,
      -0.05184965208172798,
      0.21953104436397552,
      0.9532605409622192,
      0.20760667324066162,
      0.005126746371388435,
      -0.21392203867435455,
      0.9768372774124146
    ],
    [
      0.9786970615386963,
      0.16854946315288544,
      -0.11723176389932632,
      -0.16172319650650024,
      0.9846562743186951,
      0.06555629521608353,
      0.12648247182369232,
      -0.0452006459236145,
      0.9909385442733765
    ],
    [
      0.9965330362319946,
      -0.011599748395383358,
      0.08238564431667328,
      0.020864684134721756,
      0.9934321045875549,
      -0.11250483989715576,
      -0.0805395171046257,
      0.11383373290300369,
      0.9902299642562866
    ],
    [
      0.9998632073402405,
      0.01161275152117014,
      -0.011778204701840878,
      -0.014030495658516884,
      0.9725807309150696,
      -0.23214206099510193,
      0.008759441785514355,
      0.23227554559707642,
      0.972610592842102
    ],
    [
      0.9988323450088501,
      0.02970997989177704,
      0.038094863295555115,
      -0.0236060731112957,
      0.9881436824798584,
      -0.15170611441135406,
      -0.042150385677814484,
      0.1506296992301941,
      0.9876912236213684
    ],
    [
      0.9884220361709595,
      -0.051139626652002335,
      -0.14285147190093994,
      0.049779798835515976,
      0.9986746311187744,
      -0.013079273514449596,
      0.14333099126815796,
      0.005816726014018059,
      0.9896577596664429
    ],
    [
      0.9964313507080078,
      0.0787462517619133,
      0.03039044514298439,
      -0.0734119564294815,
      0.9862005114555359,
      -0.1483890563249588,
      -0.04165615141391754,
      0.14562848210334778,
      0.9884620308876038
    ],
    [
      0.8934057354927063,
      -0.3630111813545227,
      -0.2646680176258087,
      0.38086196780204773,
      0.9244633316993713,
      0.017658988013863564,
      0.23826542496681213,
      -0.1165786162018776,
      0.9641779661178589
    ],
    [
      0.9996785521507263,
      0.005069117993116379,
      0.024839483201503754,
      -0.005311888176947832,
      0.9999386668205261,
      0.0097172437235713,
      -0.02478870190680027,
      -0.009846065193414688,
      0.9996441602706909
    ],
    [
      0.9128186702728271,
      -0.25714942812919617,
      0.3172321617603302,
      0.10398975014686584,
      0.897598922252655,
      0.4283716678619385,
      -0.3949027955532074,
      -0.35803675651550293,
      0.8460859656333923
    ],
    [
      0.879436194896698,
      0.39886924624443054,
      0.2597988545894623,
      -0.3974035084247589,
      0.9156440496444702,
      -0.060551948845386505,
      -0.2620355784893036,
      -0.049993377178907394,
      0.9637625813484192
    ],
    [
      0.9885489344596863,
      0.05282555893063545,
      -0.14135214686393738,
      -0.052031438797712326,
      0.9986020922660828,
      0.009310690686106682,
      0.1416463702917099,
      -0.001849318970926106,
      0.9899156093597412
    ],
    [
      0.9669181704521179,
      0.20819687843322754,
      0.14738821983337402,
      -0.20421013236045837,
      0.9780319333076477,
      -0.04185355827212334,
      -0.15286417305469513,
      0.010370801202952862,
      0.9881927371025085
    ],
    [
      0.9119431972503662,
      -0.4081227779388428,
      -0.04237200692296028,
      0.4047281742095947,
      0.9116991758346558,
      -0.07070858031511307,
      0.06748830527067184,
      0.047333069145679474,
      0.99659663438797
    ],
    [
      0.9819898009300232,
      -0.18125300109386444,
      -0.053322356194257736,
      0.18176305294036865,
      0.983330488204956,
      0.004836376290768385,
      0.05155688896775246,
      -0.014441307634115219,
      0.9985656142234802
    ],
    [
      0.6174224615097046,
      0.7328227162361145,
      -0.28593772649765015,
      -0.7828233242034912,
      0.53667813539505,
      -0.3149035573005676,
      -0.07731197774410248,
      0.41826725006103516,
      0.9050278067588806
    ],
    [
      0.6594058871269226,
      -0.7238355278968811,
      0.2030908763408661,
      0.7429604530334473,
      0.6687095165252686,
      -0.028936685994267464,
      -0.11486340314149857,
      0.16996951401233673,
      0.978732168674469
    ],
    [
      0.19468295574188232,
      -0.21157720685005188,
      -0.9577754139900208,
      -0.20690645277500153,
      0.9456285834312439,
      -0.2509509325027466,
      0.9587952494621277,
      0.2470257580280304,
      0.14032107591629028
    ],
    [
      0.9846810102462769,
      0.10052809119224548,
      0.14246942102909088,
      -0.09051483124494553,
      0.9930580854415894,
      -0.07511800527572632,
      -0.1490318924188614,
      0.06107167527079582,
      0.9869447350502014
    ],
    [
      0.9419040679931641,
      -0.17128589749336243,
      0.28892552852630615,
      0.28566643595695496,
      0.860969066619873,
      -0.4208645224571228,
      -0.17666777968406677,
      0.47895029187202454,
      0.8598809242248535
    ],
    [
      0.9791123270988464,
      0.15209466218948364,
      -0.13493068516254425,
      -0.20027802884578705,
      0.8358415961265564,
      -0.5111334919929504,
      0.0350399911403656,
      0.5274807214736938,
      0.848844051361084
    ],
    [
      0.5662407279014587,
      0.46933573484420776,
      -0.6775658130645752,
      -0.29441016912460327,
      0.8829877376556396,
      0.36558905243873596,
      0.7698662281036377,
      -0.007529158145189285,
      0.6381608247756958
    ],
    [
      0.9482725858688354,
      -0.2708815634250641,
      0.16553635895252228,
      0.2127029448747635,
      0.9292357563972473,
      0.30212312936782837,
      -0.2356618493795395,
      -0.25128501653671265,
      0.9387860894203186
    ]
  ],
  "root_rot": [
    -0.6503147482872009,
    0.028889259323477745,
    0.7591153979301453,
    -0.05149293690919876,
    -0.9986546635627747,
    -0.006107395049184561,
    0.7579177021980286,
    -0.04306080564856529,
    0.6509274244308472
  ],
  "root_trans": [
    -1.1633903980255127,
    0.5123286247253418,
    2.670097589492798
  ]
}