{
  "betas": [
    -0.9853945374488831,
    0.7802900075912476,
    1.5543639659881592,
    0.4196903705596924,
    0.18654625117778778,
    -0.1637079119682312,
    -0.26816773414611816,
    0.5749581456184387,
    0.2839798927307129,
    0.811585545539856
  ],
  "joints": [
    [
      0.9793555736541748,
      -0.19805237650871277,
      0.040471892803907394,
      0.20116138458251953,
      0.9745854735374451,
      -0.09857602417469025,
      -0.0199201051145792,
      0.10468235611915588,
      0.994306206703186
    ],
    [
      0.9753702282905579,
      0.21644599735736847,
      -0.04247388616204262,
      -0.17512691020965576,
      0.8769829869270325,
      0.44747230410575867,
      0.134102463722229,
      -0.42901286482810974,
      0.8932886123657227
    ],
    [
      0.9968494772911072,
      -0.07386219501495361,
      0.02890385128557682,
      0.07724887877702713,
      0.986765444278717,
      -0.14257127046585083,
      -0.01799069531261921,
      0.1443548947572708,
      0.9893624186515808
    ],
    [
      0.9922552704811096,
      0.03541223704814911,
      -0.11906080693006516,
      -0.04264884069561958,
      0.9973587989807129,
      -0.05879206210374832,
      0.11666438728570938,
      0.06341453641653061,
      0.9911448359489441
    ],
    [
      0.9974161386489868,
      -0.05599043518304825,
      -0.045012179762125015,
      0.03268004581332207,
      0.9115980267524719,
      -0.40978166460990906,
      0.06397686898708344,
      0.40725186467170715,
      0.9110723733901978
    ],
    [
      0.9987931847572327,
      -0.0021192883141338825,
      -0.04906822368502617,
      -0.0022328910417854786,
      0.9960761666297913,
      -0.0884721502661705,
      0.04906318336725235,
      0.08847494423389435,
      0.9948693513870239
    ],
    [
      0.9961456656455994,
      0.053283121436834335,
      0.06967471539974213,
      -0.06646165996789932,
      0.9768917560577393,
      0.2031385898590088,
      -0.057240795344114304,
      -0.20698635280132294,
      0.9766677618026733
    ],
    [
      0.8814268112182617,
      -0.29448482394218445,
      -0.3692769408226013,
      0.3307485580444336,
      0.9429745078086853,
      0.03747576102614403,
      0.3371827006340027,
      -0.15516994893550873,
      0.9285634756088257
    ],
    [
      0.9959881901741028,
      0.004469555336982012,
      0.08937302231788635,
      -0.006550726480782032,
      0.9997138381004333,
      0.023006610572338104,
      -0.08924461901187897,
      -0.02349977008998394,
      0.9957324266433716
    ],
    [
      0.9265689253807068,
      -0.3470558226108551,
      0.14499029517173767,
      0.18023845553398132,
      0.7480370402336121,
      0.6387133002281189,
      -0.3301272690296173,
      -0.565679132938385,
      0.7556606531143188
    ],
    [
      0.8444406390190125,
      0.29628661274909973,
      0.4462447166442871,
      -0.4102121889591217,
      0.893429160118103,
      0.18305809795856476,
      -0.3444503843784332,
      -0.33763667941093445,
      0.875988245010376
    ],
    [
      0.8816283941268921,
      -0.03610653802752495,
      -0.4705609381198883,
      0.04608924314379692,
      0.998890221118927,
      0.009705694392323494,
      0.4696882367134094,
      -0.03024461306631565,
      0.8823140859603882
    ],
    [
      0.9414467215538025,
      0.3212951123714447,
      0.10221324861049652,
      -0.320083349943161,
      0.9469607472419739,
      -0.028494101017713547,
      -0.10594695806503296,
      -0.005891080480068922,
      0.9943543076515198
    ],
    [
      0.9277293086051941,
      -0.2612810432910919,
      0.2665533125400543,
      0.241534024477005,
      0.9646985530853271,
      0.10496677458286285,
      -0.2845694124698639,
      -0.03299904242157936,
      0.9580873847007751
    ],
    [
      0.9927535057067871,
      0.015494146384298801,
      -0.11916564404964447,
      -0.007737794890999794,
      0.9978371262550354,
      0.06527814269065857,
      0.11991932988166809,
      -0.06388302147388458,
      0.9907261729240417
    ],
    [
      0.6282324194908142,
      0.7555049657821655,
      -0.1858394593000412,
      -0.7368016839027405,
      0.501004159450531,
      -0.45400238037109375,
      -0.24989470839500427,
      0.422145813703537,
      0.8714043498039246
    ],
    [
      0.8500987887382507,
      -0.41011542081832886,
      0.330359548330307,
      0.3552975058555603,
      0.9096841812133789,
      0.21503105759620667,
      -0.3887104094028473,
      -0.06542171537876129,
      0.9190344214439392
    ],
    [
      -0.2684006690979004,
      -0.2504425048828125,
      -0.9301825761795044,
      0.051300451159477234,
      0.9605271816253662,
      -0.2734150290489197,
      0.9619404077529907,
      -0.12110356241464615,
      -0.2449583262205124
    ],
    [
      0.4945632517337799,
      0.18272262811660767,
      0.8497174382209778,
      -0.5316274166107178,
      0.8370305299758911,
      0.12943001091480255,
      -0.687589704990387,
      -0.5157443881034851,
      0.5111048817634583
    ],
    [
      0.9509856700897217,
      -0.3092305362224579,
      -0.001655171043239534,
      0.2794351279735565,
      0.86162269115448,
      -0.4237006902694702,
      0.13244734704494476,
      0.40247076749801636,
      0.9058007001876831
    ],
    [
      0.9235273599624634,
      0.34037864208221436,
      -0.17674724757671356,
      -0.38098999857902527,
      0.761206328868866,
      -0.524796724319458,
      -0.0440884605050087,
      0.5520030856132507,
      0.8326757550239563
    ],
    [
      0.8430299162864685,
      0.1895098090171814,
      -0.5033752918243408,
      -0.18085452914237976,
      0.9812567234039307,
      0.06653483957052231,
      0.5065494179725647,
      0.034946851432323456,
      0.861502468585968
    ],
    [
      0.9535779356956482,
      -0.21687132120132446,
      0.20893995463848114,
      0.1297955960035324,
      0.9220447540283203,
      0.36467334628105164,
      -0.2717391550540924,
      -0.3206250071525574,
      0.9073904752731323
    ]
  ],
  "root_rot": [
    0.8352698683738708,
    -0.05641748383641243,
    -0.5469380617141724,
    -0.017731230705976486,
    -0.9969683885574341,
    0.07576009631156921,
    -0.549554169178009,
    -0.053582239896059036,
    -0.8337380290031433
  ],
  "root_trans": [
    -0.6699591875076294,
    0.5377709865570068,
    2.425506830215454
  ]
}