{
  "betas": [
    -0.5889025926589966,
    0.7103164792060852,
    1.21183443069458,
    0.39754706621170044,
    0.42132872343063354,
    -0.40719249844551086,
    -0.2835042476654053,
    0.4158880114555359,
    0.21202239394187927,
    0.5845947861671448
  ],
  "joints": [
    [
      0.9566566348075867,
      -0.26313599944114685,
      -0.12476980686187744,
      0.28944092988967896,
      0.906392514705658,
      0.3076956868171692,
      0.03212461248040199,
      -0.3304726183414459,
      0.9432687163352966
    ],
    [
      0.9835299253463745,
      0.142050102353096,
      -0.11176176369190216,
      -0.14717631042003632,
      0.9883412718772888,
      -0.03899674862623215,
      0.10491926968097687,
      0.05480315163731575,
      0.9929696321487427
    ],
    [
      0.9951010346412659,
      -0.03388677537441254,
      0.09287476539611816,
      0.04125940054655075,
      0.9960483312606812,
      -0.07864794880151749,
      -0.08984261751174927,
      0.08209460973739624,
      0.9925668835639954
    ],
    [
      0.9957500696182251,
      0.08997786790132523,
      -0.01964426413178444,
      -0.08901562541723251,
      0.8855663537979126,
      -0.4559039771556854,
      -0.023624984547495842,
      0.45571500062942505,
      0.889812171459198
    ],
    [
      0.9974945187568665,
      -0.013626085594296455,
      0.06941956281661987,
      0.026311596855521202,
      0.9823383688926697,
      -0.18525394797325134,
      -0.0656692162156105,
      0.18661633133888245,
      0.9802356362342834
    ],
    [
      0.9909902215003967,
      -0.01367038581520319,
      -0.13323472440242767,
      0.003426153678447008,
      0.9970393180847168,
      -0.07681658864021301,
      0.13389037549495697,
      0.07566800713539124,
      0.9881030321121216
    ],
    [
      0.9925402998924255,
      0.11847659200429916,
      0.028756892308592796,
      -0.11409784108400345,
      0.9857873320579529,
      -0.12330897152423859,
      -0.04295739904046059,
      0.11910803616046906,
      0.991951584815979
    ],
    [
      0.9777114391326904,
      -0.16046348214149475,
      -0.13539476692676544,
      0.19339101016521454,
      0.9393472075462341,
      0.283243328332901,
      0.08173247426748276,
      -0.3031143844127655,
      0.9494426846504211
    ],
    [
      0.9977473616600037,
      0.03151771426200867,
      0.0592181570827961,
      -0.03022141568362713,
      0.9992862939834595,
      -0.022660065442323685,
      -0.05989009141921997,
      0.020819364115595818,
      0.9979877471923828
    ],
    [
      0.978736162185669,
      -0.2040368616580963,
      0.021083634346723557,
      0.13666823506355286,
      0.7252998948097229,
      0.6747309565544128,
      -0.15296195447444916,
      -0.6575021147727966,
      0.7377625703811646
    ],
    [
      0.9222246408462524,
      0.2110474556684494,
      0.3239762485027313,
      -0.1975785493850708,
      0.9774652719497681,
      -0.0743255540728569,
      -0.33236175775527954,
      0.004534089006483555,
      0.943140983581543
    ],
    [
      0.9544832706451416,
      0.2407047003507614,
      0.17613336443901062,
      -0.2250976860523224,
      0.9687605500221252,
      -0.104087233543396,
      -0.19568531215190887,
      0.0597023144364357,
      0.9788478016853333
    ],
    [
      0.9504586458206177,
      0.14722168445587158,
      -0.27377742528915405,
      -0.116317979991436,
      0.9851918816566467,
      0.12596428394317627,
      0.28826799988746643,
      -0.08787860721349716,
      0.9535086750984192
    ],
    [
      0.9427902102470398,
      -0.26910778880119324,
      0.19679343700408936,
      0.284067302942276,
      0.9574108719825745,
      -0.05167417600750923,
      -0.17450624704360962,
      0.10462048649787903,
      0.9790823459625244
    ],
    [
      0.9235653281211853,
      -0.15438522398471832,
      0.35098767280578613,
      0.1779375672340393,
      0.9833955764770508,
      -0.03565715625882149,
      -0.33965474367141724,
      0.0953855961561203,
      0.9357010126113892
    ],
    [
      0.4645194709300995,
      0.6676480174064636,
      -0.5817798376083374,
      -0.7623458504676819,
      0.6357731223106384,
      0.12091878801584244,
      0.4506111443042755,
      0.38734835386276245,
      0.8043076992034912
    ],
    [
      0.5899357199668884,
      -0.7237662076950073,
      0.35796409845352173,
      0.7961111664772034,
      0.595404326915741,
      -0.10816972702741623,
      -0.13484378159046173,
      0.3487924039363861,
      0.9274486303329468
    ],
    [
      -0.49707460403442383,
      -0.3348623514175415,
      -0.8004899024963379,
      0.013572108931839466,
      0.919420599937439,
      -0.3930414617061615,
      0.8676016926765442,
      -0.20623525977134705,
      -0.4524758458137512
    ],
    [
      -0.1209307536482811,
      0.4166411757469177,
      0.9009915590286255,
      0.18040069937705994,
      0.9017627239227295,
      -0.3927844166755676,
      -0.9761307239532471,
      0.11503978818655014,
      -0.18421320617198944
    ],
    [
      0.977061927318573,
      -0.21210066974163055,
      0.019058560952544212,
      0.20706400275230408,
      0.925315260887146,
      -0.31767287850379944,
      0.04974345117807388,
      0.3143324553966522,
      0.9480087161064148
    ],
    [
      0.9984433054924011,
      0.05511359125375748,
      0.008575210347771645,
      -0.050408195704221725,
      0.9574257135391235,
      -0.2842448055744171,
      -0.023875882849097252,
      0.2833700478076935,
      0.9587134718894958
    ],
    [
      0.9092603921890259,
      0.31484055519104004,
      -0.27225160598754883,
      -0.17563115060329437,
      0.8832244277000427,
      0.4348198473453522,
      0.37735819816589355,
      -0.34754860401153564,
      0.8583768010139465
    ],
    [
      0.8408246636390686,
      -0.4862544536590576,
      0.23784571886062622,
      0.20728985965251923,
      0.6951373815536499,
      0.688342273235321,
      -0.5000449419021606,
      -0.5294721126556396,
      0.6852842569351196
    ]
  ],
  "root_rot": [
    0.6973062753677368,
    -0.13057829439640045,
    0.7047789096832275,
    -0.1452825665473938,
    -0.9886045455932617,
    -0.039422065019607544,
    0.7018952369689941,
    -0.07490283250808716,
    -0.7083309292793274
  ],
  "root_trans": [
    0.03408413380384445,
    0.5343524217605591,
    2.50398588180542
  ]
}