{
  "betas": [
    -0.48325252532958984,
    0.5381242036819458,
    1.2358349561691284,
    0.3573980927467346,
    0.2123212218284607,
    0.18032079935073853,
    -0.2558661103248596,
    0.253065824508667,
    0.1013120785355568,
    1.0389316082000732
  ],
  "joints": [
    [
      0.9505312442779541,
      -0.31057876348495483,
      0.005579708144068718,
      0.2932898998260498,
      0.9032460451126099,
      0.31325313448905945,
      -0.10232964158058167,
      -0.29612043499946594,
      0.9496532082557678
    ],
    [
      0.957015335559845,
      0.279924213886261,
      -0.07592117041349411,
      -0.28123757243156433,
      0.9596128463745117,
      -0.006978516932576895,
      0.07090146839618683,
      0.028030432760715485,
      0.9970893859863281
    ],
    [
      0.9968491196632385,
      0.005256566219031811,
      0.07914626598358154,
      0.007238782476633787,
      0.987609326839447,
      -0.15676555037498474,
      -0.07898963987827301,
      0.15684452652931213,
      0.9844594597816467
    ],
    [
      0.9953553676605225,
      0.09604576230049133,
      -0.006543529685586691,
      -0.09509559720754623,
      0.9703785181045532,
      -0.22208619117736816,
      -0.014980724081397057,
      0.22167696058750153,
      0.9750049710273743
    ],
    [
      0.9760950803756714,
      0.03839407488703728,
      0.21392598748207092,
      -0.0027882768772542477,
      0.9864045977592468,
      -0.16431134939193726,
      -0.21732614934444427,
      0.15978699922561646,
      0.962931752204895
    ],
    [
      0.9867361783981323,
      -0.05665436014533043,
      -0.1521253138780594,
      0.06489641219377518,
      0.9966500997543335,
      0.049768637865781784,
      0.14879612624645233,
      -0.058980897068977356,
      0.9871073961257935
    ],
    [
      0.988214910030365,
      -0.053358495235443115,
      0.14347192645072937,
      0.060724083334207535,
      0.9970259070396423,
      -0.0474562831223011,
      -0.14051301777362823,
      0.05560920760035515,
      0.9885160326957703
    ],
    [
      0.9013559222221375,
      -0.33677271008491516,
      -0.272289901971817,
      0.39756178855895996,
      0.892791211605072,
      0.21182186901569366,
      0.17176221311092377,
      -0.29917892813682556,
      0.9386106133460999
    ],
    [
      0.9995759129524231,
      -0.026548366993665695,
      -0.011969346553087234,
      0.02573426440358162,
      0.9976380467414856,
      -0.06368783116340637,
      0.013631882146000862,
      0.0633527934551239,
      0.9978981614112854
    ],
    [
      0.9802589416503906,
      -0.018068168312311172,
      0.1968904584646225,
      -0.11737113445997238,
      0.7481938600540161,
      0.6530160307884216,
      -0.15911105275154114,
      -0.6632341146469116,
      0.7313030362129211
    ],
    [
      0.8867151737213135,
      0.26240140199661255,
      0.38063326478004456,
      -0.2997787296772003,
      0.95311439037323,
      0.04129907488822937,
      -0.35195013880729675,
      -0.1507262885570526,
      0.9238033294677734
    ],
    [
      0.9174774289131165,
      0.22246518731117249,
      0.329764187335968,
      -0.19908781349658966,
      0.9744998216629028,
      -0.10350941121578217,
      -0.3443823754787445,
      0.029315514490008354,
      0.9383717179298401
    ],
    [
      0.9336643815040588,
      -0.04155604913830757,
      -0.3557300865650177,
      0.10982772707939148,
      0.978613018989563,
      0.17393790185451508,
      0.3408939242362976,
      -0.20146866142749786,
      0.9182600975036621
    ],
    [
      0.96941739320755,
      -0.18028056621551514,
      0.1665201038122177,
      0.18842293322086334,
      0.9814876317977905,
      -0.03433419018983841,
      -0.1572476327419281,
      0.06466036289930344,
      0.985440194606781
    ],
    [
      0.921615481376648,
      -0.15313899517059326,
      0.3566138446331024,
      0.14667610824108124,
      0.9881479740142822,
      0.04527316987514496,
      -0.35932034254074097,
      0.010582271963357925,
      0.933154284954071
    ],
    [
      0.938039243221283,
      0.18780751526355743,
      -0.29122287034988403,
      -0.1584680825471878,
      0.9798631072044373,
      0.1214752271771431,
      0.3081724941730499,
      -0.06779899448156357,
      0.9489115476608276
    ],
    [
      0.6117671728134155,
      -0.7481939792633057,
      0.25680091977119446,
      0.7905673980712891,
      0.5894836783409119,
      -0.1658679097890854,
      -0.027278583496809006,
      0.30449098348617554,
      0.9521245360374451
    ],
    [
      0.9383555054664612,
      0.01850602589547634,
      -0.34517616033554077,
      0.10673662275075912,
      0.934257447719574,
      0.3402504622936249,
      0.32878008484840393,
      -0.3561188280582428,
      0.8746903538703918
    ],
    [
      -0.06317543983459473,
      0.29389357566833496,
      0.9537481665611267,
      0.15047553181648254,
      0.9475369453430176,
      -0.28201228380203247,
      -0.9865931868553162,
      0.1256995052099228,
      -0.10408485680818558
    ],
    [
      0.9654203653335571,
      -0.2301263064146042,
      0.12249665707349777,
      0.25711584091186523,
      0.762867271900177,
      -0.5932327508926392,
      0.04306979849934578,
      0.6042147874832153,
      0.7956567406654358
    ],
    [
      0.9379282593727112,
      0.17615894973278046,
      0.29876187443733215,
      -0.20554348826408386,
      0.9761624336242676,
      0.0697052925825119,
      -0.27936089038848877,
      -0.12678711116313934,
      0.9517786502838135
    ],
    [
      0.9509285092353821,
      0.22237595915794373,
      -0.21513669192790985,
      -0.15882767736911774,
      0.9475389719009399,
      0.27738696336746216,
      0.2655346393585205,
      -0.2296055108308792,
      0.9363612532615662
    ],
    [
      0.8066689968109131,
      -0.38474103808403015,
      0.44861945509910583,
      0.2880151569843292,
      0.9187589883804321,
      0.27005380392074585,
      -0.516074001789093,
      -0.08863481879234314,
      0.8519456386566162
    ]
  ],
  "root_rot": [
    0.7897114753723145,
    -0.032961972057819366,
    0.6125922799110413,
    -0.036554113030433655,
    -0.9993095397949219,
    -0.006647184491157532,
    0.6123884320259094,
    -0.017143407836556435,
    -0.7903711199760437
  ],
  "root_trans": [
    0.2769761383533478,
    0.5344008803367615,
    2.6240808963775635
  ]
}