{
  "betas": [
    -0.5619421005249023,
    1.4433516263961792,
    1.4575438499450684,
    0.17330563068389893,
    0.15865379571914673,
    -0.2954169511795044,
    -0.33529549837112427,
    0.5641235709190369,
    0.3491669297218323,
    0.6378471851348877
  ],
  "joints": [
    [
      0.9413188099861145,
      -0.24050186574459076,
      0.23680733144283295,
      0.3007970154285431,
      0.9160259366035461,
      -0.2653631865978241,
      -0.15310132503509521,
      0.32102230191230774,
      0.9346147179603577
    ],
    [
      0.9812573194503784,
      0.19173564016819,
      -0.019273020327091217,
      -0.1487765908241272,
      0.8173516988754272,
      0.5565983653068542,
      0.12247257679700851,
      -0.5432988405227661,
      0.8305581212043762
    ],
    [
      0.9919570684432983,
      -0.05967682600021362,
      -0.11162390559911728,
      0.04730639606714249,
      0.9927648901939392,
      -0.11036299914121628,
      0.11740240454673767,
      0.10419482737779617,
      0.9876032471656799
    ],
    [
      0.9919931292533875,
      0.06477485597133636,
      -0.10841488838195801,
      -0.0835687592625618,
      0.9803029298782349,
      -0.1789482831954956,
      0.09468807280063629,
      0.18657557666301727,
      0.9778669476509094
    ],
    [
      0.9934042692184448,
      -0.10297734290361404,
      -0.05043409392237663,
      0.06370872259140015,
      0.8613913059234619,
      -0.5039306879043579,
      0.09533694386482239,
      0.49739378690719604,
      0.8622703552246094
    ],
    [
      0.9921475052833557,
      -0.0264437198638916,
      -0.12224607914686203,
      0.013000695034861565,
      0.9939035773277283,
      -0.1094832569360733,
      0.12439597398042679,
      0.10703425109386444,
      0.9864427447319031
    ],
    [
      0.9475347995758057,
      0.10099872946739197,
      0.30327707529067993,
      -0.12447480112314224,
      0.9904640316963196,
      0.059050217270851135,
      -0.29442107677459717,
      -0.09370248764753342,
      0.9510709643363953
    ],
    [
      0.8984840512275696,
      -0.3559439480304718,
      -0.2569635808467865,
      0.34782275557518005,
      0.9343084692955017,
      -0.07801960408687592,
      0.26785385608673096,
      -0.019278420135378838,
      0.9632666707038879
    ],
    [
      0.9998396635055542,
      -0.004589264281094074,
      -0.017311029136180878,
      0.00521847466006875,
      0.9993208050727844,
      0.03647898882627487,
      0.017131859436631203,
      -0.03656347468495369,
      0.9991845488548279
    ],
    [
      0.9354576468467712,
      -0.34068042039871216,
      -0.09410501271486282,
      0.31824278831481934,
      0.6960708498954773,
      0.6435890793800354,
      -0.15375444293022156,
      -0.631998598575592,
      0.7595638632774353
    ],
    [
      0.8136000633239746,
      0.44704174995422363,
      0.3717641830444336,
      -0.5066171288490295,
      0.8588139414787292,
      0.07601061463356018,
      -0.28529638051986694,
      -0.2501843571662903,
      0.9252100586891174
    ],
    [
      0.8795248866081238,
      -0.0889320969581604,
      -0.46746882796287537,
      0.07441908866167068,
      0.9959995746612549,
      -0.04946402460336685,
      0.46999767422676086,
      0.008716235868632793,
      0.8826246857643127
    ],
    [
      0.9581557512283325,
      0.28624218702316284,
      -0.0017294143326580524,
      -0.2860929071903229,
      0.9574226140975952,
      -0.0386359877884388,
      -0.009403469040989876,
      0.03751406446099281,
      0.9992518424987793
    ],
    [
      0.9350420236587524,
      -0.3247196078300476,
      0.14231540262699127,
      0.3323391377925873,
      0.9425879120826721,
      -0.032844409346580505,
      -0.12347955256700516,
      0.07800787687301636,
      0.9892763495445251
    ],
    [
      0.9822410941123962,
      0.03290685638785362,
      -0.18471461534500122,
      -0.014896653592586517,
      0.9950693845748901,
      0.0980566143989563,
      0.18703056871891022,
      -0.09356360882520676,
      0.9778882265090942
    ],
    [
      0.5140500664710999,
      0.751905083656311,
      -0.4127846956253052,
      -0.8545723557472229,
      0.4903881847858429,
      -0.17095491290092468,
      0.07388285547494888,
      0.44063374400138855,
      0.8946413993835449
    ],
    [
      0.6761718392372131,
      -0.655822217464447,
      0.33569151163101196,
      0.6797260046005249,
      0.7310795187950134,
      0.05912139639258385,
      -0.28419029712677,
      0.18820202350616455,
      0.9401147961616516
    ],
    [
      -0.09096145629882812,
      -0.3053850531578064,
      -0.9478744864463806,
      0.08253598213195801,
      0.9462338089942932,
      -0.31277695298194885,
      0.9924283027648926,
      -0.10668440163135529,
      -0.060865551233291626
    ],
    [
      0.951528787612915,
      0.017749641090631485,
      0.30704712867736816,
      -0.010574975982308388,
      0.9996312260627747,
      -0.025014732033014297,
      -0.3073778450489044,
      0.020555222406983376,
      0.95136559009552
    ],
    [
      0.9339792132377625,
      -0.3318854868412018,
      0.13241904973983765,
      0.35573992133140564,
      0.8287346959114075,
      -0.4320276975631714,
      0.03364346921443939,
      0.4506116509437561,
      0.8920859098434448
    ],
    [
      0.9754616022109985,
      0.17112766206264496,
      -0.13852788507938385,
      -0.22007718682289124,
      0.7760908603668213,
      -0.5909730195999146,
      0.006378373596817255,
      0.6069583296775818,
      0.7947081327438354
    ],
    [
      0.8672171831130981,
      0.1330128312110901,
      -0.4798353910446167,
      -0.22916144132614136,
      0.9621550440788269,
      -0.14745426177978516,
      0.44206270575523376,
      0.2378346174955368,
      0.86487877368927
    ],
    [
      0.9805358648300171,
      -0.1652967482805252,
      0.10595498234033585,
      0.14312854409217834,
      0.9711849689483643,
      0.190562441945076,
      -0.13440123200416565,
      -0.17168812453746796,
      0.9759404063224792
    ]
  ],
  "root_rot": [
    0.8130117058753967,
    -0.017526015639305115,
    -0.5819835066795349,
    0.03566762059926987,
    -0.9961705207824707,
    0.07982543855905533,
    -0.5811538696289062,
    -0.08565698564052582,
    -0.8092731833457947
  ],
  "root_trans": [
    0.1605515480041504,
    0.5580903887748718,
    2.5593490600585938
  ]
}