{
  "betas": [
    -0.5626025199890137,
    1.24734628200531,
    1.6109498739242554,
    0.27614712715148926,
    0.08578458428382874,
    -0.32768160104751587,
    -0.010054916143417358,
    0.6707150936126709,
    0.24627110362052917,
    0.7675173282623291
  ],
  "joints": [
    [
      0.9738581776618958,
      -0.22022293508052826,
      -0.055697258561849594,
      0.22654494643211365,
      0.959574282169342,
      0.1670164167881012,
      0.016664816066622734,
      -0.17526821792125702,
      0.9843796491622925
    ],
    [
      0.9763293266296387,
      0.15811118483543396,
      -0.1475868821144104,
      -0.1433304101228714,
      0.983984112739563,
      0.10597962886095047,
      0.16197970509529114,
      -0.08231732994318008,
      0.9833546876907349
    ],
    [
      0.996008038520813,
      6.635379122599261e-06,
      0.08926379680633545,
      0.013594863004982471,
      0.9883230328559875,
      -0.1517653465270996,
      -0.08822247385978699,
      0.1523730307817459,
      0.9843776226043701
    ],
    [
      0.9989899396896362,
      -0.0004935940960422158,
      -0.04493110626935959,
      -0.010327045805752277,
      0.9706504940986633,
      -0.24027283489704132,
      0.04373099282383919,
      0.24049416184425354,
      0.969664990901947
    ],
    [
      0.999899685382843,
      0.009668855927884579,
      0.010351649485528469,
      -0.007997657172381878,
      0.988530695438385,
      -0.15080755949020386,
      -0.011691061779856682,
      0.15070964395999908,
      0.9885088801383972
    ],
    [
      0.99022376537323,
      -0.035524070262908936,
      -0.13488873839378357,
      0.032764434814453125,
      0.999207079410553,
      -0.022624392062425613,
      0.1355854719877243,
      0.017983658239245415,
      0.9906024932861328
    ],
    [
      0.9968484044075012,
      0.07931961119174957,
      0.0012258864007890224,
      -0.07913143187761307,
      0.99533611536026,
      -0.055172912776470184,
      -0.005596464034169912,
      0.054902032017707825,
      0.9984759092330933
    ],
    [
      0.9006281495094299,
      -0.32963696122169495,
      -0.28321075439453125,
      0.35257208347320557,
      0.9352138638496399,
      0.03267990052700043,
      0.2540901303291321,
      -0.12928465008735657,
      0.9585007429122925
    ],
    [
      0.999160647392273,
      0.00014592577645089477,
      0.04096399247646332,
      -0.0005519737605936825,
      0.9999508261680603,
      0.009901192970573902,
      -0.040960535407066345,
      -0.009915492497384548,
      0.9991115927696228
    ],
    [
      0.9070150852203369,
      -0.2603151202201843,
      0.33099788427352905,
      0.09273286163806915,
      0.8902143836021423,
      0.44600337743759155,
      -0.4107604920864105,
      -0.3738374710083008,
      0.8315776586532593
    ],
    [
      0.8741164207458496,
      0.4096262454986572,
      0.26101115345954895,
      -0.4012773931026459,
      0.9118051528930664,
      -0.08710809797048569,
      -0.27367308735847473,
      -0.028595251962542534,
      0.9613975882530212
    ],
    [
      0.9882956743240356,
      0.04543909430503845,
      -0.14562609791755676,
      -0.0431840755045414,
      0.9988937973976135,
      0.018610641360282898,
      0.14631065726280212,
      -0.012104087509214878,
      0.9891646504402161
    ],
    [
      0.9449865818023682,
      0.3163939118385315,
      0.08303803950548172,
      -0.31688982248306274,
      0.9484328031539917,
      -0.007487114518880844,
      -0.08112487941980362,
      -0.01923868991434574,
      0.9965182542800903
    ],
    [
      0.9136343002319336,
      -0.4064942002296448,
      0.005904213059693575,
      0.4061075448989868,
      0.9119052886962891,
      -0.059206120669841766,
      0.01868286170065403,
      0.05649048835039139,
      0.9982283115386963
    ],
    [
      0.9758471846580505,
      -0.21784181892871857,
      -0.0163483377546072,
      0.21838754415512085,
      0.9746643900871277,
      0.04833570495247841,
      0.0054046036675572395,
      -0.05073853209614754,
      0.9986974596977234
    ],
    [
      0.5646750330924988,
      0.774880051612854,
      -0.2840828597545624,
      -0.824539065361023,
      0.5445781946182251,
      -0.1535252034664154,
      0.03574170172214508,
      0.32092925906181335,
      0.9464285969734192
    ],
    [
      0.6485784649848938,
      -0.7353987097740173,
      0.1963026225566864,
      0.74521404504776,
      0.6660138368606567,
      0.03288746997714043,
      -0.1549256592988968,
      0.1249573677778244,
      0.9799916744232178
    ],
    [
      0.8484951853752136,
      -0.06776508688926697,
      -0.5248462557792664,
      0.0060089752078056335,
      0.9929372668266296,
      -0.11848779022693634,
      0.5291688442230225,
      0.09738253802061081,
      0.8429096937179565
    ],
    [
      0.9833869934082031,
      0.16158632934093475,
      0.08270327001810074,
      -0.16627198457717896,
      0.9846401810646057,
      0.053266577422618866,
      -0.07282581180334091,
      -0.06613289564847946,
      0.9951496124267578
    ],
    [
      0.9413809776306152,
      -0.1430732160806656,
      0.30550268292427063,
      0.29093456268310547,
      0.802733302116394,
      -0.5205537676811218,
      -0.1707598865032196,
      0.5789207220077515,
      0.797302782535553
    ],
    [
      0.9626005291938782,
      0.18681550025939941,
      -0.19621478021144867,
      -0.2614712119102478,
      0.8302475214004517,
      -0.4922621548175812,
      0.07094455510377884,
      0.5251562595367432,
      0.8480435609817505
    ],
    [
      0.8736677169799805,
      0.2321866750717163,
      -0.42754438519477844,
      -0.1662370264530182,
      0.9683495163917542,
      0.18618404865264893,
      0.45724183320999146,
      -0.09158927202224731,
      0.8846137523651123
    ],
    [
      0.9675098061561584,
      -0.19602331519126892,
      0.15968607366085052,
      0.16551728546619415,
      0.9684993624687195,
      0.18604548275470734,
      -0.19112512469291687,
      -0.1535700261592865,
      0.9694778919219971
    ]
  ],
  "root_rot": [
    -0.545932412147522,
    -0.008945771493017673,
    0.8377814292907715,
    -0.028608186170458794,
    -0.999160885810852,
    -0.029311230406165123,
    0.8373405933380127,
    -0.039969366043806076,
    0.5452184081077576
  ],
  "root_trans": [
    -1.1854747533798218,
    0.516273558139801,
    2.668260097503662
  ]
}