{
  "betas": [
    -0.9217163920402527,
    0.6491718292236328,
    1.5830881595611572,
    -0.17267438769340515,
    0.0701344907283783,
    -0.10708237439393997,
    -0.0005223751068115234,
    0.1875028908252716,
    -0.03300875425338745,
    0.9938018918037415
  ],
  "joints": [
    [
      0.9502928256988525,
      -0.3038150370121002,
      0.0681174173951149,
      0.28742465376853943,
      0.9401107430458069,
      0.18324558436870575,
      -0.11971067637205124,
      -0.15455833077430725,
      0.9807044267654419
    ],
    [
      0.9388632774353027,
      0.341952383518219,
      -0.04005444049835205,
      -0.32677456736564636,
      0.9216828942298889,
      0.20909100770950317,
      0.10841666162014008,
      -0.1832190901041031,
      0.9770755767822266
    ],
    [
      0.9984132051467896,
      -0.032976217567920685,
      0.04564761370420456,
      0.03879605233669281,
      0.9903396368026733,
      -0.13312497735023499,
      -0.04081668332219124,
      0.13468466699123383,
      0.9900475144386292
    ],
    [
      0.9929286241531372,
      0.11371834576129913,
      -0.03407301753759384,
      -0.11839010566473007,
      0.9697259068489075,
      -0.21357791125774384,
      0.00875375047326088,
      0.2161014974117279,
      0.9763317108154297
    ],
    [
      0.9857037663459778,
      0.06462381035089493,
      0.1556011587381363,
      -0.02305665612220764,
      0.9665677547454834,
      -0.2553726136684418,
      -0.16690221428871155,
      0.24813415110111237,
      0.9542394876480103
    ],
    [
      0.9917601346969604,
      -0.04375927150249481,
      -0.1204032227396965,
      0.04794155806303024,
      0.9983354806900024,
      0.03205973654985428,
      0.11879990249872208,
      -0.03756788745522499,
      0.9922072291374207
    ],
    [
      0.9918002486228943,
      -0.03556549549102783,
      0.12274958193302155,
      0.04843245819211006,
      0.9934511184692383,
      -0.10348507016897202,
      -0.11826521158218384,
      0.10858157277107239,
      0.9870275855064392
    ],
    [
      0.8715787529945374,
      -0.4147336781024933,
      -0.2614317238330841,
      0.40289533138275146,
      0.9097621440887451,
      -0.10004149377346039,
      0.279331237077713,
      -0.018135568127036095,
      0.9600236415863037
    ],
    [
      0.9996969103813171,
      -0.00892695039510727,
      0.022944264113903046,
      0.00986974686384201,
      0.9990975856781006,
      -0.041311610490083694,
      -0.02255477011203766,
      0.04152554273605347,
      0.9988828897476196
    ],
    [
      0.9860711693763733,
      -0.01845709979534149,
      0.165296733379364,
      -0.08939407020807266,
      0.7792622447013855,
      0.6202894449234009,
      -0.14025825262069702,
      -0.626426100730896,
      0.7667580842971802
    ],
    [
      0.9100539088249207,
      0.36106547713279724,
      0.2035522162914276,
      -0.36014601588249207,
      0.9319099187850952,
      -0.042879264801740646,
      -0.20517458021640778,
      -0.03428609296679497,
      0.9781245589256287
    ],
    [
      0.8875077962875366,
      0.292690247297287,
      0.355896532535553,
      -0.25357958674430847,
      0.9551165699958801,
      -0.15313290059566498,
      -0.38474321365356445,
      0.04565854370594025,
      0.9218936562538147
    ],
    [
      0.982486367225647,
      -0.05507311224937439,
      -0.17800982296466827,
      0.07755035907030106,
      0.9895098805427551,
      0.12188531458377838,
      0.16942989826202393,
      -0.13355538249015808,
      0.9764509201049805
    ],
    [
      0.9833692312240601,
      -0.17255468666553497,
      0.05665542557835579,
      0.17845483124256134,
      0.9759911298751831,
      -0.12488088011741638,
      -0.03374641388654709,
      0.1329144537448883,
      0.9905528426170349
    ],
    [
      0.8680325746536255,
      -0.1407531201839447,
      0.4761386513710022,
      0.12180565297603607,
      0.9900391697883606,
      0.07060936093330383,
      -0.4813344478607178,
      -0.0032948467414826155,
      0.8765307664871216
    ],
    [
      0.9637207388877869,
      0.21544894576072693,
      -0.15755680203437805,
      -0.21276387572288513,
      0.9765147566795349,
      0.03391921892762184,
      0.16116440296173096,
      0.000833730329759419,
      0.9869272708892822
    ],
    [
      0.6143482327461243,
      -0.7636852860450745,
      0.19839638471603394,
      0.788835883140564,
      0.5888110399246216,
      -0.17618046700954437,
      0.017728431150317192,
      0.2647383213043213,
      0.9641574025154114
    ],
    [
      0.8572462201118469,
      0.040605444461107254,
      -0.5133031606674194,
      0.013039319775998592,
      0.9948540925979614,
      0.10047551989555359,
      0.5147415995597839,
      -0.09282537549734116,
      0.8523054718971252
    ],
    [
      -0.17617614567279816,
      0.3675915598869324,
      0.913147509098053,
      0.15487796068191528,
      0.9264543056488037,
      -0.3430672585964203,
      -0.972098171710968,
      0.0809861496090889,
      -0.22015097737312317
    ],
    [
      0.9702532291412354,
      -0.1456683725118637,
      0.19336342811584473,
      0.23720891773700714,
      0.7316475510597229,
      -0.6390804648399353,
      -0.048380058258771896,
      0.6659373641014099,
      0.7444372177124023
    ],
    [
      0.9824322462081909,
      0.16840913891792297,
      0.08040715008974075,
      -0.14294466376304626,
      0.9560712575912476,
      -0.2559188902378082,
      -0.1199740543961525,
      0.2399291843175888,
      0.9633484482765198
    ],
    [
      0.9498831033706665,
      0.21249811351299286,
      -0.22927400469779968,
      -0.15912507474422455,
      0.9599779844284058,
      0.23048090934753418,
      0.26907476782798767,
      -0.18244668841362,
      0.9456806182861328
    ],
    [
      0.9193158745765686,
      -0.11005713045597076,
      0.37781721353530884,
      0.09273862093687057,
      0.9936448931694031,
      0.06379172205924988,
      -0.3824368715286255,
      -0.02360648475587368,
      0.9236800670623779
    ]
  ],
  "root_rot": [
    0.9481307864189148,
    -0.05096634104847908,
    0.31376829743385315,
    -0.06439676135778427,
    -0.9973923563957214,
    0.032581716775894165,
    0.311289519071579,
    -0.051097385585308075,
    -0.9489404559135437
  ],
  "root_trans": [
    0.2753256559371948,
    0.5146101713180542,
    2.539212942123413
  ]
}