{
  "betas": [
    -0.4464196562767029,
    0.9294760227203369,
    0.8578382730484009,
    0.0814543068408966,
    0.11812841892242432,
    0.4074486494064331,
    -0.19181299209594727,
    0.3919910192489624,
    -0.014174133539199829,
    0.3908414840698242
  ],
  "joints": [
    [
      0.9813095927238464,
      -0.16728562116622925,
      0.09511631727218628,
      0.18390369415283203,
      0.9607822299003601,
      -0.20754988491535187,
      -0.05666595324873924,
      0.22116291522979736,
      0.9735892415046692
    ],
    [
      0.9760201573371887,
      0.040773410350084305,
      -0.21382786333560944,
      0.03971126675605774,
      0.9324660301208496,
      0.35906845331192017,
      0.21402767300605774,
      -0.35894936323165894,
      0.9084864854812622
    ],
    [
      0.999218225479126,
      0.008516035042703152,
      -0.038606200367212296,
      -0.011670153588056564,
      0.9965453743934631,
      -0.08222537487745285,
      0.03777259960770607,
      0.08261162787675858,
      0.9958657026290894
    ],
    [
      0.9966360330581665,
      0.03705664724111557,
      -0.07309965789318085,
      -0.06435875594615936,
      0.9061055779457092,
      -0.41812756657600403,
      0.05074158310890198,
      0.42142555117607117,
      0.9054424166679382
    ],
    [
      0.9730491638183594,
      -0.13848841190338135,
      -0.18438126146793365,
      0.04858667403459549,
      0.9047558903694153,
      -0.42315030097961426,
      0.22542144358158112,
      0.4027875065803528,
      0.8871006369590759
    ],
    [
      0.9879491925239563,
      0.04783736541867256,
      -0.14720067381858826,
      -0.005268802400678396,
      0.9608824849128723,
      0.2769063115119934,
      0.1546890139579773,
      -0.2727937698364258,
      0.9495550990104675
    ],
    [
      0.931192934513092,
      0.198765367269516,
      0.30556851625442505,
      -0.10644307732582092,
      0.9499921798706055,
      -0.29357239603996277,
      -0.34863972663879395,
      0.24084685742855072,
      0.9057831764221191
    ],
    [
      0.8871253132820129,
      -0.2218831181526184,
      -0.4046933352947235,
      0.2004355490207672,
      0.9750674366950989,
      -0.09523145109415054,
      0.41573357582092285,
      0.0033672694116830826,
      0.9094802737236023
    ],
    [
      0.9965817332267761,
      0.08259540051221848,
      0.0017027274006977677,
      -0.08140155673027039,
      0.985276460647583,
      -0.15034668147563934,
      -0.014095600694417953,
      0.14969414472579956,
      0.9886319041252136
    ],
    [
      0.9889840483665466,
      -0.06175744906067848,
      0.134523406624794,
      -0.0727037563920021,
      0.5889623761177063,
      0.8048835396766663,
      -0.1289367824792862,
      -0.8057973384857178,
      0.5779843926429749
    ],
    [
      0.8169710040092468,
      0.39699721336364746,
      0.41827210783958435,
      -0.344407320022583,
      0.917644739151001,
      -0.19827185571193695,
      -0.46253857016563416,
      0.017926378175616264,
      0.8864178657531738
    ],
    [
      0.9980399012565613,
      -0.0564812533557415,
      -0.026950053870677948,
      0.045419543981552124,
      0.9499925971031189,
      -0.3089515268802643,
      0.043052323162555695,
      0.3071218430995941,
      0.9506958723068237
    ],
    [
      0.5599674582481384,
      -0.30265578627586365,
      -0.7712560892105103,
      0.7054494023323059,
      0.6623442769050598,
      0.2522720396518707,
      0.4344854950904846,
      -0.685346245765686,
      0.5843995809555054
    ],
    [
      0.6918721199035645,
      0.3157728314399719,
      0.6493075489997864,
      -0.6030308604240417,
      0.7472846508026123,
      0.2791404724121094,
      -0.39707261323928833,
      -0.584682047367096,
      0.7074461579322815
    ],
    [
      0.9776687622070312,
      -0.15709435939788818,
      -0.1395888477563858,
      0.18295995891094208,
      0.9630565047264099,
      0.19760531187057495,
      0.10338925570249557,
      -0.21873173117637634,
      0.9702922105789185
    ],
    [
      0.7720843553543091,
      0.2345598042011261,
      -0.5906499624252319,
      0.06325612962245941,
      0.8964173793792725,
      0.43867355585098267,
      0.6323640942573547,
      -0.3760552406311035,
      0.6772724986076355
    ],
    [
      0.8841302990913391,
      -0.03370656445622444,
      0.46602293848991394,
      -0.19481916725635529,
      0.8799642324447632,
      0.4332534670829773,
      -0.42468690872192383,
      -0.4738427400588989,
      0.771436333656311
    ],
    [
      0.6726052761077881,
      -0.15387782454490662,
      -0.7238258123397827,
      0.47870466113090515,
      0.8363854885101318,
      0.2670229375362396,
      0.5643084645271301,
      -0.5260998010635376,
      0.636219322681427
    ],
    [
      0.5179492831230164,
      0.24594496190547943,
      0.8192920684814453,
      -0.4836461842060089,
      0.8741903305053711,
      0.043331924825906754,
      -0.7055599093437195,
      -0.4186912477016449,
      0.5717365741729736
    ],
    [
      0.9001619815826416,
      -0.2837355136871338,
      0.33045822381973267,
      0.43441617488861084,
      0.639701247215271,
      -0.6340859532356262,
      -0.03148180991411209,
      0.7143363952636719,
      0.6990940570831299
    ],
    [
      0.8609965443611145,
      0.409445196390152,
      -0.30172765254974365,
      -0.5079630613327026,
      0.6623115539550781,
      -0.5507420897483826,
      -0.025661008432507515,
      0.6274535655975342,
      0.7782309651374817
    ],
    [
      0.9738088846206665,
      0.168661966919899,
      -0.1524777114391327,
      -0.1196293830871582,
      0.9503654837608337,
      0.28721827268600464,
      0.1933523416519165,
      -0.26145488023757935,
      0.9456512928009033
    ],
    [
      0.9465587735176086,
      -0.1894366592168808,
      0.26103684306144714,
      0.1271120309829712,
      0.9629396796226501,
      0.23788617551326752,
      -0.29642704129219055,
      -0.19199232757091522,
      0.9355586767196655
    ]
  ],
  "root_rot": [
    -0.8940590023994446,
    -0.015361457131803036,
    0.4476858675479889,
    -0.044459469616413116,
    -0.9914341568946838,
    -0.12280768901109695,
    0.4457375407218933,
    -0.1297011822462082,
    0.8857176899909973
  ],
  "root_trans": [
    -0.3319312036037445,
    0.5361840128898621,
    2.5516209602355957
  ]
}