{
  "betas": [
    -0.6308549046516418,
    1.2495194673538208,
    1.602070927619934,
    0.23367080092430115,
    0.060267239809036255,
    -0.28225812315940857,
    0.038470953702926636,
    0.6041208505630493,
    0.2623012959957123,
    0.7563972473144531
  ],
  "joints": [
    [
      0.9801629781723022,
      -0.19525279104709625,
      -0.034012313932180405,
      0.19814442098140717,
      0.9691864848136902,
      0.14634348452091217,
      0.004390303045511246,
      -0.15017981827259064,
      0.9886489510536194
    ],
    [
      0.9759863615036011,
      0.1569548398256302,
      -0.15104876458644867,
      -0.14231158792972565,
      0.9844096302986145,
      0.1033683568239212,
      0.16491803526878357,
      -0.07939012348651886,
      0.9831068515777588
    ],
    [
      0.9961503744125366,
      -0.01874355785548687,
      0.08563433587551117,
      0.031114181503653526,
      0.9888694286346436,
      -0.14549612998962402,
      -0.08195406198501587,
      0.147600457072258,
      0.9856458306312561
    ],
    [
      0.9994780421257019,
      0.0009452445665374398,
      -0.03229013457894325,
      -0.007014289032667875,
      0.9820738434791565,
      -0.1883660852909088,
      0.03153325244784355,
      0.18849427998065948,
      0.9815678596496582
    ],
    [
      0.9998298287391663,
      0.015264627523720264,
      0.010365177877247334,
      -0.013787755742669106,
      0.9914102554321289,
      -0.1300603151321411,
      -0.012261465191841125,
      0.12989524006843567,
      0.9914520382881165
    ],
    [
      0.9904207587242126,
      -0.03283403441309929,
      -0.13412179052829742,
      0.031062358990311623,
      0.9994006156921387,
      -0.015281249769032001,
      0.13454315066337585,
      0.010968727059662342,
      0.9908469915390015
    ],
    [
      0.9976107478141785,
      0.06815364211797714,
      -0.01130433939397335,
      -0.06857578456401825,
      0.9967401027679443,
      -0.04250375181436539,
      0.008370702154934406,
      0.04317740723490715,
      0.9990323185920715
    ],
    [
      0.9000200033187866,
      -0.3226146996021271,
      -0.2930591106414795,
      0.34126585721969604,
      0.9398711323738098,
      0.013409742154181004,
      0.2711116373538971,
      -0.11208011209964752,
      0.9560002088546753
    ],
    [
      0.9987711906433105,
      0.0006832409417256713,
      0.04955446720123291,
      -0.0014912915648892522,
      0.9998665452003479,
      0.01627117209136486,
      -0.04953673481941223,
      -0.016325078904628754,
      0.998638927936554
    ],
    [
      0.9118272662162781,
      -0.23231543600559235,
      0.3385269343852997,
      0.07966983318328857,
      0.9089648723602295,
      0.409188836812973,
      -0.4027700126171112,
      -0.34613919258117676,
      0.847327470779419
    ],
    [
      0.8742089867591858,
      0.4121503531932831,
      0.25669193267822266,
      -0.40025994181632996,
      0.9109801054000854,
      -0.09953531622886658,
      -0.27486473321914673,
      -0.015728821977972984,
      0.9613542556762695
    ],
    [
      0.9879608750343323,
      0.05345751345157623,
      -0.14517433941364288,
      -0.052267976105213165,
      0.9985610246658325,
      0.011998488567769527,
      0.1456068456172943,
      -0.004266067873686552,
      0.9893333315849304
    ],
    [
      0.9308902621269226,
      0.3515191972255707,
      0.09938593953847885,
      -0.3525700271129608,
      0.9357564449310303,
      -0.007368505001068115,
      -0.09559120237827301,
      -0.02818123623728752,
      0.9950217008590698
    ],
    [
      0.9028390645980835,
      -0.4299694001674652,
      0.002805663738399744,
      0.42948776483535767,
      0.9014777541160583,
      -0.0536479726433754,
      0.020537743344902992,
      0.049640487879514694,
      0.9985559582710266
    ],
    [
      0.9777243137359619,
      -0.20989160239696503,
      0.0008042202680371702,
      0.20975537598133087,
      0.9772140979766846,
      0.03248465061187744,
      -0.007604151498526335,
      -0.031592343002557755,
      0.99947190284729
    ],
    [
      0.5967793464660645,
      0.761337161064148,
      -0.25341707468032837,
      -0.8017829656600952,
      0.5782332420349121,
      -0.15096479654312134,
      0.031599078327417374,
      0.29327815771102905,
      0.9555047750473022
    ],
    [
      0.7068993449211121,
      -0.6854445934295654,
      0.17452488839626312,
      0.686887800693512,
      0.7241290807723999,
      0.06182399019598961,
      -0.16875547170639038,
      0.07617567479610443,
      0.9827098846435547
    ],
    [
      0.8707667589187622,
      -0.08909501880407333,
      -0.48355698585510254,
      0.0706450492143631,
      0.995912492275238,
      -0.05628184974193573,
      0.4865948259830475,
      0.014847458340227604,
      0.8735015988349915
    ],
    [
      0.9669222235679626,
      0.23203879594802856,
      0.10592188686132431,
      -0.2471178025007248,
      0.9550735354423523,
      0.16360706090927124,
      -0.06320001184940338,
      -0.1843704879283905,
      0.980822741985321
    ],
    [
      0.9098281264305115,
      -0.17314259707927704,
      0.3771398663520813,
      0.3606087565422058,
      0.7796019911766052,
      -0.5120372772216797,
      -0.20536348223686218,
      0.6018657684326172,
      0.7717405557632446
    ],
    [
      0.9314499497413635,
      0.2658757269382477,
      -0.24841715395450592,
      -0.3569766879081726,
      0.7999618053436279,
      -0.48231592774391174,
      0.07048818469047546,
      0.5379323363304138,
      0.8400357961654663
    ],
    [
      0.8844722509384155,
      0.1901940256357193,
      -0.42606937885284424,
      -0.14412449300289154,
      0.979859471321106,
      0.13821528851985931,
      0.44377589225769043,
      -0.060840532183647156,
      0.8940701484680176
    ],
    [
      0.9697554707527161,
      -0.16745340824127197,
      0.1775771528482437,
      0.13637876510620117,
      0.9751205444335938,
      0.17475897073745728,
      -0.2024231255054474,
      -0.14525571465492249,
      0.9684655666351318
    ]
  ],
  "root_rot": [
    -0.5493403077125549,
    0.004404847044497728,
    0.8355871438980103,
    -0.04113469272851944,
    -0.9989162683486938,
    -0.021777348592877388,
    0.8345856070518494,
    -0.04633479565382004,
    0.5489261746406555
  ],
  "root_trans": [
    -1.1819814443588257,
    0.5075052976608276,
    2.6669113636016846
  ]
}