{
  "betas": [
    -0.8084000945091248,
    0.7270572185516357,
    1.027990460395813,
    -0.5012999773025513,
    -0.018136322498321533,
    -0.40817442536354065,
    0.04985243082046509,
    0.9293226003646851,
    -0.1809888482093811,
    1.010424017906189
  ],
  "joints": [
    [
      0.8223073482513428,
      -0.5584489703178406,
      0.10929479449987411,
      0.5690410733222961,
      0.8075646162033081,
      -0.1550218164920807,
      -0.0016908209072425961,
      0.18966881930828094,
      0.9818467497825623
    ],
    [
      0.6886487603187561,
      0.5358768701553345,
      0.4884658455848694,
      -0.42049285769462585,
      -0.25367146730422974,
      0.8711122274398804,
      0.5907188057899475,
      -0.8052867650985718,
      0.050641853362321854
    ],
    [
      0.9833716750144958,
      -0.17144745588302612,
      -0.05988219380378723,
      0.11427734792232513,
      0.8404645323753357,
      -0.5296791195869446,
      0.14114098250865936,
      0.5140283107757568,
      0.846081554889679
    ],
    [
      0.9637836813926697,
      -0.09730774164199829,
      -0.24829837679862976,
      -0.05038886517286301,
      0.8478390574455261,
      -0.5278539061546326,
      0.26188138127326965,
      0.5212485194206238,
      0.8122302293777466
    ],
    [
      0.979317843914032,
      -0.12646004557609558,
      -0.15793822705745697,
      0.04741717129945755,
      0.9023152589797974,
      -0.42846089601516724,
      0.1966932713985443,
      0.4121103882789612,
      0.8896498084068298
    ],
    [
      0.9885627627372742,
      -0.12181594222784042,
      -0.08890718221664429,
      0.09793706238269806,
      0.9668601155281067,
      -0.2357746660709381,
      0.11468194425106049,
      0.22437076270580292,
      0.9677321910858154
    ],
    [
      0.9869508743286133,
      0.14541076123714447,
      0.0691637471318245,
      -0.15788577497005463,
      0.95826655626297,
      0.23832179605960846,
      -0.0316227488219738,
      -0.24613189697265625,
      0.9687203168869019
    ],
    [
      0.9231608510017395,
      -0.38155442476272583,
      -0.0468001626431942,
      0.2815465033054352,
      0.7539898753166199,
      -0.5934904217720032,
      0.261735737323761,
      0.534710705280304,
      0.8034792542457581
    ],
    [
      0.9922730326652527,
      -0.1175827756524086,
      0.039603814482688904,
      0.11203189194202423,
      0.9862766861915588,
      0.12127344310283661,
      -0.05331997945904732,
      -0.1158994808793068,
      0.9918287992477417
    ],
    [
      0.9637934565544128,
      -0.1585407555103302,
      0.2143993079662323,
      -0.026113541796803474,
      0.7440640330314636,
      0.6675979495048523,
      -0.26536825299263,
      -0.6490252017974854,
      0.7129839658737183
    ],
    [
      0.9289290904998779,
      0.3614495098590851,
      0.08027967065572739,
      -0.35704830288887024,
      0.931877076625824,
      -0.06419941782951355,
      -0.09801563620567322,
      0.03097299300134182,
      0.9947026371955872
    ],
    [
      0.9800790548324585,
      -0.051092758774757385,
      -0.19192305207252502,
      0.02009224146604538,
      0.9868927597999573,
      -0.1601218730211258,
      0.19758853316307068,
      0.1530759483575821,
      0.9682595133781433
    ],
    [
      0.8628785014152527,
      0.28807228803634644,
      -0.4152771234512329,
      -0.17791059613227844,
      0.942197859287262,
      0.28392088413238525,
      0.4730629324913025,
      -0.17110700905323029,
      0.8642534017562866
    ],
    [
      0.8801156282424927,
      -0.185755655169487,
      0.4369109869003296,
      0.12535877525806427,
      0.9785444736480713,
      0.16351141035556793,
      -0.4579099416732788,
      -0.08913834393024445,
      0.8845183849334717
    ],
    [
      0.996027946472168,
      -0.07850331813097,
      0.042019180953502655,
      0.06878795474767685,
      0.9780473709106445,
      0.19670167565345764,
      -0.05653848499059677,
      -0.19302994012832642,
      0.9795625805854797
    ],
    [
      0.4572817087173462,
      0.5150675773620605,
      -0.7249819040298462,
      -0.670405387878418,
      0.7352889180183411,
      0.09953261911869049,
      0.5843372344970703,
      0.440517395734787,
      0.6815382242202759
    ],
    [
      0.9166398048400879,
      -0.25553521513938904,
      0.3073650300502777,
      0.24456699192523956,
      0.9667745232582092,
      0.07439079135656357,
      -0.3161621391773224,
      0.0069817728362977505,
      0.948679506778717
    ],
    [
      -0.47064751386642456,
      -0.3908618092536926,
      -0.791023313999176,
      -0.04572637006640434,
      0.9061256647109985,
      -0.420529842376709,
      0.8811356425285339,
      -0.1617507040500641,
      -0.44433847069740295
    ],
    [
      -0.5047503709793091,
      0.3049646317958832,
      0.8076035976409912,
      -0.10278625786304474,
      0.9076357483863831,
      -0.40697959065437317,
      -0.8571242690086365,
      -0.28843367099761963,
      -0.42678332328796387
    ],
    [
      0.8111441731452942,
      -0.530322253704071,
      0.24658352136611938,
      0.5832035541534424,
      0.7018783092498779,
      -0.4089505076408386,
      0.043803952634334564,
      0.47552618384361267,
      0.8786103129386902
    ],
    [
      0.8832446336746216,
      0.3680088520050049,
      -0.2905999720096588,
      -0.4683554172515869,
      0.6621610522270203,
      -0.5849665403366089,
      -0.02284889668226242,
      0.6527726650238037,
      0.7572091221809387
    ],
    [
      0.9547995328903198,
      0.13784195482730865,
      -0.26335805654525757,
      -0.1163395419716835,
      0.988593578338623,
      0.09564445167779922,
      0.27353790402412415,
      -0.06068232282996178,
      0.9599451422691345
    ],
    [
      0.8942054510116577,
      -0.25684893131256104,
      0.36664021015167236,
      0.25382623076438904,
      0.965548038482666,
      0.05735110118985176,
      -0.36873936653137207,
      0.041779227554798126,
      0.9285933375358582
    ]
  ],
  "root_rot": [
    0.47184544801712036,
    0.6650168895721436,
    -0.5788906216621399,
    0.5483702421188354,
    -0.7354830503463745,
    -0.397938072681427,
    -0.6903997659683228,
    -0.12968111038208008,
    -0.7117097973823547
  ],
  "root_trans": [
    -0.4275977909564972,
    0.5249253511428833,
    2.515913248062134
  ]
}