{
  "betas": [
    -0.9017971158027649,
    1.1008657217025757,
    1.5701396465301514,
    0.10635906457901001,
    -0.07596421241760254,
    -0.059391774237155914,
    -0.021808266639709473,
    0.1351107358932495,
    0.17576053738594055,
    0.6295382380485535
  ],
  "joints": [
    [
      0.942807674407959,
      -0.324541836977005,
      -0.07606708258390427,
      0.32974520325660706,
      0.9414499402046204,
      0.07028593122959137,
      0.04880262538790703,
      -0.09134887903928757,
      0.9946223497390747
    ],
    [
      0.947628378868103,
      0.30881017446517944,
      -0.08146592974662781,
      -0.2915765941143036,
      0.9406127333641052,
      0.17386992275714874,
      0.1303206831216812,
      -0.14101052284240723,
      0.9813931584358215
    ],
    [
      0.9982993602752686,
      0.02844814397394657,
      0.050883699208498,
      -0.026645323261618614,
      0.9990050196647644,
      -0.0357644148170948,
      -0.05185049772262573,
      0.0343477763235569,
      0.9980641007423401
    ],
    [
      0.9892084002494812,
      0.04782446473836899,
      -0.13849087059497833,
      -0.08201421797275543,
      0.9640068411827087,
      -0.25291207432746887,
      0.12141075730323792,
      0.261540949344635,
      0.9575259685516357
    ],
    [
      0.9892408847808838,
      0.07387090474367142,
      0.12627556920051575,
      -0.039252929389476776,
      0.9655275344848633,
      -0.2573244869709015,
      -0.14093132317066193,
      0.24959923326969147,
      0.9580389857292175
    ],
    [
      0.9959489703178406,
      0.013581681996583939,
      -0.08888761699199677,
      -0.02444082498550415,
      0.9921989440917969,
      -0.12224539369344711,
      0.08653389662504196,
      0.1239226832985878,
      0.9885114431381226
    ],
    [
      0.9956998825073242,
      0.09171535074710846,
      -0.01304092537611723,
      -0.09096907824277878,
      0.9946262836456299,
      0.0494292788207531,
      0.017504271119832993,
      -0.04803040623664856,
      0.998692512512207
    ],
    [
      0.8795242309570312,
      -0.35791781544685364,
      -0.31357911229133606,
      0.3578970730304718,
      0.9318456053733826,
      -0.05977746471762657,
      0.3136027753353119,
      -0.05965333804488182,
      0.9476785063743591
    ],
    [
      0.9952457547187805,
      0.042460259050130844,
      0.08765329420566559,
      -0.0437835156917572,
      0.9989534616470337,
      0.013228675350546837,
      -0.08699986338615417,
      -0.017003551125526428,
      0.996063232421875
    ],
    [
      0.966256320476532,
      -0.2338254302740097,
      0.10804838687181473,
      0.08944953233003616,
      0.6979653835296631,
      0.7105231285095215,
      -0.24155239760875702,
      -0.6768825054168701,
      0.6953290104866028
    ],
    [
      0.8953386545181274,
      0.32012587785720825,
      0.3096580505371094,
      -0.3858412802219391,
      0.9047873020172119,
      0.18024000525474548,
      -0.22247518599033356,
      -0.2808547019958496,
      0.9336088299751282
    ],
    [
      0.8849321007728577,
      -0.16523213684558868,
      -0.4354234039783478,
      0.089369997382164,
      0.9778193235397339,
      -0.18942663073539734,
      0.45706474781036377,
      0.12871591746807098,
      0.8800705075263977
    ],
    [
      0.9773138761520386,
      0.17809921503067017,
      0.11462188512086868,
      -0.16268958151340485,
      0.977790355682373,
      -0.1321292519569397,
      -0.13560828566551208,
      0.11048396676778793,
      0.9845829606056213
    ],
    [
      0.958423912525177,
      -0.2273326963186264,
      0.17246270179748535,
      0.24870565533638,
      0.9618098139762878,
      -0.11431222409009933,
      -0.1398894339799881,
      0.1524520218372345,
      0.9783604741096497
    ],
    [
      0.9374706149101257,
      -0.058200906962156296,
      -0.3431638479232788,
      0.1153191551566124,
      0.9821721315383911,
      0.14845676720142365,
      0.3284056484699249,
      -0.1787472367286682,
      0.9274691939353943
    ],
    [
      0.44390565156936646,
      0.8457916975021362,
      -0.29594630002975464,
      -0.8779202103614807,
      0.34436580538749695,
      -0.3326685130596161,
      -0.1794544756412506,
      0.40749064087867737,
      0.8954035639762878
    ],
    [
      0.5272489190101624,
      -0.8278703093528748,
      0.1914139986038208,
      0.849666178226471,
      0.5159803628921509,
      -0.10877332836389542,
      -0.008715654723346233,
      0.219988614320755,
      0.9754635095596313
    ],
    [
      -0.3106480538845062,
      -0.302972674369812,
      -0.9009469151496887,
      -0.10719946771860123,
      0.9529612064361572,
      -0.28350159525871277,
      0.9444606900215149,
      0.008511807769536972,
      -0.328514039516449
    ],
    [
      0.49877870082855225,
      0.2303604930639267,
      0.8355560302734375,
      -0.007421460468322039,
      0.9651331305503845,
      -0.2616543471813202,
      -0.8666976094245911,
      0.1243065744638443,
      0.48309746384620667
    ],
    [
      0.9280356168746948,
      -0.3541913628578186,
      0.11531880497932434,
      0.3710533678531647,
      0.8518558740615845,
      -0.3696768879890442,
      0.032701365649700165,
      0.38586270809173584,
      0.9219765067100525
    ],
    [
      0.9488125443458557,
      0.31256768107414246,
      0.04534490779042244,
      -0.2874709963798523,
      0.9141120314598083,
      -0.2859364151954651,
      -0.13082480430603027,
      0.2582647204399109,
      0.9571751356124878
    ],
    [
      0.8894549012184143,
      0.23482587933540344,
      -0.392080157995224,
      -0.12614530324935913,
      0.9507170915603638,
      0.2832391560077667,
      0.43926918506622314,
      -0.20246939361095428,
      0.8752421736717224
    ],
    [
      0.892557680606842,
      -0.2914435863494873,
      0.34409505128860474,
      0.2581695318222046,
      0.955906867980957,
      0.13996632397174835,
      -0.3697150945663452,
      -0.03609316051006317,
      0.9284438490867615
    ]
  ],
  "root_rot": [
    0.9189818501472473,
    0.006317549385130405,
    0.3942493200302124,
    0.00106659100856632,
    -0.9999078512191772,
    0.013536585494875908,
    0.3942984640598297,
    -0.012019372545182705,
    -0.9189038872718811
  ],
  "root_trans": [
    0.30838871002197266,
    0.5121556520462036,
    2.574176549911499
  ]
}