{
  "betas": [
    -0.8897497057914734,
    0.637496829032898,
    1.7086793184280396,
    0.6019352674484253,
    0.3532053530216217,
    -0.0756954476237297,
    -0.33740234375,
    0.5393643379211426,
    0.27090200781822205,
    0.9126874804496765
  ],
  "joints": [
    [
      0.9777065515518188,
      -0.20995217561721802,
      0.0031397477723658085,
      0.20806190371513367,
      0.9666731357574463,
      -0.14917533099651337,
      0.028284575790166855,
      0.14650297164916992,
      0.9888057112693787
    ],
    [
      0.9807212352752686,
      0.1918969750404358,
      -0.036898307502269745,
      -0.1599007397890091,
      0.8966033458709717,
      0.4129578173160553,
      0.11232850700616837,
      -0.39909639954566956,
      0.9100024104118347
    ],
    [
      0.9984439015388489,
      -0.047855813056230545,
      0.02862725593149662,
      0.05009230598807335,
      0.9952629804611206,
      -0.08332061022520065,
      -0.024504272267222404,
      0.08462496101856232,
      0.9961114525794983
    ],
    [
      0.9905501008033752,
      0.0061787571758031845,
      -0.13701190054416656,
      -0.012490435503423214,
      0.9988973736763,
      -0.04525494575500488,
      0.1365811973810196,
      0.04653863236308098,
      0.9895350933074951
    ],
    [
      0.9986264705657959,
      -0.036253996193408966,
      -0.0378243550658226,
      0.017096029594540596,
      0.9078986048698425,
      -0.41884100437164307,
      0.04952533543109894,
      0.41761910915374756,
      0.9072713851928711
    ],
    [
      0.9981135129928589,
      0.046555280685424805,
      -0.040025494992733,
      -0.048186637461185455,
      0.9980043768882751,
      -0.04080815240740776,
      0.03804578632116318,
      0.04265986382961273,
      0.9983649849891663
    ],
    [
      0.9974908232688904,
      0.05875692516565323,
      0.039493512362241745,
      -0.06650687009096146,
      0.968927264213562,
      0.23823700845241547,
      -0.024268267676234245,
      -0.24026580154895782,
      0.970403790473938
    ],
    [
      0.9040812849998474,
      -0.31290102005004883,
      -0.2910842299461365,
      0.34233972430229187,
      0.9379643797874451,
      0.055011067539453506,
      0.2558136582374573,
      -0.14938415586948395,
      0.955114483833313
    ],
    [
      0.9947676062583923,
      0.04044842720031738,
      0.09381477534770966,
      -0.0406344011425972,
      0.9991740584373474,
      7.213983917608857e-05,
      -0.09373437613248825,
      -0.0038838698528707027,
      0.995589554309845
    ],
    [
      0.9324488639831543,
      -0.33177319169044495,
      0.14305837452411652,
      0.1700252741575241,
      0.7523080110549927,
      0.6364936828613281,
      -0.31879547238349915,
      -0.5691742897033691,
      0.7578985691070557
    ],
    [
      0.8705300092697144,
      0.27936381101608276,
      0.4051336646080017,
      -0.3843596279621124,
      0.900081992149353,
      0.2052316665649414,
      -0.3073192238807678,
      -0.33437737822532654,
      0.8909245729446411
    ],
    [
      0.9056503772735596,
      -0.05299631506204605,
      -0.4207003116607666,
      0.06504827737808228,
      0.9977790713310242,
      0.014338902197778225,
      0.4190060794353485,
      -0.04035186395049095,
      0.9070863127708435
    ],
    [
      0.9582216739654541,
      0.23917056620121002,
      0.15687157213687897,
      -0.24096648395061493,
      0.9705024361610413,
      -0.007753606885671616,
      -0.15409868955612183,
      -0.03037111833691597,
      0.9875885844230652
    ],
    [
      0.9264911413192749,
      -0.15787586569786072,
      0.3415982127189636,
      0.11679556220769882,
      0.9835510849952698,
      0.1377902776002884,
      -0.35773301124572754,
      -0.08776432275772095,
      0.9296905398368835
    ],
    [
      0.993526816368103,
      0.019722968339920044,
      -0.1118723601102829,
      -0.012188908644020557,
      0.9976357817649841,
      0.06763356924057007,
      0.11294180154800415,
      -0.06583216786384583,
      0.9914183020591736
    ],
    [
      0.6332880854606628,
      0.7601757049560547,
      -0.14518657326698303,
      -0.7135925889015198,
      0.500946044921875,
      -0.48973336815834045,
      -0.2995527386665344,
      0.41374635696411133,
      0.8596988916397095
    ],
    [
      0.7983360886573792,
      -0.42096757888793945,
      0.4306342303752899,
      0.3545094430446625,
      0.9065739512443542,
      0.22901242971420288,
      -0.4868085980415344,
      -0.030164986848831177,
      0.872987687587738
    ],
    [
      -0.3972384035587311,
      -0.256926029920578,
      -0.8810168504714966,
      0.03871983289718628,
      0.9544638991355896,
      -0.2958031892776489,
      0.916898250579834,
      -0.15161719918251038,
      -0.36920157074928284
    ],
    [
      -0.2100016474723816,
      0.11394865065813065,
      0.9710382223129272,
      -0.33270344138145447,
      0.9255831837654114,
      -0.18056677281856537,
      -0.9193518161773682,
      -0.3609870672225952,
      -0.1564628779888153
    ],
    [
      0.9538560509681702,
      -0.2977445721626282,
      -0.038815926760435104,
      0.264159619808197,
      0.8935801386833191,
      -0.3629520833492279,
      0.14275214076042175,
      0.33595049381256104,
      0.9309989213943481
    ],
    [
      0.9268397092819214,
      0.36811336874961853,
      0.07389727234840393,
      -0.3147578239440918,
      0.8690989017486572,
      -0.38156864047050476,
      -0.2046845406293869,
      0.3303931653499603,
      0.921381950378418
    ],
    [
      0.8576781153678894,
      0.12701159715652466,
      -0.4982532560825348,
      -0.11747566610574722,
      0.9917858242988586,
      0.05060073733329773,
      0.5005873441696167,
      0.01513348612934351,
      0.8655537962913513
    ],
    [
      0.9263045787811279,
      -0.30555328726768494,
      0.22044725716114044,
      0.15855452418327332,
      0.8468817472457886,
      0.5075941681861877,
      -0.3417898118495941,
      -0.4352338910102844,
      0.8329172730445862
    ]
  ],
  "root_rot": [
    0.8168108463287354,
    -0.015477725304663181,
    -0.576697826385498,
    -0.0005436920910142362,
    -0.999660313129425,
    0.02605934999883175,
    -0.5769051909446716,
    -0.02097201533615589,
    -0.8165417909622192
  ],
  "root_trans": [
    -0.676976203918457,
    0.551804780960083,
    2.4647185802459717
  ]
}