{
  "betas": [
    -0.5766552686691284,
    0.4831428527832031,
    0.4299149215221405,
    0.319062203168869,
    0.19123460352420807,
    0.45813679695129395,
    -0.18345391750335693,
    0.45122504234313965,
    0.23350393772125244,
    0.5015065670013428
  ],
  "joints": [
    [
      0.9876611232757568,
      -0.12051398307085037,
      -0.10000960528850555,
      0.15525978803634644,
      0.8370678424835205,
      0.5246063470840454,
      0.0204924289137125,
      -0.5336607098579407,
      0.8454503417015076
    ],
    [
      0.9620851874351501,
      0.2272430658340454,
      -0.1508396416902542,
      -0.2491697371006012,
      0.9572075605392456,
      -0.14720112085342407,
      0.11093439906835556,
      0.17920470237731934,
      0.9775373339653015
    ],
    [
      0.9883326292037964,
      0.000541440793313086,
      0.15231065452098846,
      0.028536481782794,
      0.9816276431083679,
      -0.18866068124771118,
      -0.14961449801921844,
      0.19080588221549988,
      0.9701591730117798
    ],
    [
      0.9932516813278198,
      0.10344808548688889,
      0.052436813712120056,
      -0.08247044682502747,
      0.947864830493927,
      -0.30781614780426025,
      -0.08154600858688354,
      0.3014144003391266,
      0.9499997496604919
    ],
    [
      0.9922204613685608,
      0.016902020201086998,
      0.12334045022726059,
      0.015104912221431732,
      0.9670766592025757,
      -0.2540362775325775,
      -0.1235734149813652,
      0.25392305850982666,
      0.9592979550361633
    ],
    [
      0.989851713180542,
      -0.05263741314411163,
      -0.13199548423290253,
      0.0684841051697731,
      0.9905843138694763,
      0.11854425817728043,
      0.12451278418302536,
      -0.1263808310031891,
      0.9841364026069641
    ],
    [
      0.999372661113739,
      0.0256806593388319,
      0.024386022239923477,
      -0.022544698789715767,
      0.9923781752586365,
      -0.12114997953176498,
      -0.02731136605143547,
      0.12052421271800995,
      0.9923346042633057
    ],
    [
      0.9116111993789673,
      -0.1689377725124359,
      -0.3747332692146301,
      0.308910995721817,
      0.8829903602600098,
      0.35341477394104004,
      0.27118077874183655,
      -0.43793609738349915,
      0.8571306467056274
    ],
    [
      0.9978435039520264,
      -0.050063736736774445,
      0.04244905710220337,
      0.05169776827096939,
      0.9979276657104492,
      -0.03831177577376366,
      -0.040443055331707,
      0.0404236763715744,
      0.9983637928962708
    ],
    [
      0.9693115949630737,
      -0.04170089587569237,
      0.24227266013622284,
      -0.1121404841542244,
      0.8019970655441284,
      0.5867071151733398,
      -0.2187681943178177,
      -0.5958705544471741,
      0.7727087140083313
    ],
    [
      0.821398913860321,
      0.302402526140213,
      0.4835871160030365,
      -0.3461712896823883,
      0.9381704330444336,
      0.0013226859737187624,
      -0.45328712463378906,
      -0.1684904247522354,
      0.8752952218055725
    ],
    [
      0.9919524788856506,
      0.0986732468008995,
      0.07933314889669418,
      -0.0971895083785057,
      0.9950146675109863,
      -0.02236062102019787,
      -0.08114404231309891,
      0.014470323920249939,
      0.9965972900390625
    ],
    [
      0.8527414798736572,
      0.04282321780920029,
      -0.5205748081207275,
      0.10887929797172546,
      0.9601680636405945,
      0.25733739137649536,
      0.5108593702316284,
      -0.2761220932006836,
      0.8141125440597534
    ],
    [
      0.8417958617210388,
      -0.2200244963169098,
      0.49291884899139404,
      0.1359415501356125,
      0.9701370596885681,
      0.20088279247283936,
      -0.5223979949951172,
      -0.1020941510796547,
      0.8465678095817566
    ],
    [
      0.9782049059867859,
      -0.16229908168315887,
      0.129514679312706,
      0.17154280841350555,
      0.9831177592277527,
      -0.06366042792797089,
      -0.11699613183736801,
      0.08449026197195053,
      0.9895318746566772
    ],
    [
      0.8140759468078613,
      0.3037327527999878,
      -0.49500173330307007,
      -0.2889132499694824,
      0.9511867761611938,
      0.10850292444229126,
      0.5037949681282043,
      0.05468298867344856,
      0.8620907068252563
    ],
    [
      0.6298580765724182,
      -0.4221348762512207,
      0.651982307434082,
      0.4906671345233917,
      0.8669618964195251,
      0.087309330701828,
      -0.6021000742912292,
      0.2649138271808624,
      0.7531906366348267
    ],
    [
      0.8769883513450623,
      -0.006895914673805237,
      -0.48046210408210754,
      0.07499644160270691,
      0.9896076321601868,
      0.12268761545419693,
      0.4746229350566864,
      -0.1436285525560379,
      0.8683915138244629
    ],
    [
      -0.15062500536441803,
      0.18863728642463684,
      0.9704266786575317,
      0.2990354597568512,
      0.9443344473838806,
      -0.13715043663978577,
      -0.942279040813446,
      0.26953375339508057,
      -0.19864961504936218
    ],
    [
      0.9668309092521667,
      -0.15616707503795624,
      0.20211373269557953,
      0.23928290605545044,
      0.830583393573761,
      -0.5028667449951172,
      -0.08934104442596436,
      0.5345494151115417,
      0.840401828289032
    ],
    [
      0.9743493795394897,
      0.22342301905155182,
      0.026933124288916588,
      -0.21937766671180725,
      0.9696836471557617,
      -0.1076430007815361,
      -0.0501665361225605,
      0.09897337108850479,
      0.9938246607780457
    ],
    [
      0.9452032446861267,
      0.16594776511192322,
      -0.2811621427536011,
      -0.1024404764175415,
      0.9684420824050903,
      0.22721314430236816,
      0.30999478697776794,
      -0.18596021831035614,
      0.9323743581771851
    ],
    [
      0.9065190553665161,
      -0.35276973247528076,
      0.23189808428287506,
      0.16102235019207,
      0.7967085838317871,
      0.5825180411338806,
      -0.3902498781681061,
      -0.4907229542732239,
      0.7790353298187256
    ]
  ],
  "root_rot": [
    0.3089850842952728,
    -0.04275720193982124,
    0.9501052498817444,
    -0.06524967402219772,
    -0.9975880980491638,
    -0.02367410622537136,
    0.9488258957862854,
    -0.05467912182211876,
    -0.31102973222732544
  ],
  "root_trans": [
    0.2718871831893921,
    0.5409879684448242,
    2.620778799057007
  ]
}