{
  "betas": [
    -0.6988484263420105,
    0.5555674433708191,
    1.3378287553787231,
    0.3180728554725647,
    0.5329499244689941,
    0.1923878788948059,
    0.18774685263633728,
    0.28567343950271606,
    0.03306479752063751,
    0.7569183111190796
  ],
  "joints": [
    [
      0.9387013912200928,
      -0.34381672739982605,
      -0.02509514056146145,
      0.33847862482070923,
      0.9054279327392578,
      0.256188303232193,
      -0.06535998731851578,
      -0.24897849559783936,
      0.9663010835647583
    ],
    [
      0.9239482879638672,
      0.36748236417770386,
      -0.10618956387042999,
      -0.29632577300071716,
      0.8631728887557983,
      0.40880757570266724,
      0.24188952147960663,
      -0.34625038504600525,
      0.9064216017723083
    ],
    [
      0.9993202090263367,
      -0.0038453435990959406,
      0.03666717931628227,
      0.015888286754488945,
      0.9423725008964539,
      -0.3341880738735199,
      -0.03326907008886337,
      0.3345434367656708,
      0.9417929649353027
    ],
    [
      0.9962968230247498,
      0.08585461974143982,
      -0.004638670012354851,
      -0.08113271743059158,
      0.9209029078483582,
      -0.3812548816204071,
      -0.028460724279284477,
      0.38021939992904663,
      0.9244582653045654
    ],
    [
      0.9967960715293884,
      -0.061072275042533875,
      -0.05164945498108864,
      0.029459785670042038,
      0.8806790113449097,
      -0.4727964401245117,
      0.07436135411262512,
      0.46976009011268616,
      0.8796565532684326
    ],
    [
      0.9968502521514893,
      -0.0016505029052495956,
      -0.07929086685180664,
      -7.061049018375343e-06,
      0.999781608581543,
      -0.020899729803204536,
      0.07930804044008255,
      0.020834455266594887,
      0.9966325163841248
    ],
    [
      0.9968668222427368,
      -0.07318959385156631,
      0.029997196048498154,
      0.07145539671182632,
      0.9959098696708679,
      0.05529598146677017,
      -0.03392159566283226,
      -0.05297926813364029,
      0.998019278049469
    ],
    [
      0.9438114166259766,
      -0.3018896281719208,
      -0.1344718188047409,
      0.30378541350364685,
      0.9527170062065125,
      -0.0066869524307549,
      0.13013231754302979,
      -0.0345393605530262,
      0.9908948540687561
    ],
    [
      0.9984525442123413,
      0.02233993262052536,
      0.05092555657029152,
      -0.024998793378472328,
      0.9983243942260742,
      0.05218608304858208,
      -0.049674395471811295,
      -0.053378406912088394,
      0.9973379969596863
    ],
    [
      0.9891678690910339,
      -0.05001737177371979,
      0.13800407946109772,
      -0.013601981103420258,
      0.9048781394958496,
      0.42545318603515625,
      -0.14615695178508759,
      -0.4227217733860016,
      0.8943960666656494
    ],
    [
      0.9526684880256653,
      0.2930023968219757,
      0.0810697078704834,
      -0.28157633543014526,
      0.9509534239768982,
      -0.12807175517082214,
      -0.11461884528398514,
      0.0991826131939888,
      0.9884458780288696
    ],
    [
      0.9803898930549622,
      0.02962627448141575,
      -0.1948278248310089,
      0.021682744845747948,
      0.96641606092453,
      0.25606638193130493,
      0.1958709955215454,
      -0.255269318819046,
      0.9468221664428711
    ],
    [
      0.8750267624855042,
      0.31863242387771606,
      -0.3644193708896637,
      -0.23766502737998962,
      0.9386193752288818,
      0.25001779198646545,
      0.4217149019241333,
      -0.13216252624988556,
      0.897044837474823
    ],
    [
      0.7849262952804565,
      -0.34608885645866394,
      0.5139195322990417,
      0.2755737602710724,
      0.9379004836082458,
      0.21071745455265045,
      -0.5549322962760925,
      -0.02377493679523468,
      0.8315557837486267
    ],
    [
      0.9934097528457642,
      -0.08336412906646729,
      -0.07866016775369644,
      0.10005199909210205,
      0.9655280113220215,
      0.24030262231826782,
      0.05591597035527229,
      -0.2465890794992447,
      0.967505693435669
    ],
    [
      0.4249534010887146,
      0.6915335655212402,
      -0.5841198563575745,
      -0.8454182147979736,
      0.533835768699646,
      0.016951916739344597,
      0.3235468566417694,
      0.48662182688713074,
      0.8114904165267944
    ],
    [
      0.543698787689209,
      -0.6778905987739563,
      0.4948292076587677,
      0.7161039710044861,
      0.6821816563606262,
      0.14772699773311615,
      -0.4377061426639557,
      0.2740302085876465,
      0.8563414812088013
    ],
    [
      0.14441877603530884,
      -0.37362024188041687,
      -0.9162702560424805,
      0.11722452193498611,
      0.925916850566864,
      -0.3590772747993469,
      0.9825484752655029,
      -0.05555185303092003,
      0.17751723527908325
    ],
    [
      0.25065213441848755,
      0.3241364657878876,
      0.9122002124786377,
      -0.2581693232059479,
      0.9305363893508911,
      -0.2597128450870514,
      -0.9330177903175354,
      -0.17040449380874634,
      0.31692302227020264
    ],
    [
      0.936883807182312,
      -0.2151188999414444,
      0.27563145756721497,
      0.32182762026786804,
      0.8386932611465454,
      -0.43934115767478943,
      -0.1366596221923828,
      0.5003173351287842,
      0.8549893498420715
    ],
    [
      0.9485057592391968,
      0.2861575484275818,
      -0.135833278298378,
      -0.31675925850868225,
      0.8576791286468506,
      -0.40503087639808655,
      0.0005987544427625835,
      0.427200585603714,
      0.9041566252708435
    ],
    [
      0.9919637441635132,
      -0.0720241591334343,
      -0.1040213406085968,
      0.0705631822347641,
      0.9973508715629578,
      -0.017662236467003822,
      0.10501789301633835,
      0.010180221870541573,
      0.9944181442260742
    ],
    [
      0.9873149394989014,
      0.04702078551054001,
      0.15165162086486816,
      -0.040580373257398605,
      0.9981493949890137,
      -0.04528888687491417,
      -0.1535004824399948,
      0.03856031596660614,
      0.9873959422111511
    ]
  ],
  "root_rot": [
    -0.938111424446106,
    -0.052243921905756,
    -0.34237048029899597,
    0.064947210252285,
    -0.997556746006012,
    -0.02573656477034092,
    -0.3401893973350525,
    -0.04637977108359337,
    0.9392125010490417
  ],
  "root_trans": [
    -0.5286723971366882,
    0.6156570911407471,
    2.308114528656006
  ]
}