{
  "betas": [
    -0.8855234980583191,
    1.3359631299972534,
    1.518511176109314,
    -0.0719393789768219,
    -0.07130414247512817,
    -0.10018334537744522,
    -0.004173636436462402,
    0.2449827790260315,
    0.36739078164100647,
    0.6648986339569092
  ],
  "joints": [
    [
      0.9510498642921448,
      -0.27083271741867065,
      0.14884181320667267,
      0.2869550883769989,
      0.9527108669281006,
      -0.09999404847621918,
      -0.11472155153751373,
      0.13781023025512695,
      0.9837923645973206
    ],
    [
      0.9422043561935425,
      0.3289460241794586,
      -0.06360344588756561,
      -0.25394555926322937,
      0.8249981999397278,
      0.5048659443855286,
      0.21854636073112488,
      -0.459535151720047,
      0.8608512878417969
    ],
    [
      0.997276782989502,
      -0.06049170717597008,
      -0.042188018560409546,
      0.055577103048563004,
      0.9924576282501221,
      -0.10926572978496552,
      0.04847949370741844,
      0.10662347823381424,
      0.9931169152259827
    ],
    [
      0.9904131889343262,
      0.11447716504335403,
      -0.07730892300605774,
      -0.1306716352701187,
      0.9579119086265564,
      -0.25559672713279724,
      0.04479515925049782,
      0.263248473405838,
      0.9636874794960022
    ],
    [
      0.995613694190979,
      -0.08923870325088501,
      -0.028102939948439598,
      0.07260499894618988,
      0.9263945817947388,
      -0.3694881796836853,
      0.05900705233216286,
      0.3658270835876465,
      0.9288102984428406
    ],
    [
      0.9959316253662109,
      -0.044088657945394516,
      -0.07858985662460327,
      0.032642386853694916,
      0.9894146919250488,
      -0.14139702916145325,
      0.08399195224046707,
      0.13825641572475433,
      0.9868285655975342
    ],
    [
      0.9858995676040649,
      -0.0026101195253431797,
      0.16731753945350647,
      -0.03389034792780876,
      0.9760432243347168,
      0.21492110192775726,
      -0.16387012600898743,
      -0.21756108105182648,
      0.9621921181678772
    ],
    [
      0.8559456467628479,
      -0.4025648236274719,
      -0.3244974613189697,
      0.37048956751823425,
      0.9152655005455017,
      -0.1581977754831314,
      0.36068618297576904,
      0.015185783617198467,
      0.9325636029243469
    ],
    [
      0.9993506669998169,
      -0.004095951560884714,
      0.03579755872488022,
      0.0022740745916962624,
      0.9987068772315979,
      0.05078722909092903,
      -0.03595929220318794,
      -0.05067284405231476,
      0.9980676770210266
    ],
    [
      0.9764685034751892,
      -0.2125077247619629,
      0.03673968091607094,
      0.14049655199050903,
      0.7560893893241882,
      0.6392101645469666,
      -0.16361556947231293,
      -0.6190067529678345,
      0.7681540846824646
    ],
    [
      0.8039364218711853,
      0.4603775143623352,
      0.37648215889930725,
      -0.539332926273346,
      0.8311480283737183,
      0.1353251338005066,
      -0.2506117820739746,
      -0.31184202432632446,
      0.916486918926239
    ],
    [
      0.8243964910507202,
      -0.13598470389842987,
      -0.5494348406791687,
      0.07485456019639969,
      0.9883781671524048,
      -0.1323077529668808,
      0.5610412359237671,
      0.06794634461402893,
      0.8249945640563965
    ],
    [
      0.9501548409461975,
      0.2898348867893219,
      0.11489810794591904,
      -0.2716829478740692,
      0.950478732585907,
      -0.15092535316944122,
      -0.1529516577720642,
      0.11218658834695816,
      0.9818451404571533
    ],
    [
      0.9404376745223999,
      -0.32197025418281555,
      0.10914278030395508,
      0.3291897177696228,
      0.9426144957542419,
      -0.05578560754656792,
      -0.08491826057434082,
      0.08839156478643417,
      0.9924594759941101
    ],
    [
      0.9395284056663513,
      0.024773897603154182,
      -0.34157389402389526,
      0.028184840455651283,
      0.9884034395217896,
      0.14921243488788605,
      0.3413093686103821,
      -0.14981651306152344,
      0.9279348850250244
    ],
    [
      0.6220481395721436,
      0.7292932271957397,
      -0.2849341332912445,
      -0.7707727551460266,
      0.5063574910163879,
      -0.3866671025753021,
      -0.1377151906490326,
      0.4601450264453888,
      0.8770980834960938
    ],
    [
      0.7050756216049194,
      -0.6521375179290771,
      0.2785407304763794,
      0.6633375287055969,
      0.7453990578651428,
      0.06605717539787292,
      -0.2507023811340332,
      0.13819120824337006,
      0.9581500291824341
    ],
    [
      -0.22959110140800476,
      -0.3513718247413635,
      -0.9076483845710754,
      -0.09002922475337982,
      0.9362285137176514,
      -0.3396627902984619,
      0.9691143035888672,
      0.003731341566890478,
      -0.2465834766626358
    ],
    [
      0.9434922933578491,
      0.03623450547456741,
      0.32940781116485596,
      -0.03341725841164589,
      0.9993404150009155,
      -0.014212530106306076,
      -0.32970553636550903,
      0.0024015167728066444,
      0.9440808296203613
    ],
    [
      0.9415835738182068,
      -0.32044675946235657,
      0.10360610485076904,
      0.3240559995174408,
      0.778311550617218,
      -0.5377906560897827,
      0.09169545024633408,
      0.5399490594863892,
      0.8366880416870117
    ],
    [
      0.9597030282020569,
      0.1935300976037979,
      -0.20375540852546692,
      -0.27515944838523865,
      0.7944129705429077,
      -0.5414751172065735,
      0.05707419663667679,
      0.575720489025116,
      0.8156521916389465
    ],
    [
      0.930296778678894,
      0.1468125432729721,
      -0.33614569902420044,
      -0.18790215253829956,
      0.977776825428009,
      -0.09298013150691986,
      0.31502482295036316,
      0.14966163039207458,
      0.9372090101242065
    ],
    [
      0.9668892025947571,
      -0.20967726409435272,
      0.14546720683574677,
      0.17956675589084625,
      0.9640217423439026,
      0.19600477814674377,
      -0.18133129179477692,
      -0.16339384019374847,
      0.9697532653808594
    ]
  ],
  "root_rot": [
    0.9554353356361389,
    0.006633991841226816,
    -0.2951260209083557,
    0.0230246689170599,
    -0.9983765482902527,
    0.052097611129283905,
    -0.29430127143859863,
    -0.056571073830127716,
    -0.9540369510650635
  ],
  "root_trans": [
    0.27189260721206665,
    0.5248064994812012,
    2.548118829727173
  ]
}