{
  "betas": [
    -0.905412495136261,
    1.0783438682556152,
    0.8914269208908081,
    -0.04889237880706787,
    -0.3867548704147339,
    0.3127295970916748,
    0.6215380430221558,
    0.6747698783874512,
    -0.428353875875473,
    0.9102930426597595
  ],
  "joints": [
    [
      0.9530107975006104,
      -0.1179351732134819,
      -0.27903735637664795,
      0.2878698408603668,
      0.6394343972206116,
      0.7129197716712952,
      0.09434777498245239,
      -0.7597466111183167,
      0.6433378458023071
    ],
    [
      0.996641218662262,
      -0.07380679249763489,
      -0.03547976538538933,
      0.08040101826190948,
      0.964184582233429,
      0.2527523338794708,
      0.015554201789200306,
      -0.25475603342056274,
      0.9668802618980408
    ],
    [
      0.9907074570655823,
      0.04260756075382233,
      0.12916387617588043,
      0.000451185303973034,
      0.9486300349235535,
      -0.31638723611831665,
      -0.13600923120975494,
      0.31350547075271606,
      0.9397956132888794
    ],
    [
      0.9851179122924805,
      0.1685534417629242,
      0.0336504802107811,
      -0.03193339332938194,
      0.37185320258140564,
      -0.9277421236038208,
      -0.16888713836669922,
      0.9128608703613281,
      0.37170174717903137
    ],
    [
      0.9946132898330688,
      -0.10285776108503342,
      0.012832242995500565,
      0.0415683314204216,
      0.28239011764526367,
      -0.958398699760437,
      0.09495503455400467,
      0.9537695050239563,
      0.2851445972919464
    ],
    [
      0.9942419528961182,
      0.036979638040065765,
      -0.1005750298500061,
      -0.03781671077013016,
      0.9992640018463135,
      -0.006428506691008806,
      0.10026328265666962,
      0.010194909758865833,
      0.9949086308479309
    ],
    [
      0.9789722561836243,
      0.10347124934196472,
      0.17580397427082062,
      -0.05792364850640297,
      0.9673373103141785,
      -0.24678604304790497,
      -0.19559700787067413,
      0.23141348361968994,
      0.9529898166656494
    ],
    [
      0.799336850643158,
      -0.4926722049713135,
      -0.3439980447292328,
      0.40728381276130676,
      0.865141749382019,
      -0.29265958070755005,
      0.4417923092842102,
      0.09382875263690948,
      0.8921970725059509
    ],
    [
      0.9956026077270508,
      0.08458380401134491,
      0.04026181623339653,
      -0.0817720964550972,
      0.9943967461585999,
      -0.06699533015489578,
      -0.045702941715717316,
      0.06340843439102173,
      0.9969406127929688
    ],
    [
      0.9647815823554993,
      -0.2626194953918457,
      -0.015083899721503258,
      0.15857113897800446,
      0.5348730087280273,
      0.8299192786216736,
      -0.20988503098487854,
      -0.8030827045440674,
      0.5576794743537903
    ],
    [
      0.7470197677612305,
      0.4332157373428345,
      0.5042673349380493,
      -0.4482763111591339,
      0.8883811235427856,
      -0.09913273900747299,
      -0.49092748761177063,
      -0.15199701488018036,
      0.8578386306762695
    ],
    [
      0.9853796362876892,
      -0.007957352325320244,
      -0.1701871156692505,
      -0.038910627365112305,
      0.9619975686073303,
      -0.27027130126953125,
      0.16587024927139282,
      0.272941917181015,
      0.9476231932640076
    ],
    [
      0.8261101841926575,
      0.0011893559712916613,
      -0.5635074973106384,
      0.17408980429172516,
      0.950541079044342,
      0.257224440574646,
      0.5359429121017456,
      -0.31059661507606506,
      0.7850446105003357
    ],
    [
      0.8057679533958435,
      0.04463979974389076,
      0.5905465483665466,
      -0.1728767305612564,
      0.9714547991752625,
      0.16244778037071228,
      -0.5664376020431519,
      -0.23298697173595428,
      0.7904843091964722
    ],
    [
      0.992181122303009,
      -0.11910420656204224,
      -0.03729330748319626,
      0.12267688661813736,
      0.9856576919555664,
      0.11588428914546967,
      0.022956131026148796,
      -0.11955323070287704,
      0.9925622940063477
    ],
    [
      0.5343478322029114,
      0.5450551509857178,
      -0.6460551023483276,
      -0.565743625164032,
      0.7985004186630249,
      0.2057453989982605,
      0.6280179023742676,
      0.2555619776248932,
      0.7350384593009949
    ],
    [
      0.8745725750923157,
      -0.28741681575775146,
      0.39053094387054443,
      0.24004636704921722,
      0.9564088582992554,
      0.16631224751472473,
      -0.4213082194328308,
      -0.05170661211013794,
      0.9054422974586487
    ],
    [
      -0.4283674359321594,
      -0.3902013897895813,
      -0.815011739730835,
      0.06349403411149979,
      0.8867285847663879,
      -0.45790931582450867,
      0.9013710618019104,
      -0.24790185689926147,
      -0.35507020354270935
    ],
    [
      -0.3482707142829895,
      0.2703355550765991,
      0.8975667953491211,
      -0.027439037337899208,
      0.95416259765625,
      -0.29802826046943665,
      -0.9369922876358032,
      -0.12842288613319397,
      -0.3248891532421112
    ],
    [
      0.8223154544830322,
      -0.38094091415405273,
      0.42270711064338684,
      0.5226837396621704,
      0.7993186712265015,
      -0.296464741230011,
      -0.224942147731781,
      0.4647296965122223,
      0.8564037084579468
    ],
    [
      0.8533708453178406,
      0.49607783555984497,
      -0.160202756524086,
      -0.5077725052833557,
      0.7214312553405762,
      -0.47085458040237427,
      -0.11800526082515717,
      0.483160138130188,
      0.86754310131073
    ],
    [
      0.830057680606842,
      0.409056156873703,
      -0.37904787063598633,
      -0.23602303862571716,
      0.8734951019287109,
      0.42579275369644165,
      0.5052695870399475,
      -0.2639685571193695,
      0.8215979933738708
    ],
    [
      0.9170165657997131,
      -0.3321337401866913,
      0.22083444893360138,
      0.24019867181777954,
      0.9018936157226562,
      0.3590161204338074,
      -0.3184105157852173,
      -0.27617955207824707,
      0.9068294763565063
    ]
  ],
  "root_rot": [
    0.46431103348731995,
    0.3290415406227112,
    -0.8222815990447998,
    0.16992969810962677,
    -0.9442740678787231,
    -0.2819048762321472,
    -0.8692176342010498,
    -0.008838536217808723,
    -0.494350790977478
  ],
  "root_trans": [
    -0.22291727364063263,
    0.28159910440444946,
    2.4909579753875732
  ]
}