{
  "betas": [
    -0.8717779517173767,
    0.7021430730819702,
    1.5292598009109497,
    -0.05880630016326904,
    0.048955678939819336,
    -0.17928090691566467,
    0.050037115812301636,
    0.016759008169174194,
    0.03860129415988922,
    0.7868572473526001
  ],
  "joints": [
    [
      0.9640710353851318,
      -0.2515377998352051,
      0.08541515469551086,
      0.2450283169746399,
      0.9662250280380249,
      0.07981467992067337,
      -0.10260666161775589,
      -0.05601789057254791,
      0.9931434392929077
    ],
    [
      0.930706262588501,
      0.3616430163383484,
      -0.05477360635995865,
      -0.3453141748905182,
      0.9181289672851562,
      0.19441545009613037,
      0.1205982193350792,
      -0.16202957928180695,
      0.9793888330459595
    ],
    [
      0.9978703260421753,
      -0.0569363608956337,
      0.03182791545987129,
      0.058248840272426605,
      0.997420072555542,
      -0.04195423051714897,
      -0.02935708314180374,
      0.04371882230043411,
      0.9986123442649841
    ],
    [
      0.9966669678688049,
      0.08147715032100677,
      -0.004067147616297007,
      -0.08147898316383362,
      0.9917478561401367,
      -0.09898149967193604,
      -0.0040311492048203945,
      0.09898296743631363,
      0.9950810074806213
    ],
    [
      0.9910836219787598,
      0.05921148508787155,
      0.1193615198135376,
      -0.025377269834280014,
      0.9633182883262634,
      -0.26715898513793945,
      -0.1308020055294037,
      0.2617478668689728,
      0.9562315940856934
    ],
    [
      0.9926205277442932,
      -0.05682597681879997,
      -0.10712306201457977,
      0.054159846156835556,
      0.9981497526168823,
      -0.027637837454676628,
      0.10849539190530777,
      0.021632114425301552,
      0.9938616156578064
    ],
    [
      0.991067111492157,
      -0.019667426124215126,
      0.13190583884716034,
      0.03182371333241463,
      0.9953702092170715,
      -0.09069397300481796,
      -0.12951141595840454,
      0.09408155083656311,
      0.987104594707489
    ],
    [
      0.8730879426002502,
      -0.38711073994636536,
      -0.296416312456131,
      0.3905073404312134,
      0.9192273020744324,
      -0.05025191977620125,
      0.2919269800186157,
      -0.07187838852405548,
      0.9537358283996582
    ],
    [
      0.9992610216140747,
      -0.004060082603245974,
      0.03822360560297966,
      0.005485005676746368,
      0.999290943145752,
      -0.0372483916580677,
      -0.03804527223110199,
      0.03743051737546921,
      0.9985747337341309
    ],
    [
      0.9857805967330933,
      0.009976929984986782,
      0.167741596698761,
      -0.11196788400411606,
      0.783345639705658,
      0.6114187240600586,
      -0.12529955804347992,
      -0.6215062737464905,
      0.7733240127563477
    ],
    [
      0.8945463299751282,
      0.33313891291618347,
      0.2980022132396698,
      -0.37569019198417664,
      0.9216039776802063,
      0.09748277068138123,
      -0.242164745926857,
      -0.19915935397148132,
      0.9495744705200195
    ],
    [
      0.894203245639801,
      0.322359174489975,
      0.3106205463409424,
      -0.27150392532348633,
      0.9422200918197632,
      -0.19623176753520966,
      -0.35593003034591675,
      0.0911363810300827,
      0.9300580620765686
    ],
    [
      0.9447847008705139,
      -0.15176019072532654,
      -0.29043182730674744,
      0.1941961646080017,
      0.9731955528259277,
      0.12320011109113693,
      0.2639501094818115,
      -0.17279833555221558,
      0.9489315152168274
    ],
    [
      0.9893500804901123,
      -0.10733760893344879,
      0.09831083565950394,
      0.11762867867946625,
      0.9874193072319031,
      -0.10567218065261841,
      -0.08573141694068909,
      0.11611095815896988,
      0.9895293712615967
    ],
    [
      0.8398563265800476,
      -0.12547597289085388,
      0.5281070470809937,
      0.12117820233106613,
      0.9917027354240417,
      0.04291287064552307,
      -0.52910977602005,
      0.02795441634953022,
      0.848092794418335
    ],
    [
      0.8351295590400696,
      0.3852003514766693,
      -0.39265671372413635,
      -0.4499514102935791,
      0.8890122771263123,
      -0.08485765010118484,
      0.31638944149017334,
      0.247543603181839,
      0.9157618880271912
    ],
    [
      0.587072491645813,
      -0.771450400352478,
      0.2453775703907013,
      0.8095343112945557,
      0.55959552526474,
      -0.17750243842601776,
      -0.00037786446046084166,
      0.30284833908081055,
      0.95303875207901
    ],
    [
      -0.18640868365764618,
      -0.16770169138908386,
      -0.9680536985397339,
      -0.15744271874427795,
      0.9776890277862549,
      -0.13905367255210876,
      0.9697750210762024,
      0.1264921873807907,
      -0.20865313708782196
    ],
    [
      -0.15995071828365326,
      0.3859543800354004,
      0.9085454940795898,
      0.15501955151557922,
      0.9187965989112854,
      -0.36301761865615845,
      -0.9748767018318176,
      0.08277741074562073,
      -0.2067926526069641
    ],
    [
      0.9906507134437561,
      -0.13248933851718903,
      0.03252241387963295,
      0.1323394924402237,
      0.8754051923751831,
      -0.4649214744567871,
      0.033126842230558395,
      0.46487879753112793,
      0.8847543597221375
    ],
    [
      0.990105926990509,
      0.1356942355632782,
      0.035738833248615265,
      -0.12204018235206604,
      0.9584178328514099,
      -0.2579563558101654,
      -0.06925592571496964,
      0.25104254484176636,
      0.9654953479766846
    ],
    [
      0.9387449026107788,
      0.26501113176345825,
      -0.2202884554862976,
      -0.19356730580329895,
      0.9343582987785339,
      0.2991759777069092,
      0.28511330485343933,
      -0.2382093071937561,
      0.9284215569496155
    ],
    [
      0.8851052522659302,
      -0.26471731066703796,
      0.38277071714401245,
      0.1811499297618866,
      0.9535729885101318,
      0.24058926105499268,
      -0.4286879897117615,
      -0.14360792934894562,
      0.8919659852981567
    ]
  ],
  "root_rot": [
    0.9540795683860779,
    -0.07962064445018768,
    0.2887779474258423,
    -0.09456685930490494,
    -0.9947870373725891,
    0.03815639019012451,
    0.28423452377319336,
    -0.06371305882930756,
    -0.9566354751586914
  ],
  "root_trans": [
    0.28099867701530457,
    0.5149564743041992,
    2.527270555496216
  ]
}