{
  "betas": [
    -1.0023810863494873,
    0.8401291370391846,
    1.5756114721298218,
    0.13306914269924164,
    0.06728512048721313,
    -0.017387650907039642,
    0.12514185905456543,
    -0.09924149513244629,
    0.14215028285980225,
    0.5920193195343018
  ],
  "joints": [
    [
      0.9536072611808777,
      -0.3003358542919159,
      0.02077367529273033,
      0.2988024055957794,
      0.9526435732841492,
      0.05645706132054329,
      -0.036745984107255936,
      -0.04763064160943031,
      0.9981889128684998
    ],
    [
      0.9376031160354614,
      0.33509957790374756,
      -0.09278293699026108,
      -0.2901032865047455,
      0.9010071158409119,
      0.3225310444831848,
      0.19167810678482056,
      -0.27548947930336,
      0.9420005679130554
    ],
    [
      0.9999198317527771,
      -0.012078859843313694,
      -0.003791084745898843,
      0.011840886436402798,
      0.998274028301239,
      -0.05752115324139595,
      0.0044793314300477505,
      0.05747165530920029,
      0.9983370304107666
    ],
    [
      0.9916256666183472,
      0.08858275413513184,
      -0.09397642314434052,
      -0.1140141487121582,
      0.9422574639320374,
      -0.31488358974456787,
      0.06065673753619194,
      0.32296133041381836,
      0.9444663524627686
    ],
    [
      0.9973776340484619,
      -0.0019556626211851835,
      0.07234769314527512,
      0.01611996814608574,
      0.9805268049240112,
      -0.19572286307811737,
      -0.07055607438087463,
      0.19637581706047058,
      0.9779870510101318
    ],
    [
      0.9944733381271362,
      -0.04850861057639122,
      -0.09311145544052124,
      0.03910094499588013,
      0.994185745716095,
      -0.10032837092876434,
      0.09743687510490417,
      0.09613313525915146,
      0.9905879497528076
    ],
    [
      0.9991234540939331,
      0.03071712516248226,
      0.028440948575735092,
      -0.0328061543405056,
      0.996555745601654,
      0.07616004347801208,
      -0.026003574952483177,
      -0.07702631503343582,
      0.9966899156570435
    ],
    [
      0.8502727150917053,
      -0.40668725967407227,
      -0.3341282606124878,
      0.37377089262008667,
      0.9134916663169861,
      -0.16071145236492157,
      0.3705827295780182,
      0.01176114659756422,
      0.9287248849868774
    ],
    [
      0.9991409778594971,
      -0.0065772030502557755,
      0.04091700538992882,
      0.005089389160275459,
      0.9993258118629456,
      0.036360591650009155,
      -0.04112856835126877,
      -0.03612110763788223,
      0.9985008239746094
    ],
    [
      0.9702456593513489,
      -0.18276791274547577,
      0.15880534052848816,
      0.01937892846763134,
      0.7124039530754089,
      0.7015019655227661,
      -0.24134561419487,
      -0.677551805973053,
      0.6947486996650696
    ],
    [
      0.8733153343200684,
      0.3758894205093384,
      0.3098830282688141,
      -0.411464124917984,
      0.9096961617469788,
      0.05612683668732643,
      -0.26080191135406494,
      -0.1765221655368805,
      0.949116587638855
    ],
    [
      0.7973461747169495,
      -0.21307429671287537,
      -0.5646579265594482,
      0.12451062351465225,
      0.9735528826713562,
      -0.19155143201351166,
      0.5905389785766602,
      0.08242687582969666,
      0.8027886748313904
    ],
    [
      0.9650005102157593,
      0.22887395322322845,
      0.12802650034427643,
      -0.20781700313091278,
      0.9651586413383484,
      -0.1589995175600052,
      -0.15995673835277557,
      0.12682852149009705,
      0.9789424538612366
    ],
    [
      0.9502071738243103,
      -0.29735061526298523,
      0.09321458637714386,
      0.3051455020904541,
      0.9485185742378235,
      -0.08484603464603424,
      -0.06318673491477966,
      0.10906531661748886,
      0.9920243620872498
    ],
    [
      0.8966423273086548,
      0.03683554381132126,
      -0.44122061133384705,
      0.0528717078268528,
      0.9804943799972534,
      0.1893022358417511,
      0.43958738446235657,
      -0.19306449592113495,
      0.8772051930427551
    ],
    [
      0.5594132542610168,
      0.7604200839996338,
      -0.3298759162425995,
      -0.821563720703125,
      0.4558763802051544,
      -0.3423592448234558,
      -0.10995420813560486,
      0.4625343382358551,
      0.8797568678855896
    ],
    [
      0.7320467829704285,
      -0.6716570854187012,
      0.11394794285297394,
      0.6782511472702026,
      0.7342404723167419,
      -0.029432080686092377,
      -0.06389693170785904,
      0.09883099049329758,
      0.9930505752563477
    ],
    [
      -0.30319514870643616,
      -0.361609548330307,
      -0.8816527128219604,
      -0.10963329672813416,
      0.932296633720398,
      -0.34467896819114685,
      0.9466009736061096,
      -0.007846526801586151,
      -0.32231226563453674
    ],
    [
      0.9672747254371643,
      -0.0032267351634800434,
      0.25371086597442627,
      0.01560777984559536,
      0.998782217502594,
      -0.04680211469531059,
      -0.2532508969306946,
      0.049230363219976425,
      0.9661471843719482
    ],
    [
      0.9775761961936951,
      -0.17078925669193268,
      0.12319007515907288,
      0.2105782926082611,
      0.7893738746643066,
      -0.5766676664352417,
      0.0012456171680241823,
      0.5896777510643005,
      0.807637631893158
    ],
    [
      0.9894394278526306,
      0.041823990643024445,
      -0.1387815624475479,
      -0.11102373898029327,
      0.8342232704162598,
      -0.5401344299316406,
      0.09318423271179199,
      0.5498383641242981,
      0.8300568461418152
    ],
    [
      0.9455351829528809,
      0.1439436376094818,
      -0.29196488857269287,
      -0.14218935370445251,
      0.9894618391990662,
      0.02733788639307022,
      0.29282325506210327,
      0.015665369108319283,
      0.956038236618042
    ],
    [
      0.9429689049720764,
      -0.28948238492012024,
      0.16434617340564728,
      0.25598886609077454,
      0.946209192276001,
      0.19788338243961334,
      -0.2127896100282669,
      -0.14452707767486572,
      0.9663501381874084
    ]
  ],
  "root_rot": [
    0.9975561499595642,
    0.03041122853755951,
    0.06290453672409058,
    0.023580946028232574,
    -0.994021475315094,
    0.10660750418901443,
    0.06577052921056747,
    -0.10486361384391785,
    -0.9923093318939209
  ],
  "root_trans": [
    0.30818819999694824,
    0.5209149122238159,
    2.5424652099609375
  ]
}