{
  "betas": [
    -0.7580875158309937,
    1.0265015363693237,
    1.7958656549453735,
    0.5800930261611938,
    0.32815277576446533,
    -0.11659847944974899,
    -0.27196991443634033,
    0.8176344633102417,
    0.16148629784584045,
    1.1535639762878418
  ],
  "joints": [
    [
      0.9858301877975464,
      -0.16753950715065002,
      -0.00832687970250845,
      0.16588135063648224,
      0.981049656867981,
      -0.10012440383434296,
      0.024943875148892403,
      0.09732438623905182,
      0.9949400424957275
    ],
    [
      0.9905608892440796,
      0.10652933269739151,
      0.08625824749469757,
      -0.13704809546470642,
      0.7816692590713501,
      0.6084495186805725,
      -0.002607703674584627,
      -0.6145279407501221,
      0.7888906598091125
    ],
    [
      0.9972039461135864,
      -0.05318426340818405,
      -0.05249529331922531,
      0.046768587082624435,
      0.992068886756897,
      -0.11667024344205856,
      0.0582839734852314,
      0.11388888955116272,
      0.9917823672294617
    ],
    [
      0.9953412413597107,
      0.01726074144244194,
      -0.09485720098018646,
      -0.051341548562049866,
      0.9276396036148071,
      -0.3699307143688202,
      0.08160801976919174,
      0.373077392578125,
      0.9242041707038879
    ],
    [
      0.9983049035072327,
      -0.057600006461143494,
      0.008339242078363895,
      0.04251723736524582,
      0.6239201426506042,
      -0.7803307175636292,
      0.03974403068423271,
      0.7793625593185425,
      0.625311553478241
    ],
    [
      0.9950400590896606,
      0.013908586464822292,
      -0.09849856793880463,
      -0.021004721522331238,
      0.9972282648086548,
      -0.07137662172317505,
      0.09723280370235443,
      0.073091521859169,
      0.9925742149353027
    ],
    [
      0.9956532716751099,
      0.048919789493083954,
      0.07925499975681305,
      -0.0700407400727272,
      0.9541747570037842,
      0.2909376621246338,
      -0.06139051541686058,
      -0.295224130153656,
      0.9534536004066467
    ],
    [
      0.9009850025177002,
      -0.4036467671394348,
      -0.15904492139816284,
      0.3828723132610321,
      0.9121767282485962,
      -0.1460905224084854,
      0.20404604077339172,
      0.07073148339986801,
      0.9764026999473572
    ],
    [
      0.9991662502288818,
      0.04014699161052704,
      -0.007418417371809483,
      -0.04026053473353386,
      0.9990634918212891,
      -0.01584799960255623,
      0.0067752208560705185,
      0.01613345555961132,
      0.999846875667572
    ],
    [
      0.917844831943512,
      -0.39155814051628113,
      0.06513895094394684,
      0.2815053164958954,
      0.757797122001648,
      0.5886409282684326,
      -0.2798492908477783,
      -0.5219441056251526,
      0.8057658672332764
    ],
    [
      0.8409560918807983,
      0.31534063816070557,
      0.43971940875053406,
      -0.4354131519794464,
      0.8768335580825806,
      0.20390744507312775,
      -0.3212604522705078,
      -0.3629368245601654,
      0.8746819496154785
    ],
    [
      0.9447029829025269,
      -0.1172899678349495,
      -0.3062340021133423,
      0.08932331204414368,
      0.9905745387077332,
      -0.1038435846567154,
      0.31552740931510925,
      0.07074751704931259,
      0.9462754726409912
    ],
    [
      0.9695726633071899,
      0.2447834461927414,
      0.003134682308882475,
      -0.2448020875453949,
      0.9694438576698303,
      0.015831489115953445,
      0.0008363881497643888,
      -0.01611715741455555,
      0.9998697638511658
    ],
    [
      0.9236852526664734,
      -0.022680414840579033,
      0.382480263710022,
      -0.044517841190099716,
      0.9851326942443848,
      0.1659267246723175,
      -0.380557119846344,
      -0.1702912598848343,
      0.9089428782463074
    ],
    [
      0.9989776015281677,
      0.004318295978009701,
      0.04500134661793709,
      -0.004991359077394009,
      0.9998772144317627,
      0.014854895882308483,
      -0.044931672513484955,
      -0.01506432518362999,
      0.9988765120506287
    ],
    [
      0.6869710087776184,
      0.6955575942993164,
      -0.21040542423725128,
      -0.710320770740509,
      0.5816380381584167,
      -0.3964107930660248,
      -0.1533467322587967,
      0.4217780530452728,
      0.893637478351593
    ],
    [
      0.8157050609588623,
      -0.23402082920074463,
      0.529017448425293,
      0.13455042243003845,
      0.9661884903907776,
      0.21994510293006897,
      -0.5626024007797241,
      -0.108230821788311,
      0.819612443447113
    ],
    [
      -0.43681225180625916,
      -0.29796913266181946,
      -0.8487694263458252,
      -0.12683811783790588,
      0.9545209407806396,
      -0.26981812715530396,
      0.8905656933784485,
      -0.010203558020293713,
      -0.4547402858734131
    ],
    [
      -0.647971510887146,
      0.07186517119407654,
      0.7582666277885437,
      -0.1685456484556198,
      0.9573293924331665,
      -0.23476098477840424,
      -0.7427821159362793,
      -0.2799209952354431,
      -0.6082096099853516
    ],
    [
      0.9800492525100708,
      -0.18731407821178436,
      0.06645961105823517,
      0.1987054944038391,
      0.930850625038147,
      -0.3066484034061432,
      -0.004424411803483963,
      0.3137364089488983,
      0.949499785900116
    ],
    [
      0.9709685444831848,
      0.22930729389190674,
      0.0681052953004837,
      -0.18584488332271576,
      0.902398407459259,
      -0.38876569271087646,
      -0.15060491859912872,
      0.3648222088813782,
      0.9188160300254822
    ],
    [
      0.802350640296936,
      0.42589136958122253,
      -0.4181506633758545,
      -0.19862808287143707,
      0.8511912822723389,
      0.48581913113594055,
      0.5628323554992676,
      -0.30674082040786743,
      0.7675478458404541
    ],
    [
      0.9386999607086182,
      -0.25791606307029724,
      0.22873933613300323,
      0.1462319791316986,
      0.8987725377082825,
      0.41330859065055847,
      -0.31218358874320984,
      -0.35452374815940857,
      0.881393313407898
    ]
  ],
  "root_rot": [
    0.6759835481643677,
    0.17505553364753723,
    -0.7158225178718567,
    0.165872722864151,
    -0.9825926423072815,
    -0.08365350216627121,
    -0.7180060148239136,
    -0.06218705698847771,
    -0.6932533979415894
  ],
  "root_trans": [
    -0.553129255771637,
    0.5316544771194458,
    2.411630630493164
  ]
}