{
  "betas": [
    -0.9185418486595154,
    0.6059954166412354,
    1.6426703929901123,
    -0.14036667346954346,
    0.031713277101516724,
    -0.17150643467903137,
    0.02764683961868286,
    0.1174815446138382,
    -0.05932191014289856,
    0.8907799124717712
  ],
  "joints": [
    [
      0.9536837935447693,
      -0.2950003147125244,
      0.05883900821208954,
      0.2803942859172821,
      0.9426167607307434,
      0.1812531054019928,
      -0.10893235355615616,
      -0.15636003017425537,
      0.9816747307777405
    ],
    [
      0.9364926218986511,
      0.3486692011356354,
      -0.03756771236658096,
      -0.3332809805870056,
      0.918219268321991,
      0.21400265395641327,
      0.10911153256893158,
      -0.18789131939411163,
      0.9761103987693787
    ],
    [
      0.9985088109970093,
      -0.03186377137899399,
      0.04432625323534012,
      0.03727894648909569,
      0.9911684393882751,
      -0.12726055085659027,
      -0.03987978771328926,
      0.12872323393821716,
      0.9908782839775085
    ],
    [
      0.9924860000610352,
      0.11790485680103302,
      -0.03271038085222244,
      -0.12214478105306625,
      0.9704776406288147,
      -0.20797553658485413,
      0.007223364897072315,
      0.21040822565555573,
      0.9775869250297546
    ],
    [
      0.9861555695533752,
      0.06867751479148865,
      0.15093280375003815,
      -0.022913236171007156,
      0.9579082131385803,
      -0.2861586809158325,
      -0.16423244774341583,
      0.2787385880947113,
      0.9462201595306396
    ],
    [
      0.9913690090179443,
      -0.051024846732616425,
      -0.12076403945684433,
      0.05419018492102623,
      0.9982641339302063,
      0.023071495816111565,
      0.11937717348337173,
      -0.029416590929031372,
      0.9924131631851196
    ],
    [
      0.9942432641983032,
      -0.04653537645936012,
      0.09651321917772293,
      0.055496182292699814,
      0.9941796660423279,
      -0.09234156459569931,
      -0.09165433049201965,
      0.09716609120368958,
      0.991038978099823
    ],
    [
      0.8663332462310791,
      -0.40366417169570923,
      -0.2941460907459259,
      0.3976442515850067,
      0.913790762424469,
      -0.0828574001789093,
      0.30223459005355835,
      -0.045183394104242325,
      0.9521620869636536
    ],
    [
      0.9997116327285767,
      -0.007848030887544155,
      0.022694077342748642,
      0.008913860656321049,
      0.998843252658844,
      -0.04725170135498047,
      -0.02229699306190014,
      0.04744036868214607,
      0.9986251592636108
    ],
    [
      0.9777170419692993,
      -0.01581859216094017,
      0.2093302309513092,
      -0.11872120946645737,
      0.7807140946388245,
      0.6135069727897644,
      -0.17313186824321747,
      -0.6246881484985352,
      0.7614395022392273
    ],
    [
      0.9079018235206604,
      0.3507843613624573,
      0.2294878363609314,
      -0.3594733476638794,
      0.9331458806991577,
      -0.004211468622088432,
      -0.2156229317188263,
      -0.07867114990949631,
      0.9733024835586548
    ],
    [
      0.886178731918335,
      0.2952297627925873,
      0.3571087718009949,
      -0.2549951374530792,
      0.9542551040649414,
      -0.15612399578094482,
      -0.3868653178215027,
      0.047292765229940414,
      0.9209227561950684
    ],
    [
      0.9786980748176575,
      -0.09025772660970688,
      -0.18440072238445282,
      0.11369417607784271,
      0.986151933670044,
      0.12073945999145508,
      0.17094945907592773,
      -0.1391327679157257,
      0.9754067659378052
    ],
    [
      0.9853825569152832,
      -0.1637696623802185,
      0.046912338584661484,
      0.1683957874774933,
      0.9780399203300476,
      -0.12280341982841492,
      -0.02577066980302334,
      0.1289081871509552,
      0.9913216233253479
    ],
    [
      0.858718752861023,
      -0.13234113156795502,
      0.4950636327266693,
      0.11289508640766144,
      0.9911981225013733,
      0.06914495676755905,
      -0.4998568594455719,
      -0.0034858176950365305,
      0.866101086139679
    ],
    [
      0.9448108077049255,
      0.2651839852333069,
      -0.19237986207008362,
      -0.26909616589546204,
      0.9630947113037109,
      0.005990069359540939,
      0.18686848878860474,
      0.046109192073345184,
      0.9813022613525391
    ],
    [
      0.5966424345970154,
      -0.7788273692131042,
      0.1935092657804489,
      0.8020682334899902,
      0.5707454085350037,
      -0.1758870780467987,
      0.02654113434255123,
      0.2601493000984192,
      0.9652036428451538
    ],
    [
      0.5956252813339233,
      -0.008968764916062355,
      -0.8032122850418091,
      0.002932225586846471,
      0.9999552369117737,
      -0.008991222828626633,
      0.8032570481300354,
      0.0030002074781805277,
      0.5956249237060547
    ],
    [
      -0.17489147186279297,
      0.3799043893814087,
      0.9083422422409058,
      0.1271563172340393,
      0.9235500693321228,
      -0.36178237199783325,
      -0.9763423204421997,
      0.05222879350185394,
      -0.20982827246189117
    ],
    [
      0.9752554893493652,
      -0.09852879494428635,
      0.19791129231452942,
      0.20343735814094543,
      0.7503907680511475,
      -0.6289094090461731,
      -0.08654510229825974,
      0.6536098122596741,
      0.7518671751022339
    ],
    [
      0.9875643253326416,
      0.14829209446907043,
      0.05221268907189369,
      -0.12878063321113586,
      0.9535311460494995,
      -0.2723853886127472,
      -0.09017903357744217,
      0.2622741162776947,
      0.9607704877853394
    ],
    [
      0.9397330284118652,
      0.23396673798561096,
      -0.24932163953781128,
      -0.156386137008667,
      0.9425845742225647,
      0.295089453458786,
      0.3040478229522705,
      -0.23831488192081451,
      0.9223670363426208
    ],
    [
      0.9141249060630798,
      -0.13131099939346313,
      0.3835792541503906,
      0.09195894747972488,
      0.9885935187339783,
      0.11927451938390732,
      -0.394866019487381,
      -0.07375826686620712,
      0.9157731533050537
    ]
  ],
  "root_rot": [
    0.9410771131515503,
    -0.05824138596653938,
    0.33313941955566406,
    -0.0700400099158287,
    -0.9972671866416931,
    0.023506151512265205,
    0.3308599889278412,
    -0.04545418545603752,
    -0.9425845742225647
  ],
  "root_trans": [
    0.2784356474876404,
    0.5163729786872864,
    2.5507283210754395
  ]
}