{
  "betas": [
    -0.7728484272956848,
    1.217223882675171,
    1.6324303150177002,
    0.5020496845245361,
    0.06932884454727173,
    -0.56923508644104,
    0.23566436767578125,
    0.8634236454963684,
    -0.30296453833580017,
    0.8387035131454468
  ],
  "joints": [
    [
      0.9618865251541138,
      -0.10492175817489624,
      -0.252518892288208,
      0.22147351503372192,
      -0.24271556735038757,
      0.9444780349731445,
      -0.16038654744625092,
      -0.9644068479537964,
      -0.21022744476795197
    ],
    [
      0.9852467179298401,
      0.07470033317804337,
      -0.1539764553308487,
      -0.10164102911949158,
      0.9792558550834656,
      -0.17529140412807465,
      0.1376880258321762,
      0.18835560977458954,
      0.9724012613296509
    ],
    [
      0.9563933610916138,
      0.14549601078033447,
      0.25326406955718994,
      -0.015144990757107735,
      0.8906362652778625,
      -0.45446425676345825,
      -0.2916888892650604,
      0.4308108985424042,
      0.8540021181106567
    ],
    [
      0.8470456004142761,
      0.45787835121154785,
      -0.26992806792259216,
      -0.04416608065366745,
      -0.4454527497291565,
      -0.8942154049873352,
      -0.5296820402145386,
      0.7693629264831543,
      -0.3570961058139801
    ],
    [
      0.9957070350646973,
      0.011371987871825695,
      0.09185993671417236,
      0.01657233200967312,
      0.9544854164123535,
      -0.29779672622680664,
      -0.09106551855802536,
      0.29804059863090515,
      0.9501993656158447
    ],
    [
      0.9936263561248779,
      -0.09869234263896942,
      -0.0544668473303318,
      0.10447628051042557,
      0.9877117872238159,
      0.1162329688668251,
      0.04232625290751457,
      -0.12118262052536011,
      0.9917274713516235
    ],
    [
      0.9816550612449646,
      -0.057590048760175705,
      -0.1817600578069687,
      0.0641937330365181,
      0.997466504573822,
      0.03065556474030018,
      0.17953410744667053,
      -0.041761044412851334,
      0.9828649759292603
    ],
    [
      0.9449610710144043,
      -0.19819211959838867,
      -0.26032379269599915,
      0.2675393521785736,
      0.9260721206665039,
      0.2661072909832001,
      0.1883382499217987,
      -0.3211078941822052,
      0.9281262755393982
    ],
    [
      0.9950551390647888,
      -0.025410335510969162,
      0.09601858258247375,
      0.03775815665721893,
      0.9909180998802185,
      -0.12905718386173248,
      -0.09186715632677078,
      0.1320444941520691,
      0.9869775772094727
    ],
    [
      0.9132296442985535,
      -0.33552122116088867,
      0.23116467893123627,
      0.16628709435462952,
      0.8248674273490906,
      0.5403169393539429,
      -0.37196797132492065,
      -0.4549937844276428,
      0.809086263179779
    ],
    [
      0.8618519902229309,
      0.24885238707065582,
      0.4419090747833252,
      -0.13575199246406555,
      0.9527417421340942,
      -0.2717616856098175,
      -0.48865383863449097,
      0.17422831058502197,
      0.8549045920372009
    ],
    [
      0.976244330406189,
      0.2079584002494812,
      -0.060829825699329376,
      -0.21653835475444794,
      0.9462785720825195,
      -0.24014164507389069,
      0.007622488308697939,
      0.24760891497135162,
      0.9688300490379333
    ],
    [
      0.8092100620269775,
      -0.4515843391418457,
      -0.3758334219455719,
      0.5815046429634094,
      0.7069150805473328,
      0.40264561772346497,
      0.08385384827852249,
      -0.5443737506866455,
      0.8346412181854248
    ],
    [
      0.9333469867706299,
      -0.29597437381744385,
      0.20313167572021484,
      0.29051750898361206,
      0.9551774859428406,
      0.05688149482011795,
      -0.21086227893829346,
      0.005923131015151739,
      0.9774977564811707
    ],
    [
      0.9935800433158875,
      -0.10238319635391235,
      0.04812825843691826,
      0.08662526309490204,
      0.9621387124061584,
      0.2584281861782074,
      -0.07276476919651031,
      -0.2525999844074249,
      0.9648308157920837
    ],
    [
      0.9005899429321289,
      -0.00011369073763489723,
      -0.43466970324516296,
      0.14154677093029022,
      0.9455698132514954,
      0.29302266240119934,
      0.41097721457481384,
      -0.3254193365573883,
      0.8515867590904236
    ],
    [
      0.7201526761054993,
      -0.6659581065177917,
      0.19462785124778748,
      0.6883382201194763,
      0.720959484577179,
      -0.08004911988973618,
      -0.08700945228338242,
      0.19161736965179443,
      0.9776053428649902
    ],
    [
      0.6018531322479248,
      -0.10111339390277863,
      -0.7921798825263977,
      0.5122241973876953,
      0.8099104166030884,
      0.2857822775840759,
      0.6126983165740967,
      -0.5777726173400879,
      0.5392398238182068
    ],
    [
      0.7335206866264343,
      0.2650594711303711,
      0.625852108001709,
      -0.040389735251665115,
      0.936193585395813,
      -0.3491564095020294,
      -0.6784659624099731,
      0.2308354526758194,
      0.6974230408668518
    ],
    [
      0.9619828462600708,
      -0.15216313302516937,
      0.22679340839385986,
      0.25977930426597595,
      0.7660768032073975,
      -0.587912380695343,
      -0.08428261429071426,
      0.6244779825210571,
      0.776481568813324
    ],
    [
      0.9603767395019531,
      0.2607908844947815,
      -0.09830861538648605,
      -0.2769639492034912,
      0.8536685109138489,
      -0.4410679042339325,
      -0.031103508546948433,
      0.45081934332847595,
      0.8920730352401733
    ],
    [
      0.9512071013450623,
      0.14089375734329224,
      -0.2745070159435272,
      -0.07562239468097687,
      0.9689773917198181,
      0.23529569804668427,
      0.2991427779197693,
      -0.20305603742599487,
      0.9323529005050659
    ],
    [
      0.9837690591812134,
      -0.09406623244285583,
      0.15280663967132568,
      0.08426427841186523,
      0.9940225481987,
      0.06941693276166916,
      -0.1584230363368988,
      -0.055414099246263504,
      0.9858150482177734
    ]
  ],
  "root_rot": [
    -0.3816467225551605,
    0.34778398275375366,
    -0.8563830852508545,
    -0.13259968161582947,
    -0.9375295639038086,
    -0.32164520025253296,
    -0.9147475361824036,
    -0.009198727086186409,
    0.40392112731933594
  ],
  "root_trans": [
    -0.1297784149646759,
    0.4707787334918976,
    2.4436330795288086
  ]
}