{
  "betas": [
    -0.6049916744232178,
    0.6957004070281982,
    1.4258143901824951,
    0.7166929244995117,
    0.08499979972839355,
    0.2084428071975708,
    0.2113056778907776,
    0.667846143245697,
    0.030045002698898315,
    0.7336652278900146
  ],
  "joints": [
    [
      0.9775167107582092,
      0.06940732896327972,
      -0.1991071254014969,
      0.061629246920347214,
      0.8089932799339294,
      0.5845782160758972,
      0.20165033638477325,
      -0.5837058424949646,
      0.7865269184112549
    ],
    [
      0.9308628439903259,
      0.22389565408229828,
      -0.2887304425239563,
      -0.28643369674682617,
      0.9377846717834473,
      -0.19625407457351685,
      0.2268265336751938,
      0.26538771390914917,
      0.9370801448822021
    ],
    [
      0.9706482291221619,
      -0.033623021095991135,
      0.2381417602300644,
      0.05881113559007645,
      0.9933013916015625,
      -0.09946654736995697,
      -0.23320217430591583,
      0.11055241525173187,
      0.966123640537262
    ],
    [
      0.9940155744552612,
      0.06933747977018356,
      0.0844116285443306,
      -0.03262585401535034,
      0.925899863243103,
      -0.3763575851917267,
      -0.1042523980140686,
      0.37135130167007446,
      0.9226210713386536
    ],
    [
      0.9995580911636353,
      0.018355069682002068,
      0.023380238562822342,
      -0.011372766457498074,
      0.9628744125366211,
      -0.2697100341320038,
      -0.027462780475616455,
      0.26932498812675476,
      0.962657630443573
    ],
    [
      0.9989281296730042,
      0.032286226749420166,
      -0.03316926956176758,
      -0.030871950089931488,
      0.9986279010772705,
      0.042300157248973846,
      0.0344894677400589,
      -0.04123081639409065,
      0.9985542297363281
    ],
    [
      0.9918965697288513,
      0.07466857880353928,
      -0.10278990864753723,
      -0.08760758489370346,
      0.9879310131072998,
      -0.1277388036251068,
      0.09201126545667648,
      0.13570885360240936,
      0.9864669442176819
    ],
    [
      0.9268471598625183,
      -0.13565166294574738,
      -0.35007569193840027,
      0.24359816312789917,
      0.9268076419830322,
      0.2858104407787323,
      0.28568214178085327,
      -0.35018038749694824,
      0.8920535445213318
    ],
    [
      0.9810912013053894,
      0.024655751883983612,
      0.19196856021881104,
      -0.01598203182220459,
      0.9987857341766357,
      -0.046601224690675735,
      -0.1928844451904297,
      0.04265201464295387,
      0.9802939295768738
    ],
    [
      0.9284760355949402,
      -0.3197447657585144,
      0.18893282115459442,
      0.14697176218032837,
      0.7835176587104797,
      0.6037378907203674,
      -0.3410741984844208,
      -0.5327883362770081,
      0.7744708061218262
    ],
    [
      0.8556237816810608,
      0.35016122460365295,
      0.3811759650707245,
      -0.3849824368953705,
      0.9227768182754517,
      0.01647379621863365,
      -0.34597188234329224,
      -0.16084140539169312,
      0.924355685710907
    ],
    [
      0.9425314664840698,
      -0.1385318487882614,
      -0.30404478311538696,
      0.0963558554649353,
      0.984032154083252,
      -0.14965352416038513,
      0.3199216425418854,
      0.11175667494535446,
      0.9408296346664429
    ],
    [
      0.991011381149292,
      0.133651003241539,
      -0.00581735884770751,
      -0.1316050887107849,
      0.9818006753921509,
      0.13692142069339752,
      0.024011176079511642,
      -0.13492509722709656,
      0.9905648231506348
    ],
    [
      0.8827692270278931,
      -0.1540796160697937,
      0.44382190704345703,
      0.07601948827505112,
      0.979087769985199,
      0.1887013465166092,
      -0.46361562609672546,
      -0.13284063339233398,
      0.8760216236114502
    ],
    [
      0.9980884790420532,
      -0.06113594025373459,
      -0.009047351777553558,
      0.060995347797870636,
      0.9980242252349854,
      -0.015075953677296638,
      0.009951158426702023,
      0.014495288021862507,
      0.9998455047607422
    ],
    [
      0.5192818641662598,
      0.784076988697052,
      -0.3399551212787628,
      -0.8541892170906067,
      0.4638211131095886,
      -0.23501205444335938,
      -0.026589205488562584,
      0.4124235510826111,
      0.9106040000915527
    ],
    [
      0.5994157791137695,
      -0.4594480097293854,
      0.6554450988769531,
      0.42538538575172424,
      0.8764996528625488,
      0.22537870705127716,
      -0.678047239780426,
      0.14372119307518005,
      0.7208302021026611
    ],
    [
      0.020785639062523842,
      -0.3133666217327118,
      -0.9494047164916992,
      -0.024890661239624023,
      0.9491533637046814,
      -0.31382858753204346,
      0.999474048614502,
      0.03015444241464138,
      0.011928856372833252
    ],
    [
      -0.0011172736994922161,
      0.1579209417104721,
      0.9874511361122131,
      0.13893581926822662,
      0.9778993725776672,
      -0.15623614192008972,
      -0.9903007745742798,
      0.13701777160167694,
      -0.02303345687687397
    ],
    [
      0.974561870098114,
      -0.06845314800739288,
      0.21340875327587128,
      0.1494070589542389,
      0.9081934094429016,
      -0.3909761607646942,
      -0.16705285012722015,
      0.41291525959968567,
      0.8953180313110352
    ],
    [
      0.9870032072067261,
      0.16004203259944916,
      0.014531111344695091,
      -0.1487458199262619,
      0.944060742855072,
      -0.2943195700645447,
      -0.06082175299525261,
      0.2883329391479492,
      0.9555965662002563
    ],
    [
      0.26760372519493103,
      0.4453984797000885,
      -0.8544053435325623,
      0.0247470885515213,
      0.8832761645317078,
      0.46819964051246643,
      0.9632112383842468,
      -0.14643603563308716,
      0.2253456711769104
    ],
    [
      0.9318497776985168,
      -0.2587316036224365,
      0.25438928604125977,
      0.10069309920072556,
      0.8579577803611755,
      0.5037552118301392,
      -0.3485926687717438,
      -0.44380897283554077,
      0.8255402445793152
    ]
  ],
  "root_rot": [
    0.09412434697151184,
    -0.05850691348314285,
    0.9938398003578186,
    -0.06828735768795013,
    -0.9962999224662781,
    -0.05218440294265747,
    0.9932157397270203,
    -0.0629548653960228,
    -0.09777136147022247
  ],
  "root_trans": [
    0.28021562099456787,
    0.547524631023407,
    2.648472785949707
  ]
}