{
  "betas": [
    -0.995232880115509,
    0.733397364616394,
    1.512474775314331,
    0.36391377449035645,
    0.17548097670078278,
    -0.14732196927070618,
    -0.23746204376220703,
    0.5352343916893005,
    0.2749858796596527,
    0.790990948677063
  ],
  "joints": [
    [
      0.9740651845932007,
      -0.22228415310382843,
      0.04226992279291153,
      0.22530075907707214,
      0.9700793027877808,
      -0.09047483652830124,
      -0.02089405432343483,
      0.09765183180570602,
      0.9950012564659119
    ],
    [
      0.9785096645355225,
      0.20058897137641907,
      -0.04778018593788147,
      -0.1635962575674057,
      0.8962543606758118,
      0.41226738691329956,
      0.12551948428153992,
      -0.3955909311771393,
      0.9098091721534729
    ],
    [
      0.9971843361854553,
      -0.06707336753606796,
      0.03353264927864075,
      0.07102379202842712,
      0.9882489442825317,
      -0.13535048067569733,
      -0.024060191586613655,
      0.13735100626945496,
      0.990230143070221
    ],
    [
      0.99195396900177,
      0.027654360979795456,
      -0.12354223430156708,
      -0.035142604261636734,
      0.9976480603218079,
      -0.05885039269924164,
      0.12162419408559799,
      0.062718465924263,
      0.9905927777290344
    ],
    [
      0.9983747005462646,
      -0.045456044375896454,
      -0.03437540680170059,
      0.03006805293262005,
      0.932527482509613,
      -0.35984501242637634,
      0.04841313883662224,
      0.35822656750679016,
      0.9323786497116089
    ],
    [
      0.9986331462860107,
      -0.0042295558378100395,
      -0.0520944744348526,
      -0.000625306332949549,
      0.9956820607185364,
      -0.09282667934894562,
      0.05226214975118637,
      0.09273238480091095,
      0.9943184852600098
    ],
    [
      0.9951418042182922,
      0.06887418776750565,
      0.07034953683614731,
      -0.08125834167003632,
      0.9780396819114685,
      0.19192558526992798,
      -0.055585917085409164,
      -0.19670967757701874,
      0.978884756565094
    ],
    [
      0.8892905712127686,
      -0.2911596894264221,
      -0.35268735885620117,
      0.3288024365901947,
      0.9430455565452576,
      0.05053788051009178,
      0.3178856372833252,
      -0.1609073132276535,
      0.934375524520874
    ],
    [
      0.9963324069976807,
      0.0029955178033560514,
      0.08551429212093353,
      -0.00518743135035038,
      0.9996633529663086,
      0.025421427562832832,
      -0.08540935814380646,
      -0.025771792978048325,
      0.9960125088691711
    ],
    [
      0.9281941652297974,
      -0.3362073004245758,
      0.15943722426891327,
      0.1649022400379181,
      0.7557828426361084,
      0.6337189078330994,
      -0.3335607945919037,
      -0.5619226098060608,
      0.756954550743103
    ],
    [
      0.8576226830482483,
      0.2973826825618744,
      0.41957947611808777,
      -0.39004725217819214,
      0.9078592658042908,
      0.15380097925662994,
      -0.3351813554763794,
      -0.29555901885032654,
      0.8945940136909485
    ],
    [
      0.8860504031181335,
      -0.04124315828084946,
      -0.46175065636634827,
      0.044157832860946655,
      0.9990144371986389,
      -0.0044969008304178715,
      0.4614810347557068,
      -0.01640542596578598,
      0.8869983553886414
    ],
    [
      0.9422698616981506,
      0.31925472617149353,
      0.10101418942213058,
      -0.31781983375549316,
      0.9476626515388489,
      -0.030428746715188026,
      -0.10544190555810928,
      -0.0034322235733270645,
      0.9944194555282593
    ],
    [
      0.9278092384338379,
      -0.2678792178630829,
      0.259635865688324,
      0.2515137493610382,
      0.9631822109222412,
      0.09497811645269394,
      -0.27551934123039246,
      -0.022819576784968376,
      0.9610246419906616
    ],
    [
      0.9926092624664307,
      0.016078932210803032,
      -0.12028435617685318,
      -0.008433986455202103,
      0.997927188873291,
      0.0637984648346901,
      0.12106083333492279,
      -0.062312472611665726,
      0.990687370300293
    ],
    [
      0.630121111869812,
      0.7529168725013733,
      -0.1899040937423706,
      -0.7367910742759705,
      0.5025390982627869,
      -0.4523199498653412,
      -0.24512510001659393,
      0.4249359965324402,
      0.8714029788970947
    ],
    [
      0.8376517295837402,
      -0.4379521906375885,
      0.3264008164405823,
      0.3868991434574127,
      0.8975619077682495,
      0.21140408515930176,
      -0.3855498135089874,
      -0.05079878866672516,
      0.9212875962257385
    ],
    [
      -0.2605685889720917,
      -0.2521889805793762,
      -0.9319359660148621,
      0.051220353692770004,
      0.9603108763694763,
      -0.2741886079311371,
      0.9640956521034241,
      -0.11917904019355774,
      -0.23730963468551636
    ],
    [
      0.5061504244804382,
      0.1999901831150055,
      0.8389372229576111,
      -0.5260279178619385,
      0.842444896697998,
      0.11653861403465271,
      -0.683451771736145,
      -0.5002905130386353,
      0.5316042304039001
    ],
    [
      0.9487891793251038,
      -0.3159082531929016,
      -0.0009891351219266653,
      0.28548717498779297,
      0.8587557077407837,
      -0.4254828095436096,
      0.13526296615600586,
      0.4034111499786377,
      0.904965877532959
    ],
    [
      0.9273677468299866,
      0.32794633507728577,
      -0.18011191487312317,
      -0.37252143025398254,
      0.764422595500946,
      -0.5261995792388916,
      -0.03488359600305557,
      0.5550760626792908,
      0.8310679197311401
    ],
    [
      0.843174159526825,
      0.17982807755470276,
      -0.506674587726593,
      -0.18017806112766266,
      0.982420802116394,
      0.04883875325322151,
      0.5065502524375916,
      0.05011207237839699,
      0.8607528805732727
    ],
    [
      0.9546365141868591,
      -0.21122252941131592,
      0.20989085733890533,
      0.1279398649930954,
      0.9274358749389648,
      0.3514171242713928,
      -0.2688875198364258,
      -0.30862221121788025,
      0.9123879075050354
    ]
  ],
  "root_rot": [
    0.8430755734443665,
    -0.04938553646206856,
    -0.5355226993560791,
    -0.011044550687074661,
    -0.9971546530723572,
    0.07456942647695541,
    -0.5376815795898438,
    -0.0569530613720417,
    -0.8412221670150757
  ],
  "root_trans": [
    -0.6780470609664917,
    0.5337189435958862,
    2.429710626602173
  ]
}