{
  "betas": [
    -0.6003150939941406,
    0.8642716407775879,
    1.0144069194793701,
    0.25190970301628113,
    0.27434465289115906,
    -0.17649048566818237,
    -0.21995216608047485,
    0.3577374815940857,
    0.29196667671203613,
    0.872572660446167
  ],
  "joints": [
    [
      0.9386140704154968,
      -0.33566340804100037,
      -0.07958433032035828,
      0.34495681524276733,
      0.9113270044326782,
      0.22469525039196014,
      -0.0028946243692189455,
      -0.23835529386997223,
      0.9711737036705017
    ],
    [
      0.9387401938438416,
      0.3197813034057617,
      -0.12847843766212463,
      -0.3138562738895416,
      0.9472748041152954,
      0.06453415751457214,
      0.14234121143817902,
      -0.02025703899562359,
      0.9896103143692017
    ],
    [
      0.9961236715316772,
      0.038537103682756424,
      0.07907388359308243,
      -0.030312133952975273,
      0.9942503571510315,
      -0.10270018875598907,
      -0.08257701247930527,
      0.09990517795085907,
      0.9915644526481628
    ],
    [
      0.9951657652854919,
      0.05551688373088837,
      -0.08101247996091843,
      -0.0766868144273758,
      0.9545994400978088,
      -0.28785261511802673,
      0.06135376915335655,
      0.29267364740371704,
      0.9542421102523804
    ],
    [
      0.9882094264030457,
      0.0572594590485096,
      0.14199841022491455,
      -0.013991713523864746,
      0.9573290944099426,
      -0.28866103291511536,
      -0.1524677872657776,
      0.2832707166671753,
      0.9468427896499634
    ],
    [
      0.9939847588539124,
      0.0404697060585022,
      -0.10176696628332138,
      -0.05095164477825165,
      0.9934163093566895,
      -0.10260584205389023,
      0.09694453328847885,
      0.10717383772134781,
      0.9895026683807373
    ],
    [
      0.9982119798660278,
      0.053405504673719406,
      0.02684907615184784,
      -0.05478937551379204,
      0.9970495700836182,
      0.053760726004838943,
      -0.023898741230368614,
      -0.055135633796453476,
      0.9981929063796997
    ],
    [
      0.93788081407547,
      -0.2246573567390442,
      -0.2644025981426239,
      0.2874576151371002,
      0.9298752546310425,
      0.2295653373003006,
      0.19428785145282745,
      -0.2913094460964203,
      0.9366916418075562
    ],
    [
      0.9946227669715881,
      0.048640839755535126,
      0.0914313793182373,
      -0.05100863799452782,
      0.998416006565094,
      0.02373981475830078,
      -0.09013182669878006,
      -0.028275948017835617,
      0.9955283999443054
    ],
    [
      0.9773809909820557,
      -0.17515131831169128,
      0.1185261532664299,
      0.055602096021175385,
      0.7535434365272522,
      0.6550425291061401,
      -0.20404614508152008,
      -0.6336358189582825,
      0.7462378144264221
    ],
    [
      0.9169099926948547,
      0.24147945642471313,
      0.31774792075157166,
      -0.2968103289604187,
      0.9448492527008057,
      0.1384325474500656,
      -0.26679527759552,
      -0.2212410420179367,
      0.938015341758728
    ],
    [
      0.9030154347419739,
      -0.1551586091518402,
      -0.4006105959415436,
      0.09096166491508484,
      0.980414092540741,
      -0.17468304932117462,
      0.4198678731918335,
      0.12130129337310791,
      0.8994425535202026
    ],
    [
      0.9163044691085815,
      0.39153727889060974,
      -0.08417045325040817,
      -0.3921658992767334,
      0.9198441505432129,
      0.009622687473893166,
      0.08119134604930878,
      0.024191468954086304,
      0.9964048862457275
    ],
    [
      0.9200734496116638,
      -0.19963859021663666,
      0.3370599150657654,
      0.20540043711662292,
      0.9784960150718689,
      0.018875252455472946,
      -0.33357998728752136,
      0.051865626126527786,
      0.9412940740585327
    ],
    [
      0.9268249869346619,
      -0.09615728259086609,
      -0.36297282576560974,
      0.1445436328649521,
      0.9835286140441895,
      0.10852938145399094,
      0.34655827283859253,
      -0.1530531495809555,
      0.9254578351974487
    ],
    [
      0.6037065386772156,
      0.7537763714790344,
      -0.2595372200012207,
      -0.7962372899055481,
      0.5861733555793762,
      -0.1496896892786026,
      0.039301250129938126,
      0.29702186584472656,
      0.9540615677833557
    ],
    [
      0.4979110360145569,
      -0.7489827871322632,
      0.4371606409549713,
      0.8309500813484192,
      0.556306779384613,
      0.0066908360458910465,
      -0.2482067346572876,
      0.3599272072315216,
      0.8993586301803589
    ],
    [
      0.9158387184143066,
      -0.1535608321428299,
      -0.37102368474006653,
      0.08295071870088577,
      0.9764083623886108,
      -0.1993635892868042,
      0.39288508892059326,
      0.15180820226669312,
      0.9069705605506897
    ],
    [
      -0.12432793527841568,
      0.37603291869163513,
      0.9182275533676147,
      0.25168871879577637,
      0.9070929884910583,
      -0.33739450573921204,
      -0.9597892761230469,
      0.18915992975234985,
      -0.2074202448129654
    ],
    [
      0.9397596716880798,
      -0.2878468930721283,
      0.18437957763671875,
      0.3409118950366974,
      0.7495706081390381,
      -0.5673824548721313,
      0.025113718584179878,
      0.5960603952407837,
      0.8025466799736023
    ],
    [
      0.9500741958618164,
      0.2976807653903961,
      0.09351538866758347,
      -0.289639949798584,
      0.9528461694717407,
      -0.09051481634378433,
      -0.11605029553174973,
      0.058910004794597626,
      0.9914947748184204
    ],
    [
      0.986049234867096,
      0.09213346242904663,
      -0.13862992823123932,
      -0.07058540731668472,
      0.9856970310211182,
      0.1530330926179886,
      0.15074656903743744,
      -0.14111292362213135,
      0.9784491062164307
    ],
    [
      0.855400800704956,
      -0.2706362009048462,
      0.44163963198661804,
      0.1140398308634758,
      0.9301218390464783,
      0.3490965962409973,
      -0.5052567720413208,
      -0.2482530027627945,
      0.8264902830123901
    ]
  ],
  "root_rot": [
    0.7758981585502625,
    -0.030578477308154106,
    0.6301167607307434,
    -0.025781942531466484,
    -0.999527096748352,
    -0.016758576035499573,
    0.6303312182426453,
    -0.00324268382973969,
    -0.7763196229934692
  ],
  "root_trans": [
    0.2957649230957031,
    0.5257532000541687,
    2.5965559482574463
  ]
}