{
  "betas": [
    -0.8686935305595398,
    1.2013932466506958,
    2.190220594406128,
    0.42071348428726196,
    0.07013684511184692,
    -0.3964212238788605,
    0.45998188853263855,
    0.6015794277191162,
    -0.4310268461704254,
    1.0257339477539062
  ],
  "joints": [
    [
      0.9364198446273804,
      -0.19609834253787994,
      -0.29096969962120056,
      0.28506985306739807,
      -0.05831153690814972,
      0.956731379032135,
      -0.20458033680915833,
      -0.9788488745689392,
      0.0012976444559171796
    ],
    [
      0.9762310981750488,
      0.052673984318971634,
      -0.21023376286029816,
      -0.0946367084980011,
      0.9762568473815918,
      -0.19484953582286835,
      0.19497866928577423,
      0.2101140171289444,
      0.9580371975898743
    ],
    [
      0.9607681035995483,
      0.1251513957977295,
      0.24751132726669312,
      -0.009500822983682156,
      0.9067322611808777,
      -0.421599805355072,
      -0.27719029784202576,
      0.4027080237865448,
      0.8723484873771667
    ],
    [
      0.857112467288971,
      0.43072471022605896,
      -0.2825499475002289,
      -0.10193729400634766,
      -0.3958359658718109,
      -0.9126459956169128,
      -0.5049425959587097,
      0.8110426068305969,
      -0.295369029045105
    ],
    [
      0.9993832111358643,
      -0.02350788004696369,
      0.026087479665875435,
      0.03202220797538757,
      0.9149762988090515,
      -0.4022350609302521,
      -0.014413728378713131,
      0.402822345495224,
      0.9151647090911865
    ],
    [
      0.9937125444412231,
      -0.10257863998413086,
      -0.044867537915706635,
      0.10786797106266022,
      0.9845167398452759,
      0.13817110657691956,
      0.029999444261193275,
      -0.14214211702346802,
      0.989391565322876
    ],
    [
      0.9720577597618103,
      -0.06520726531744003,
      -0.22550366818904877,
      0.06095447763800621,
      0.9978076219558716,
      -0.025778144598007202,
      0.22669018805027008,
      0.011312391608953476,
      0.9739013314247131
    ],
    [
      0.9241501688957214,
      -0.16207842528820038,
      -0.34594354033470154,
      0.30215510725975037,
      0.8642192482948303,
      0.40227779746055603,
      0.233770489692688,
      -0.47629374265670776,
      0.8476411700248718
    ],
    [
      0.9939844608306885,
      -0.023614728823304176,
      0.10694466531276703,
      0.03863023966550827,
      0.9893138408660889,
      -0.14059123396873474,
      -0.10248180478811264,
      0.1438768059015274,
      0.9842748045921326
    ],
    [
      0.9058193564414978,
      -0.328348308801651,
      0.26772862672805786,
      0.08016800880432129,
      0.7533610463142395,
      0.6527023315429688,
      -0.4160099923610687,
      -0.56976717710495,
      0.7087320685386658
    ],
    [
      0.8115745186805725,
      0.28357449173927307,
      0.5108152627944946,
      -0.1542748063802719,
      0.9472940564155579,
      -0.2807725667953491,
      -0.5635122060775757,
      0.14906196296215057,
      0.8125481009483337
    ],
    [
      0.9763526320457458,
      0.1696123480796814,
      -0.13404180109500885,
      -0.19565194845199585,
      0.9570052027702332,
      -0.21415235102176666,
      0.09195582568645477,
      0.23531374335289001,
      0.9675595164299011
    ],
    [
      0.7464872598648071,
      -0.5203956961631775,
      -0.41466274857521057,
      0.6626332998275757,
      0.6381523609161377,
      0.39201879501342773,
      0.06061309948563576,
      -0.5674063563346863,
      0.8212041258811951
    ],
    [
      0.9690951704978943,
      -0.13052137196063995,
      0.20932911336421967,
      0.12006688863039017,
      0.9908308982849121,
      0.06195208057761192,
      -0.21549583971500397,
      -0.03490396961569786,
      0.9758807420730591
    ],
    [
      0.9791908860206604,
      -0.05247560888528824,
      -0.19603964686393738,
      0.10000119358301163,
      0.9653363823890686,
      0.2410922795534134,
      0.17659272253513336,
      -0.25567954778671265,
      0.9504961967468262
    ],
    [
      0.8993849158287048,
      0.021898390725255013,
      -0.43660876154899597,
      0.1498156636953354,
      0.9228243827819824,
      0.35489505529403687,
      0.4106847941875458,
      -0.38459810614585876,
      0.826693594455719
    ],
    [
      0.7181867361068726,
      -0.6909336447715759,
      0.08257433027029037,
      0.6958303451538086,
      0.7121886610984802,
      -0.09277651458978653,
      0.005293915048241615,
      0.1240885779261589,
      0.9922570586204529
    ],
    [
      0.6298608183860779,
      -0.08665423095226288,
      -0.7718590497970581,
      0.4862215518951416,
      0.818942129611969,
      0.30483168363571167,
      0.605692982673645,
      -0.567296028137207,
      0.5579527020454407
    ],
    [
      0.41804268956184387,
      0.37374064326286316,
      0.8279845118522644,
      -0.13650278747081757,
      0.9269432425498962,
      -0.34949007630348206,
      -0.8981131911277771,
      0.033079586923122406,
      0.4385184943675995
    ],
    [
      0.9641230702400208,
      -0.14940164983272552,
      0.21942152082920074,
      0.25283560156822205,
      0.7686558961868286,
      -0.587573230266571,
      -0.08087526261806488,
      0.6219704747200012,
      0.7788529396057129
    ],
    [
      0.9760951399803162,
      0.2162158042192459,
      0.022114133462309837,
      -0.20290042459964752,
      0.9429728984832764,
      -0.26388177275657654,
      -0.07790843397378922,
      0.25308674573898315,
      0.9643015265464783
    ],
    [
      0.946911633014679,
      0.16295917332172394,
      -0.27713286876678467,
      -0.0876576378941536,
      0.9602230191230774,
      0.26511868834495544,
      0.3093128800392151,
      -0.2267511636018753,
      0.9235309362411499
    ],
    [
      0.9490005970001221,
      -0.19237501919269562,
      0.24977928400039673,
      0.17131544649600983,
      0.9797444939613342,
      0.10369112342596054,
      -0.26466742157936096,
      -0.05561189725995064,
      0.9627349376678467
    ]
  ],
  "root_rot": [
    -0.5445519089698792,
    0.3393248915672302,
    -0.7670212984085083,
    -0.1369529366493225,
    -0.9382062554359436,
    -0.31782522797584534,
    -0.8274702429771423,
    -0.06802651286125183,
    0.5573735237121582
  ],
  "root_trans": [
    -0.1776440143585205,
    0.4861775040626526,
    2.4763638973236084
  ]
}