{
  "betas": [
    -0.9154650568962097,
    0.897093653678894,
    1.6209105253219604,
    0.1023435890674591,
    0.006076544523239136,
    -0.0017301402986049652,
    0.13379164040088654,
    -0.06263598799705505,
    0.16481660306453705,
    0.6291626691818237
  ],
  "joints": [
    [
      0.9543653130531311,
      -0.29313167929649353,
      0.05710247531533241,
      0.29267099499702454,
      0.9560715556144714,
      0.01645834557712078,
      -0.059418514370918274,
      0.00100496388040483,
      0.9982326626777649
    ],
    [
      0.9300462007522583,
      0.3559941053390503,
      -0.09100756049156189,
      -0.29657793045043945,
      0.8735076785087585,
      0.3860386908054352,
      0.2169232964515686,
      -0.332042932510376,
      0.9179825186729431
    ],
    [
      0.9995524883270264,
      -0.027219237759709358,
      -0.012407800182700157,
      0.026238327845931053,
      0.9969619512557983,
      -0.07333774119615555,
      0.014366301707923412,
      0.07297936081886292,
      0.9972299933433533
    ],
    [
      0.9916858673095703,
      0.10276421904563904,
      -0.07745189219713211,
      -0.12010956555604935,
      0.9551981091499329,
      -0.27049994468688965,
      0.046184178441762924,
      0.27755364775657654,
      0.9595994353294373
    ],
    [
      0.9991901516914368,
      -0.020831339061260223,
      0.03442417457699776,
      0.027594106271862984,
      0.9774267673492432,
      -0.2094646692276001,
      -0.029283680021762848,
      0.21024495363235474,
      0.9772100448608398
    ],
    [
      0.9953551292419434,
      -0.049566298723220825,
      -0.08253169059753418,
      0.04026264697313309,
      0.9930261373519897,
      -0.11080574244260788,
      0.0874483585357666,
      0.10696809738874435,
      0.9904093146324158
    ],
    [
      0.9991942644119263,
      0.011031756177544594,
      0.038589078933000565,
      -0.0152879748493433,
      0.9936128258705139,
      0.11180271953344345,
      -0.03710922226309776,
      -0.11230258643627167,
      0.9929808974266052
    ],
    [
      0.8461385369300842,
      -0.40983569622039795,
      -0.34071141481399536,
      0.37103143334388733,
      0.911892831325531,
      -0.1754627823829651,
      0.38260316848754883,
      0.022051164880394936,
      0.9236496090888977
    ],
    [
      0.9989630579948425,
      -0.010518918745219707,
      0.04429399594664574,
      0.008915829472243786,
      0.9993035197257996,
      0.03623495250940323,
      -0.044644299894571304,
      -0.03580246865749359,
      0.9983611106872559
    ],
    [
      0.9723358154296875,
      -0.15882615745067596,
      0.17128126323223114,
      -0.0029421530198305845,
      0.7248790264129639,
      0.6888698935508728,
      -0.23356875777244568,
      -0.6703168153762817,
      0.7043585777282715
    ],
    [
      0.8649746775627136,
      0.3929488956928253,
      0.31210553646087646,
      -0.43289053440093994,
      0.8988772034645081,
      0.06801067292690277,
      -0.25381988286972046,
      -0.19393505156040192,
      0.9476099014282227
    ],
    [
      0.7949804067611694,
      -0.206834077835083,
      -0.5702856183052063,
      0.11843328177928925,
      0.9749080538749695,
      -0.18848812580108643,
      0.5949618816375732,
      0.08230358362197876,
      0.7995288372039795
    ],
    [
      0.9633950591087341,
      0.2359340488910675,
      0.1272990107536316,
      -0.21588319540023804,
      0.9642927050590515,
      -0.1534079611301422,
      -0.1589476764202118,
      0.12031076848506927,
      0.9799290299415588
    ],
    [
      0.9476509094238281,
      -0.3012508451938629,
      0.10585722327232361,
      0.30877453088760376,
      0.9490151405334473,
      -0.06347149610519409,
      -0.08133925497531891,
      0.09283483773469925,
      0.9923536777496338
    ],
    [
      0.8991739749908447,
      0.03636487200856209,
      -0.4360777735710144,
      0.05794205889105797,
      0.9778720736503601,
      0.20101961493492126,
      0.4337383508682251,
      -0.2060188353061676,
      0.8771700859069824
    ],
    [
      0.570871114730835,
      0.7576476335525513,
      -0.31634825468063354,
      -0.8084638118743896,
      0.45154640078544617,
      -0.37748125195503235,
      -0.1431518793106079,
      0.4712492525577545,
      0.8703054785728455
    ],
    [
      0.730976402759552,
      -0.6630310416221619,
      0.16144132614135742,
      0.6710973381996155,
      0.7413445115089417,
      0.006058569066226482,
      -0.12370066344738007,
      0.10391417145729065,
      0.9868637323379517
    ],
    [
      -0.304146409034729,
      -0.3552159070968628,
      -0.8839211463928223,
      -0.10920494794845581,
      0.9347630739212036,
      -0.338071346282959,
      0.9463452100753784,
      -0.0062946113757789135,
      -0.3230961561203003
    ],
    [
      0.9611297249794006,
      0.038832277059555054,
      0.27335289120674133,
      -0.03721847012639046,
      0.9992456436157227,
      -0.011089085601270199,
      -0.2735773026943207,
      0.00048428005538880825,
      0.9618499875068665
    ],
    [
      0.9747041463851929,
      -0.1921061873435974,
      0.11422435939311981,
      0.2225474864244461,
      0.7871062159538269,
      -0.5752708315849304,
      0.020606394857168198,
      0.5861390829086304,
      0.8099484443664551
    ],
    [
      0.9857978820800781,
      0.07932321727275848,
      -0.14802150428295135,
      -0.14682944118976593,
      0.8349107503890991,
      -0.5304386019706726,
      0.08150864392518997,
      0.5446391701698303,
      0.8347002267837524
    ],
    [
      0.9371543526649475,
      0.16199636459350586,
      -0.30902910232543945,
      -0.1628769487142563,
      0.9863751530647278,
      0.023131651803851128,
      0.3085658848285675,
      0.02865579165518284,
      0.9507712125778198
    ],
    [
      0.9429301619529724,
      -0.28687846660614014,
      0.16906625032424927,
      0.250555157661438,
      0.9456639885902405,
      0.2072240263223648,
      -0.21932797133922577,
      -0.15303738415241241,
      0.9635739922523499
    ]
  ],
  "root_rot": [
    0.9997273087501526,
    0.01994151435792446,
    -0.012150775641202927,
    0.020992368459701538,
    -0.9953905940055847,
    0.09357808530330658,
    -0.01022867951542139,
    -0.0938076376914978,
    -0.9955377578735352
  ],
  "root_trans": [
    0.3087158203125,
    0.5232439041137695,
    2.5670130252838135
  ]
}