{
  "betas": [
    -0.9955409169197083,
    0.8576642274856567,
    1.3131681680679321,
    0.15576890110969543,
    0.2500401735305786,
    0.02229238674044609,
    0.14044737815856934,
    0.6649768352508545,
    -0.06920942664146423,
    0.880873441696167
  ],
  "joints": [
    [
      0.9416733980178833,
      -0.3286561369895935,
      -0.07236329466104507,
      0.3297783434391022,
      0.944050669670105,
      0.0038057281635701656,
      0.06706385314464569,
      -0.027447599917650223,
      0.9973710775375366
    ],
    [
      0.9557914733886719,
      0.2939990162849426,
      -0.005220024846494198,
      -0.2830279469490051,
      0.9246484041213989,
      0.25479501485824585,
      0.07973617315292358,
      -0.24205349385738373,
      0.9669809937477112
    ],
    [
      0.9996666312217712,
      -0.014867432415485382,
      0.021106252446770668,
      0.017590614035725594,
      0.9906436204910278,
      -0.13533556461334229,
      -0.018896684050559998,
      0.13566173613071442,
      0.9905748963356018
    ],
    [
      0.9804239273071289,
      -0.05069120600819588,
      -0.1902610808610916,
      -0.0005425328272394836,
      0.9655927419662476,
      -0.26005828380584717,
      0.19689738750457764,
      0.25507059693336487,
      0.9466627240180969
    ],
    [
      0.9955737590789795,
      0.057188235223293304,
      0.07458183169364929,
      -0.011823080480098724,
      0.8634654879570007,
      -0.5042691826820374,
      -0.09323711693286896,
      0.5011553764343262,
      0.8603197336196899
    ],
    [
      0.9937295317649841,
      -0.06251125037670135,
      -0.09270360320806503,
      0.0677451491355896,
      0.9962170124053955,
      0.054426927119493484,
      0.08895060420036316,
      -0.060365863144397736,
      0.994205117225647
    ],
    [
      0.9886884689331055,
      0.1499488353729248,
      0.003232554066926241,
      -0.14718948304653168,
      0.9741848707199097,
      -0.17117029428482056,
      -0.02881588786840439,
      0.1687583029270172,
      0.9852362275123596
    ],
    [
      0.9315542578697205,
      -0.35137230157852173,
      -0.09351009130477905,
      0.3595864474773407,
      0.9283952713012695,
      0.0937001034617424,
      0.053890712559223175,
      -0.12091169506311417,
      0.9911993145942688
    ],
    [
      0.9993606805801392,
      0.01005005743354559,
      0.03431139886379242,
      -0.00952862948179245,
      0.9998371005058289,
      -0.015326795168220997,
      -0.03445984795689583,
      0.014990055002272129,
      0.9992936253547668
    ],
    [
      0.9747776389122009,
      -0.1497693806886673,
      0.1654621660709381,
      0.0012380301486700773,
      0.7450069785118103,
      0.6670554876327515,
      -0.22317497432231903,
      -0.6500259041786194,
      0.7264015674591064
    ],
    [
      0.9507022500038147,
      0.28819042444229126,
      0.11450541764497757,
      -0.2507883310317993,
      0.9317071437835693,
      -0.26273003220558167,
      -0.18240179121494293,
      0.22106142342090607,
      0.9580508470535278
    ],
    [
      0.9637190103530884,
      0.2543269097805023,
      0.08101559430360794,
      -0.24765199422836304,
      0.9651972055435181,
      -0.08404121547937393,
      -0.09956995397806168,
      0.06092844158411026,
      0.9931634664535522
    ],
    [
      0.8680028319358826,
      -0.1615023910999298,
      -0.4695615768432617,
      0.3488677740097046,
      0.871268093585968,
      0.3452291488647461,
      0.3533586859703064,
      -0.4634747803211212,
      0.812606155872345
    ],
    [
      0.9112188220024109,
      -0.3244434595108032,
      0.2538042664527893,
      0.3292613923549652,
      0.9439206719398499,
      0.024506008252501488,
      -0.24752195179462433,
      0.06123761832714081,
      0.9669449925422668
    ],
    [
      0.9960981607437134,
      -0.08776853233575821,
      0.009234295226633549,
      0.08738724142313004,
      0.9955325722694397,
      0.0357547327876091,
      -0.012331181205809116,
      -0.03480825945734978,
      0.99931800365448
    ],
    [
      0.7499094605445862,
      0.2868664860725403,
      -0.596107006072998,
      -0.10865170508623123,
      0.9422613382339478,
      0.3167625069618225,
      0.6525570750236511,
      -0.17277519404888153,
      0.7377792000770569
    ],
    [
      0.6576954126358032,
      -0.7010824084281921,
      0.2755362391471863,
      0.7406821846961975,
      0.6685044765472412,
      -0.06702034920454025,
      -0.137210413813591,
      0.24816374480724335,
      0.9589515924453735
    ],
    [
      0.04950234666466713,
      -0.12002920359373093,
      -0.9915354251861572,
      0.5431150197982788,
      0.8363794088363647,
      -0.07413198053836823,
      0.8381978273391724,
      -0.5348480939865112,
      0.10659240186214447
    ],
    [
      0.6358400583267212,
      0.23094022274017334,
      0.7364605069160461,
      0.08533325046300888,
      0.9273014664649963,
      -0.3644587993621826,
      -0.7670891284942627,
      0.2945820689201355,
      0.5699085593223572
    ],
    [
      0.9394330382347107,
      -0.3000650703907013,
      0.16560979187488556,
      0.33826902508735657,
      0.7340388894081116,
      -0.5888642072677612,
      0.055133555084466934,
      0.6092191338539124,
      0.7910830974578857
    ],
    [
      0.9750880599021912,
      0.2195734679698944,
      0.031477127224206924,
      -0.17228227853775024,
      0.8390544056892395,
      -0.5160488486289978,
      -0.13972167670726776,
      0.4977700710296631,
      0.8559805750846863
    ],
    [
      0.9764106273651123,
      0.13660840690135956,
      -0.1672135591506958,
      -0.11218377947807312,
      0.9826465845108032,
      0.1477174311876297,
      0.18449129164218903,
      -0.1254742294549942,
      0.9747918248176575
    ],
    [
      0.9858400225639343,
      -0.041277479380369186,
      0.16252855956554413,
      0.04779157042503357,
      0.9981948137283325,
      -0.036374300718307495,
      -0.16073372960090637,
      0.04362673684954643,
      0.9860331416130066
    ]
  ],
  "root_rot": [
    -0.8910262584686279,
    0.1364128291606903,
    -0.4329708218574524,
    -0.08735537528991699,
    -0.9874802231788635,
    -0.13134612143039703,
    -0.44546744227409363,
    -0.07921051979064941,
    0.8917872309684753
  ],
  "root_trans": [
    -0.3458521366119385,
    0.5668677091598511,
    2.371675491333008
  ]
}