{
  "betas": [
    -0.7005993723869324,
    1.1668086051940918,
    2.0683979988098145,
    0.5512211322784424,
    0.034925997257232666,
    -0.5328671932220459,
    0.4674094319343567,
    0.6652981042861938,
    -0.4217166602611542,
    1.06601083278656
  ],
  "joints": [
    [
      0.9433306455612183,
      -0.16120420396327972,
      -0.2900698482990265,
      0.2627071142196655,
      -0.1713060587644577,
      0.9495468735694885,
      -0.20276165008544922,
      -0.9719400405883789,
      -0.11924876272678375
    ],
    [
      0.9799198508262634,
      0.02159126289188862,
      -0.19821946322917938,
      -0.06784725189208984,
      0.9709047079086304,
      -0.22965355217456818,
      0.1874937117099762,
      0.23849071562290192,
      0.952873706817627
    ],
    [
      0.9566559791564941,
      0.13812778890132904,
      0.25637882947921753,
      -0.012888219207525253,
      0.8995782732963562,
      -0.4365694522857666,
      -0.2909351587295532,
      0.4143424928188324,
      0.8623671531677246
    ],
    [
      0.8471320271492004,
      0.4555351734161377,
      -0.2735966145992279,
      -0.06972924619913101,
      -0.41512906551361084,
      -0.9070864915847778,
      -0.5267876386642456,
      0.7874996066093445,
      -0.31990501284599304
    ],
    [
      0.9988269805908203,
      -0.02539786882698536,
      0.04122629761695862,
      0.038187503814697266,
      0.9366537928581238,
      -0.3481687009334564,
      -0.029772024601697922,
      0.34933462738990784,
      0.9365249872207642
    ],
    [
      0.9940587878227234,
      -0.0982922911643982,
      -0.04675186052918434,
      0.1036878451704979,
      0.9858003854751587,
      0.1320849508047104,
      0.033105067908763885,
      -0.13614779710769653,
      0.9901352524757385
    ],
    [
      0.9706968665122986,
      -0.09552764892578125,
      -0.22050409018993378,
      0.0929955542087555,
      0.9954265356063843,
      -0.02186013199388981,
      0.22158387303352356,
      0.0007136572967283428,
      0.9751410484313965
    ],
    [
      0.9334876537322998,
      -0.19185017049312592,
      -0.30297571420669556,
      0.29843536019325256,
      0.8840556144714355,
      0.35969725251197815,
      0.19883936643600464,
      -0.42619162797927856,
      0.8825098872184753
    ],
    [
      0.9950158596038818,
      -0.019881945103406906,
      0.09771408885717392,
      0.033972159028053284,
      0.9888883233070374,
      -0.14472632110118866,
      -0.09375088661909103,
      0.1473245620727539,
      0.9846349954605103
    ],
    [
      0.8990179300308228,
      -0.32650312781333923,
      0.291826069355011,
      0.09059447050094604,
      0.7906577587127686,
      0.6055188179016113,
      -0.42843830585479736,
      -0.5179344415664673,
      0.7403948903083801
    ],
    [
      0.8357372283935547,
      0.2844626009464264,
      0.4697067439556122,
      -0.17512981593608856,
      0.9487711787223816,
      -0.2629883885383606,
      -0.5204545259475708,
      0.13752952218055725,
      0.8427412509918213
    ],
    [
      0.9791324138641357,
      0.18004043400287628,
      -0.09426118433475494,
      -0.19839216768741608,
      0.9473505020141602,
      -0.25133153796195984,
      0.04404854774475098,
      0.2647875249385834,
      0.9633001685142517
    ],
    [
      0.7906023263931274,
      -0.4920603632926941,
      -0.36445125937461853,
      0.610508382320404,
      0.6793036460876465,
      0.40721750259399414,
      0.047197502106428146,
      -0.5444476008415222,
      0.8374660015106201
    ],
    [
      0.9766666293144226,
      -0.1584986299276352,
      0.14491567015647888,
      0.15057343244552612,
      0.9865131974220276,
      0.06418189406394958,
      -0.15313397347927094,
      -0.04086386039853096,
      0.9873601794242859
    ],
    [
      0.9942972660064697,
      -0.09495411813259125,
      -0.04854564741253853,
      0.10547221451997757,
      0.942875862121582,
      0.31600770354270935,
      0.015766281634569168,
      -0.3193258047103882,
      0.9475139379501343
    ],
    [
      0.9090016484260559,
      0.015670236200094223,
      -0.4164978861808777,
      0.12891536951065063,
      0.9397202730178833,
      0.31671226024627686,
      0.39635446667671204,
      -0.3415849506855011,
      0.8521871566772461
    ],
    [
      0.7559661865234375,
      -0.6540162563323975,
      0.027890056371688843,
      0.6519030332565308,
      0.7482845187187195,
      -0.12285242974758148,
      0.0594777911901474,
      0.11105389147996902,
      0.9920330047607422
    ],
    [
      0.6072918176651001,
      -0.090178482234478,
      -0.789344310760498,
      0.5238235592842102,
      0.7924434542655945,
      0.31247761845588684,
      0.5973319411277771,
      -0.6032422780990601,
      0.5284820199012756
    ],
    [
      0.48902270197868347,
      0.3568888008594513,
      0.7959191203117371,
      -0.17221789062023163,
      0.9340099692344666,
      -0.3129957318305969,
      -0.8551011085510254,
      0.01599051058292389,
      0.5182147026062012
    ],
    [
      0.965007483959198,
      -0.1323559582233429,
      0.22636806964874268,
      0.24262604117393494,
      0.7781329154968262,
      -0.5793458819389343,
      -0.09946458786725998,
      0.6139959096908569,
      0.783017098903656
    ],
    [
      0.9745507836341858,
      0.2170969545841217,
      0.055854152888059616,
      -0.1951521337032318,
      0.9442546367645264,
      -0.26513931155204773,
      -0.11030147224664688,
      0.24749165773391724,
      0.9625910520553589
    ],
    [
      0.9487550854682922,
      0.158280149102211,
      -0.2735164761543274,
      -0.08835757523775101,
      0.9638705849647522,
      0.2512897253036499,
      0.3034086227416992,
      -0.21424512565135956,
      0.9284623861312866
    ],
    [
      0.9471102356910706,
      -0.19149062037467957,
      0.2575143575668335,
      0.17781271040439606,
      0.9811543822288513,
      0.07562164217233658,
      -0.2671421766281128,
      -0.025832703337073326,
      0.9633108377456665
    ]
  ],
  "root_rot": [
    -0.47137707471847534,
    0.3495062589645386,
    -0.8097215890884399,
    -0.12331871688365936,
    -0.9352234601974487,
    -0.33188796043395996,
    -0.8732675313949585,
    -0.05659055337309837,
    0.48394355177879333
  ],
  "root_trans": [
    -0.16011705994606018,
    0.48023927211761475,
    2.495779514312744
  ]
}