{
  "betas": [
    -0.7292786240577698,
    0.9379762411117554,
    1.3670178651809692,
    0.5259572267532349,
    0.27060842514038086,
    0.03333267197012901,
    -0.3313599228858948,
    0.9727929830551147,
    0.0916726365685463,
    1.0097150802612305
  ],
  "joints": [
    [
      0.9980244040489197,
      -0.049017440527677536,
      -0.03930135816335678,
      0.04440266266465187,
      0.9928566813468933,
      -0.11074292659759521,
      0.04444895312190056,
      0.10877905786037445,
      0.9930716753005981
    ],
    [
      0.9955165386199951,
      -0.04137692227959633,
      0.08505754172801971,
      -0.0008148438646458089,
      0.8954602479934692,
      0.4451407194137573,
      -0.09458419680595398,
      -0.4432142376899719,
      0.8914117813110352
    ],
    [
      0.9919476509094238,
      -0.0902768149971962,
      -0.08882554620504379,
      0.07679581642150879,
      0.9864524006843567,
      -0.14496220648288727,
      0.10070890188217163,
      0.13697348535060883,
      0.985442042350769
    ],
    [
      0.9974775910377502,
      0.025037342682480812,
      -0.06641976535320282,
      -0.066655732691288,
      0.6520771980285645,
      -0.7552167177200317,
      0.02440219558775425,
      0.7577390074729919,
      0.6521012783050537
    ],
    [
      0.9996591806411743,
      0.00993293896317482,
      -0.024143710732460022,
      -0.023722723126411438,
      0.7317204475402832,
      -0.6811919808387756,
      0.010900205932557583,
      0.6815325021743774,
      0.7317066788673401
    ],
    [
      0.9894288182258606,
      0.028752796351909637,
      -0.14214037358760834,
      -0.015290276147425175,
      0.9953681230545044,
      0.09491308778524399,
      0.1442110240459442,
      -0.09173637628555298,
      0.9852855205535889
    ],
    [
      0.9894399046897888,
      0.12285313755273819,
      0.07691454142332077,
      -0.1153707280755043,
      0.9887539744377136,
      -0.0951586440205574,
      -0.08774009346961975,
      0.08528006821870804,
      0.992486298084259
    ],
    [
      0.9202151894569397,
      -0.3354158401489258,
      -0.20174306631088257,
      0.37241312861442566,
      0.9089226722717285,
      0.1875315010547638,
      0.12046781182289124,
      -0.24770109355449677,
      0.9613177180290222
    ],
    [
      0.999606728553772,
      0.026353761553764343,
      -0.00958047341555357,
      -0.026522235944867134,
      0.9994878768920898,
      -0.017905063927173615,
      0.009103700518608093,
      0.01815211959183216,
      0.9997937679290771
    ],
    [
      0.9129099249839783,
      -0.40332263708114624,
      -0.06266041845083237,
      0.3196297883987427,
      0.6109493374824524,
      0.7242774367332458,
      -0.25383511185646057,
      -0.6812281608581543,
      0.6866556406021118
    ],
    [
      0.8272399306297302,
      0.3896940052509308,
      0.4047376811504364,
      -0.41100838780403137,
      0.9108816385269165,
      -0.03696862980723381,
      -0.3830746114253998,
      -0.13576865196228027,
      0.913685142993927
    ],
    [
      0.9937618374824524,
      0.055785778909921646,
      -0.09656798094511032,
      -0.03372618183493614,
      0.9756847620010376,
      0.21656803786754608,
      0.10630133002996445,
      -0.21196018159389496,
      0.9714797139167786
    ],
    [
      0.8575875163078308,
      0.1892692744731903,
      -0.478247731924057,
      -0.07616796344518661,
      0.9663130640983582,
      0.24584053456783295,
      0.5086670517921448,
      -0.17440259456634521,
      0.8431142568588257
    ],
    [
      0.8638051152229309,
      -0.12138301879167557,
      0.48898571729660034,
      0.04295556619763374,
      0.9847537279129028,
      0.16856761276721954,
      -0.5019916892051697,
      -0.12460489571094513,
      0.8558493852615356
    ],
    [
      0.9841033220291138,
      0.0008012027246877551,
      0.177594855427742,
      -0.009603048674762249,
      0.9987669587135315,
      0.048707377165555954,
      -0.17733682692050934,
      -0.049638547003269196,
      0.9828975796699524
    ],
    [
      0.37255287170410156,
      0.6235457062721252,
      -0.6873100399971008,
      -0.7684177160263062,
      0.6225365400314331,
      0.1482645869255066,
      0.5203253626823425,
      0.47290486097335815,
      0.7110713124275208
    ],
    [
      0.7049133777618408,
      -0.48537036776542664,
      0.5172163248062134,
      0.49541327357292175,
      0.8587691187858582,
      0.13069526851177216,
      -0.5076050758361816,
      0.16410696506500244,
      0.8458167314529419
    ],
    [
      -0.403586208820343,
      -0.44021397829055786,
      -0.802078366279602,
      -0.13980558514595032,
      0.8960210680961609,
      -0.42142683267593384,
      0.9041971564292908,
      -0.05794702470302582,
      -0.4231661260128021
    ],
    [
      -0.5551655292510986,
      0.414801687002182,
      0.7209235429763794,
      0.016602138057351112,
      0.8721194863319397,
      -0.48901116847991943,
      -0.8315741419792175,
      -0.259513258934021,
      -0.49105727672576904
    ],
    [
      0.8457070589065552,
      -0.4107029139995575,
      0.3407383859157562,
      0.5144861340522766,
      0.7970619797706604,
      -0.3162217438220978,
      -0.14171640574932098,
      0.4427361488342285,
      0.8853818774223328
    ],
    [
      0.8122377395629883,
      0.5501461625099182,
      -0.19393028318881989,
      -0.5657364130020142,
      0.6619104146957397,
      -0.49174875020980835,
      -0.14216925203800201,
      0.5091303586959839,
      0.84886634349823
    ],
    [
      0.8531692624092102,
      0.38504961133003235,
      -0.3519076406955719,
      -0.17566266655921936,
      0.8473019599914551,
      0.5012205243110657,
      0.4911668002605438,
      -0.3658089339733124,
      0.7905308604240417
    ],
    [
      0.9157941341400146,
      -0.33146750926971436,
      0.2268267571926117,
      0.2140377312898636,
      0.8806235790252686,
      0.42271727323532104,
      -0.339866042137146,
      -0.33857253193855286,
      0.8774164319038391
    ]
  ],
  "root_rot": [
    0.5393877625465393,
    -0.0044265612959861755,
    -0.8420459032058716,
    0.09004736691713333,
    -0.993948757648468,
    0.06290657818317413,
    -0.8372290134429932,
    -0.10975505411624908,
    -0.5357251763343811
  ],
  "root_trans": [
    -0.060583777725696564,
    0.5680282711982727,
    2.659069299697876
  ]
}