{
  "betas": [
    -0.8475174307823181,
    1.451591968536377,
    1.555518627166748,
    -0.0006473958492279053,
    -0.04123637080192566,
    -0.24430525302886963,
    -0.08698546886444092,
    0.3802962899208069,
    0.37483757734298706,
    0.6477110385894775
  ],
  "joints": [
    [
      0.9443910717964172,
      -0.2665136456489563,
      0.19260311126708984,
      0.29327917098999023,
      0.9475763440132141,
      -0.12683194875717163,
      -0.1487037092447281,
      0.17626544833183289,
      0.9730455279350281
    ],
    [
      0.9498444199562073,
      0.30976665019989014,
      -0.04289912432432175,
      -0.2375175952911377,
      0.8038339018821716,
      0.5453773140907288,
      0.20342348515987396,
      -0.507834255695343,
      0.8370921611785889
    ],
    [
      0.9957428574562073,
      -0.07002332806587219,
      -0.059940677136182785,
      0.06229141354560852,
      0.9905298352241516,
      -0.12235360592603683,
      0.06794063746929169,
      0.11809894442558289,
      0.9906748533248901
    ],
    [
      0.9906215667724609,
      0.11737096309661865,
      -0.069949671626091,
      -0.13110694289207458,
      0.9606741070747375,
      -0.24477820098400116,
      0.03846898302435875,
      0.2516534626483917,
      0.9670526385307312
    ],
    [
      0.9935853481292725,
      -0.10675268620252609,
      -0.0373079739511013,
      0.08017973601818085,
      0.8976849913597107,
      -0.43328148126602173,
      0.07974476367235184,
      0.4275108277797699,
      0.9004860520362854
    ],
    [
      0.9954643845558167,
      -0.04106493294239044,
      -0.08581668883562088,
      0.02888302132487297,
      0.9899194836616516,
      -0.13865536451339722,
      0.09064546972513199,
      0.13554780185222626,
      0.9866156578063965
    ],
    [
      0.9736040830612183,
      -0.0036553186364471912,
      0.22821398079395294,
      -0.049101684242486954,
      0.9731061458587646,
      0.22506335377693176,
      -0.22289909422397614,
      -0.23032832145690918,
      0.9472406506538391
    ],
    [
      0.8648785948753357,
      -0.39295244216918945,
      -0.3123672604560852,
      0.36586445569992065,
      0.9195042252540588,
      -0.1437189131975174,
      0.343697726726532,
      0.010015344247221947,
      0.9390268325805664
    ],
    [
      0.9997569918632507,
      -0.003013246227055788,
      0.021842779591679573,
      0.0020485129207372665,
      0.999026894569397,
      0.04405694454908371,
      -0.021954281255602837,
      -0.04400148242712021,
      0.9987903237342834
    ],
    [
      0.9672326445579529,
      -0.2532559633255005,
      -0.01795566827058792,
      0.2055434137582779,
      0.7395678758621216,
      0.6409299969673157,
      -0.14903990924358368,
      -0.6236190795898438,
      0.7673892974853516
    ],
    [
      0.7918215990066528,
      0.4562460482120514,
      0.4060271680355072,
      -0.5548051595687866,
      0.8152835369110107,
      0.16584305465221405,
      -0.25536206364631653,
      -0.3565841019153595,
      0.8986867666244507
    ],
    [
      0.8267879486083984,
      -0.1456741988658905,
      -0.5433236956596375,
      0.09775447845458984,
      0.9883975982666016,
      -0.11625076830387115,
      0.5539546012878418,
      0.0430024079978466,
      0.83143550157547
    ],
    [
      0.9568045139312744,
      0.27854642271995544,
      0.0832890048623085,
      -0.2687005400657654,
      0.9566289782524109,
      -0.11252066493034363,
      -0.11101891845464706,
      0.08528047055006027,
      0.9901524782180786
    ],
    [
      0.9504219889640808,
      -0.28831911087036133,
      0.11649127304553986,
      0.29461684823036194,
      0.9547496438026428,
      -0.040670596063137054,
      -0.09949388355016708,
      0.07297451794147491,
      0.9923587441444397
    ],
    [
      0.9590240716934204,
      0.03280944749712944,
      -0.2814185619354248,
      0.02241494320333004,
      0.9813729524612427,
      0.19080038368701935,
      0.2824366092681885,
      -0.1892901360988617,
      0.9404248595237732
    ],
    [
      0.6227008104324341,
      0.7194463610649109,
      -0.3076372444629669,
      -0.7748411893844604,
      0.5122452974319458,
      -0.37044018507003784,
      -0.10892608761787415,
      0.4690433740615845,
      0.8764322400093079
    ],
    [
      0.6789679527282715,
      -0.6662315130233765,
      0.30844470858573914,
      0.6805739402770996,
      0.7287349700927734,
      0.07592365145683289,
      -0.2753571569919586,
      0.15836971998214722,
      0.9482074975967407
    ],
    [
      -0.17039287090301514,
      -0.34219181537628174,
      -0.9240514039993286,
      -0.08768665045499802,
      0.9393103122711182,
      -0.331673264503479,
      0.9814669489860535,
      0.02451219968497753,
      -0.1900574415922165
    ],
    [
      0.9376938939094543,
      0.02236945368349552,
      0.3467417359352112,
      -0.0136313671246171,
      0.9995255470275879,
      -0.027619387954473495,
      -0.3471950590610504,
      0.021171966567635536,
      0.9375539422035217
    ],
    [
      0.9373111128807068,
      -0.333983838558197,
      0.09951235353946686,
      0.33500435948371887,
      0.7848368287086487,
      -0.5213475227355957,
      0.09602067619562149,
      0.5220019221305847,
      0.8475223183631897
    ],
    [
      0.9579256176948547,
      0.20478634536266327,
      -0.20109966397285461,
      -0.2825770974159241,
      0.7956656813621521,
      -0.5357856154441833,
      0.050286486744880676,
      0.5700689554214478,
      0.8200564980506897
    ],
    [
      0.8999071717262268,
      0.17446181178092957,
      -0.3996623754501343,
      -0.2383466362953186,
      0.9642568230628967,
      -0.11575735360383987,
      0.36518189311027527,
      0.19942906498908997,
      0.9093239903450012
    ],
    [
      0.968363881111145,
      -0.20158936083316803,
      0.14708198606967926,
      0.16803152859210968,
      0.9625126123428345,
      0.2129196971654892,
      -0.1844906359910965,
      -0.18146933615207672,
      0.9659358263015747
    ]
  ],
  "root_rot": [
    0.9296825528144836,
    0.0024334529880434275,
    -0.36835363507270813,
    0.025915049016475677,
    -0.9979325532913208,
    0.058813996613025665,
    -0.36744895577430725,
    -0.0642242506146431,
    -0.927823543548584
  ],
  "root_trans": [
    0.2523770034313202,
    0.5308791995048523,
    2.5440762042999268
  ]
}