{
  "betas": [
    -0.8717942833900452,
    0.6977937817573547,
    1.3410972356796265,
    -0.2102213203907013,
    0.11912393569946289,
    -0.11985210329294205,
    -0.06026768684387207,
    0.2088305950164795,
    0.01857827603816986,
    1.02687668800354
  ],
  "joints": [
    [
      0.9488510489463806,
      -0.3068491518497467,
      0.07433260232210159,
      0.28966429829597473,
      0.9397249817848206,
      0.1816907823085785,
      -0.12560386955738068,
      -0.15086598694324493,
      0.9805423021316528
    ],
    [
      0.9383906126022339,
      0.34405991435050964,
      -0.03233920782804489,
      -0.3278234302997589,
      0.9158855676651001,
      0.2317013144493103,
      0.10933813452720642,
      -0.20682479441165924,
      0.9722493290901184
    ],
    [
      0.9982475638389587,
      -0.040890906006097794,
      0.04277556762099266,
      0.046836432069540024,
      0.987761378288269,
      -0.14877407252788544,
      -0.036168552935123444,
      0.1505168080329895,
      0.987945556640625
    ],
    [
      0.9927246570587158,
      0.11460155993700027,
      -0.036935802549123764,
      -0.1198529452085495,
      0.9699036478996277,
      -0.2119484394788742,
      0.011534545570611954,
      0.2148333042860031,
      0.9765825867652893
    ],
    [
      0.9839537739753723,
      0.06026902422308922,
      0.1679362654685974,
      -0.02298697829246521,
      0.9761988520622253,
      -0.21565575897693634,
      -0.1769365519285202,
      0.20833495259284973,
      0.9619199633598328
    ],
    [
      0.9924132227897644,
      -0.0302338358014822,
      -0.1191713958978653,
      0.03564266115427017,
      0.998416543006897,
      0.04351937398314476,
      0.11766694486141205,
      -0.04743678867816925,
      0.9919193983078003
    ],
    [
      0.9875108599662781,
      -0.04544021934270859,
      0.15085621178150177,
      0.05757656320929527,
      0.9953609704971313,
      -0.07708045095205307,
      -0.14665384590625763,
      0.08480355888605118,
      0.9855460524559021
    ],
    [
      0.8736640810966492,
      -0.4144706130027771,
      -0.25480422377586365,
      0.41124582290649414,
      0.9089503884315491,
      -0.0684545561671257,
      0.2599768042564392,
      -0.04498089477419853,
      0.9645665884017944
    ],
    [
      0.9995614290237427,
      -0.00044214038643985987,
      0.02961139567196369,
      0.0009864484891295433,
      0.9998307228088379,
      -0.01836966723203659,
      -0.029598264023661613,
      0.018390819430351257,
      0.9993926882743835
    ],
    [
      0.9914816617965698,
      -0.01366432011127472,
      0.12952741980552673,
      -0.07482513040304184,
      0.7542374134063721,
      0.6523244976997375,
      -0.10660799592733383,
      -0.6564596891403198,
      0.7467901110649109
    ],
    [
      0.9100220203399658,
      0.3630423843860626,
      0.2001504898071289,
      -0.361847847700119,
      0.9312050938606262,
      -0.04385427013039589,
      -0.20230212807655334,
      -0.032515671104192734,
      0.9787832498550415
    ],
    [
      0.8755497336387634,
      0.3052295446395874,
      0.37449631094932556,
      -0.2714124023914337,
      0.9520211815834045,
      -0.14138968288898468,
      -0.39968469738960266,
      0.022150781005620956,
      0.9163849949836731
    ],
    [
      0.9832120537757874,
      -0.016767293214797974,
      -0.18169449269771576,
      0.04241924360394478,
      0.9894909858703613,
      0.13823217153549194,
      0.17746728658676147,
      -0.1436188817024231,
      0.9735907316207886
    ],
    [
      0.9794151782989502,
      -0.1918523907661438,
      0.06275831907987595,
      0.1985716074705124,
      0.971587598323822,
      -0.12878909707069397,
      -0.03626672178506851,
      0.13860000669956207,
      0.9896841049194336
    ],
    [
      0.860514223575592,
      -0.14429952204227448,
      0.48856210708618164,
      0.11484133452177048,
      0.989305317401886,
      0.08992447704076767,
      -0.4963131844997406,
      -0.02127416618168354,
      0.8678828477859497
    ],
    [
      0.9738362431526184,
      0.15831856429576874,
      -0.16302832961082458,
      -0.14994381368160248,
      0.9867150187492371,
      0.06253298372030258,
      0.17076262831687927,
      -0.0364518016576767,
      0.9846377372741699
    ],
    [
      0.6276710033416748,
      -0.7503480911254883,
      0.20738071203231812,
      0.7784250974655151,
      0.6018223762512207,
      -0.17850549519062042,
      0.009134918451309204,
      0.2734730839729309,
      0.9618362784385681
    ],
    [
      0.93021160364151,
      0.0337287075817585,
      -0.3654705882072449,
      0.03887997567653656,
      0.9811098575592041,
      0.18950404226779938,
      0.3649585247039795,
      -0.19048833847045898,
      0.9113283753395081
    ],
    [
      -0.1555928885936737,
      0.36799192428588867,
      0.9167184233665466,
      0.15568378567695618,
      0.9255577921867371,
      -0.3451163172721863,
      -0.9754759669303894,
      0.08902055770158768,
      -0.20130059123039246
    ],
    [
      0.9716352224349976,
      -0.16758881509304047,
      0.16685014963150024,
      0.2363455444574356,
      0.7123553156852722,
      -0.6608259081840515,
      -0.008109541609883308,
      0.6815159916877747,
      0.7317583560943604
    ],
    [
      0.9714816808700562,
      0.22661346197128296,
      0.06978312879800797,
      -0.20047710835933685,
      0.9421539306640625,
      -0.2686167061328888,
      -0.12661860883235931,
      0.24696628749370575,
      0.9607160687446594
    ],
    [
      0.9612613320350647,
      0.19138115644454956,
      -0.1983681172132492,
      -0.15284760296344757,
      0.9689850807189941,
      0.19417935609817505,
      0.22937799990177155,
      -0.15633702278137207,
      0.9607000350952148
    ],
    [
      0.9327769875526428,
      -0.06863316148519516,
      0.3538596034049988,
      0.07800796627998352,
      0.996877133846283,
      -0.012279468588531017,
      -0.3519117534160614,
      0.03905787318944931,
      0.9352179765701294
    ]
  ],
  "root_rot": [
    0.9633960127830505,
    -0.048307545483112335,
    0.2636939287185669,
    -0.06103276088833809,
    -0.9973227977752686,
    0.04027583822607994,
    0.26104235649108887,
    -0.0548955500125885,
    -0.9637651443481445
  ],
  "root_trans": [
    0.27577412128448486,
    0.5112283229827881,
    2.5422072410583496
  ]
}