{
  "betas": [
    -0.8650168776512146,
    0.5788904428482056,
    1.682003140449524,
    -0.08519712090492249,
    0.06593358516693115,
    -0.2438315451145172,
    0.017763793468475342,
    0.0897824764251709,
    -0.08206415176391602,
    0.8058016300201416
  ],
  "joints": [
    [
      0.9562523365020752,
      -0.2823415994644165,
      0.07658132910728455,
      0.2671758830547333,
      0.9495046734809875,
      0.16449300944805145,
      -0.11915753781795502,
      -0.13683614134788513,
      0.9834009408950806
    ],
    [
      0.9355811476707458,
      0.3519296944141388,
      -0.028867756947875023,
      -0.3376641869544983,
      0.91557377576828,
      0.21842052042484283,
      0.10329922288656235,
      -0.19460251927375793,
      0.9754276275634766
    ],
    [
      0.9988417029380798,
      -0.032218411564826965,
      0.03573717176914215,
      0.036067429929971695,
      0.9929529428482056,
      -0.11288764327764511,
      -0.03184827044606209,
      0.11404584348201752,
      0.9929648637771606
    ],
    [
      0.9923943877220154,
      0.1221720352768898,
      -0.015078671276569366,
      -0.12289053201675415,
      0.9761267304420471,
      -0.17909331619739532,
      -0.007161499001085758,
      0.17958423495292664,
      0.9837164878845215
    ],
    [
      0.9860959053039551,
      0.07946568727493286,
      0.1459449976682663,
      -0.034609805792570114,
      0.9572024345397949,
      -0.2873423397541046,
      -0.162532776594162,
      0.27829599380493164,
      0.9466437101364136
    ],
    [
      0.9917243123054504,
      -0.044303856790065765,
      -0.12049975991249084,
      0.047469936311244965,
      0.9985954165458679,
      0.02353077381849289,
      0.11928801238536835,
      -0.02905615232884884,
      0.9924344420433044
    ],
    [
      0.9942625164985657,
      -0.05111033841967583,
      0.09396684914827347,
      0.059115465730428696,
      0.9946699738502502,
      -0.08448042720556259,
      -0.08914818614721298,
      0.08955061435699463,
      0.991984486579895
    ],
    [
      0.8666824102401733,
      -0.39584222435951233,
      -0.3035961091518402,
      0.3897092044353485,
      0.9171608090400696,
      -0.08332392573356628,
      0.31142953038215637,
      -0.04609881341457367,
      0.9491505026817322
    ],
    [
      0.999756932258606,
      0.000435142865171656,
      0.02204359881579876,
      0.0006021595327183604,
      0.9988933801651001,
      -0.04702835530042648,
      -0.022039668634533882,
      0.04703019931912422,
      0.998650312423706
    ],
    [
      0.9761391282081604,
      -0.010804643854498863,
      0.21687722206115723,
      -0.1245480328798294,
      0.7902852296829224,
      0.5999475121498108,
      -0.17787708342075348,
      -0.612643837928772,
      0.7700826525688171
    ],
    [
      0.9096065163612366,
      0.3342888653278351,
      0.24671225249767303,
      -0.35286572575569153,
      0.935055673122406,
      0.03400808572769165,
      -0.21932119131088257,
      -0.11799027025699615,
      0.968491792678833
    ],
    [
      0.8796849250793457,
      0.2984411418437958,
      0.3702528774738312,
      -0.2617926597595215,
      0.9538820385932922,
      -0.14687956869602203,
      -0.39701250195503235,
      0.032278262078762054,
      0.9172453284263611
    ],
    [
      0.9725640416145325,
      -0.11900400370359421,
      -0.19989320635795593,
      0.14588041603565216,
      0.9813016057014465,
      0.12556329369544983,
      0.18121297657489777,
      -0.15127883851528168,
      0.9717389941215515
    ],
    [
      0.9856745600700378,
      -0.1567297875881195,
      0.06230052933096886,
      0.16291306912899017,
      0.9803519248962402,
      -0.11121799051761627,
      -0.04364527389407158,
      0.11977431923151016,
      0.9918412566184998
    ],
    [
      0.8591282963752747,
      -0.14001281559467316,
      0.4922347068786621,
      0.1208326667547226,
      0.9901488423347473,
      0.07074423879384995,
      -0.497290700674057,
      -0.0013003533240407705,
      0.8675830364227295
    ],
    [
      0.9321695566177368,
      0.2845848500728607,
      -0.2237662822008133,
      -0.29527750611305237,
      0.9552915692329407,
      -0.01513719093054533,
      0.2094542384147644,
      0.08018358051776886,
      0.9745252132415771
    ],
    [
      0.580653965473175,
      -0.7789458632469177,
      0.23682111501693726,
      0.8140963315963745,
      0.5588608980178833,
      -0.15786553919315338,
      -0.00938135664910078,
      0.28446048498153687,
      0.958641767501831
    ],
    [
      0.4526263177394867,
      -0.057756345719099045,
      -0.8898277282714844,
      -0.029540644958615303,
      0.9963811635971069,
      -0.07969880104064941,
      0.8912107348442078,
      0.062359895557165146,
      0.449282169342041
    ],
    [
      -0.13969095051288605,
      0.39226314425468445,
      0.9091843366622925,
      0.12915460765361786,
      0.9175609350204468,
      -0.37603333592414856,
      -0.9817360043525696,
      0.06489689648151398,
      -0.17883755266666412
    ],
    [
      0.9851471185684204,
      -0.04975531995296478,
      0.16434606909751892,
      0.1454697549343109,
      0.7503575682640076,
      -0.644827127456665,
      -0.0912347361445427,
      0.6591569185256958,
      0.7464504837989807
    ],
    [
      0.9906132221221924,
      0.1346338391304016,
      0.023646818473935127,
      -0.12100913375616074,
      0.9441803097724915,
      -0.30639904737472534,
      -0.0635785385966301,
      0.30066147446632385,
      0.9516094326972961
    ],
    [
      0.9308002591133118,
      0.25513383746147156,
      -0.2617587745189667,
      -0.16232715547084808,
      0.9301413893699646,
      0.32937347888946533,
      0.32750698924064636,
      -0.26409032940864563,
      0.9071909785270691
    ],
    [
      0.910535991191864,
      -0.15560120344161987,
      0.38303062319755554,
      0.10414836555719376,
      0.9829214215278625,
      0.15171875059604645,
      -0.4000966250896454,
      -0.09825337678194046,
      0.911190927028656
    ]
  ],
  "root_rot": [
    0.9459988474845886,
    -0.06909648329019547,
    0.31672054529190063,
    -0.08452543616294861,
    -0.995798647403717,
    0.03521960973739624,
    0.3129563629627228,
    -0.06008865311741829,
    -0.9478647708892822
  ],
  "root_trans": [
    0.28308308124542236,
    0.5195181965827942,
    2.5653574466705322
  ]
}