{
  "betas": [
    -0.579589307308197,
    0.9845091104507446,
    1.0910205841064453,
    -0.14421960711479187,
    0.26048505306243896,
    0.34848374128341675,
    0.14371228218078613,
    0.3749818801879883,
    -0.06711170077323914,
    0.7018693685531616
  ],
  "joints": [
    [
      0.9840639233589172,
      -0.15821677446365356,
      0.08115159720182419,
      0.17097680270671844,
      0.9672778248786926,
      -0.18745824694633484,
      -0.048837095499038696,
      0.19834594428539276,
      0.9789146184921265
    ],
    [
      0.9356938600540161,
      0.24027666449546814,
      -0.25834888219833374,
      -0.10511167347431183,
      0.8888508081436157,
      0.44597741961479187,
      0.3367915451526642,
      -0.39014285802841187,
      0.8569481372833252
    ],
    [
      0.9998505115509033,
      -0.007872442714869976,
      -0.01539565995335579,
      0.006068109534680843,
      0.9934715628623962,
      -0.11391816288232803,
      0.016191966831684113,
      0.11380770057439804,
      0.9933708310127258
    ],
    [
      0.9983355402946472,
      0.016426680609583855,
      -0.05528447777032852,
      -0.03165094926953316,
      0.9573802351951599,
      -0.2870912253856659,
      0.04821230471134186,
      0.28836315870285034,
      0.9563066363334656
    ],
    [
      0.95510333776474,
      -0.2101386934518814,
      -0.2088523507118225,
      0.08269614726305008,
      0.8660009503364563,
      -0.4931567907333374,
      0.2844976782798767,
      0.45374444127082825,
      0.8444980382919312
    ],
    [
      0.9937363266944885,
      0.02112666144967079,
      -0.1097349151968956,
      0.012591228820383549,
      0.9545461535453796,
      0.2977970242500305,
      0.11103849858045578,
      -0.2973134517669678,
      0.9483011960983276
    ],
    [
      0.969804048538208,
      -0.02071274071931839,
      0.24300435185432434,
      0.004416232462972403,
      0.997715175151825,
      0.06741661578416824,
      -0.24384549260139465,
      -0.06430774182081223,
      0.9676796793937683
    ],
    [
      0.8667097687721252,
      -0.27910974621772766,
      -0.4134150445461273,
      0.2770920991897583,
      0.9585574269294739,
      -0.06623919308185577,
      0.41477006673812866,
      -0.05714389309287071,
      0.9081301689147949
    ],
    [
      0.9979760646820068,
      0.0515708364546299,
      0.03720526024699211,
      -0.04627586528658867,
      0.9902578592300415,
      -0.13133138418197632,
      -0.0436156690120697,
      0.12934386730194092,
      0.9906401038169861
    ],
    [
      0.9732639789581299,
      -0.07080705463886261,
      0.2185034155845642,
      -0.11840494722127914,
      0.6604921221733093,
      0.741438090801239,
      -0.19681882858276367,
      -0.7474867701530457,
      0.634449303150177
    ],
    [
      0.8222557306289673,
      0.4219958484172821,
      0.3818572461605072,
      -0.41393348574638367,
      0.9039239287376404,
      -0.10761332511901855,
      -0.39058226346969604,
      -0.06957782804965973,
      0.9179348349571228
    ],
    [
      0.9825260639190674,
      -0.15827828645706177,
      -0.0979313999414444,
      0.12863563001155853,
      0.957726776599884,
      -0.25731775164604187,
      0.1345193237066269,
      0.24022391438484192,
      0.961351752281189
    ],
    [
      0.5724049806594849,
      -0.30507412552833557,
      -0.7611059546470642,
      0.7154253721237183,
      0.6393486261367798,
      0.28177979588508606,
      0.4006483554840088,
      -0.7058066725730896,
      0.5842241048812866
    ],
    [
      0.6431779861450195,
      0.26836803555488586,
      0.7171475291252136,
      -0.6230507493019104,
      0.7278575301170349,
      0.2864108383655548,
      -0.445117712020874,
      -0.6310324668884277,
      0.6353488564491272
    ],
    [
      0.9845096468925476,
      -0.08690419048070908,
      -0.1522776186466217,
      0.13384415209293365,
      0.9335324764251709,
      0.33257001638412476,
      0.1132543757557869,
      -0.3477998375892639,
      0.930703341960907
    ],
    [
      0.8002611398696899,
      0.201433926820755,
      -0.5648065209388733,
      0.0630720853805542,
      0.908391535282135,
      0.4133361279964447,
      0.5963253378868103,
      -0.3664003312587738,
      0.714245617389679
    ],
    [
      0.8594080805778503,
      -0.03312606364488602,
      0.5102160573005676,
      -0.22335456311702728,
      0.8733232021331787,
      0.43291953206062317,
      -0.45992445945739746,
      -0.48601365089416504,
      0.7431421875953674
    ],
    [
      0.5567488670349121,
      -0.11156648397445679,
      -0.823154628276825,
      0.4535132348537445,
      0.8710484504699707,
      0.18868042528629303,
      0.6959571838378906,
      -0.4783591628074646,
      0.5355521440505981
    ],
    [
      0.4596595764160156,
      0.25697997212409973,
      0.8501024842262268,
      -0.4487389922142029,
      0.8932431936264038,
      -0.027383113279938698,
      -0.7663852572441101,
      -0.3688872456550598,
      0.5259047150611877
    ],
    [
      0.9070453643798828,
      -0.26159390807151794,
      0.32990509271621704,
      0.4185512661933899,
      0.645189106464386,
      -0.6391758918762207,
      -0.04564661532640457,
      0.7178437113761902,
      0.6947062611579895
    ],
    [
      0.8690032362937927,
      0.3563455045223236,
      -0.3432946801185608,
      -0.49388957023620605,
      0.5824571847915649,
      -0.6456134915351868,
      -0.03010702133178711,
      0.7305899262428284,
      0.682152509689331
    ],
    [
      0.9653307199478149,
      0.18684640526771545,
      -0.18227745592594147,
      -0.13118058443069458,
      0.9509706497192383,
      0.28008297085762024,
      0.22567301988601685,
      -0.246461421251297,
      0.942511796951294
    ],
    [
      0.9498186111450195,
      -0.1875857561826706,
      0.2503122091293335,
      0.11853299289941788,
      0.9563930630683899,
      0.2669500410556793,
      -0.2894728481769562,
      -0.22388386726379395,
      0.9306350350379944
    ]
  ],
  "root_rot": [
    -0.9960359930992126,
    -0.031560640782117844,
    0.08316227048635483,
    0.02139423042535782,
    -0.99249267578125,
    -0.12041851878166199,
    0.08633842319250107,
    -0.11816202104091644,
    0.989233672618866
  ],
  "root_trans": [
    -0.409761518239975,
    0.5276485085487366,
    2.4406957626342773
  ]
}