{
  "betas": [
    -0.36258095502853394,
    0.9309300184249878,
    0.9622654914855957,
    0.713803768157959,
    0.30413490533828735,
    -0.23056930303573608,
    -0.36108148097991943,
    0.4999818503856659,
    0.31921401619911194,
    0.5102047920227051
  ],
  "joints": [
    [
      0.9908357858657837,
      -0.10533247888088226,
      -0.08455470204353333,
      0.12466418743133545,
      0.954105019569397,
      0.27229127287864685,
      0.05199294909834862,
      -0.2803368866443634,
      0.9584925770759583
    ],
    [
      0.9957825541496277,
      0.025792475789785385,
      -0.08804407715797424,
      -0.02824655920267105,
      0.9992431402206421,
      -0.026742082089185715,
      0.08728770911693573,
      0.029116244986653328,
      0.9957574605941772
    ],
    [
      0.9955784678459167,
      -0.004893408622592688,
      0.09380606561899185,
      0.014978833496570587,
      0.9941339492797852,
      -0.1071135476231575,
      -0.09273164719343185,
      0.10804504156112671,
      0.9898116588592529
    ],
    [
      0.9984171390533447,
      0.01879310980439186,
      0.053010232746601105,
      -0.010145307518541813,
      0.9872403144836426,
      -0.15891411900520325,
      -0.05532032996416092,
      0.15812477469444275,
      0.9858683347702026
    ],
    [
      0.9995380640029907,
      0.011185902170836926,
      0.02825765870511532,
      -0.0069426922127604485,
      0.9892569184303284,
      -0.14602220058441162,
      -0.029587475582957268,
      0.14575856924057007,
      0.9888775944709778
    ],
    [
      0.9901304841041565,
      -0.02407691814005375,
      -0.13806509971618652,
      0.01731569692492485,
      0.9986008405685425,
      -0.049965016543865204,
      0.13907493650913239,
      0.04708119109272957,
      0.989162027835846
    ],
    [
      0.9921561479568481,
      0.06240668147802353,
      0.10831257700920105,
      -0.05415130406618118,
      0.9955162405967712,
      -0.07755626738071442,
      -0.11266696453094482,
      0.07108265906572342,
      0.9910869598388672
    ],
    [
      0.9753390550613403,
      -0.0828980803489685,
      -0.20455260574817657,
      0.1258896291255951,
      0.9701911807060242,
      0.20707692205905914,
      0.18128886818885803,
      -0.22772124409675598,
      0.9567013382911682
    ],
    [
      0.9990628957748413,
      0.014201182872056961,
      0.04088491573929787,
      -0.013332901522517204,
      0.9996814727783203,
      -0.02143201231956482,
      -0.04117624834179878,
      0.020866815000772476,
      0.9989340305328369
    ],
    [
      0.9662392735481262,
      -0.23858760297298431,
      0.09725052863359451,
      0.1481204479932785,
      0.8232427835464478,
      0.5480251312255859,
      -0.21081282198429108,
      -0.5151185989379883,
      0.8307892084121704
    ],
    [
      0.8909079432487488,
      0.2331150621175766,
      0.38979530334472656,
      -0.2667894959449768,
      0.9631635546684265,
      0.033753421157598495,
      -0.3675682246685028,
      -0.1340644806623459,
      0.9202827215194702
    ],
    [
      0.99017333984375,
      0.1340429037809372,
      0.039865367114543915,
      -0.132833331823349,
      0.9906347393989563,
      -0.031594716012477875,
      -0.04372705891728401,
      0.025988798588514328,
      0.9987054467201233
    ],
    [
      0.9427330493927002,
      0.29522085189819336,
      -0.1552388221025467,
      -0.2711213529109955,
      0.9493370056152344,
      0.15891018509864807,
      0.19428755342960358,
      -0.10772132128477097,
      0.9750120639801025
    ],
    [
      0.9229373931884766,
      -0.3567996621131897,
      0.14450129866600037,
      0.3606090247631073,
      0.9327170252799988,
      -0.000182910735020414,
      -0.1347135603427887,
      0.05227728560566902,
      0.9895045757293701
    ],
    [
      0.9707353115081787,
      -0.14949338138103485,
      0.18794867396354675,
      0.1679707169532776,
      0.9819912910461426,
      -0.08648059517145157,
      -0.1716356873512268,
      0.11551964282989502,
      0.978364109992981
    ],
    [
      0.6202154755592346,
      0.656747579574585,
      -0.42897018790245056,
      -0.6946457028388977,
      0.7138752341270447,
      0.088597871363163,
      0.3644176125526428,
      0.24303250014781952,
      0.8989633321762085
    ],
    [
      0.5847251415252686,
      -0.6924229860305786,
      0.4226663112640381,
      0.779941737651825,
      0.6231464147567749,
      -0.05813247710466385,
      -0.2231307327747345,
      0.36364662647247314,
      0.9044190049171448
    ],
    [
      -0.037427764385938644,
      -0.2521164119243622,
      -0.966972827911377,
      0.48632052540779114,
      0.8407352566719055,
      -0.23802638053894043,
      0.8729785084724426,
      -0.47916755080223083,
      0.09114254266023636
    ],
    [
      -0.20842485129833221,
      0.3355760872364044,
      0.9186663031578064,
      0.11047417670488358,
      0.941361129283905,
      -0.31880202889442444,
      -0.9717789888381958,
      0.035042643547058105,
      -0.23327554762363434
    ],
    [
      0.9530871510505676,
      -0.2055082619190216,
      0.22224126756191254,
      0.2817136347293854,
      0.8708162307739258,
      -0.4028851389884949,
      -0.11073509603738785,
      0.4465930461883545,
      0.8878582119941711
    ],
    [
      0.9955651164054871,
      0.09204768389463425,
      -0.019423218443989754,
      -0.09358736872673035,
      0.9900557398796082,
      -0.10502902418375015,
      0.009562390856444836,
      0.10638100653886795,
      0.9942794442176819
    ],
    [
      0.9438304901123047,
      0.19822172820568085,
      -0.26437100768089294,
      -0.09210025519132614,
      0.9261896014213562,
      0.36563700437545776,
      0.3173348307609558,
      -0.32075077295303345,
      0.8924222588539124
    ],
    [
      0.8474916219711304,
      -0.5258356332778931,
      0.07249057292938232,
      0.18472690880298615,
      0.4202021360397339,
      0.8884291052818298,
      -0.4976283013820648,
      -0.7395452260971069,
      0.45325377583503723
    ]
  ],
  "root_rot": [
    0.23750904202461243,
    -0.09242451190948486,
    0.9669783711433411,
    -0.11824225634336472,
    -0.9908115267753601,
    -0.06565986573696136,
    0.9641619324684143,
    -0.09874290227890015,
    -0.24625517427921295
  ],
  "root_trans": [
    -0.019633673131465912,
    0.5300642251968384,
    2.5932085514068604
  ]
}