{
  "betas": [
    -0.759047269821167,
    0.7443482875823975,
    1.3144418001174927,
    0.22781147062778473,
    -0.013874709606170654,
    0.05796755105257034,
    -0.09107232093811035,
    0.5318211913108826,
    0.04462745785713196,
    0.737602949142456
  ],
  "joints": [
    [
      0.9525353908538818,
      -0.19019973278045654,
      -0.2376980036497116,
      0.2858112156391144,
      0.82758629322052,
      0.48312824964523315,
      0.10482475161552429,
      -0.5281335115432739,
      0.8426664471626282
    ],
    [
      0.9320390820503235,
      0.31193825602531433,
      -0.18438495695590973,
      -0.32146260142326355,
      0.9466317296028137,
      -0.02345643751323223,
      0.16722768545150757,
      0.08113516867160797,
      0.9825742244720459
    ],
    [
      0.9822592735290527,
      0.045840658247470856,
      0.18183836340904236,
      -0.01755259372293949,
      0.9878799915313721,
      -0.15422412753105164,
      -0.18670420348644257,
      0.14829637110233307,
      0.9711589217185974
    ],
    [
      0.9970734715461731,
      0.072787806391716,
      -0.023374110460281372,
      -0.0758502408862114,
      0.9037107229232788,
      -0.421371191740036,
      -0.009547237306833267,
      0.42191100120544434,
      0.9065869450569153
    ],
    [
      0.9958034753799438,
      0.02103395015001297,
      0.08906721323728561,
      0.008797316811978817,
      0.9467214941978455,
      -0.32193318009376526,
      -0.09109337627887726,
      0.32136574387550354,
      0.942563533782959
    ],
    [
      0.9974192380905151,
      0.027142008766531944,
      -0.06646891683340073,
      -0.028509607538580894,
      0.9993990659713745,
      -0.019713541492819786,
      0.06589391827583313,
      0.021557670086622238,
      0.9975936412811279
    ],
    [
      0.9948416352272034,
      0.07599756121635437,
      -0.06718984246253967,
      -0.08170261979103088,
      0.9928792715072632,
      -0.08669121563434601,
      0.06012308970093727,
      0.09173361957073212,
      0.993966817855835
    ],
    [
      0.9219051003456116,
      -0.1316169947385788,
      -0.3643733263015747,
      0.24777944386005402,
      0.9233237504959106,
      0.29339149594306946,
      0.29781925678253174,
      -0.3607633411884308,
      0.88382887840271
    ],
    [
      0.9884509444236755,
      0.05464297533035278,
      0.14134648442268372,
      -0.053426530212163925,
      0.9984948635101318,
      -0.012389612384140491,
      -0.14181075990200043,
      0.004694872070103884,
      0.9898825883865356
    ],
    [
      0.9669213891029358,
      -0.19103845953941345,
      0.1690189242362976,
      0.03421778231859207,
      0.7537829279899597,
      0.6562319993972778,
      -0.2527691423892975,
      -0.6287412643432617,
      0.7353857755661011
    ],
    [
      0.8447919487953186,
      0.2734193205833435,
      0.4599655866622925,
      -0.2784530222415924,
      0.9586697816848755,
      -0.0584477037191391,
      -0.456935852766037,
      -0.07870267331600189,
      0.8860109448432922
    ],
    [
      0.9470662474632263,
      -0.12558475136756897,
      -0.2954556345939636,
      0.08275341242551804,
      0.9847095608711243,
      -0.15329387784004211,
      0.3101893365383148,
      0.1207294911146164,
      0.9429777264595032
    ],
    [
      0.973162829875946,
      0.18266244232654572,
      -0.13995908200740814,
      -0.17818979918956757,
      0.9830138683319092,
      0.043955910950899124,
      0.14561082422733307,
      -0.017836974933743477,
      0.9891811609268188
    ],
    [
      0.8616817593574524,
      -0.23568451404571533,
      0.44939664006233215,
      0.21293114125728607,
      0.9717938899993896,
      0.10137557238340378,
      -0.46061351895332336,
      0.008337065577507019,
      0.8875616192817688
    ],
    [
      0.9328375458717346,
      -0.2035391926765442,
      -0.29729777574539185,
      0.20606380701065063,
      0.9782639741897583,
      -0.023178763687610626,
      0.2955535054206848,
      -0.03964029625058174,
      0.9545034170150757
    ],
    [
      0.6181430220603943,
      0.7230132222175598,
      -0.3084658086299896,
      -0.7834567427635193,
      0.5347283482551575,
      -0.3166404366493225,
      -0.06398981064558029,
      0.4373987019062042,
      0.8969881534576416
    ],
    [
      0.42670783400535583,
      -0.6845441460609436,
      0.5910327434539795,
      0.7760347723960876,
      0.6127372980117798,
      0.14940893650054932,
      -0.46442481875419617,
      0.39490801095962524,
      0.792689859867096
    ],
    [
      0.16119351983070374,
      -0.24068185687065125,
      -0.9571254253387451,
      -0.2897356450557709,
      0.9155336618423462,
      -0.27901867032051086,
      0.9434351921081543,
      0.3222893178462982,
      0.07784397900104523
    ],
    [
      -0.039066702127456665,
      0.3694027066230774,
      0.9284478425979614,
      0.5140966176986694,
      0.8041796684265137,
      -0.29832813143730164,
      -0.8568421602249146,
      0.46565720438957214,
      -0.2213253378868103
    ],
    [
      0.9226529598236084,
      -0.38329511880874634,
      0.04238379746675491,
      0.369631290435791,
      0.8476836681365967,
      -0.3805326521396637,
      0.10992824286222458,
      0.36676594614982605,
      0.9237957000732422
    ],
    [
      0.9528043270111084,
      0.30308330059051514,
      0.017449844628572464,
      -0.29435184597969055,
      0.9363662004470825,
      -0.19124697148799896,
      -0.07430320233106613,
      0.1770845353603363,
      0.9813868999481201
    ],
    [
      0.5816976428031921,
      0.609192967414856,
      -0.538991391658783,
      -0.1851099580526352,
      0.7443932294845581,
      0.6415707468986511,
      0.792061984539032,
      -0.2734275162220001,
      0.5457794666290283
    ],
    [
      0.8367728590965271,
      -0.4655733108520508,
      0.288188636302948,
      0.12089022248983383,
      0.6704221367835999,
      0.7320653796195984,
      -0.5340380668640137,
      -0.5777332782745361,
      0.617274284362793
    ]
  ],
  "root_rot": [
    0.48691681027412415,
    -0.05112366005778313,
    0.8719508647918701,
    -0.03742940351366997,
    -0.9985898733139038,
    -0.03764725849032402,
    0.8726459741592407,
    -0.014305518940091133,
    -0.4881437122821808
  ],
  "root_trans": [
    0.27019646763801575,
    0.5289021730422974,
    2.630678415298462
  ]
}