{
  "betas": [
    -0.8990289568901062,
    0.6209096312522888,
    1.724457859992981,
    -0.12628307938575745,
    0.011613011360168457,
    -0.1589285135269165,
    0.068834587931633,
    0.018601804971694946,
    -0.05882510542869568,
    0.7412382364273071
  ],
  "joints": [
    [
      0.9615065455436707,
      -0.26312488317489624,
      0.07918675243854523,
      0.25056061148643494,
      0.9578598141670227,
      0.1404419094324112,
      -0.11280357837677002,
      -0.11519473046064377,
      0.9869171977043152
    ],
    [
      0.9357025623321533,
      0.3519132435321808,
      -0.024854689836502075,
      -0.33845213055610657,
      0.915324866771698,
      0.21824410557746887,
      0.09955310821533203,
      -0.19579945504665375,
      0.9755775928497314
    ],
    [
      0.9985285401344299,
      -0.044877808541059494,
      0.030442018061876297,
      0.04804858937859535,
      0.9924336671829224,
      -0.11298971623182297,
      -0.025140954181551933,
      0.1142861545085907,
      0.9931296706199646
    ],
    [
      0.994763970375061,
      0.10127074271440506,
      -0.013747218064963818,
      -0.10218220204114914,
      0.9830750226974487,
      -0.15205995738506317,
      -0.0018846796592697501,
      0.15266846120357513,
      0.9882757067680359
    ],
    [
      0.9856591820716858,
      0.0887933000922203,
      0.1434982419013977,
      -0.03992320969700813,
      0.9489298462867737,
      -0.312950998544693,
      -0.16395771503448486,
      0.3027341067790985,
      0.9388663172721863
    ],
    [
      0.9918898344039917,
      -0.04317183792591095,
      -0.11954405903816223,
      0.0466681532561779,
      0.9985561370849609,
      0.02660244144499302,
      0.11822298169136047,
      -0.03196559101343155,
      0.9924724102020264
    ],
    [
      0.9930813312530518,
      -0.05245962366461754,
      0.10505945980548859,
      0.05968930944800377,
      0.9959729909896851,
      -0.06689534336328506,
      -0.10112708061933517,
      0.07270344346761703,
      0.9922134876251221
    ],
    [
      0.8696073293685913,
      -0.39299461245536804,
      -0.2988951802253723,
      0.3960435688495636,
      0.916698157787323,
      -0.05304567888379097,
      0.2948433756828308,
      -0.07224660366773605,
      0.9528104066848755
    ],
    [
      0.999628484249115,
      0.0013853595592081547,
      0.02721954509615898,
      -0.0003137489256914705,
      0.9992260932922363,
      -0.03933393955230713,
      -0.02725297026336193,
      0.03931078687310219,
      0.9988552927970886
    ],
    [
      0.9768707752227783,
      0.00407404126599431,
      0.21379166841506958,
      -0.13548064231872559,
      0.7853217720985413,
      0.6040818095207214,
      -0.16543416678905487,
      -0.6190745234489441,
      0.7677098512649536
    ],
    [
      0.9050098061561584,
      0.3437556326389313,
      0.2505781054496765,
      -0.3686412274837494,
      0.9277145266532898,
      0.05873147025704384,
      -0.2122756987810135,
      -0.1455259770154953,
      0.9663132429122925
    ],
    [
      0.8732469081878662,
      0.308312326669693,
      0.3773370683193207,
      -0.27813297510147095,
      0.9512135982513428,
      -0.13354668021202087,
      -0.4001022279262543,
      0.011669364757835865,
      0.9163961410522461
    ],
    [
      0.962151288986206,
      -0.13830846548080444,
      -0.2348099797964096,
      0.17042067646980286,
      0.9777397513389587,
      0.1224002093076706,
      0.21265405416488647,
      -0.15778398513793945,
      0.9643042087554932
    ],
    [
      0.9888434410095215,
      -0.123588927090168,
      0.0831531286239624,
      0.13221463561058044,
      0.985344409942627,
      -0.10777624696493149,
      -0.06861452013254166,
      0.11756789684295654,
      0.990691602230072
    ],
    [
      0.847426176071167,
      -0.1386680155992508,
      0.512484073638916,
      0.122840516269207,
      0.9903064966201782,
      0.06483237445354462,
      -0.5165064930915833,
      0.008013149723410606,
      0.8562456965446472
    ],
    [
      0.9094333052635193,
      0.3225376605987549,
      -0.2624891996383667,
      -0.3373863995075226,
      0.9412858486175537,
      -0.012306148186326027,
      0.24310816824436188,
      0.09975188970565796,
      0.9648565053939819
    ],
    [
      0.5788933634757996,
      -0.7787871956825256,
      0.2416052520275116,
      0.8151990175247192,
      0.5593911409378052,
      -0.15010696649551392,
      -0.018250470981001854,
      0.2838522791862488,
      0.958694338798523
    ],
    [
      0.33936676383018494,
      -0.10906489193439484,
      -0.9343099594116211,
      -0.052823878824710846,
      0.9894785284996033,
      -0.13469195365905762,
      0.9391697645187378,
      0.09506385028362274,
      0.33003488183021545
    ],
    [
      -0.16430817544460297,
      0.3900037705898285,
      0.9060353636741638,
      0.13492779433727264,
      0.9187713861465454,
      -0.37101712822914124,
      -0.9771373867988586,
      0.06128819286823273,
      -0.2035840004682541
    ],
    [
      0.9884433746337891,
      -0.013138862326741219,
      0.151020348072052,
      0.10659117996692657,
      0.7686052322387695,
      -0.6307806372642517,
      -0.10778728872537613,
      0.6395883560180664,
      0.7611232399940491
    ],
    [
      0.9968313574790955,
      0.07845095545053482,
      0.013143208809196949,
      -0.07070954889059067,
      0.949618399143219,
      -0.3053276538848877,
      -0.03643428161740303,
      0.30343079566955566,
      0.9521566033363342
    ],
    [
      0.9385429620742798,
      0.23346781730651855,
      -0.2542242109775543,
      -0.14809152483940125,
      0.9376712441444397,
      0.3143909275531769,
      0.31177884340286255,
      -0.25742092728614807,
      0.9146193265914917
    ],
    [
      0.9137547016143799,
      -0.1511961817741394,
      0.37708380818367004,
      0.10035175085067749,
      0.9834062457084656,
      0.15113456547260284,
      -0.3936775326728821,
      -0.10025888681411743,
      0.9137648940086365
    ]
  ],
  "root_rot": [
    0.9502909183502197,
    -0.07314859330654144,
    0.30264878273010254,
    -0.08997637033462524,
    -0.9950571656227112,
    0.04201802611351013,
    0.2980792820453644,
    -0.06716059893369675,
    -0.9521754384040833
  ],
  "root_trans": [
    0.28426408767700195,
    0.5189172625541687,
    2.5431971549987793
  ]
}