{
  "betas": [
    -0.9056150317192078,
    0.926672101020813,
    1.1437695026397705,
    0.5043131709098816,
    0.0919177234172821,
    -0.1945265531539917,
    -0.29651957750320435,
    0.8540579676628113,
    0.09411703050136566,
    1.0020670890808105
  ],
  "joints": [
    [
      0.9953102469444275,
      -0.042036522179841995,
      0.08712378889322281,
      0.06483383476734161,
      0.9583055973052979,
      -0.2782931327819824,
      -0.07179272919893265,
      0.28263652324676514,
      0.9565367698669434
    ],
    [
      0.9940791726112366,
      0.06839732825756073,
      0.08443038165569305,
      -0.10227140039205551,
      0.8514397144317627,
      0.5143840909004211,
      -0.03670487552881241,
      -0.5199732780456543,
      0.8533935546875
    ],
    [
      0.9895086884498596,
      -0.056073520332574844,
      -0.13314786553382874,
      0.03827124089002609,
      0.9904192686080933,
      -0.1326839029788971,
      0.1393122673034668,
      0.12619613111019135,
      0.9821744561195374
    ],
    [
      0.999875009059906,
      0.010556443594396114,
      -0.011767889373004436,
      -0.010576830245554447,
      0.9999427199363708,
      -0.001672473270446062,
      0.011749559082090855,
      0.0017967313760891557,
      0.9999293684959412
    ],
    [
      0.9986910223960876,
      0.040540192276239395,
      0.03118947707116604,
      -0.03135903552174568,
      0.9670096039772034,
      -0.25280216336250305,
      -0.04040917381644249,
      0.2514931559562683,
      0.9670150876045227
    ],
    [
      0.9868142604827881,
      -0.025725487619638443,
      -0.15979917347431183,
      0.022687001153826714,
      0.9995260238647461,
      -0.020810097455978394,
      0.16025878489017487,
      0.016910336911678314,
      0.9869301915168762
    ],
    [
      0.9937585592269897,
      -0.07695923745632172,
      0.08075428754091263,
      0.060214392840862274,
      0.9794603586196899,
      0.19243574142456055,
      -0.09390535205602646,
      -0.1863720864057541,
      0.9779811501502991
    ],
    [
      0.8893686532974243,
      -0.4565460979938507,
      -0.024270545691251755,
      0.4390591084957123,
      0.8676949739456177,
      -0.2330935001373291,
      0.12747734785079956,
      0.19664984941482544,
      0.9721514582633972
    ],
    [
      0.9986648559570312,
      0.011766343377530575,
      -0.050298526883125305,
      -0.012017267756164074,
      0.9999167919158936,
      -0.004689143504947424,
      0.05023916810750961,
      0.005287334322929382,
      0.9987231492996216
    ],
    [
      0.9240813255310059,
      -0.3401651382446289,
      0.17424525320529938,
      0.21078631281852722,
      0.8338979482650757,
      0.5100817084312439,
      -0.318814754486084,
      -0.4346284568309784,
      0.8422916531562805
    ],
    [
      0.8962243795394897,
      0.38528725504875183,
      0.21985377371311188,
      -0.3906801640987396,
      0.9203044772148132,
      -0.020215796306729317,
      -0.2101213037967682,
      -0.06777461618185043,
      0.9753233790397644
    ],
    [
      0.9749532341957092,
      0.0030528316274285316,
      -0.22238899767398834,
      0.013403758406639099,
      0.9972818493843079,
      0.07245220988988876,
      0.2220056802034378,
      -0.07361835986375809,
      0.9722622632980347
    ],
    [
      0.8453046679496765,
      0.25824517011642456,
      -0.467727929353714,
      -0.15411299467086792,
      0.9560717940330505,
      0.24935106933116913,
      0.5115751624107361,
      -0.1386946737766266,
      0.8479709029197693
    ],
    [
      0.891335129737854,
      -0.259444922208786,
      0.371766060590744,
      0.2342456877231598,
      0.9656703472137451,
      0.1122932881116867,
      -0.3881373703479767,
      -0.013006350956857204,
      0.9215097427368164
    ],
    [
      0.9992272853851318,
      0.03376169875264168,
      0.020125722512602806,
      -0.03434072062373161,
      0.9989848136901855,
      0.029154574498534203,
      -0.01912098377943039,
      -0.029823176562786102,
      0.9993723034858704
    ],
    [
      0.3556305170059204,
      0.5859818458557129,
      -0.7281154990196228,
      -0.7462812662124634,
      0.6470372676849365,
      0.15622751414775848,
      0.5626643300056458,
      0.48781970143318176,
      0.6674134731292725
    ],
    [
      0.6692406535148621,
      -0.5977403521537781,
      0.44138792157173157,
      0.6391332149505615,
      0.7660532593727112,
      0.06834574043750763,
      -0.3789796829223633,
      0.23636594414710999,
      0.8947097063064575
    ],
    [
      -0.31796011328697205,
      -0.42354249954223633,
      -0.8482412099838257,
      -0.06888801604509354,
      0.9026266932487488,
      -0.42487579584121704,
      0.9455981850624084,
      -0.0766599029302597,
      -0.31617629528045654
    ],
    [
      -0.557632565498352,
      0.4094654619693756,
      0.7220692038536072,
      -0.02784355729818344,
      0.8601546883583069,
      -0.5092726349830627,
      -0.8296207785606384,
      -0.3040919899940491,
      -0.46824929118156433
    ],
    [
      0.7927843332290649,
      -0.454789936542511,
      0.40578213334083557,
      0.5917805433273315,
      0.7337231636047363,
      -0.33383554220199585,
      -0.14590667188167572,
      0.5047935843467712,
      0.8508200645446777
    ],
    [
      0.7507039904594421,
      0.6035740971565247,
      -0.26859238743782043,
      -0.6556930541992188,
      0.6310704350471497,
      -0.41450780630111694,
      -0.08068544417619705,
      0.4872868061065674,
      0.8695064187049866
    ],
    [
      0.8802444934844971,
      0.2925446927547455,
      -0.37361371517181396,
      -0.16453461349010468,
      0.9266712069511414,
      0.33794814348220825,
      0.4450819790363312,
      -0.23600462079048157,
      0.8638309836387634
    ],
    [
      0.91655433177948,
      -0.3196069598197937,
      0.24037379026412964,
      0.20259103178977966,
      0.8893156051635742,
      0.4099690318107605,
      -0.34479713439941406,
      -0.3270612955093384,
      0.8798555731773376
    ]
  ],
  "root_rot": [
    0.6616280674934387,
    0.0026263182517141104,
    -0.7498274445533752,
    0.060608331114053726,
    -0.9969091415405273,
    0.04998745024204254,
    -0.7473785877227783,
    -0.07851889729499817,
    -0.6597422361373901
  ],
  "root_trans": [
    0.16198554635047913,
    0.5050260424613953,
    2.7234833240509033
  ]
}