{
  "betas": [
    -0.7419323921203613,
    0.9432381391525269,
    1.7691024541854858,
    0.6596283316612244,
    0.32147216796875,
    -0.07669579237699509,
    -0.30595457553863525,
    0.648608922958374,
    0.14571863412857056,
    1.0230767726898193
  ],
  "joints": [
    [
      0.9839056134223938,
      -0.1783251166343689,
      -0.011397412046790123,
      0.17655996978282928,
      0.9800198078155518,
      -0.0915839672088623,
      0.027501413598656654,
      0.08809764683246613,
      0.9957320690155029
    ],
    [
      0.9915816187858582,
      0.11735372245311737,
      0.054718323051929474,
      -0.12870436906814575,
      0.8469924330711365,
      0.5157896280288696,
      0.014183834195137024,
      -0.5184899568557739,
      0.8549660444259644
    ],
    [
      0.9979918003082275,
      -0.054397158324718475,
      -0.032454825937747955,
      0.0509372279047966,
      0.993753969669342,
      -0.09929018467664719,
      0.03765321150422096,
      0.09743763506412506,
      0.994529128074646
    ],
    [
      0.9961446523666382,
      0.010797613300383091,
      -0.0870586633682251,
      -0.035249847918748856,
      0.9580230116844177,
      -0.28451603651046753,
      0.08033210784196854,
      0.2864879369735718,
      0.9547101259231567
    ],
    [
      0.9997904896736145,
      -0.014337359927594662,
      0.01460848469287157,
      0.019894100725650787,
      0.8485647439956665,
      -0.5287174582481384,
      -0.004815836437046528,
      0.5288972854614258,
      0.8486722111701965
    ],
    [
      0.9955604672431946,
      0.02904731221497059,
      -0.08952993899583817,
      -0.03355826810002327,
      0.9982201457023621,
      -0.04929819330573082,
      0.08793861418962479,
      0.05208380147814751,
      0.9947633147239685
    ],
    [
      0.9958592057228088,
      0.052801672369241714,
      0.07400387525558472,
      -0.07109161466360092,
      0.9596861004829407,
      0.2719346880912781,
      -0.056661900132894516,
      -0.276069700717926,
      0.9594659805297852
    ],
    [
      0.8989075422286987,
      -0.4080655872821808,
      -0.1595236361026764,
      0.39012670516967773,
      0.9111807346343994,
      -0.13247965276241302,
      0.19941523671150208,
      0.056852519512176514,
      0.9782645106315613
    ],
    [
      0.998801052570343,
      0.04559813067317009,
      0.01781199872493744,
      -0.04519738629460335,
      0.998729407787323,
      -0.022287936881184578,
      -0.01880565471947193,
      0.02145615965127945,
      0.9995929002761841
    ],
    [
      0.9293109178543091,
      -0.3645148277282715,
      0.05924702435731888,
      0.2583763301372528,
      0.7563896775245667,
      0.6009296178817749,
      -0.2638615667819977,
      -0.5431423783302307,
      0.7971031665802002
    ],
    [
      0.8614722490310669,
      0.2888425290584564,
      0.4176548421382904,
      -0.400458961725235,
      0.8921610116958618,
      0.209000825881958,
      -0.31224706768989563,
      -0.34730201959609985,
      0.88424152135849
    ],
    [
      0.9359031319618225,
      -0.106370709836483,
      -0.33581337332725525,
      0.0781184732913971,
      0.9922541379928589,
      -0.09658776968717575,
      0.34348633885383606,
      0.06416356563568115,
      0.9369632601737976
    ],
    [
      0.974580705165863,
      0.22153306007385254,
      0.033400844782590866,
      -0.22185185551643372,
      0.9750611782073975,
      0.0061147017404437065,
      -0.03121326118707657,
      -0.013369309715926647,
      0.9994233250617981
    ],
    [
      0.9224849343299866,
      0.002787143923342228,
      0.38602304458618164,
      -0.07074663043022156,
      0.9842584133148193,
      0.1619577705860138,
      -0.3794950246810913,
      -0.17671343684196472,
      0.9081607460975647
    ],
    [
      0.9999770522117615,
      -0.005635703913867474,
      -0.0037600575014948845,
      0.005747556686401367,
      0.9995203018188477,
      0.03043191134929657,
      0.0035867488477379084,
      -0.030452823266386986,
      0.9995297789573669
    ],
    [
      0.6447325944900513,
      0.7330820560455322,
      -0.2165883183479309,
      -0.7436594367027283,
      0.5359598994255066,
      -0.3996467888355255,
      -0.1768912672996521,
      0.41873326897621155,
      0.8907142281532288
    ],
    [
      0.854395866394043,
      -0.17901748418807983,
      0.4878119230270386,
      0.08258501440286636,
      0.9736307263374329,
      0.21265701949596405,
      -0.5130179524421692,
      -0.1414073258638382,
      0.846650242805481
    ],
    [
      -0.3967341184616089,
      -0.2868979275226593,
      -0.8719469308853149,
      -0.08438419550657272,
      0.9572787880897522,
      -0.2765801250934601,
      0.9140466451644897,
      -0.036150217056274414,
      -0.4039947986602783
    ],
    [
      -0.626541793346405,
      0.05652680620551109,
      0.7773351669311523,
      -0.17933408915996552,
      0.9601490497589111,
      -0.21436625719070435,
      -0.7584751844406128,
      -0.2737121284008026,
      -0.5914363265037537
    ],
    [
      0.9856045246124268,
      -0.1516249179840088,
      0.07479061931371689,
      0.16813144087791443,
      0.9255101084709167,
      -0.33935657143592834,
      -0.017764553427696228,
      0.34704601764678955,
      0.9376798868179321
    ],
    [
      0.9659864902496338,
      0.25123313069343567,
      0.06125405430793762,
      -0.2080494612455368,
      0.8957392573356628,
      -0.39289525151252747,
      -0.15357595682144165,
      0.3667876124382019,
      0.917540967464447
    ],
    [
      0.82145094871521,
      0.44075101613998413,
      -0.3618796765804291,
      -0.22319450974464417,
      0.8324218988418579,
      0.5072060227394104,
      0.5247882008552551,
      -0.3358752727508545,
      0.7821669578552246
    ],
    [
      0.9299582839012146,
      -0.2813050150871277,
      0.2367384284734726,
      0.15738189220428467,
      0.8864954710006714,
      0.4351513385772705,
      -0.3322778344154358,
      -0.367414265871048,
      0.8686761260032654
    ]
  ],
  "root_rot": [
    0.7193810939788818,
    0.11817857623100281,
    -0.6844885945320129,
    0.12150415033102036,
    -0.9916368126869202,
    -0.043510496616363525,
    -0.6839061379432678,
    -0.05186757817864418,
    -0.7277239561080933
  ],
  "root_trans": [
    -0.5743727684020996,
    0.5256486535072327,
    2.4311652183532715
  ]
}