{
  "betas": [
    -0.6544139385223389,
    0.7611456513404846,
    1.18947172164917,
    0.19978231191635132,
    0.11117631196975708,
    0.05166033282876015,
    -0.10362792015075684,
    0.4922562539577484,
    0.09072184562683105,
    0.8029316663742065
  ],
  "joints": [
    [
      0.9503956437110901,
      -0.2336365431547165,
      -0.20533406734466553,
      0.3011084496974945,
      0.8565899729728699,
      0.41903141140937805,
      0.07798603922128677,
      -0.46007344126701355,
      0.884449303150177
    ],
    [
      0.9299847483634949,
      0.31522688269615173,
      -0.18910419940948486,
      -0.3217129111289978,
      0.9468295574188232,
      -0.003817732213065028,
      0.17784598469734192,
      0.06438768655061722,
      0.9819496273994446
    ],
    [
      0.9868152737617493,
      0.03747657686471939,
      0.15745197236537933,
      -0.014657548628747463,
      0.9895185828208923,
      -0.1436595320701599,
      -0.16118553280830383,
      0.139457568526268,
      0.977021336555481
    ],
    [
      0.9975979328155518,
      0.05938263237476349,
      -0.03566483408212662,
      -0.06861387193202972,
      0.9177895188331604,
      -0.3910940885543823,
      0.009508611634373665,
      0.39260178804397583,
      0.9196593761444092
    ],
    [
      0.9952526092529297,
      0.02266576513648033,
      0.09464956074953079,
      0.007754930295050144,
      0.950943648815155,
      -0.30926692485809326,
      -0.09701617062091827,
      0.30853271484375,
      0.9462533593177795
    ],
    [
      0.9975001215934753,
      0.023199638351798058,
      -0.06674746423959732,
      -0.02632964216172695,
      0.998575747013092,
      -0.04640203341841698,
      0.06557589024305344,
      0.048043474555015564,
      0.9966902732849121
    ],
    [
      0.9950905442237854,
      0.08803203701972961,
      -0.045223865658044815,
      -0.09026864171028137,
      0.994658887386322,
      -0.050053730607032776,
      0.04057598486542702,
      0.05389029160141945,
      0.9977222084999084
    ],
    [
      0.9299466013908386,
      -0.15259329974651337,
      -0.33453649282455444,
      0.24977020919322968,
      0.929848849773407,
      0.27017754316329956,
      0.26984110474586487,
      -0.3348079025745392,
      0.9028230309486389
    ],
    [
      0.9911355972290039,
      0.0377516895532608,
      0.1273781806230545,
      -0.037094905972480774,
      0.9992833733558655,
      -0.007525291759520769,
      -0.1275710016489029,
      0.0027335016056895256,
      0.9918256998062134
    ],
    [
      0.9709757566452026,
      -0.19405078887939453,
      0.13982294499874115,
      0.057106759399175644,
      0.7557810544967651,
      0.6523295044898987,
      -0.2322605848312378,
      -0.6254112720489502,
      0.7449266910552979
    ],
    [
      0.865368127822876,
      0.2767975330352783,
      0.41775742173194885,
      -0.28096339106559753,
      0.9582584500312805,
      -0.05291794240474701,
      -0.4149671494960785,
      -0.07158102840185165,
      0.9070162773132324
    ],
    [
      0.9188857674598694,
      -0.14838379621505737,
      -0.36555588245391846,
      0.08962850272655487,
      0.9808619618415833,
      -0.1728481501340866,
      0.38420775532722473,
      0.1260634809732437,
      0.9145995378494263
    ],
    [
      0.9532036185264587,
      0.27815431356430054,
      -0.1184612438082695,
      -0.27849891781806946,
      0.9603348970413208,
      0.013971889391541481,
      0.11764881014823914,
      0.019673272967338562,
      0.9928603768348694
    ],
    [
      0.8509310483932495,
      -0.25561416149139404,
      0.45888751745224,
      0.23895926773548126,
      0.9663538932800293,
      0.09517762064933777,
      -0.4677763879299164,
      0.02866583690047264,
      0.8833819031715393
    ],
    [
      0.9112449884414673,
      -0.15931300818920135,
      -0.3798050582408905,
      0.1810515820980072,
      0.9832283854484558,
      0.021962031722068787,
      0.3699362576007843,
      -0.0887771025300026,
      0.9248058199882507
    ],
    [
      0.5987679362297058,
      0.7694552540779114,
      -0.22229602932929993,
      -0.7950339317321777,
      0.5374192595481873,
      -0.2812500298023224,
      -0.09694316983222961,
      0.3451364040374756,
      0.9335324764251709
    ],
    [
      0.4463804066181183,
      -0.66297847032547,
      0.6010026931762695,
      0.7526038885116577,
      0.6414760947227478,
      0.1486470252275467,
      -0.484078586101532,
      0.3859637677669525,
      0.7853025197982788
    ],
    [
      0.5645262598991394,
      -0.21301151812076569,
      -0.7974561452865601,
      -0.06730549782514572,
      0.9510307908058167,
      -0.3016795814037323,
      0.8226664662361145,
      0.22397921979427338,
      0.5225449800491333
    ],
    [
      -0.15161605179309845,
      0.37609246373176575,
      0.9140936136245728,
      0.3558958172798157,
      0.88353031873703,
      -0.304487019777298,
      -0.9221447110176086,
      0.2791569232940674,
      -0.26780712604522705
    ],
    [
      0.9041891694068909,
      -0.40020644664764404,
      0.14925380051136017,
      0.42173540592193604,
      0.7811142802238464,
      -0.460434228181839,
      0.06768448650836945,
      0.4792652428150177,
      0.875056266784668
    ],
    [
      0.9432651400566101,
      0.3319181203842163,
      -0.009017352014780045,
      -0.325388640165329,
      0.9186184406280518,
      -0.22419282793998718,
      -0.0661301538348198,
      0.21440739929676056,
      0.9745031595230103
    ],
    [
      0.8001042008399963,
      0.2774374186992645,
      -0.5318475365638733,
      -0.10278158634901047,
      0.9369114637374878,
      0.3341151475906372,
      0.5909900069236755,
      -0.21266278624534607,
      0.7781422734260559
    ],
    [
      0.872240424156189,
      -0.3867177367210388,
      0.29940953850746155,
      0.09822262078523636,
      0.7382312417030334,
      0.6673582196235657,
      -0.47911274433135986,
      -0.5526880025863647,
      0.6818995475769043
    ]
  ],
  "root_rot": [
    0.5725163221359253,
    -0.046503350138664246,
    0.818573534488678,
    -0.037469565868377686,
    -0.9988310933113098,
    -0.03053733892738819,
    0.8190367221832275,
    -0.013188465498387814,
    -0.573589563369751
  ],
  "root_trans": [
    0.27767860889434814,
    0.5302600860595703,
    2.6251931190490723
  ]
}