{
  "betas": [
    -0.7721207737922668,
    1.2508615255355835,
    2.1665213108062744,
    0.46114933490753174,
    0.20250989496707916,
    -0.45314568281173706,
    0.3204279839992523,
    0.6103769540786743,
    -0.35320690274238586,
    0.8663737773895264
  ],
  "joints": [
    [
      0.9340036511421204,
      -0.22902138531208038,
      -0.27420151233673096,
      0.3008895516395569,
      0.09045496582984924,
      0.9493595361709595,
      -0.19262073934078217,
      -0.9692095518112183,
      0.153395414352417
    ],
    [
      0.975037693977356,
      0.09050623327493668,
      -0.20275619626045227,
      -0.1196073368191719,
      0.9834351539611816,
      -0.13619640469551086,
      0.18707093596458435,
      0.15704776346683502,
      0.9697115421295166
    ],
    [
      0.9690802693367004,
      0.10443069040775299,
      0.22355680167675018,
      -0.004632674157619476,
      0.9135620594024658,
      -0.4066728353500366,
      -0.2467021644115448,
      0.393062949180603,
      0.8857987523078918
    ],
    [
      0.8737143278121948,
      0.40385502576828003,
      -0.2711535692214966,
      -0.13079743087291718,
      -0.34185025095939636,
      -0.9306074380874634,
      -0.4685244858264923,
      0.8485513925552368,
      -0.24585625529289246
    ],
    [
      0.9994968175888062,
      -0.02342372201383114,
      0.021389588713645935,
      0.030687984079122543,
      0.8846870064735413,
      -0.4651743173599243,
      -0.00802698265761137,
      0.46559661626815796,
      0.8849606513977051
    ],
    [
      0.992048978805542,
      -0.11333746463060379,
      -0.0547112300992012,
      0.12006054073572159,
      0.9826479554176331,
      0.14138057827949524,
      0.03773815929889679,
      -0.1468251347541809,
      0.9884422421455383
    ],
    [
      0.9803605079650879,
      -0.02390579879283905,
      -0.1957593560218811,
      0.015295956283807755,
      0.9988529086112976,
      -0.045376162976026535,
      0.19661954045295715,
      0.041490670293569565,
      0.9796016216278076
    ],
    [
      0.9262359142303467,
      -0.13700000941753387,
      -0.35116681456565857,
      0.2839484214782715,
      0.8662990927696228,
      0.4109734892845154,
      0.24791210889816284,
      -0.4803716242313385,
      0.8412982821464539
    ],
    [
      0.9946950674057007,
      -0.03454187884926796,
      0.09689536690711975,
      0.04818158224225044,
      0.9886690974235535,
      -0.14216884970664978,
      -0.0908866748213768,
      0.14608320593833923,
      0.9850885272026062
    ],
    [
      0.9244624972343445,
      -0.3288138210773468,
      0.19300413131713867,
      0.13013958930969238,
      0.7479388117790222,
      0.6508848667144775,
      -0.3583752512931824,
      -0.5766011476516724,
      0.7342330813407898
    ],
    [
      0.8289842009544373,
      0.2545718252658844,
      0.49797433614730835,
      -0.13826978206634521,
      0.9560466408729553,
      -0.2585657238960266,
      -0.5419102907180786,
      0.1454920917749405,
      0.8277471661567688
    ],
    [
      0.9672435522079468,
      0.21684107184410095,
      -0.13198398053646088,
      -0.23567406833171844,
      0.9602676033973694,
      -0.14947861433029175,
      0.09432683885097504,
      0.17568744719028473,
      0.9799164533615112
    ],
    [
      0.7046672105789185,
      -0.5054892301559448,
      -0.49792060256004333,
      0.7013505697250366,
      0.6025254130363464,
      0.38088124990463257,
      0.10747850686311722,
      -0.6176113486289978,
      0.7791050672531128
    ],
    [
      0.9416324496269226,
      -0.21788917481899261,
      0.25661760568618774,
      0.20182910561561584,
      0.9754884243011475,
      0.08767733722925186,
      -0.269431471824646,
      -0.0307669248431921,
      0.9625279307365417
    ],
    [
      0.9576419591903687,
      -0.015566084533929825,
      -0.28754040598869324,
      0.08334643393754959,
      0.9707809090614319,
      0.22502849996089935,
      0.2756359279155731,
      -0.239462211728096,
      0.9309579133987427
    ],
    [
      0.873308539390564,
      0.03532910719513893,
      -0.48588478565216064,
      0.1759173423051834,
      0.9072015881538391,
      0.3821496367454529,
      0.45429643988609314,
      -0.4192100763320923,
      0.786051869392395
    ],
    [
      0.7011321783065796,
      -0.6924688220024109,
      0.17000184953212738,
      0.709542989730835,
      0.701136589050293,
      -0.07040023803710938,
      -0.07044455409049988,
      0.16998349130153656,
      0.9829258322715759
    ],
    [
      0.6933197975158691,
      -0.084782175719738,
      -0.7156251668930054,
      0.4321993291378021,
      0.843549907207489,
      0.3187901973724365,
      0.576637864112854,
      -0.5303163528442383,
      0.6214926242828369
    ],
    [
      0.4657633602619171,
      0.34148555994033813,
      0.816365122795105,
      -0.1227150559425354,
      0.9385525584220886,
      -0.32258349657058716,
      -0.8763591647148132,
      0.050067294389009476,
      0.47904881834983826
    ],
    [
      0.9629145860671997,
      -0.1375056356191635,
      0.2321372926235199,
      0.2523369789123535,
      0.7635322213172913,
      -0.5944279432296753,
      -0.09550707787275314,
      0.6309601068496704,
      0.7699140906333923
    ],
    [
      0.9623624086380005,
      0.27176764607429504,
      0.000964833190664649,
      -0.2639612853527069,
      0.9355522394180298,
      -0.23466241359710693,
      -0.06467629969120026,
      0.22557559609413147,
      0.972076416015625
    ],
    [
      0.9486361742019653,
      0.15686064958572388,
      -0.274743914604187,
      -0.08029883354902267,
      0.9593706130981445,
      0.2704813778400421,
      0.30600911378860474,
      -0.23452676832675934,
      0.9226893782615662
    ],
    [
      0.9678246974945068,
      -0.14977824687957764,
      0.2021925449371338,
      0.13941797614097595,
      0.9881224632263184,
      0.06462690234184265,
      -0.2094707041978836,
      -0.03435823693871498,
      0.9772111177444458
    ]
  ],
  "root_rot": [
    -0.5752689838409424,
    0.32442978024482727,
    -0.7508733868598938,
    -0.13837425410747528,
    -0.9433466196060181,
    -0.3015785813331604,
    -0.8061749935150146,
    -0.06958726793527603,
    0.5875707864761353
  ],
  "root_trans": [
    -0.19454237818717957,
    0.5035200715065002,
    2.48370361328125
  ]
}