{
  "betas": [
    -0.6091399192810059,
    0.5734976530075073,
    1.2155652046203613,
    0.16754254698753357,
    0.14797380566596985,
    0.02495601773262024,
    -0.21437841653823853,
    0.26550450921058655,
    0.04488326609134674,
    1.0473766326904297
  ],
  "joints": [
    [
      0.9448496103286743,
      -0.32545748353004456,
      0.036558348685503006,
      0.3027721345424652,
      0.9105930328369141,
      0.2813349962234497,
      -0.12485235929489136,
      -0.25475046038627625,
      0.9589129090309143
    ],
    [
      0.9503975510597229,
      0.30876433849334717,
      -0.037536460906267166,
      -0.3032521605491638,
      0.9466685652732849,
      0.10888872295618057,
      0.06915553659200668,
      -0.09210457652807236,
      0.9933449625968933
    ],
    [
      0.998422384262085,
      -0.008794796653091908,
      0.05545597895979881,
      0.01783348247408867,
      0.9861871600151062,
      -0.16467168927192688,
      -0.05324172601103783,
      0.16540087759494781,
      0.984788179397583
    ],
    [
      0.993388831615448,
      0.11415397375822067,
      -0.012140152044594288,
      -0.11381537467241287,
      0.965561032295227,
      -0.23396141827106476,
      -0.014985562302172184,
      0.23379641771316528,
      0.9721699953079224
    ],
    [
      0.9770027995109558,
      0.052868060767650604,
      0.20656843483448029,
      -0.01342408824712038,
      0.9821035265922546,
      -0.1878628432750702,
      -0.21280354261398315,
      0.18076953291893005,
      0.9602276086807251
    ],
    [
      0.9883947968482971,
      -0.049430135637521744,
      -0.14363959431648254,
      0.05586773529648781,
      0.9975905418395996,
      0.0411330983042717,
      0.1412602812051773,
      -0.048680562525987625,
      0.988774836063385
    ],
    [
      0.9852765798568726,
      -0.053573839366436005,
      0.16235674917697906,
      0.0651397630572319,
      0.9956399202346802,
      -0.06676913052797318,
      -0.15807175636291504,
      0.07636194676160812,
      0.9844704866409302
    ],
    [
      0.8895589113235474,
      -0.37485218048095703,
      -0.26109546422958374,
      0.4121219515800476,
      0.9050962328910828,
      0.104672372341156,
      0.1970798671245575,
      -0.20071540772914886,
      0.959621250629425
    ],
    [
      0.9997787475585938,
      -0.018250523135066032,
      -0.010455523617565632,
      0.017636308446526527,
      0.9982694983482361,
      -0.056098245084285736,
      0.011461252346634865,
      0.05590143799781799,
      0.9983705282211304
    ],
    [
      0.9873802065849304,
      -0.008820507675409317,
      0.15812142193317413,
      -0.0986253172159195,
      0.7469476461410522,
      0.6575272679328918,
      -0.12390816956758499,
      -0.6648243069648743,
      0.7366514205932617
    ],
    [
      0.9070227742195129,
      0.28452739119529724,
      0.3104093372821808,
      -0.2974156439304352,
      0.9547288417816162,
      -0.006068749353289604,
      -0.29808345437049866,
      -0.08681607246398926,
      0.9505836963653564
    ],
    [
      0.8895747661590576,
      0.265630304813385,
      0.3716142177581787,
      -0.22969594597816467,
      0.9633234143257141,
      -0.1387358009815216,
      -0.3948371708393097,
      0.038057610392570496,
      0.9179624319076538
    ],
    [
      0.9619335532188416,
      -0.04251088574528694,
      -0.2699567675590515,
      0.0888671725988388,
      0.9827983379364014,
      0.16189512610435486,
      0.25843074917793274,
      -0.1797226518392563,
      0.9491645097732544
    ],
    [
      0.9743587374687195,
      -0.19666258990764618,
      0.10931112617254257,
      0.20542030036449432,
      0.9757530689239502,
      -0.07555463910102844,
      -0.09180188924074173,
      0.09607204049825668,
      0.9911320209503174
    ],
    [
      0.8885371685028076,
      -0.1400907188653946,
      0.43689385056495667,
      0.12168694287538528,
      0.9900975227355957,
      0.06999433040618896,
      -0.4423730671405792,
      -0.00902828574180603,
      0.8967856764793396
    ],
    [
      0.9623177647590637,
      0.16143624484539032,
      -0.21882149577140808,
      -0.1417444795370102,
      0.9845314621925354,
      0.10298711806535721,
      0.2320624738931656,
      -0.06808959692716599,
      0.9703148007392883
    ],
    [
      0.606655478477478,
      -0.7571572065353394,
      0.24224378168582916,
      0.7948970198631287,
      0.5817343592643738,
      -0.17240606248378754,
      -0.010383034124970436,
      0.2971499562263489,
      0.9547743201255798
    ],
    [
      0.9410010576248169,
      0.017025118693709373,
      -0.3379751145839691,
      0.10855960845947266,
      0.9307605624198914,
      0.3491412103176117,
      0.3205180764198303,
      -0.3652326762676239,
      0.8739984631538391
    ],
    [
      -0.03832860291004181,
      0.3075311481952667,
      0.9507657885551453,
      0.12053602933883667,
      0.945940375328064,
      -0.3011111319065094,
      -0.9919687509536743,
      0.10306035727262497,
      -0.07332515716552734
    ],
    [
      0.9653006196022034,
      -0.22751140594482422,
      0.12819235026836395,
      0.258220374584198,
      0.7583685517311096,
      -0.598497748374939,
      0.038947999477386475,
      0.6108320951461792,
      0.7908017039299011
    ],
    [
      0.9392963647842407,
      0.2272718846797943,
      0.2570403516292572,
      -0.23091858625411987,
      0.9728360772132874,
      -0.01632923074066639,
      -0.25376927852630615,
      -0.04401740804314613,
      0.966262698173523
    ],
    [
      0.949141800403595,
      0.22846785187721252,
      -0.2166384607553482,
      -0.1672309935092926,
      0.9488101005554199,
      0.26794254779815674,
      0.2667649984359741,
      -0.21808680891990662,
      0.9387622475624084
    ],
    [
      0.8806589245796204,
      -0.19979922473430634,
      0.4295581877231598,
      0.18907319009304047,
      0.9796048998832703,
      0.06801244616508484,
      -0.43438607454299927,
      0.021322166547179222,
      0.900474488735199
    ]
  ],
  "root_rot": [
    0.887697696685791,
    -0.028081372380256653,
    0.4595695436000824,
    -0.028408892452716827,
    -0.9995771646499634,
    -0.006203586235642433,
    0.4595493972301483,
    -0.007548956666141748,
    -0.8881201148033142
  ],
  "root_trans": [
    0.2775448262691498,
    0.5214452147483826,
    2.6228981018066406
  ]
}