{
  "betas": [
    -0.7546253204345703,
    1.127909779548645,
    1.7083929777145386,
    0.3095160722732544,
    0.028375327587127686,
    -0.22064483165740967,
    0.11267051100730896,
    0.5282606482505798,
    0.133431538939476,
    0.6945573091506958
  ],
  "joints": [
    [
      0.9830039739608765,
      -0.18148311972618103,
      -0.027698826044797897,
      0.18358302116394043,
      0.9723889827728271,
      0.14407292008399963,
      0.0007872329442761838,
      -0.14670926332473755,
      0.9891794323921204
    ],
    [
      0.9730409979820251,
      0.1855628341436386,
      -0.13695821166038513,
      -0.17738521099090576,
      0.9816643595695496,
      0.06978283822536469,
      0.14739608764648438,
      -0.043607208877801895,
      0.9881157875061035
    ],
    [
      0.997054398059845,
      -0.013875695876777172,
      0.07543206214904785,
      0.022652143612504005,
      0.992900550365448,
      -0.11677039414644241,
      -0.07327626645565033,
      0.11813513189554214,
      0.9902901649475098
    ],
    [
      0.9998738765716553,
      -0.00022153767349664122,
      -0.015880536288022995,
      -0.00214996631257236,
      0.9888103604316711,
      -0.14916236698627472,
      0.015735886991024017,
      0.1491777002811432,
      0.9886851906776428
    ],
    [
      0.9992185831069946,
      0.02920682728290558,
      0.026629434898495674,
      -0.02667434886097908,
      0.995498538017273,
      -0.0909462571144104,
      -0.029165811836719513,
      0.09016487002372742,
      0.9954997301101685
    ],
    [
      0.9895851016044617,
      -0.036254122853279114,
      -0.13930968940258026,
      0.034679196774959564,
      0.9993043541908264,
      -0.013716746121644974,
      0.13971006870269775,
      0.008742734789848328,
      0.990153968334198
    ],
    [
      0.9984458684921265,
      0.055471379309892654,
      0.00537727540358901,
      -0.05494740605354309,
      0.9959343671798706,
      -0.0713827908039093,
      -0.00931511539965868,
      0.0709763765335083,
      0.9974345564842224
    ],
    [
      0.89327073097229,
      -0.36619478464126587,
      -0.2607083320617676,
      0.37931951880455017,
      0.9252657890319824,
      2.887993832700886e-05,
      0.24121390283107758,
      -0.09891755133867264,
      0.9654176831245422
    ],
    [
      0.9993295073509216,
      0.007447522599250078,
      0.03584880381822586,
      -0.008242414332926273,
      0.9997223019599915,
      0.022076979279518127,
      -0.03567442670464516,
      -0.022357655689120293,
      0.9991133809089661
    ],
    [
      0.9025366306304932,
      -0.2411840707063675,
      0.35673221945762634,
      0.08210305869579315,
      0.9096137285232544,
      0.40726152062416077,
      -0.4227135181427002,
      -0.3382796049118042,
      0.840761661529541
    ],
    [
      0.8922927975654602,
      0.3746367394924164,
      0.25191420316696167,
      -0.37311482429504395,
      0.9261124730110168,
      -0.05568583682179451,
      -0.25416287779808044,
      -0.04430486634373665,
      0.9661459922790527
    ],
    [
      0.990146279335022,
      0.04363245889544487,
      -0.13306578993797302,
      -0.04713425412774086,
      0.9986172318458557,
      -0.02327936515212059,
      0.13186606764793396,
      0.029321935027837753,
      0.9908336997032166
    ],
    [
      0.9586421847343445,
      0.2572849690914154,
      0.12169467657804489,
      -0.2545303702354431,
      0.9663205146789551,
      -0.037932779639959335,
      -0.12735560536384583,
      0.005388972815126181,
      0.9918424487113953
    ],
    [
      0.9218413829803467,
      -0.3865765929222107,
      -0.02769393101334572,
      0.38351932168006897,
      0.9201818704605103,
      -0.07860197126865387,
      0.05586913600564003,
      0.061837393790483475,
      0.9965212941169739
    ],
    [
      0.9804753065109253,
      -0.19610655307769775,
      -0.01450334396213293,
      0.19637282192707062,
      0.9803245067596436,
      0.020040549337863922,
      0.010287899523973465,
      -0.022497326135635376,
      0.9996939897537231
    ],
    [
      0.5601837635040283,
      0.7832676768302917,
      -0.2696032226085663,
      -0.8277848362922668,
      0.5170978307723999,
      -0.21767419576644897,
      -0.0310859065502882,
      0.34511104226112366,
      0.938046932220459
    ],
    [
      0.6206117868423462,
      -0.7527663111686707,
      0.21950823068618774,
      0.7724218964576721,
      0.6350818276405334,
      -0.005949502345174551,
      -0.13492710888385773,
      0.17324531078338623,
      0.9755924940109253
    ],
    [
      0.6594553589820862,
      -0.12817828357219696,
      -0.7407354116439819,
      -0.0735233724117279,
      0.9696349501609802,
      -0.23324322700500488,
      0.7481396198272705,
      0.20827487111091614,
      0.6300068497657776
    ],
    [
      0.9734522104263306,
      0.1281587779521942,
      0.1896471083164215,
      -0.11583899706602097,
      0.9904531240463257,
      -0.07472573220729828,
      -0.19741332530975342,
      0.05077340081334114,
      0.9790045619010925
    ],
    [
      0.9478769302368164,
      -0.08709879964590073,
      0.3065015375614166,
      0.23914244771003723,
      0.8301417827606201,
      -0.5036620497703552,
      -0.21057136356830597,
      0.5507071018218994,
      0.8077012896537781
    ],
    [
      0.9726428389549255,
      0.1793336421251297,
      -0.14766666293144226,
      -0.23046718537807465,
      0.8247292637825012,
      -0.5164363384246826,
      0.029170561581850052,
      0.5363403558731079,
      0.8434975147247314
    ],
    [
      0.694254994392395,
      0.37713542580604553,
      -0.6130081415176392,
      -0.25058892369270325,
      0.925089418888092,
      0.2853328585624695,
      0.6746963858604431,
      -0.044480692595243454,
      0.7367538809776306
    ],
    [
      0.94767165184021,
      -0.2625580430030823,
      0.18160872161388397,
      0.204976424574852,
      0.9365422129631042,
      0.28438252210617065,
      -0.24475114047527313,
      -0.23227573931217194,
      0.9413527250289917
    ]
  ],
  "root_rot": [
    -0.5799283385276794,
    0.027463814243674278,
    0.8142043948173523,
    -0.05801885202527046,
    -0.9982861280441284,
    -0.007651684805750847,
    0.8125988245010376,
    -0.051676638424396515,
    0.5805278420448303
  ],
  "root_trans": [
    -1.1701475381851196,
    0.505399227142334,
    2.667053699493408
  ]
}