{
  "betas": [
    -0.6303002834320068,
    1.183631181716919,
    1.678810477256775,
    0.2954655587673187,
    0.04172813892364502,
    -0.2824242413043976,
    0.05587533116340637,
    0.6213693618774414,
    0.1862936019897461,
    0.7729743719100952
  ],
  "joints": [
    [
      0.9814280271530151,
      -0.18807019293308258,
      -0.03779732435941696,
      0.19155558943748474,
      0.9713581800460815,
      0.14060455560684204,
      0.010271213948726654,
      -0.14523354172706604,
      0.98934406042099
    ],
    [
      0.9751105308532715,
      0.16493336856365204,
      -0.14817696809768677,
      -0.15187545120716095,
      0.9837686419487,
      0.09556744992733002,
      0.1615341156721115,
      -0.07068438082933426,
      0.9843325018882751
    ],
    [
      0.9966484904289246,
      -0.016788480803370476,
      0.08006231486797333,
      0.027439894154667854,
      0.9906206727027893,
      -0.1338571310043335,
      -0.07706412672996521,
      0.13560540974140167,
      0.9877612590789795
    ],
    [
      0.9994153380393982,
      -0.002905074739828706,
      -0.03406680002808571,
      -0.00255458801984787,
      0.9872540235519409,
      -0.15913204848766327,
      0.03409487381577492,
      0.15912602841854095,
      0.9866694211959839
    ],
    [
      0.9996834993362427,
      0.021832911297678947,
      0.01250501349568367,
      -0.02011742629110813,
      0.9920924305915833,
      -0.12388695776462555,
      -0.015110940672457218,
      0.12359615415334702,
      0.9922176599502563
    ],
    [
      0.9904997944831848,
      -0.032104600220918655,
      -0.13371451199054718,
      0.03091731108725071,
      0.9994619488716125,
      -0.010946672409772873,
      0.13399401307106018,
      0.006708580534905195,
      0.9909594655036926
    ],
    [
      0.9974121451377869,
      0.0659252256155014,
      -0.028687909245491028,
      -0.06754463911056519,
      0.995927631855011,
      -0.05971420183777809,
      0.024634411558508873,
      0.06149737909436226,
      0.9978032112121582
    ],
    [
      0.8955236077308655,
      -0.33877506852149963,
      -0.28856387734413147,
      0.35527312755584717,
      0.9347482919692993,
      0.0051496559754014015,
      0.2679900527000427,
      -0.10713062435388565,
      0.957446813583374
    ],
    [
      0.9990248084068298,
      0.003601197386160493,
      0.04400555044412613,
      -0.00415622116997838,
      0.9999129176139832,
      0.012527610175311565,
      -0.04395660385489464,
      -0.012698289006948471,
      0.9989528059959412
    ],
    [
      0.9025446176528931,
      -0.22749027609825134,
      0.3655973970890045,
      0.0651470199227333,
      0.9114166498184204,
      0.4062948524951935,
      -0.42563968896865845,
      -0.34288161993026733,
      0.8374145030975342
    ],
    [
      0.8750989437103271,
      0.4127647578716278,
      0.2526402473449707,
      -0.40239834785461426,
      0.9106302261352539,
      -0.09395851939916611,
      -0.2688446044921875,
      -0.019439013674855232,
      0.9629874229431152
    ],
    [
      0.9888210892677307,
      0.04484095051884651,
      -0.14220432937145233,
      -0.04564623907208443,
      0.9989547729492188,
      -0.002404184080660343,
      0.1419478952884674,
      0.008868401870131493,
      0.9898343682289124
    ],
    [
      0.9425517916679382,
      0.31656041741371155,
      0.10670334845781326,
      -0.31729385256767273,
      0.9482693076133728,
      -0.010483896359801292,
      -0.10450229793787003,
      -0.023974698036909103,
      0.994235634803772
    ],
    [
      0.908418595790863,
      -0.4177176356315613,
      -0.016956547275185585,
      0.4164356291294098,
      0.9077146053314209,
      -0.05133863911032677,
      0.036836761981248856,
      0.039575669914484024,
      0.9985373616218567
    ],
    [
      0.9793642163276672,
      -0.20201510190963745,
      -0.005965657997876406,
      0.20210285484790802,
      0.9788846373558044,
      0.030647486448287964,
      -0.0003515639982651919,
      -0.031220730394124985,
      0.9995124340057373
    ],
    [
      0.5900684595108032,
      0.7672864198684692,
      -0.25117868185043335,
      -0.8073357939720154,
      0.5587286949157715,
      -0.18981871008872986,
      -0.005304576363414526,
      0.31479156017303467,
      0.9491459727287292
    ],
    [
      0.6867599487304688,
      -0.7036356925964355,
      0.18236646056175232,
      0.7084888219833374,
      0.7040563225746155,
      0.04845954850316048,
      -0.16249412298202515,
      0.09592451900243759,
      0.9820356965065002
    ],
    [
      0.7712924480438232,
      -0.10212497413158417,
      -0.6282343864440918,
      0.031969182193279266,
      0.9920136332511902,
      -0.1220114529132843,
      0.6356775760650635,
      0.07402237504720688,
      0.7683974504470825
    ],
    [
      0.9661950469017029,
      0.23475541174411774,
      0.1065695732831955,
      -0.24938249588012695,
      0.955857515335083,
      0.15538592636585236,
      -0.06538763642311096,
      -0.17670969665050507,
      0.9820886850357056
    ],
    [
      0.914053201675415,
      -0.17136158049106598,
      0.3676164746284485,
      0.3424532115459442,
      0.8117231130599976,
      -0.47310805320739746,
      -0.21733027696609497,
      0.5583374500274658,
      0.8006414175033569
    ],
    [
      0.9485116004943848,
      0.24643483757972717,
      -0.1989864706993103,
      -0.31321439146995544,
      0.8232537508010864,
      -0.47344478964805603,
      0.04714309051632881,
      0.5113933086395264,
      0.858052670955658
    ],
    [
      0.7824916839599609,
      0.26415401697158813,
      -0.5638523101806641,
      -0.18646351993083954,
      0.9634044766426086,
      0.19256995618343353,
      0.5940859913825989,
      -0.04554648697376251,
      0.8031110763549805
    ],
    [
      0.9615489840507507,
      -0.20505692064762115,
      0.18268877267837524,
      0.16141821444034576,
      0.9601582884788513,
      0.22812317311763763,
      -0.22218836843967438,
      -0.18986229598522186,
      0.9563391208648682
    ]
  ],
  "root_rot": [
    -0.5671187043190002,
    0.01400196272879839,
    0.8235170245170593,
    -0.04821211099624634,
    -0.9987053871154785,
    -0.016220860183238983,
    0.8222237825393677,
    -0.04890264943242073,
    0.5670595765113831
  ],
  "root_trans": [
    -1.1821430921554565,
    0.5084471106529236,
    2.674703598022461
  ]
}