{
  "betas": [
    -0.5325743556022644,
    0.6879192590713501,
    1.0616360902786255,
    0.21242979168891907,
    0.597691535949707,
    -0.2521373927593231,
    0.06080333888530731,
    0.49233826994895935,
    0.15212953090667725,
    0.8576458096504211
  ],
  "joints": [
    [
      0.9672117829322815,
      -0.252927303314209,
      0.023001333698630333,
      0.25254204869270325,
      0.9674111604690552,
      0.018390949815511703,
      -0.026903318241238594,
      -0.011979140341281891,
      0.9995662569999695
    ],
    [
      0.9154961109161377,
      0.3832102417945862,
      -0.12254325300455093,
      -0.3518645167350769,
      0.910316526889801,
      0.2179800122976303,
      0.1950853019952774,
      -0.15644122660160065,
      0.968229353427887
    ],
    [
      0.9919753670692444,
      -0.1257549524307251,
      -0.013060132972896099,
      0.12360396236181259,
      0.986327588558197,
      -0.1089954674243927,
      0.026588289067149162,
      0.10650653392076492,
      0.9939565062522888
    ],
    [
      0.998415470123291,
      0.04536097124218941,
      -0.03330270200967789,
      -0.0524589940905571,
      0.964426577091217,
      -0.25909358263015747,
      0.020365266129374504,
      0.2604300379753113,
      0.9652780294418335
    ],
    [
      0.9977965354919434,
      -0.004952451214194298,
      0.06616295874118805,
      0.023085184395313263,
      0.9608154296875,
      -0.2762259244918823,
      -0.06220239773392677,
      0.2771446704864502,
      0.9588126540184021
    ],
    [
      0.9936679601669312,
      0.06845443695783615,
      -0.08909580856561661,
      -0.06752265244722366,
      0.9976272583007812,
      0.013434438966214657,
      0.08980406075716019,
      -0.007333387620747089,
      0.9959324598312378
    ],
    [
      0.9932774901390076,
      -0.003256286261603236,
      0.1157115027308464,
      -0.004060728475451469,
      0.9980089068412781,
      0.06294301152229309,
      -0.11568605899810791,
      -0.0629897490143776,
      0.99128657579422
    ],
    [
      0.9192808866500854,
      -0.3804991543292999,
      -0.10071291774511337,
      0.3708977699279785,
      0.9230630993843079,
      -0.10192833095788956,
      0.1317480206489563,
      0.05634656548500061,
      0.9896805286407471
    ],
    [
      0.9926411509513855,
      0.09861322492361069,
      0.07027699798345566,
      -0.09820137917995453,
      0.9951230883598328,
      -0.009299838915467262,
      -0.07085135579109192,
      0.0023301048204302788,
      0.9974840879440308
    ],
    [
      0.9935636520385742,
      -0.1026226356625557,
      0.0479561910033226,
      0.07770872861146927,
      0.9255368113517761,
      0.37059804797172546,
      -0.08241697400808334,
      -0.3644861578941345,
      0.9275544285774231
    ],
    [
      0.9814309477806091,
      0.18486720323562622,
      0.051160987466573715,
      -0.18575523793697357,
      0.98250812292099,
      0.013142518699169159,
      -0.04783646762371063,
      -0.022401895374059677,
      0.9986039400100708
    ],
    [
      0.9480125308036804,
      -0.12223108857870102,
      -0.2938227355480194,
      0.1071443185210228,
      0.9919854402542114,
      -0.06696998327970505,
      0.29965367913246155,
      0.03200694918632507,
      0.9535109996795654
    ],
    [
      0.8637937903404236,
      0.45388102531433105,
      -0.21875178813934326,
      -0.4224925935268402,
      0.8890466690063477,
      0.1763409823179245,
      0.27451834082603455,
      -0.05990124121308327,
      0.9597143530845642
    ],
    [
      0.8385899066925049,
      0.11380629986524582,
      0.532742977142334,
      -0.3119252622127533,
      0.9020645022392273,
      0.2982991933822632,
      -0.4466201066970825,
      -0.41632673144340515,
      0.7919612526893616
    ],
    [
      0.9859129190444946,
      -0.05481136962771416,
      0.15802384912967682,
      0.018086500465869904,
      0.9741777777671814,
      0.22505655884742737,
      -0.16627898812294006,
      -0.219028040766716,
      0.9614458084106445
    ],
    [
      0.5785216093063354,
      0.692982017993927,
      -0.43021923303604126,
      -0.8153545260429382,
      0.50591641664505,
      -0.2815057635307312,
      0.022576551884412766,
      0.5136383771896362,
      0.8577096462249756
    ],
    [
      0.8613813519477844,
      0.06673600524663925,
      0.5035557746887207,
      -0.2774951756000519,
      0.8921563625335693,
      0.3564455211162567,
      -0.4254627525806427,
      -0.4467698335647583,
      0.7870057821273804
    ],
    [
      0.409383088350296,
      -0.33035001158714294,
      -0.8504552841186523,
      -0.19562411308288574,
      0.8786842226982117,
      -0.43548262119293213,
      0.8911434412002563,
      0.3446487784385681,
      0.2950940430164337
    ],
    [
      0.7017107009887695,
      0.07353849709033966,
      0.7086567282676697,
      -0.3419673442840576,
      0.9073582291603088,
      0.24445748329162598,
      -0.6250283718109131,
      -0.41387587785720825,
      0.6618507504463196
    ],
    [
      0.972099781036377,
      -0.1779591143131256,
      0.1528153270483017,
      0.2345498651266098,
      0.7294341921806335,
      -0.6425824165344238,
      0.002884663874283433,
      0.6604970693588257,
      0.7508230805397034
    ],
    [
      0.9477774500846863,
      0.29568177461624146,
      -0.11954156309366226,
      -0.2907305359840393,
      0.6468837857246399,
      -0.7049943804740906,
      -0.13112446665763855,
      0.7029321789741516,
      0.6990655660629272
    ],
    [
      0.9821193218231201,
      0.07459363341331482,
      -0.17285099625587463,
      -0.06830817461013794,
      0.996778130531311,
      0.04203929379582405,
      0.17542997002601624,
      -0.0294804647564888,
      0.9840503931045532
    ],
    [
      0.9871949553489685,
      -0.06528539210557938,
      0.14554691314697266,
      0.04472528025507927,
      0.989097535610199,
      0.14030565321445465,
      -0.1531200110912323,
      -0.1319994032382965,
      0.9793519973754883
    ]
  ],
  "root_rot": [
    -0.9653066396713257,
    0.013368569314479828,
    -0.2607765793800354,
    0.01674019917845726,
    -0.993465781211853,
    -0.11289604753255844,
    -0.2605818510055542,
    -0.11334475129842758,
    0.9587753415107727
  ],
  "root_trans": [
    -0.5462848544120789,
    0.5759499073028564,
    2.3303003311157227
  ]
}