{
  "betas": [
    -0.843908965587616,
    0.7018719911575317,
    1.5856552124023438,
    0.4753517508506775,
    0.06373965740203857,
    -0.03919943422079086,
    -0.0657615065574646,
    0.7873570322990417,
    0.06839808821678162,
    0.8484881520271301
  ],
  "joints": [
    [
      0.9745534062385559,
      -0.08701958507299423,
      -0.2065749168395996,
      0.1927952915430069,
      0.795524001121521,
      0.5744315385818481,
      0.11434850096702576,
      -0.5996409058570862,
      0.7920575737953186
    ],
    [
      0.93229740858078,
      0.28463783860206604,
      -0.22316567599773407,
      -0.3128078877925873,
      0.9442805051803589,
      -0.10239923000335693,
      0.18158429861068726,
      0.1652745008468628,
      0.9693872332572937
    ],
    [
      0.9788446426391602,
      0.02754819765686989,
      0.20274165272712708,
      0.006422529462724924,
      0.9862691760063171,
      -0.16502082347869873,
      -0.2045038640499115,
      0.1628318727016449,
      0.9652273654937744
    ],
    [
      0.993707001209259,
      0.09668228030204773,
      0.056559208780527115,
      -0.062077105045318604,
      0.8956593871116638,
      -0.4403870105743408,
      -0.09323540329933167,
      0.4341046214103699,
      0.896024763584137
    ],
    [
      0.9964846968650818,
      0.017675090581178665,
      0.08189002424478531,
      0.005530412774533033,
      0.961479127407074,
      -0.27482229471206665,
      -0.08359305560588837,
      0.27430906891822815,
      0.9580014944076538
    ],
    [
      0.9973149299621582,
      0.014909441582858562,
      -0.07169759273529053,
      -0.015216699801385403,
      0.9998772144317627,
      -0.0037411977536976337,
      0.07163301110267639,
      0.004822153598070145,
      0.9974193572998047
    ],
    [
      0.9985173344612122,
      0.05384499207139015,
      -0.007993660867214203,
      -0.054318640381097794,
      0.9951803088188171,
      -0.08164340257644653,
      0.0035590457264333963,
      0.08195655047893524,
      0.9966295957565308
    ],
    [
      0.9232609868049622,
      -0.07035759091377258,
      -0.3776756823062897,
      0.20088143646717072,
      0.9263956546783447,
      0.31849291920661926,
      0.3274686932563782,
      -0.36992013454437256,
      0.8694385290145874
    ],
    [
      0.9907367825508118,
      0.03993650898337364,
      0.1297910064458847,
      -0.038273781538009644,
      0.9991504549980164,
      -0.015281006693840027,
      -0.13029101490974426,
      0.010171862319111824,
      0.9914236068725586
    ],
    [
      0.9616027474403381,
      -0.2423337697982788,
      0.1288200318813324,
      0.11379561573266983,
      0.779197633266449,
      0.6163616180419922,
      -0.24974147975444794,
      -0.578035831451416,
      0.7768551111221313
    ],
    [
      0.8446245789527893,
      0.2735964357852936,
      0.4601678252220154,
      -0.28356510400772095,
      0.9577036499977112,
      -0.048934876918792725,
      -0.45409277081489563,
      -0.08915592730045319,
      0.8864824175834656
    ],
    [
      0.9854180216789246,
      -0.036176394671201706,
      -0.16626061499118805,
      0.0335703119635582,
      0.9992658495903015,
      -0.018459253013134003,
      0.16680635511875153,
      0.012608658522367477,
      0.9859090447425842
    ],
    [
      0.9788272380828857,
      0.20195545256137848,
      -0.03333453834056854,
      -0.2001606523990631,
      0.978461503982544,
      0.050485581159591675,
      0.04281239956617355,
      -0.04274440184235573,
      0.9981682896614075
    ],
    [
      0.8845008611679077,
      -0.2890928387641907,
      0.36617422103881836,
      0.2742547392845154,
      0.9571317434310913,
      0.09318345785140991,
      -0.37741562724113464,
      0.01800416223704815,
      0.9258689284324646
    ],
    [
      0.9831927418708801,
      -0.17013408243656158,
      -0.06623014807701111,
      0.1686384528875351,
      0.985291600227356,
      -0.027594713494181633,
      0.06995081901550293,
      0.015961971133947372,
      0.9974226951599121
    ],
    [
      0.6683604121208191,
      0.7028703093528748,
      -0.2434493750333786,
      -0.7253192663192749,
      0.5432523488998413,
      -0.42283424735069275,
      -0.16494321823120117,
      0.4591842293739319,
      0.872893750667572
    ],
    [
      0.4692930579185486,
      -0.6447839736938477,
      0.6033387184143066,
      0.7462124824523926,
      0.6549009680747986,
      0.11946403980255127,
      -0.4721556007862091,
      0.39415526390075684,
      0.7884863615036011
    ],
    [
      -0.11974189430475235,
      -0.27206528186798096,
      -0.9547995924949646,
      -0.3168312609195709,
      0.9219043254852295,
      -0.22295796871185303,
      0.9408930540084839,
      0.27581295371055603,
      -0.19658935070037842
    ],
    [
      -0.15399430692195892,
      0.3343173563480377,
      0.9297944903373718,
      0.48799893260002136,
      0.84397292137146,
      -0.22263601422309875,
      -0.8591523766517639,
      0.41945403814315796,
      -0.2931135296821594
    ],
    [
      0.9183576107025146,
      -0.39214903116226196,
      -0.05327732861042023,
      0.3515222668647766,
      0.8701391816139221,
      -0.3453836143016815,
      0.18180055916309357,
      0.2984575033187866,
      0.9369480609893799
    ],
    [
      0.9500285983085632,
      0.30113300681114197,
      0.08224715292453766,
      -0.28802865743637085,
      0.9471889734268188,
      -0.1409701555967331,
      -0.12035435438156128,
      0.11023613810539246,
      0.9865915775299072
    ],
    [
      0.31923580169677734,
      0.7713768482208252,
      -0.5505145788192749,
      -0.2175023853778839,
      0.625041663646698,
      0.7496770620346069,
      0.9223780632019043,
      -0.11958550661802292,
      0.3673119843006134
    ],
    [
      0.8638834953308105,
      -0.44647538661956787,
      0.23316305875778198,
      0.14275670051574707,
      0.6609570384025574,
      0.7367199659347534,
      -0.4830380976200104,
      -0.6031546592712402,
      0.6347272396087646
    ]
  ],
  "root_rot": [
    0.3457064628601074,
    -0.04970647394657135,
    0.9370253682136536,
    -0.018780812621116638,
    -0.9987624883651733,
    -0.04605245590209961,
    0.9381548166275024,
    -0.0016774650430306792,
    -0.3462121784687042
  ],
  "root_trans": [
    0.2734009623527527,
    0.5396376848220825,
    2.6502113342285156
  ]
}