{
  "betas": [
    -0.5481336116790771,
    0.7343171834945679,
    1.18075692653656,
    0.3360683023929596,
    0.30233052372932434,
    -0.5111957788467407,
    -0.3008582592010498,
    0.39445656538009644,
    0.08579965680837631,
    0.5275896191596985
  ],
  "joints": [
    [
      0.9483289122581482,
      -0.2938060760498047,
      -0.1197928711771965,
      0.31668156385421753,
      0.8998128771781921,
      0.3000825047492981,
      0.019625114277005196,
      -0.32251307368278503,
      0.9463615417480469
    ],
    [
      0.9862099289894104,
      0.1428317129611969,
      -0.08360031992197037,
      -0.14831355214118958,
      0.9869003295898438,
      -0.06348822265863419,
      0.07343705743551254,
      0.07501178234815598,
      0.9944747686386108
    ],
    [
      0.9953006505966187,
      -0.027679910883307457,
      0.09279240667819977,
      0.0347968265414238,
      0.996502161026001,
      -0.0759783685207367,
      -0.09036475419998169,
      0.07885020226240158,
      0.9927824139595032
    ],
    [
      0.9983304738998413,
      0.05522935464978218,
      -0.016913678497076035,
      -0.05750511586666107,
      0.9227946400642395,
      -0.38097673654556274,
      -0.005433262325823307,
      0.3813132643699646,
      0.9244299530982971
    ],
    [
      0.9940479397773743,
      -0.010953365825116634,
      0.10839132219552994,
      0.02803533710539341,
      0.9871440529823303,
      -0.15735504031181335,
      -0.10527428239583969,
      0.1594572514295578,
      0.981575608253479
    ],
    [
      0.9884882569313049,
      -0.04490885138511658,
      -0.14447961747646332,
      0.035836637020111084,
      0.9972549676895142,
      -0.06479434669017792,
      0.14699284732341766,
      0.058870770037174225,
      0.9873842000961304
    ],
    [
      0.9927412271499634,
      0.10092541575431824,
      0.06541293114423752,
      -0.08972547203302383,
      0.9836753010749817,
      -0.15598808228969574,
      -0.08008823543787003,
      0.1489866077899933,
      0.9855905771255493
    ],
    [
      0.9700295329093933,
      -0.2233748435974121,
      -0.09563685953617096,
      0.24136312305927277,
      0.9312039613723755,
      0.27313563227653503,
      0.028045792132616043,
      -0.2880328297615051,
      0.9572097659111023
    ],
    [
      0.9989535212516785,
      0.016798708587884903,
      0.042542096227407455,
      -0.015482894144952297,
      0.9993972182273865,
      -0.031072916463017464,
      -0.04303843528032303,
      0.030381720513105392,
      0.9986114501953125
    ],
    [
      0.990976095199585,
      -0.11333643645048141,
      0.07156277447938919,
      0.035876691341400146,
      0.7386931777000427,
      0.6730863451957703,
      -0.12914815545082092,
      -0.6644450426101685,
      0.7360934019088745
    ],
    [
      0.920648455619812,
      0.21407882869243622,
      0.32646098732948303,
      -0.19943003356456757,
      0.976792573928833,
      -0.07812786102294922,
      -0.33561018109321594,
      0.00682217488065362,
      0.9419763088226318
    ],
    [
      0.9172723293304443,
      0.2978300154209137,
      0.26440268754959106,
      -0.2790035009384155,
      0.9543068408966064,
      -0.10703007876873016,
      -0.2841980755329132,
      0.024406451731920242,
      0.9584548473358154
    ],
    [
      0.8959714770317078,
      0.0650399923324585,
      -0.43932318687438965,
      0.03163154050707817,
      0.9773601293563843,
      0.20920461416244507,
      0.4429836571216583,
      -0.20133784413337708,
      0.8736295104026794
    ],
    [
      0.9347004294395447,
      -0.29256299138069153,
      0.20184622704982758,
      0.3054042160511017,
      0.9515793323516846,
      -0.03499962016940117,
      -0.18183311820030212,
      0.09435885399580002,
      0.9787915945053101
    ],
    [
      0.9117805361747742,
      -0.17493730783462524,
      0.37155503034591675,
      0.19641299545764923,
      0.9803082346916199,
      -0.02043592371046543,
      -0.3606634736061096,
      0.09161132574081421,
      0.9281859397888184
    ],
    [
      0.47192803025245667,
      0.5729712247848511,
      -0.6700655221939087,
      -0.6643011569976807,
      0.7307853102684021,
      0.15702438354492188,
      0.5796445608139038,
      0.3710211515426636,
      0.7255035042762756
    ],
    [
      0.6259763836860657,
      -0.7169630527496338,
      0.30678582191467285,
      0.77618008852005,
      0.6108803749084473,
      -0.15610776841640472,
      -0.0754859447479248,
      0.33584079146385193,
      0.9388891458511353
    ],
    [
      -0.4217086732387543,
      -0.3519863486289978,
      -0.8356239795684814,
      -0.1091143935918808,
      0.9345809817314148,
      -0.33860358595848083,
      0.9001421332359314,
      -0.05161347612738609,
      -0.43252769112586975
    ],
    [
      -0.1429249495267868,
      0.41261211037635803,
      0.899624228477478,
      0.11663718521595001,
      0.9096439480781555,
      -0.39867734909057617,
      -0.982836902141571,
      0.0479486882686615,
      -0.17813673615455627
    ],
    [
      0.9723137021064758,
      -0.2171200066804886,
      0.08640018850564957,
      0.23343773186206818,
      0.8856639266014099,
      -0.40138036012649536,
      0.010626178234815598,
      0.4104366898536682,
      0.9118271470069885
    ],
    [
      0.9945141077041626,
      0.10176444798707962,
      0.024201463907957077,
      -0.09081801027059555,
      0.9548271298408508,
      -0.2829439640045166,
      -0.05190184712409973,
      0.27919381856918335,
      0.9588310718536377
    ],
    [
      0.9382112622261047,
      0.23504260182380676,
      -0.25399720668792725,
      -0.16455723345279694,
      0.948681116104126,
      0.2700464129447937,
      0.30443474650382996,
      -0.21156351268291473,
      0.9287412762641907
    ],
    [
      0.8490375876426697,
      -0.4561469256877899,
      0.2665802538394928,
      0.25807899236679077,
      0.7983466386795044,
      0.5440934896469116,
      -0.46101006865501404,
      -0.39315709471702576,
      0.7955482602119446
    ]
  ],
  "root_rot": [
    0.7307244539260864,
    -0.12524491548538208,
    0.6710853576660156,
    -0.1297578066587448,
    -0.9905873537063599,
    -0.04358438402414322,
    0.6702274084091187,
    -0.055230382829904556,
    -0.7400978803634644
  ],
  "root_trans": [
    0.04946383833885193,
    0.5380662083625793,
    2.524043560028076
  ]
}