{
  "betas": [
    -0.5211443901062012,
    1.2190937995910645,
    1.090645670890808,
    0.30319494009017944,
    -0.017127305269241333,
    0.07429274916648865,
    -0.010483115911483765,
    0.2719438374042511,
    0.4341279864311218,
    0.2867012917995453
  ],
  "joints": [
    [
      0.9663000106811523,
      -0.24176810681819916,
      -0.08838825672864914,
      0.2570970058441162,
      0.9235734343528748,
      0.28445276618003845,
      0.012861444614827633,
      -0.29759106040000916,
      0.9546068906784058
    ],
    [
      0.992908775806427,
      0.10765024274587631,
      -0.05043425410985947,
      -0.10792495310306549,
      0.9941552877426147,
      -0.0027474695816636086,
      0.04984370991587639,
      0.008171100169420242,
      0.9987236857414246
    ],
    [
      0.9936888217926025,
      0.0012641737703233957,
      0.11216513067483902,
      0.009592685848474503,
      0.995315670967102,
      -0.09620095044374466,
      -0.11176133900880814,
      0.0966697633266449,
      0.9890219569206238
    ],
    [
      0.9998254776000977,
      0.010069510899484158,
      -0.01573609746992588,
      -0.013063721358776093,
      0.9789693355560303,
      -0.2035885602235794,
      0.013355119153857231,
      0.2037585973739624,
      0.9789300560951233
    ],
    [
      0.9985147714614868,
      0.0264970064163208,
      0.047604721039533615,
      -0.0009297615615651011,
      0.8819279074668884,
      -0.4713834822177887,
      -0.05447418615221977,
      0.47063907980918884,
      0.8806426525115967
    ],
    [
      0.9956902265548706,
      -0.00958685390651226,
      -0.09224572032690048,
      0.006314136553555727,
      0.9993423819541931,
      -0.03570467233657837,
      0.0925273671746254,
      0.03496833145618439,
      0.99509596824646
    ],
    [
      0.9957631826400757,
      0.07477323710918427,
      -0.05352296307682991,
      -0.08377765864133835,
      0.9776498079299927,
      -0.1928267925977707,
      0.03790843114256859,
      0.19649383425712585,
      0.9797720313072205
    ],
    [
      0.9236512184143066,
      -0.3827860653400421,
      0.018524596467614174,
      0.37618353962898254,
      0.9148279428482056,
      0.14688698947429657,
      -0.07317312061786652,
      -0.12870371341705322,
      0.9889797568321228
    ],
    [
      0.9988600015640259,
      0.012372569181025028,
      0.04610529914498329,
      -0.012710288166999817,
      0.9998944401741028,
      0.007039039861410856,
      -0.04601334407925606,
      -0.007617026101797819,
      0.9989117980003357
    ],
    [
      0.9535958170890808,
      -0.2054760754108429,
      0.22007852792739868,
      0.13087911903858185,
      0.941153347492218,
      0.31161028146743774,
      -0.2711561322212219,
      -0.2683465778827667,
      0.9243724346160889
    ],
    [
      0.8621543645858765,
      0.4276939332485199,
      0.2716021239757538,
      -0.466910183429718,
      0.8788329362869263,
      0.09822146594524384,
      -0.19668418169021606,
      -0.21149587631225586,
      0.9573842883110046
    ],
    [
      0.9191431403160095,
      -0.15713392198085785,
      -0.36122676730155945,
      0.11237917840480804,
      0.9834858775138855,
      -0.14186780154705048,
      0.37755367159843445,
      0.08980245143175125,
      0.9216228723526001
    ],
    [
      0.9609549045562744,
      0.2568740248680115,
      0.10286663472652435,
      -0.257295161485672,
      0.9662872552871704,
      -0.009382170625030994,
      -0.10180876404047012,
      -0.017451241612434387,
      0.9946509003639221
    ],
    [
      0.9546080827713013,
      -0.2302766889333725,
      0.18893395364284515,
      0.22277957201004028,
      0.9730021357536316,
      0.06029914692044258,
      -0.19771865010261536,
      -0.01547142956405878,
      0.9801366329193115
    ],
    [
      0.9917157888412476,
      -0.08068349212408066,
      -0.0999501645565033,
      0.08702971786260605,
      0.9943459033966064,
      0.060844786465168,
      0.09447586536407471,
      -0.06903936713933945,
      0.9931303858757019
    ],
    [
      0.45130637288093567,
      0.811000406742096,
      -0.37229153513908386,
      -0.8918877840042114,
      0.39623332023620605,
      -0.21802599728107452,
      -0.029304834082722664,
      0.4304387867450714,
      0.9021440148353577
    ],
    [
      0.6075525879859924,
      -0.6866751313209534,
      0.3991956412792206,
      0.6888909339904785,
      0.7057207822799683,
      0.1654914915561676,
      -0.3953595757484436,
      0.17445747554302216,
      0.9018067717552185
    ],
    [
      -0.06697836518287659,
      -0.3439212739467621,
      -0.9366066455841064,
      -0.009523499757051468,
      0.9388921856880188,
      -0.34407949447631836,
      0.9977089762687683,
      -0.014126116409897804,
      -0.06616079807281494
    ],
    [
      0.12356120347976685,
      0.2604907155036926,
      0.9575371146202087,
      -0.23017245531082153,
      0.946138858795166,
      -0.22768831253051758,
      -0.9652736783027649,
      -0.19226522743701935,
      0.17686384916305542
    ],
    [
      0.9651501774787903,
      -0.1739407479763031,
      0.1955241560935974,
      0.23905377089977264,
      0.8900018334388733,
      -0.38826534152030945,
      -0.10648171603679657,
      0.42147520184516907,
      0.9005666375160217
    ],
    [
      0.953890860080719,
      0.2999967634677887,
      -0.00970231182873249,
      -0.29144880175590515,
      0.9180144667625427,
      -0.268899530172348,
      -0.07176213711500168,
      0.25932854413986206,
      0.9631193280220032
    ],
    [
      0.9375907182693481,
      0.10849879682064056,
      -0.3303808569908142,
      -0.0736539363861084,
      0.990484356880188,
      0.11625706404447556,
      0.33985087275505066,
      -0.08466770499944687,
      0.9366602897644043
    ],
    [
      0.9580527544021606,
      -0.213652104139328,
      0.1910175234079361,
      0.1231224536895752,
      0.9087080359458923,
      0.39886152744293213,
      -0.258796751499176,
      -0.3586118519306183,
      0.8968955874443054
    ]
  ],
  "root_rot": [
    -0.9692603349685669,
    0.04629090055823326,
    0.24164310097694397,
    -0.08243033289909363,
    -0.9864771962165833,
    -0.14166159927845,
    0.23181776702404022,
    -0.15722572803497314,
    0.9599689841270447
  ],
  "root_trans": [
    -1.0397937297821045,
    0.5348807573318481,
    2.539354085922241
  ]
}