{
  "betas": [
    -0.4343622326850891,
    0.9218175411224365,
    1.0164989233016968,
    0.706157922744751,
    -0.005206316709518433,
    0.08859184384346008,
    0.14453455805778503,
    0.7499546408653259,
    0.02957889437675476,
    0.39949047565460205
  ],
  "joints": [
    [
      0.9808043241500854,
      -0.14198331534862518,
      -0.13365495204925537,
      0.1905461847782135,
      0.5522975325584412,
      0.8115784525871277,
      -0.04141330346465111,
      -0.8214670419692993,
      0.5687502026557922
    ],
    [
      0.9843281507492065,
      -0.174570694565773,
      -0.024963494390249252,
      0.1757132112979889,
      0.9589297771453857,
      0.2226625680923462,
      -0.014932120218873024,
      -0.2235594540834427,
      0.974575936794281
    ],
    [
      0.9941043853759766,
      0.03759153559803963,
      0.10170243680477142,
      0.0034743486903607845,
      0.926451563835144,
      -0.376397967338562,
      -0.10837174952030182,
      0.37453219294548035,
      0.9208589792251587
    ],
    [
      0.8926802277565002,
      0.3824312388896942,
      -0.23847061395645142,
      -0.081871397793293,
      -0.38271719217300415,
      -0.9202306270599365,
      -0.443191796541214,
      0.840995728969574,
      -0.31033387780189514
    ],
    [
      0.9973639845848083,
      -0.05257698521018028,
      -0.05000681430101395,
      0.024485187605023384,
      0.8926177620887756,
      -0.4501488208770752,
      0.06830444186925888,
      0.44773781299591064,
      0.8915521502494812
    ],
    [
      0.9871627688407898,
      -0.08898979425430298,
      -0.1326293796300888,
      0.10791664570569992,
      0.9838031530380249,
      0.14312711358070374,
      0.11774435639381409,
      -0.15560266375541687,
      0.9807773232460022
    ],
    [
      0.9810128211975098,
      -0.07240542024374008,
      0.17992055416107178,
      0.09092746675014496,
      0.9911301136016846,
      -0.09691938757896423,
      -0.17130717635154724,
      0.11143887042999268,
      0.9788950085639954
    ],
    [
      0.9177046418190002,
      -0.2192928045988083,
      -0.3312535285949707,
      0.27921202778816223,
      0.9491950273513794,
      0.14515331387519836,
      0.28259313106536865,
      -0.2256978303194046,
      0.9323098659515381
    ],
    [
      0.9987216591835022,
      -0.05003384128212929,
      0.007197651546448469,
      0.0505194254219532,
      0.9928306937217712,
      -0.10832756012678146,
      -0.0017260066233575344,
      0.10855268687009811,
      0.9940891861915588
    ],
    [
      0.9370614886283875,
      -0.3211877644062042,
      0.1369457244873047,
      0.1026737168431282,
      0.6283398270606995,
      0.7711336612701416,
      -0.3337271511554718,
      -0.7085390090942383,
      0.6217706203460693
    ],
    [
      0.7976292967796326,
      0.2736563980579376,
      0.5374938249588013,
      -0.18898770213127136,
      0.9596662521362305,
      -0.20814502239227295,
      -0.5727748870849609,
      0.06444285064935684,
      0.8171756267547607
    ],
    [
      0.9806793332099915,
      0.1612880825996399,
      -0.11069893091917038,
      -0.18344753980636597,
      0.9547514319419861,
      -0.23408716917037964,
      0.06793449074029922,
      0.2498718798160553,
      0.9658929109573364
    ],
    [
      0.8444582223892212,
      -0.33231374621391296,
      -0.42006874084472656,
      0.4919094741344452,
      0.7914814949035645,
      0.3627423942089081,
      0.21193234622478485,
      -0.5129566192626953,
      0.8318413496017456
    ],
    [
      0.884194552898407,
      -0.3324476182460785,
      0.3281441032886505,
      0.3235536217689514,
      0.9425545334815979,
      0.08309042453765869,
      -0.3369169235229492,
      0.03270412236452103,
      0.9409661889076233
    ],
    [
      0.9891253709793091,
      0.0044102780520915985,
      -0.14700913429260254,
      0.018981214612722397,
      0.9873632192611694,
      0.15733273327350616,
      0.14584529399871826,
      -0.15841218829154968,
      0.9765422940254211
    ],
    [
      0.8300897479057312,
      0.18898461759090424,
      -0.5246292352676392,
      -0.03022514469921589,
      0.9546853303909302,
      0.2960782051086426,
      0.5568100810050964,
      -0.22991448640823364,
      0.7981866002082825
    ],
    [
      0.6956017017364502,
      -0.6407136917114258,
      0.32499876618385315,
      0.6800557971000671,
      0.7330880165100098,
      -0.010303011164069176,
      -0.2316513955593109,
      0.2281840741634369,
      0.9456583261489868
    ],
    [
      0.40924686193466187,
      -0.12593580782413483,
      -0.903690755367279,
      0.41899120807647705,
      0.9057657122612,
      0.06352006644010544,
      0.8105326890945435,
      -0.40463390946388245,
      0.42344775795936584
    ],
    [
      0.8945951461791992,
      0.10024434328079224,
      0.435488760471344,
      -0.011736774817109108,
      0.9794495105743408,
      -0.20134755969047546,
      -0.44672322273254395,
      0.17501333355903625,
      0.8773873448371887
    ],
    [
      0.9366028904914856,
      -0.20980913937091827,
      0.28063368797302246,
      0.342791885137558,
      0.7145717740058899,
      -0.6098204851150513,
      -0.07258699834346771,
      0.6673584580421448,
      0.7411908507347107
    ],
    [
      0.9546940922737122,
      0.26957911252975464,
      -0.12604084610939026,
      -0.2935960292816162,
      0.7840827703475952,
      -0.5468232035636902,
      -0.04858564957976341,
      0.5590539574623108,
      0.827706515789032
    ],
    [
      0.9001298546791077,
      0.30391040444374084,
      -0.3120971918106079,
      -0.1640426516532898,
      0.9001789689064026,
      0.40344497561454773,
      0.40355443954467773,
      -0.31195563077926636,
      0.8601322174072266
    ],
    [
      0.9470795392990112,
      -0.25310367345809937,
      0.19743068516254425,
      0.17944000661373138,
      0.9274209141731262,
      0.32816416025161743,
      -0.26616090536117554,
      -0.27537059783935547,
      0.9237582683563232
    ]
  ],
  "root_rot": [
    -0.046575579792261124,
    0.16285903751850128,
    -0.9855494499206543,
    0.04960949718952179,
    -0.9850255250930786,
    -0.16511693596839905,
    -0.9976821541786194,
    -0.05658303201198578,
    0.03779878094792366
  ],
  "root_trans": [
    0.006790049374103546,
    0.48979687690734863,
    2.5401976108551025
  ]
}