{
  "betas": [
    -0.8155314326286316,
    1.1131163835525513,
    1.0716092586517334,
    -1.066696286201477,
    -0.6607381701469421,
    -0.3346874713897705,
    0.6989294290542603,
    0.5068614482879639,
    -0.5270857810974121,
    1.1461970806121826
  ],
  "joints": [
    [
      0.7885338664054871,
      -0.6056089401245117,
      0.1070142537355423,
      0.604686975479126,
      0.7952137589454651,
      0.044595032930374146,
      -0.11210635304450989,
      0.029545435681939125,
      0.9932568073272705
    ],
    [
      0.8369155526161194,
      0.42666003108024597,
      0.34283167123794556,
      -0.40278854966163635,
      0.05600854381918907,
      0.9135777950286865,
      0.3705856502056122,
      -0.9026761651039124,
      0.2187281996011734
    ],
    [
      0.98377925157547,
      -0.1463937908411026,
      -0.10366858541965485,
      0.06009203568100929,
      0.8134769797325134,
      -0.5784844160079956,
      0.16901850700378418,
      0.5628713369369507,
      0.8090788722038269
    ],
    [
      0.9872931241989136,
      -0.044119127094745636,
      -0.15266206860542297,
      -0.03359973803162575,
      0.8810083866119385,
      -0.47190597653388977,
      0.15531665086746216,
      0.47103896737098694,
      0.8683311343193054
    ],
    [
      0.9887348413467407,
      -0.1489156037569046,
      0.015084315091371536,
      0.12026391923427582,
      0.7303942441940308,
      -0.6723546385765076,
      0.08910661190748215,
      0.6665945649147034,
      0.740075409412384
    ],
    [
      0.9777407050132751,
      -0.16704997420310974,
      -0.12695400416851044,
      0.13018737733364105,
      0.957522988319397,
      -0.25729548931121826,
      0.16454260051250458,
      0.23504048585891724,
      0.9579569697380066
    ],
    [
      0.9742718935012817,
      0.2242882251739502,
      0.02211630903184414,
      -0.22276434302330017,
      0.9732300043106079,
      -0.056563496589660645,
      -0.03421077877283096,
      0.050181496888399124,
      0.9981540441513062
    ],
    [
      0.8725835680961609,
      -0.4873843491077423,
      -0.0324709452688694,
      0.41043975949287415,
      0.7676209211349487,
      -0.49223700165748596,
      0.2648339867591858,
      0.41619056463241577,
      0.8698553442955017
    ],
    [
      0.9902411103248596,
      -0.11452055722475052,
      -0.07942026853561401,
      0.12013088911771774,
      0.9902961254119873,
      0.06987208873033524,
      0.07064779847860336,
      -0.07873103767633438,
      0.9943894147872925
    ],
    [
      0.9379162192344666,
      -0.21481449902057648,
      0.2723378837108612,
      -0.021628834307193756,
      0.7473999857902527,
      0.6640222072601318,
      -0.34618690609931946,
      -0.6286875605583191,
      0.6963523626327515
    ],
    [
      0.8901984691619873,
      0.4411037266254425,
      0.11390470713376999,
      -0.4233826696872711,
      0.8933372497558594,
      -0.15065090358257294,
      -0.16820800304412842,
      0.08588391542434692,
      0.9820031523704529
    ],
    [
      0.9975882768630981,
      0.06019387021660805,
      -0.03455996885895729,
      -0.06789001822471619,
      0.9498118162155151,
      -0.30536624789237976,
      0.014444293454289436,
      0.3069760501384735,
      0.9516077041625977
    ],
    [
      0.8418301939964294,
      0.09010625630617142,
      -0.5321680903434753,
      0.06508731842041016,
      0.9618240594863892,
      0.2658160626888275,
      0.5358037352561951,
      -0.2584093511104584,
      0.8038277626037598
    ],
    [
      0.9117527008056641,
      -0.1421627700328827,
      0.3853527009487152,
      0.09569504857063293,
      0.9858965873718262,
      0.13729648292064667,
      -0.3994363844394684,
      -0.08830410242080688,
      0.9124981760978699
    ],
    [
      0.9861222505569458,
      -0.1627458781003952,
      0.03281267732381821,
      0.14769193530082703,
      0.95022052526474,
      0.27435025572776794,
      -0.07582864910364151,
      -0.2656967043876648,
      0.9610698819160461
    ],
    [
      0.5925583243370056,
      0.4604526460170746,
      -0.6609523296356201,
      -0.48661288619041443,
      0.8585007786750793,
      0.16181564331054688,
      0.6419365406036377,
      0.22574274241924286,
      0.7327739596366882
    ],
    [
      0.9114704132080078,
      -0.33392536640167236,
      0.24024058878421783,
      0.3210313022136688,
      0.9425744414329529,
      0.09215357899665833,
      -0.25721707940101624,
      -0.0068705142475664616,
      0.9663292169570923
    ],
    [
      -0.3955877125263214,
      -0.35242152214050293,
      -0.8481211066246033,
      0.14209213852882385,
      0.8888450264930725,
      -0.43561944365501404,
      0.9073699712753296,
      -0.2928370237350464,
      -0.3015398383140564
    ],
    [
      -0.5865911841392517,
      0.29420387744903564,
      0.7545560598373413,
      -0.11412037163972855,
      0.8923627138137817,
      -0.4366522431373596,
      -0.8018025755882263,
      -0.34224656224250793,
      -0.4898774325847626
    ],
    [
      0.8637767434120178,
      -0.4106912612915039,
      0.29192882776260376,
      0.5000337958335876,
      0.770068347454071,
      -0.39618298411369324,
      -0.06209626793861389,
      0.48818790912628174,
      0.8705266118049622
    ],
    [
      0.856816291809082,
      0.44430094957351685,
      -0.2616533637046814,
      -0.5135294198989868,
      0.6896371245384216,
      -0.5105763673782349,
      -0.046403687447309494,
      0.5718368887901306,
      0.8190539479255676
    ],
    [
      0.9557687044143677,
      0.12637802958488464,
      -0.26558375358581543,
      -0.11361519247293472,
      0.9915288090705872,
      0.06294659525156021,
      0.27128899097442627,
      -0.029988037422299385,
      0.9620306491851807
    ],
    [
      0.9169224500656128,
      -0.14468279480934143,
      0.3719140291213989,
      0.1822240799665451,
      0.9809265732765198,
      -0.06765574961900711,
      -0.3550317883491516,
      0.1298067718744278,
      0.9257982969284058
    ]
  ],
  "root_rot": [
    0.5130951404571533,
    0.6956322193145752,
    -0.5028213262557983,
    0.5837998390197754,
    -0.712273359298706,
    -0.389672189950943,
    -0.6292147636413574,
    -0.09360809624195099,
    -0.7715739607810974
  ],
  "root_trans": [
    -0.3320808708667755,
    0.3534337878227234,
    2.458137035369873
  ]
}