{
  "betas": [
    -0.925880491733551,
    0.9648398160934448,
    1.1467432975769043,
    0.4566499888896942,
    0.10098779201507568,
    -0.20733189582824707,
    -0.3093597888946533,
    0.8871585726737976,
    0.10877267271280289,
    1.0370748043060303
  ],
  "joints": [
    [
      0.9953010678291321,
      -0.024495339021086693,
      0.09367866069078445,
      0.05138373002409935,
      0.9536257386207581,
      -0.2965766489505768,
      -0.08206963539123535,
      0.29999661445617676,
      0.9504033923149109
    ],
    [
      0.9934868812561035,
      0.0608840212225914,
      0.09631611406803131,
      -0.10294099152088165,
      0.8419939875602722,
      0.5295746326446533,
      -0.04885495454072952,
      -0.5360404253005981,
      0.8427774310112
    ],
    [
      0.9878114461898804,
      -0.06191582605242729,
      -0.14281034469604492,
      0.04180674999952316,
      0.9893051981925964,
      -0.13974086940288544,
      0.14993517100811005,
      0.1320672184228897,
      0.9798355102539062
    ],
    [
      0.9997974634170532,
      0.012248936109244823,
      -0.015969719737768173,
      -0.011927628889679909,
      0.9997276067733765,
      0.020061807706952095,
      0.01621110551059246,
      -0.01986726187169552,
      0.999671220779419
    ],
    [
      0.9983843564987183,
      0.04798559844493866,
      0.030429312959313393,
      -0.036943111568689346,
      0.9550844430923462,
      -0.29402217268943787,
      -0.04317139461636543,
      0.2924230098724365,
      0.9553140997886658
    ],
    [
      0.9862962365150452,
      -0.023388871923089027,
      -0.16331793367862701,
      0.021046049892902374,
      0.9996495842933655,
      -0.016060885041952133,
      0.16363632678985596,
      0.01240359153598547,
      0.9864428639411926
    ],
    [
      0.992552638053894,
      -0.0721389651298523,
      0.09815936535596848,
      0.05249178409576416,
      0.9804273843765259,
      0.18975448608398438,
      -0.10992682725191116,
      -0.18318875133991241,
      0.9769124984741211
    ],
    [
      0.8864467740058899,
      -0.46214956045150757,
      -0.02509920857846737,
      0.44623294472694397,
      0.8677924871444702,
      -0.21866022050380707,
      0.12283463776111603,
      0.1826305389404297,
      0.9754782319068909
    ],
    [
      0.9985588192939758,
      0.007968103513121605,
      -0.053073085844516754,
      -0.007952445186674595,
      0.9999682903289795,
      0.0005062346463091671,
      0.053075432777404785,
      -8.344434172613546e-05,
      0.9985905289649963
    ],
    [
      0.9263513684272766,
      -0.3460697531700134,
      0.14869028329849243,
      0.23384103178977966,
      0.8378674387931824,
      0.4932509958744049,
      -0.2952820062637329,
      -0.42215389013290405,
      0.8570849299430847
    ],
    [
      0.8868237733840942,
      0.4053954482078552,
      0.22180649638175964,
      -0.4149414300918579,
      0.9098397493362427,
      -0.0038997395895421505,
      -0.20338931679725647,
      -0.08857832103967667,
      0.9750828742980957
    ],
    [
      0.9811437129974365,
      0.015996523201465607,
      -0.19261686503887177,
      3.86413921660278e-05,
      0.9965529441833496,
      0.08295897394418716,
      0.19327996671199799,
      -0.08140210807323456,
      0.9777610301971436
    ],
    [
      0.8453357815742493,
      0.25385308265686035,
      -0.4700702130794525,
      -0.15415653586387634,
      0.9583722949028015,
      0.24032948911190033,
      0.5115106701850891,
      -0.13069473206996918,
      0.849279522895813
    ],
    [
      0.8868410587310791,
      -0.24378040432929993,
      0.39253556728363037,
      0.21881549060344696,
      0.9697808027267456,
      0.1079113557934761,
      -0.4069801867008209,
      -0.009807351976633072,
      0.9133843779563904
    ],
    [
      0.9984328150749207,
      0.02034313976764679,
      0.05213579162955284,
      -0.022236106917262077,
      0.9991047978401184,
      0.03598930686712265,
      -0.051356978714466095,
      -0.03709219768643379,
      0.9979913830757141
    ],
    [
      0.3742859363555908,
      0.5878073573112488,
      -0.7172116637229919,
      -0.7465381026268005,
      0.6498005986213684,
      0.14296872913837433,
      0.5500826239585876,
      0.4819146692752838,
      0.6820318102836609
    ],
    [
      0.6938844919204712,
      -0.5600606799125671,
      0.4526105523109436,
      0.6057958006858826,
      0.7938166260719299,
      0.053540948778390884,
      -0.3892759680747986,
      0.23703832924365997,
      0.8900994658470154
    ],
    [
      -0.3267979323863983,
      -0.4174477458000183,
      -0.8479036688804626,
      -0.08238860964775085,
      0.906330943107605,
      -0.41445913910865784,
      0.9414963126182556,
      -0.06558678299188614,
      -0.3305800259113312
    ],
    [
      -0.5606353878974915,
      0.43432003259658813,
      0.7050206065177917,
      0.0325171984732151,
      0.8623000979423523,
      -0.5053524971008301,
      -0.8274240493774414,
      -0.2603932023048401,
      -0.4975588321685791
    ],
    [
      0.7726633548736572,
      -0.5025331377983093,
      0.3878810703754425,
      0.6238482594490051,
      0.7141761779785156,
      -0.31743624806404114,
      -0.11749317497015,
      0.48725029826164246,
      0.8653221726417542
    ],
    [
      0.7107610702514648,
      0.6383274793624878,
      -0.2955615818500519,
      -0.6979103684425354,
      0.5873636603355408,
      -0.40978649258613586,
      -0.08797584474086761,
      0.4975357949733734,
      0.8629705905914307
    ],
    [
      0.879387378692627,
      0.3148327171802521,
      -0.35715290904045105,
      -0.17715652287006378,
      0.9126635789871216,
      0.3683215081691742,
      0.44192013144493103,
      -0.26062530279159546,
      0.8583595156669617
    ],
    [
      0.9160548448562622,
      -0.31525811553001404,
      0.24790289998054504,
      0.20176109671592712,
      0.8964741826057434,
      0.39449524879455566,
      -0.34660637378692627,
      -0.3113621175289154,
      0.8848263621330261
    ]
  ],
  "root_rot": [
    0.6423800587654114,
    -0.006987913977354765,
    -0.7663543820381165,
    0.05742575228214264,
    -0.9967084527015686,
    0.057224273681640625,
    -0.7642316818237305,
    -0.08076821267604828,
    -0.6398643255233765
  ],
  "root_trans": [
    0.15581710636615753,
    0.5061971545219421,
    2.709977626800537
  ]
}