{
  "betas": [
    -0.6777566075325012,
    0.5337690711021423,
    1.2495574951171875,
    0.36556392908096313,
    0.3445417881011963,
    0.2720850110054016,
    0.2776312530040741,
    0.2960360646247864,
    0.10137101262807846,
    0.9950231909751892
  ],
  "joints": [
    [
      0.9595152139663696,
      -0.27952051162719727,
      0.034623246639966965,
      0.2756337821483612,
      0.9571609497070312,
      0.08870667964220047,
      -0.057935360819101334,
      -0.07557208091020584,
      0.995455801486969
    ],
    [
      0.9523777365684509,
      0.2911037802696228,
      -0.09074794501066208,
      -0.264272004365921,
      0.9364773631095886,
      0.2305872142314911,
      0.15210820734500885,
      -0.1956239938735962,
      0.9688107967376709
    ],
    [
      0.9999100565910339,
      -0.010781384073197842,
      0.007972349412739277,
      0.011922700330615044,
      0.9869316220283508,
      -0.16069823503494263,
      -0.00613561412319541,
      0.16077883541584015,
      0.986971378326416
    ],
    [
      0.9996736645698547,
      0.021015165373682976,
      0.014520451426506042,
      -0.018698399886488914,
      0.9893251061439514,
      -0.14452026784420013,
      -0.017402561381459236,
      0.1442016065120697,
      0.9893952012062073
    ],
    [
      0.9994072318077087,
      0.03442053869366646,
      0.0007030109409242868,
      -0.03317439928650856,
      0.9682830572128296,
      -0.24764354526996613,
      -0.009204738773405552,
      0.24747340381145477,
      0.9688509702682495
    ],
    [
      0.9942742586135864,
      0.03551598638296127,
      -0.10078360140323639,
      -0.040235307067632675,
      0.9981680512428284,
      -0.04518595710396767,
      0.09899413585662842,
      0.04898228868842125,
      0.9938818216323853
    ],
    [
      0.9972061514854431,
      -0.03786316514015198,
      0.06439104676246643,
      0.03849538788199425,
      0.9992217421531677,
      -0.008605951443314552,
      -0.06401508301496506,
      0.011060667224228382,
      0.9978876113891602
    ],
    [
      0.9430910348892212,
      -0.31581491231918335,
      -0.10411660373210907,
      0.3071882128715515,
      0.9472975134849548,
      -0.09090039134025574,
      0.12733709812164307,
      0.05374395102262497,
      0.9904024004936218
    ],
    [
      0.9982813000679016,
      0.052139658480882645,
      0.02675967663526535,
      -0.05355022847652435,
      0.997048020362854,
      0.055025167763233185,
      -0.023811686784029007,
      -0.05636357516050339,
      0.9981265068054199
    ],
    [
      0.9911850094795227,
      -0.09597251564264297,
      0.09133202582597733,
      0.0534493513405323,
      0.920459508895874,
      0.38716578483581543,
      -0.12122472375631332,
      -0.37887129187583923,
      0.9174753427505493
    ],
    [
      0.9625762104988098,
      0.2710018754005432,
      -0.0022483214270323515,
      -0.27048689126968384,
      0.9601649641990662,
      -0.07014334946870804,
      -0.016850221902132034,
      0.06812646239995956,
      0.9975343942642212
    ],
    [
      0.9741865992546082,
      -0.07057753950357437,
      -0.21442784368991852,
      0.0828949511051178,
      0.9953532218933105,
      0.04899348318576813,
      0.20997360348701477,
      -0.06550377607345581,
      0.97551029920578
    ],
    [
      0.8988886475563049,
      0.3747453987598419,
      -0.22707946598529816,
      -0.34676477313041687,
      0.925194501876831,
      0.15417276322841644,
      0.2678682208061218,
      -0.05984097719192505,
      0.961595356464386
    ],
    [
      0.8866558074951172,
      -0.1658688485622406,
      0.4316583573818207,
      0.10101781040430069,
      0.9803867936134338,
      0.16922540962696075,
      -0.45126134157180786,
      -0.106439508497715,
      0.8860213756561279
    ],
    [
      0.9964116811752319,
      -0.07577508687973022,
      0.03770823776721954,
      0.06427197903394699,
      0.9672824740409851,
      0.24542561173439026,
      -0.05507166311144829,
      -0.2421213686466217,
      0.9686817526817322
    ],
    [
      0.4774401783943176,
      0.7097752094268799,
      -0.5179478526115417,
      -0.8635158538818359,
      0.488007515668869,
      -0.12723594903945923,
      0.16245350241661072,
      0.5080037713050842,
      0.8458965420722961
    ],
    [
      0.6403029561042786,
      -0.5967879891395569,
      0.483586847782135,
      0.6201029419898987,
      0.7731513977050781,
      0.13307593762874603,
      -0.4533040225505829,
      0.21466472744941711,
      0.8651211261749268
    ],
    [
      0.07417339086532593,
      -0.39205417037010193,
      -0.916947066783905,
      0.04705061763525009,
      0.9198316931724548,
      -0.3894815742969513,
      0.9961348176002502,
      -0.014253756031394005,
      0.08667342364788055
    ],
    [
      -0.0667242482304573,
      0.3128725290298462,
      0.9474485516548157,
      0.06891216337680817,
      0.9487422108650208,
      -0.30844661593437195,
      -0.995388925075531,
      0.044709865003824234,
      -0.08486483246088028
    ],
    [
      0.9503015279769897,
      -0.24166297912597656,
      0.19628044962882996,
      0.3070077896118164,
      0.8321057558059692,
      -0.46189427375793457,
      -0.05170333757996559,
      0.49919843673706055,
      0.86494380235672
    ],
    [
      0.9717974662780762,
      0.23581480979919434,
      -0.0010053751757368445,
      -0.21533629298210144,
      0.8856511116027832,
      -0.4114029109477997,
      -0.09612449258565903,
      0.40001681447029114,
      0.9114530086517334
    ],
    [
      0.9926027059555054,
      -0.0520784929394722,
      -0.10967129468917847,
      0.04573415219783783,
      0.9971746206283569,
      -0.0595918670296669,
      0.11246488243341446,
      0.05413531884551048,
      0.9921799898147583
    ],
    [
      0.9810914397239685,
      -0.06082400307059288,
      0.18373893201351166,
      0.06418648362159729,
      0.997860848903656,
      -0.012403122149407864,
      -0.18259146809577942,
      0.02396215684711933,
      0.9828968048095703
    ]
  ],
  "root_rot": [
    -0.9551624059677124,
    -0.053662266582250595,
    -0.2911788523197174,
    0.06811431050300598,
    -0.9968866109848022,
    -0.03971795365214348,
    -0.2881409525871277,
    -0.05777054280042648,
    0.9558438062667847
  ],
  "root_trans": [
    -0.5459520220756531,
    0.5702556371688843,
    2.282273292541504
  ]
}