{
  "betas": [
    -0.8355191349983215,
    0.8452917337417603,
    1.5334125757217407,
    0.6048169136047363,
    0.04962259531021118,
    -0.19253507256507874,
    -0.048033714294433594,
    0.8133743405342102,
    0.14160892367362976,
    0.8824161887168884
  ],
  "joints": [
    [
      0.9762151837348938,
      -0.043979134410619736,
      -0.2122964859008789,
      0.16007119417190552,
      0.8066338896751404,
      0.5689631700515747,
      0.1462230235338211,
      -0.5894129872322083,
      0.7944880723953247
    ],
    [
      0.92845618724823,
      0.2740083634853363,
      -0.2507757246494293,
      -0.3125207722187042,
      0.9411497116088867,
      -0.12871652841567993,
      0.20074810087680817,
      0.19788029789924622,
      0.9594495892524719
    ],
    [
      0.976382851600647,
      0.022364187985658646,
      0.21488696336746216,
      0.007742393761873245,
      0.9903669953346252,
      -0.13825082778930664,
      -0.21590881049633026,
      0.1366494596004486,
      0.9668042063713074
    ],
    [
      0.994634747505188,
      0.08394737541675568,
      0.06045336648821831,
      -0.051680151373147964,
      0.9094468951225281,
      -0.41259610652923584,
      -0.08961549401283264,
      0.40725815296173096,
      0.9089059233665466
    ],
    [
      0.9976717829704285,
      0.021019767969846725,
      0.06487704813480377,
      -0.0033079837448894978,
      0.9651109576225281,
      -0.2618202269077301,
      -0.06811695545911789,
      0.26099610328674316,
      0.9629334807395935
    ],
    [
      0.9977513551712036,
      0.0331021249294281,
      -0.05827954784035683,
      -0.03394637256860733,
      0.9993317127227783,
      -0.013555740006268024,
      0.057791877537965775,
      0.015503636561334133,
      0.9982082843780518
    ],
    [
      0.9950417280197144,
      0.09348373115062714,
      -0.03395042568445206,
      -0.0960705354809761,
      0.9917485117912292,
      -0.08488377928733826,
      0.0257350355386734,
      0.08772455155849457,
      0.995812177658081
    ],
    [
      0.9303075671195984,
      -0.09280230849981308,
      -0.35484579205513,
      0.2046453356742859,
      0.9342045783996582,
      0.292202353477478,
      0.30438145995140076,
      -0.3444555997848511,
      0.888089120388031
    ],
    [
      0.9878988265991211,
      0.03972330316901207,
      0.14992718398571014,
      -0.03822752833366394,
      0.9991864562034607,
      -0.012846594676375389,
      -0.1503155380487442,
      0.0069597866386175156,
      0.9886136651039124
    ],
    [
      0.9437767863273621,
      -0.3098815083503723,
      0.11514697968959808,
      0.183554008603096,
      0.7808986306190491,
      0.5970805883407593,
      -0.2749423682689667,
      -0.5423751473426819,
      0.7938739657402039
    ],
    [
      0.8580197095870972,
      0.27948349714279175,
      0.43091899156570435,
      -0.32124847173690796,
      0.9466466903686523,
      0.025678565725684166,
      -0.4007513225078583,
      -0.16046477854251862,
      0.9020251631736755
    ],
    [
      0.9751854538917542,
      -0.06351053714752197,
      -0.21208451688289642,
      0.05571965128183365,
      0.9975407719612122,
      -0.04251774773001671,
      0.21426327526569366,
      0.029645409435033798,
      0.976326048374176
    ],
    [
      0.9649311304092407,
      0.251723051071167,
      0.07445479184389114,
      -0.25637301802635193,
      0.9646342992782593,
      0.061266712844371796,
      -0.0563993938267231,
      -0.07820635288953781,
      0.9953406453132629
    ],
    [
      0.9066734313964844,
      -0.2665286362171173,
      0.326964408159256,
      0.24616622924804688,
      0.9637408256530762,
      0.10298413783311844,
      -0.3425571918487549,
      -0.012885385192930698,
      0.939408540725708
    ],
    [
      0.989002525806427,
      -0.14324809610843658,
      -0.03679667413234711,
      0.14220568537712097,
      0.9893959164619446,
      -0.029549244791269302,
      0.04063935577869415,
      0.023991581052541733,
      0.9988857507705688
    ],
    [
      0.6350905895233154,
      0.7273716330528259,
      -0.25998160243034363,
      -0.7609119415283203,
      0.5311889052391052,
      -0.3726276755332947,
      -0.13293947279453278,
      0.43447545170783997,
      0.8908188343048096
    ],
    [
      0.46886199712753296,
      -0.629981517791748,
      0.6191055774688721,
      0.7147752046585083,
      0.682397186756134,
      0.15307031571865082,
      -0.518907368183136,
      0.3707524538040161,
      0.7702453136444092
    ],
    [
      -0.10051818937063217,
      -0.2950761914253235,
      -0.9501715898513794,
      -0.1750807911157608,
      0.945351779460907,
      -0.27505767345428467,
      0.979409396648407,
      0.13870848715305328,
      -0.14668722450733185
    ],
    [
      -0.24108977615833282,
      0.3297581672668457,
      0.912762463092804,
      0.3939242660999298,
      0.8927950263023376,
      -0.2184964269399643,
      -0.8869607448577881,
      0.3068820536136627,
      -0.34514349699020386
    ],
    [
      0.9693809151649475,
      -0.24538755416870117,
      0.009256632067263126,
      0.2299477905035019,
      0.8938694000244141,
      -0.38486573100090027,
      0.08616703748703003,
      0.3752099871635437,
      0.9229262471199036
    ],
    [
      0.9791272282600403,
      0.20210584998130798,
      0.02151910960674286,
      -0.19536808133125305,
      0.965070903301239,
      -0.1745550036430359,
      -0.056046053767204285,
      0.16670741140842438,
      0.9844122529029846
    ],
    [
      0.4094749689102173,
      0.7078835964202881,
      -0.5755268335342407,
      -0.18854829668998718,
      0.6828809976577759,
      0.7057784199714661,
      0.8926252126693726,
      -0.18048398196697235,
      0.4130929410457611
    ],
    [
      0.8832759857177734,
      -0.38645294308662415,
      0.26547637581825256,
      0.11151491105556488,
      0.7231372594833374,
      0.6816428899765015,
      -0.45539870858192444,
      -0.5724742412567139,
      0.6818250417709351
    ]
  ],
  "root_rot": [
    0.2899983525276184,
    -0.05483279377222061,
    0.9554550647735596,
    -0.029287612065672874,
    -0.9983981847763062,
    -0.04840793088078499,
    0.9565789103507996,
    -0.013944774866104126,
    -0.29113975167274475
  ],
  "root_trans": [
    0.27834612131118774,
    0.5380120873451233,
    2.651827335357666
  ]
}