{
  "betas": [
    -0.6425521373748779,
    0.6469179391860962,
    1.3687233924865723,
    0.4802772104740143,
    0.5972929000854492,
    -0.20646932721138,
    0.05097806453704834,
    0.3076200485229492,
    0.06355619430541992,
    0.7163498401641846
  ],
  "joints": [
    [
      0.9516188502311707,
      -0.303653746843338,
      0.047073621302843094,
      0.30435726046562195,
      0.9525208473205566,
      -0.008403688669204712,
      -0.04228679835796356,
      0.02232430875301361,
      0.9988560080528259
    ],
    [
      0.916044294834137,
      0.39048343896865845,
      -0.09157229959964752,
      -0.35963666439056396,
      0.9007726311683655,
      0.24345457553863525,
      0.177550807595253,
      -0.19008243083953857,
      0.9655798077583313
    ],
    [
      0.9928629994392395,
      -0.11834318190813065,
      -0.014764076098799706,
      0.11619704961776733,
      0.9877964854240417,
      -0.1037130132317543,
      0.026857629418373108,
      0.10125727206468582,
      0.9944977164268494
    ],
    [
      0.9990678429603577,
      0.011109128594398499,
      -0.04171455278992653,
      -0.020392008125782013,
      0.9731597900390625,
      -0.2292250692844391,
      0.038048435002565384,
      0.2298620194196701,
      0.9724791646003723
    ],
    [
      0.996202826499939,
      -0.027674518525600433,
      0.08254760503768921,
      0.048530448228120804,
      0.9636846780776978,
      -0.26259589195251465,
      -0.07228264957666397,
      0.26560482382774353,
      0.9613684415817261
    ],
    [
      0.995108425617218,
      0.018154533579945564,
      -0.09710580855607986,
      -0.015323896892368793,
      0.9994379281997681,
      0.029816795140504837,
      0.09759253263473511,
      -0.02818290702998638,
      0.9948273301124573
    ],
    [
      0.9818466305732727,
      -0.008712802082300186,
      0.1894764006137848,
      0.003143547335639596,
      0.9995546936988831,
      0.029673565179109573,
      -0.18965058028697968,
      -0.02853926084935665,
      0.9814367890357971
    ],
    [
      0.9265371561050415,
      -0.37547436356544495,
      -0.02340801991522312,
      0.37290287017822266,
      0.9248529076576233,
      -0.07476991415023804,
      0.04972316324710846,
      0.06054818257689476,
      0.9969260692596436
    ],
    [
      0.9976285099983215,
      0.045067109167575836,
      0.052022140473127365,
      -0.04442707449197769,
      0.9989228248596191,
      -0.013395174406468868,
      -0.052569787949323654,
      0.011052216403186321,
      0.9985560774803162
    ],
    [
      0.9959726929664612,
      -0.07461580634117126,
      0.04970744997262955,
      0.0485767237842083,
      0.915087103843689,
      0.40031978487968445,
      -0.07535683363676071,
      -0.3962929844856262,
      0.9150263667106628
    ],
    [
      0.9800434112548828,
      0.1878269761800766,
      0.06508445739746094,
      -0.18850429356098175,
      0.9820626974105835,
      0.004370922688394785,
      -0.06309603154659271,
      -0.016552388668060303,
      0.9978702664375305
    ],
    [
      0.9889719486236572,
      0.0008678754093125463,
      -0.14810054004192352,
      0.006844773888587952,
      0.9986464977264404,
      0.051559511572122574,
      0.14794482290744781,
      -0.052004624158144,
      0.9876274466514587
    ],
    [
      0.9134738445281982,
      0.32760173082351685,
      -0.2413351684808731,
      -0.28608494997024536,
      0.9388536810874939,
      0.19159643352031708,
      0.28934571146965027,
      -0.10597596317529678,
      0.9513401985168457
    ],
    [
      0.8919647336006165,
      -0.020179759711027145,
      0.4516543447971344,
      -0.10607709735631943,
      0.9617748260498047,
      0.252461701631546,
      -0.4394843578338623,
      -0.27309712767601013,
      0.8557286262512207
    ],
    [
      0.963822603225708,
      -0.05474143102765083,
      0.2608625590801239,
      -0.002903763670474291,
      0.9764689207077026,
      0.21563856303691864,
      -0.26652854681015015,
      -0.20859482884407043,
      0.9409838318824768
    ],
    [
      0.5105241537094116,
      0.6882631182670593,
      -0.5154210925102234,
      -0.8513497710227966,
      0.4887363612651825,
      -0.19063134491443634,
      0.12070048600435257,
      0.5361255407333374,
      0.835464358329773
    ],
    [
      0.8563915491104126,
      -0.18842728435993195,
      0.4807168245315552,
      0.035960372537374496,
      0.9505376219749451,
      0.30852070450782776,
      -0.5150731801986694,
      -0.24692779779434204,
      0.8208082914352417
    ],
    [
      0.44355612993240356,
      -0.29050391912460327,
      -0.8478593826293945,
      -0.2564016878604889,
      0.8653416037559509,
      -0.43062999844551086,
      0.8587875962257385,
      0.40840113162994385,
      0.3093418776988983
    ],
    [
      0.6492201685905457,
      0.14949175715446472,
      0.7457648515701294,
      -0.4461197853088379,
      0.8689677119255066,
      0.21417798101902008,
      -0.6160277724266052,
      -0.47174912691116333,
      0.6308425664901733
    ],
    [
      0.9728949069976807,
      -0.1177554652094841,
      0.19902019202709198,
      0.21123242378234863,
      0.8027779459953308,
      -0.5576094388961792,
      -0.09410751610994339,
      0.5845350027084351,
      0.8058923482894897
    ],
    [
      0.9485048651695251,
      0.27884095907211304,
      -0.15028700232505798,
      -0.31444796919822693,
      0.7716047167778015,
      -0.5529453754425049,
      -0.03822161629796028,
      0.5717288851737976,
      0.8195518255233765
    ],
    [
      0.9736220240592957,
      0.07513047754764557,
      -0.2154427319765091,
      -0.05899695307016373,
      0.9950174689292908,
      0.08037126064300537,
      0.2204076200723648,
      -0.06554076075553894,
      0.9732034206390381
    ],
    [
      0.9834864735603333,
      -0.09103833138942719,
      0.15641777217388153,
      0.07124810665845871,
      0.9892400503158569,
      0.12778103351593018,
      -0.16636766493320465,
      -0.1145264282822609,
      0.9793905019760132
    ]
  ],
  "root_rot": [
    -0.9643077254295349,
    0.0014204748440533876,
    -0.26478055119514465,
    0.027434514835476875,
    -0.9940676093101501,
    -0.10524702817201614,
    -0.26335927844047546,
    -0.10875463485717773,
    0.9585481286048889
  ],
  "root_trans": [
    -0.5017630457878113,
    0.5897325873374939,
    2.342275619506836
  ]
}