{
  "betas": [
    -0.6510519981384277,
    0.96051025390625,
    1.2986197471618652,
    0.4387079179286957,
    0.1690949648618698,
    -0.29592061042785645,
    -0.5492901802062988,
    0.8792451620101929,
    0.2479330599308014,
    1.1236553192138672
  ],
  "joints": [
    [
      0.9849860072135925,
      -0.03320549800992012,
      0.1694106012582779,
      0.1023344099521637,
      0.902631938457489,
      -0.41807064414024353,
      -0.13903319835662842,
      0.42913028597831726,
      0.8924778699874878
    ],
    [
      0.9919914603233337,
      -0.0012169439578428864,
      0.1262996941804886,
      -0.07448596507310867,
      0.8019278645515442,
      0.5927593111991882,
      -0.10200458765029907,
      -0.5974196195602417,
      0.795414924621582
    ],
    [
      0.9746560454368591,
      -0.06593306362628937,
      -0.21377211809158325,
      0.04175853729248047,
      0.9924066662788391,
      -0.11569428443908691,
      0.2197769731283188,
      0.10383531451225281,
      0.9700084328651428
    ],
    [
      0.9974427819252014,
      0.03169279545545578,
      -0.06405732780694962,
      -0.03436555713415146,
      0.9985653758049011,
      -0.04106276109814644,
      0.06266403943300247,
      0.0431591235101223,
      0.9971009492874146
    ],
    [
      0.9987108111381531,
      -0.03194792941212654,
      -0.03944813460111618,
      -0.005112276878207922,
      0.7098605036735535,
      -0.7043237686157227,
      0.05050435662269592,
      0.7036173939704895,
      0.7087820172309875
    ],
    [
      0.9790658354759216,
      -0.027582630515098572,
      -0.201666459441185,
      0.02596207521855831,
      0.9996059536933899,
      -0.010676899924874306,
      0.20188148319721222,
      0.005217706318944693,
      0.9793961644172668
    ],
    [
      0.9921066164970398,
      -0.06354565173387527,
      0.10810383409261703,
      0.03811078518629074,
      0.9741085767745972,
      0.22284531593322754,
      -0.11946573108434677,
      -0.2169663906097412,
      0.9688413143157959
    ],
    [
      0.8953676819801331,
      -0.4325384795665741,
      -0.10595842450857162,
      0.44049397110939026,
      0.8951759934425354,
      0.0680081769824028,
      0.06543527543544769,
      -0.10756637156009674,
      0.9920422434806824
    ],
    [
      0.99013352394104,
      -0.001823270577006042,
      -0.14011496305465698,
      0.002408374799415469,
      0.9999890327453613,
      0.004006449598819017,
      0.14010612666606903,
      -0.0043043699115514755,
      0.9901270270347595
    ],
    [
      0.888558030128479,
      -0.4583917260169983,
      0.018482210114598274,
      0.3473900258541107,
      0.6986099481582642,
      0.6255112290382385,
      -0.29964104294776917,
      -0.5493825078010559,
      0.7799962162971497
    ],
    [
      0.8252377510070801,
      0.4501174986362457,
      0.3411406874656677,
      -0.4807857275009155,
      0.8768167495727539,
      0.006132248789072037,
      -0.2963576018810272,
      -0.1690761148929596,
      0.939992368221283
    ],
    [
      0.998477578163147,
      0.0528191477060318,
      0.01589381694793701,
      -0.054213203489780426,
      0.9928613901138306,
      0.10624127835035324,
      -0.01016878243535757,
      -0.10694119334220886,
      0.994213342666626
    ],
    [
      0.8808791041374207,
      0.2818757891654968,
      -0.38026049733161926,
      -0.22831659018993378,
      0.9567448496818542,
      0.18030774593353271,
      0.41463664174079895,
      -0.07200955599546432,
      0.9071334600448608
    ],
    [
      0.9486185908317566,
      -0.23326660692691803,
      0.21379750967025757,
      0.22670575976371765,
      0.9724054932594299,
      0.055063456296920776,
      -0.2207423597574234,
      -0.003765091532841325,
      0.975324809551239
    ],
    [
      0.9502481818199158,
      0.04738748446106911,
      0.30786824226379395,
      -0.04991517961025238,
      0.9987534284591675,
      0.00033585861092433333,
      -0.3074685335159302,
      -0.01568644866347313,
      0.951429009437561
    ],
    [
      0.3978102505207062,
      0.6225265860557556,
      -0.6739492416381836,
      -0.7823355197906494,
      0.613896906375885,
      0.1052691638469696,
      0.47926828265190125,
      0.48537734150886536,
      0.7312391400337219
    ],
    [
      0.6244427561759949,
      -0.6559087634086609,
      0.42409294843673706,
      0.7244937419891357,
      0.6892809271812439,
      -0.0007059836061671376,
      -0.29185616970062256,
      0.3076935410499573,
      0.9056182503700256
    ],
    [
      -0.34625720977783203,
      -0.36484649777412415,
      -0.8642875552177429,
      -0.09655632078647614,
      0.9302452802658081,
      -0.35400649905204773,
      0.9331574440002441,
      -0.03912488743662834,
      -0.35733237862586975
    ],
    [
      -0.5825461745262146,
      0.4207349717617035,
      0.6954293847084045,
      0.05160537734627724,
      0.8730190396308899,
      -0.4849480390548706,
      -0.8111577033996582,
      -0.24661672115325928,
      -0.5302860736846924
    ],
    [
      0.8840747475624084,
      -0.38345956802368164,
      0.2671527564525604,
      0.45316606760025024,
      0.8431218266487122,
      -0.28945812582969666,
      -0.11424683779478073,
      0.376967191696167,
      0.9191535711288452
    ],
    [
      0.8615930080413818,
      0.48743027448654175,
      -0.1416654884815216,
      -0.49913468956947327,
      0.7628040909767151,
      -0.41108930110931396,
      -0.09231436997652054,
      0.4249018728733063,
      0.9005200266838074
    ],
    [
      0.8727977871894836,
      0.36605536937713623,
      -0.3228428065776825,
      -0.2019623965024948,
      0.8730286359786987,
      0.4438830614089966,
      0.44433680176734924,
      -0.32221803069114685,
      0.8359068632125854
    ],
    [
      0.890295684337616,
      -0.2979021370410919,
      0.34442397952079773,
      0.1658269613981247,
      0.916494607925415,
      0.36405909061431885,
      -0.42411673069000244,
      -0.26700544357299805,
      0.8653513789176941
    ]
  ],
  "root_rot": [
    0.5146041512489319,
    -0.009288855828344822,
    -0.8573775291442871,
    0.06457266211509705,
    -0.996681809425354,
    0.04955505207180977,
    -0.8549929261207581,
    -0.08086438477039337,
    -0.5122967958450317
  ],
  "root_trans": [
    0.049408815801143646,
    0.5707892775535583,
    2.72373366355896
  ]
}