{
  "betas": [
    -0.10478389263153076,
    0.7953721284866333,
    1.1475706100463867,
    0.8088141679763794,
    0.5548977851867676,
    -0.11338800936937332,
    -0.45353078842163086,
    0.43429577350616455,
    0.18678398430347443,
    0.5913068056106567
  ],
  "joints": [
    [
      0.9722113609313965,
      -0.19191224873065948,
      -0.13406966626644135,
      0.22541150450706482,
      0.9220098853111267,
      0.3147814869880676,
      0.06320313364267349,
      -0.3362550139427185,
      0.9396477341651917
    ],
    [
      0.9892556667327881,
      0.04810751602053642,
      -0.13805392384529114,
      -0.05221732705831528,
      0.9982892274856567,
      -0.02630171924829483,
      0.13655245304107666,
      0.03322793170809746,
      0.9900753498077393
    ],
    [
      0.9939021468162537,
      -0.005504803266376257,
      0.11012765765190125,
      0.018317935988307,
      0.9931179285049438,
      -0.11567771434783936,
      -0.10873295366764069,
      0.11698964983224869,
      0.9871628880500793
    ],
    [
      0.9983386397361755,
      0.056571830064058304,
      0.010940201580524445,
      -0.045380156487226486,
      0.8889654278755188,
      -0.4557204842567444,
      -0.03550641983747482,
      0.454466849565506,
      0.890055775642395
    ],
    [
      0.9997754096984863,
      -0.020621441304683685,
      0.004898042418062687,
      0.021175827831029892,
      0.9816932678222656,
      -0.1892879605293274,
      -0.0009049847722053528,
      0.18934914469718933,
      0.981909453868866
    ],
    [
      0.9925379157066345,
      -0.0026731365360319614,
      -0.12190685421228409,
      -0.0007637914386577904,
      0.999603807926178,
      -0.02813776396214962,
      0.12193375825881958,
      0.028020912781357765,
      0.9921426177024841
    ],
    [
      0.9888639450073242,
      0.038644831627607346,
      0.14371716976165771,
      -0.04617227986454964,
      0.9977105259895325,
      0.049414798617362976,
      -0.1414785087108612,
      -0.05550026893615723,
      0.9883843064308167
    ],
    [
      0.973946750164032,
      -0.07461290061473846,
      -0.21415138244628906,
      0.13777758181095123,
      0.9447460770606995,
      0.2974429428577423,
      0.18012559413909912,
      -0.3191987872123718,
      0.9304123520851135
    ],
    [
      0.9978140592575073,
      0.019512057304382324,
      0.06313770264387131,
      -0.01673365756869316,
      0.9988808035850525,
      -0.04423879086971283,
      -0.06393022835254669,
      0.04308556392788887,
      0.9970238208770752
    ],
    [
      0.9696967005729675,
      -0.2434949427843094,
      0.0199618898332119,
      0.1598997265100479,
      0.6943110227584839,
      0.701686680316925,
      -0.18471693992614746,
      -0.6772313714027405,
      0.7122058868408203
    ],
    [
      0.8811179995536804,
      0.2581726908683777,
      0.3962043523788452,
      -0.26404857635498047,
      0.9636497497558594,
      -0.04071154445409775,
      -0.3923128843307495,
      -0.06874553859233856,
      0.9172592759132385
    ],
    [
      0.984324038028717,
      0.15721368789672852,
      0.0799378976225853,
      -0.15469881892204285,
      0.9872769713401794,
      -0.03677484020590782,
      -0.08470235764980316,
      0.023832062259316444,
      0.9961212277412415
    ],
    [
      0.95653235912323,
      0.23950234055519104,
      -0.1663867086172104,
      -0.2132747620344162,
      0.9636349678039551,
      0.16100206971168518,
      0.1988963931798935,
      -0.11851759999990463,
      0.9728278517723083
    ],
    [
      0.9176547527313232,
      -0.3440670669078827,
      0.19881534576416016,
      0.3512967526912689,
      0.9362634420394897,
      -0.0011655142297968268,
      -0.18574252724647522,
      0.07091272622346878,
      0.9800362586975098
    ],
    [
      0.9615076780319214,
      -0.11231672018766403,
      0.2507743537425995,
      0.13954029977321625,
      0.9857919216156006,
      -0.09350309520959854,
      -0.2367093563079834,
      0.12489709258079529,
      0.9635192155838013
    ],
    [
      0.6577694416046143,
      0.6425502300262451,
      -0.39302489161491394,
      -0.6749104261398315,
      0.7344552278518677,
      0.07121413201093674,
      0.33441784977912903,
      0.21841411292552948,
      0.9167660474777222
    ],
    [
      0.5961235165596008,
      -0.6851135492324829,
      0.41863611340522766,
      0.7732969522476196,
      0.6301877498626709,
      -0.06982254981994629,
      -0.21598300337791443,
      0.3653528690338135,
      0.9054659605026245
    ],
    [
      -0.17656326293945312,
      -0.2586786448955536,
      -0.9496899247169495,
      0.41433799266815186,
      0.8556646108627319,
      -0.3101002275943756,
      0.8928322792053223,
      -0.4482448995113373,
      -0.04389854893088341
    ],
    [
      -0.15113365650177002,
      0.34153053164482117,
      0.9276397824287415,
      0.1370529681444168,
      0.9365954995155334,
      -0.32249870896339417,
      -0.9789662957191467,
      0.07839537411928177,
      -0.188358873128891
    ],
    [
      0.9333165884017944,
      -0.2841459810733795,
      0.21950194239616394,
      0.3494838774204254,
      0.8591204881668091,
      -0.373862087726593,
      -0.08234720677137375,
      0.4256441295146942,
      0.9011358618736267
    ],
    [
      0.9944284558296204,
      0.10439660400152206,
      0.014607628807425499,
      -0.1014416292309761,
      0.9854068160057068,
      -0.13668614625930786,
      -0.02866402268409729,
      0.1344427764415741,
      0.9905067682266235
    ],
    [
      0.9224528074264526,
      0.27116870880126953,
      -0.2748607397079468,
      -0.11038584262132645,
      0.8673738837242126,
      0.4852601885795593,
      0.3699944317340851,
      -0.4172888398170471,
      0.830044686794281
    ],
    [
      0.8395794034004211,
      -0.5385655164718628,
      0.07108836621046066,
      0.19939805567264557,
      0.4272485077381134,
      0.8818724751472473,
      -0.5053186416625977,
      -0.7262271046638489,
      0.46609795093536377
    ]
  ],
  "root_rot": [
    0.4815131723880768,
    -0.1070585548877716,
    0.8698754906654358,
    -0.12722960114479065,
    -0.9905363321304321,
    -0.05148167908191681,
    0.8671548962593079,
    -0.08588481694459915,
    -0.4905773103237152
  ],
  "root_trans": [
    -0.015676967799663544,
    0.5585072040557861,
    2.5751194953918457
  ]
}