{
  "betas": [
    -1.0391535758972168,
    0.6371005773544312,
    1.4629517793655396,
    0.3183659613132477,
    0.18772055208683014,
    -0.2501693367958069,
    -0.2436026930809021,
    0.543958306312561,
    0.24477268755435944,
    0.786841630935669
  ],
  "joints": [
    [
      0.9550860524177551,
      -0.2937000095844269,
      0.039382342249155045,
      0.29572558403015137,
      0.953161895275116,
      -0.06347285956144333,
      -0.018895769491791725,
      0.07226840406656265,
      0.9972062110900879
    ],
    [
      0.9847713112831116,
      0.1610608845949173,
      -0.06546012312173843,
      -0.12761752307415009,
      0.9253647923469543,
      0.35695064067840576,
      0.11806528270244598,
      -0.34316083788871765,
      0.9318268895149231
    ],
    [
      0.9977442622184753,
      -0.04787004366517067,
      0.04706176370382309,
      0.05318302661180496,
      0.9914658069610596,
      -0.11902546137571335,
      -0.040962379425764084,
      0.12125986814498901,
      0.9917752146720886
    ],
    [
      0.9907414317131042,
      0.003894626162946224,
      -0.13570663332939148,
      -0.018900007009506226,
      0.9938114881515503,
      -0.10946024954319,
      0.13444049656391144,
      0.11101165413856506,
      0.9846838116645813
    ],
    [
      0.9976368546485901,
      -0.062403902411460876,
      -0.028747865930199623,
      0.04925667122006416,
      0.9413005113601685,
      -0.3339568078517914,
      0.04790058732032776,
      0.33175161480903625,
      0.9421498775482178
    ],
    [
      0.9982834458351135,
      -0.017758725211024284,
      -0.055810872465372086,
      0.012154924683272839,
      0.9949945211410522,
      -0.09918810427188873,
      0.057292960584163666,
      0.09833946079015732,
      0.9935024380683899
    ],
    [
      0.9898560643196106,
      0.1057109534740448,
      0.09492219984531403,
      -0.12122689187526703,
      0.9768444895744324,
      0.1762915998697281,
      -0.07408829033374786,
      -0.1860104203224182,
      0.9797504544258118
    ],
    [
      0.9119389653205872,
      -0.2639077603816986,
      -0.31419727206230164,
      0.31188610196113586,
      0.9433959126472473,
      0.11283213645219803,
      0.2666351795196533,
      -0.20088979601860046,
      0.9426286816596985
    ],
    [
      0.9971137046813965,
      -0.00434456393122673,
      0.07579873502254486,
      0.0021550410892814398,
      0.9995787739753723,
      0.02894393913447857,
      -0.07589254528284073,
      -0.028697047382593155,
      0.996703028678894
    ],
    [
      0.9282777905464172,
      -0.32552221417427063,
      0.17982104420661926,
      0.1420668661594391,
      0.7572673559188843,
      0.6374661922454834,
      -0.34368202090263367,
      -0.5661991238594055,
      0.7492004036903381
    ],
    [
      0.8683828711509705,
      0.28973686695098877,
      0.4024472236633301,
      -0.36039403080940247,
      0.9261911511421204,
      0.11084262281656265,
      -0.34062787890434265,
      -0.24129343032836914,
      0.9087079763412476
    ],
    [
      0.8945996761322021,
      -0.04710613936185837,
      -0.4443785846233368,
      0.05033283680677414,
      0.9987221956253052,
      -0.004541642963886261,
      0.4440246820449829,
      -0.018303880468010902,
      0.8958275318145752
    ],
    [
      0.9453282952308655,
      0.3113076686859131,
      0.09716948866844177,
      -0.3096105754375458,
      0.9503090381622314,
      -0.03246733918786049,
      -0.10244836658239365,
      0.0006075958954170346,
      0.9947381615638733
    ],
    [
      0.9203655123710632,
      -0.29857513308525085,
      0.2525477111339569,
      0.2867755591869354,
      0.9543771743774414,
      0.08321158587932587,
      -0.265870600938797,
      -0.004160560667514801,
      0.96399986743927
    ],
    [
      0.9921354055404663,
      0.011859707534313202,
      -0.1246061623096466,
      -0.004333226475864649,
      0.9981587529182434,
      0.060500454157590866,
      0.1250942498445511,
      -0.05948469415307045,
      0.9903600215911865
    ],
    [
      0.6325895190238953,
      0.7463632822036743,
      -0.2068144828081131,
      -0.7363768815994263,
      0.49688634276390076,
      -0.4591873288154602,
      -0.2399573028087616,
      0.4427705407142639,
      0.8639297485351562
    ],
    [
      0.8139059543609619,
      -0.47756755352020264,
      0.33088722825050354,
      0.43743211030960083,
      0.878519594669342,
      0.19198043644428253,
      -0.38237452507019043,
      -0.01151332724839449,
      0.9239357113838196
    ],
    [
      -0.25931718945503235,
      -0.25675949454307556,
      -0.9310364723205566,
      0.01663115993142128,
      0.9626832008361816,
      -0.2701191306114197,
      0.9656489491462708,
      -0.08553075045347214,
      -0.24537009000778198
    ],
    [
      0.4556485414505005,
      0.20057755708694458,
      0.8672674894332886,
      -0.49789753556251526,
      0.8650507926940918,
      0.06152249500155449,
      -0.7378905415534973,
      -0.4598429799079895,
      0.49402621388435364
    ],
    [
      0.945840060710907,
      -0.3240821659564972,
      0.018904060125350952,
      0.30315789580345154,
      0.8609439134597778,
      -0.4084983170032501,
      0.11611170321702957,
      0.39210498332977295,
      0.9125633239746094
    ],
    [
      0.9167656898498535,
      0.34979957342147827,
      -0.19282372295856476,
      -0.3983736038208008,
      0.7657371163368225,
      -0.5049209594726562,
      -0.02896886132657528,
      0.5397101044654846,
      0.8413524627685547
    ],
    [
      0.849036693572998,
      0.16199098527431488,
      -0.5028873682022095,
      -0.16505786776542664,
      0.9855208992958069,
      0.03878667950630188,
      0.5018891096115112,
      0.050074197351932526,
      0.8634812831878662
    ],
    [
      0.9539203643798828,
      -0.20647118985652924,
      0.21772830188274384,
      0.12348426878452301,
      0.9314494729042053,
      0.3422769606113434,
      -0.27347326278686523,
      -0.2996189594268799,
      0.9140245914459229
    ]
  ],
  "root_rot": [
    0.8542734384536743,
    -0.016416339203715324,
    -0.5195645689964294,
    0.014725249260663986,
    -0.9983358979225159,
    0.05575515329837799,
    -0.5196152329444885,
    -0.055280864238739014,
    -0.8526101112365723
  ],
  "root_trans": [
    -0.709736704826355,
    0.5328987836837769,
    2.4422056674957275
  ]
}