{
  "betas": [
    -0.7273036241531372,
    1.1872990131378174,
    1.2496347427368164,
    0.31766456365585327,
    -0.05808889865875244,
    0.20589056611061096,
    0.05707670748233795,
    0.1520455777645111,
    0.4119933247566223,
    0.35997098684310913
  ],
  "joints": [
    [
      0.9728334546089172,
      -0.2185024470090866,
      -0.07649674266576767,
      0.23060056567192078,
      0.9437951445579529,
      0.23679964244365692,
      0.02045595459640026,
      -0.24800680577754974,
      0.9685422778129578
    ],
    [
      0.9956486225128174,
      0.07317293435335159,
      -0.05770108103752136,
      -0.07417904585599899,
      0.9971246123313904,
      -0.015489119105041027,
      0.05640178546309471,
      0.01970193348824978,
      0.9982136487960815
    ],
    [
      0.9942379593849182,
      0.004373438190668821,
      0.10710693150758743,
      0.0029684246983379126,
      0.9976609945297241,
      -0.06829178333282471,
      -0.10715507715940475,
      0.06821621209383011,
      0.9918994307518005
    ],
    [
      0.9997963905334473,
      0.015151881612837315,
      -0.013325782492756844,
      -0.01747065968811512,
      0.9804555773735046,
      -0.1959632933139801,
      0.010096127167344093,
      0.19615620374679565,
      0.9805206656455994
    ],
    [
      0.9993113875389099,
      0.006510081235319376,
      0.03652695566415787,
      0.01043956633657217,
      0.8953767418861389,
      -0.4451870322227478,
      -0.03560357913374901,
      0.4452618658542633,
      0.8946921825408936
    ],
    [
      0.9962702989578247,
      -0.0016663966234773397,
      -0.0862717404961586,
      -0.0026694955304265022,
      0.9987396597862244,
      -0.050118640065193176,
      0.08624652773141861,
      0.05016200616955757,
      0.9950101971626282
    ],
    [
      0.9981589317321777,
      0.05232599750161171,
      -0.03067054972052574,
      -0.055735260248184204,
      0.9907709956169128,
      -0.1235571801662445,
      0.023922240361571312,
      0.12503914535045624,
      0.9918633103370667
    ],
    [
      0.9227449893951416,
      -0.3819901645183563,
      0.05123600363731384,
      0.3741358816623688,
      0.9197200536727905,
      0.1189006045460701,
      -0.0925416424870491,
      -0.09054572135210037,
      0.9915832877159119
    ],
    [
      0.9984903931617737,
      0.02260289341211319,
      0.05005989223718643,
      -0.0227622389793396,
      0.9997375011444092,
      0.00261521153151989,
      -0.049987636506557465,
      -0.0037507389206439257,
      0.9987427592277527
    ],
    [
      0.9565559029579163,
      -0.21137765049934387,
      0.20079906284809113,
      0.13473650813102722,
      0.931274950504303,
      0.33848628401756287,
      -0.2585476040840149,
      -0.2967261075973511,
      0.9192968606948853
    ],
    [
      0.8762567639350891,
      0.3992106318473816,
      0.26982399821281433,
      -0.43813809752464294,
      0.8931711316108704,
      0.10139212757349014,
      -0.20052216947078705,
      -0.20706568658351898,
      0.9575566053390503
    ],
    [
      0.912859320640564,
      -0.18804144859313965,
      -0.3623924255371094,
      0.13380366563796997,
      0.9763893485069275,
      -0.16958892345428467,
      0.38572585582733154,
      0.10632138699293137,
      0.9164667725563049
    ],
    [
      0.968329906463623,
      0.23764872550964355,
      0.07655329257249832,
      -0.23760023713111877,
      0.9713128805160522,
      -0.009873611852526665,
      -0.07670364528894424,
      -0.008628166280686855,
      0.9970167279243469
    ],
    [
      0.945114254951477,
      -0.1843925267457962,
      0.26973775029182434,
      0.16726166009902954,
      0.9822084903717041,
      0.08538126945495605,
      -0.28068238496780396,
      -0.035578273236751556,
      0.9591410160064697
    ],
    [
      0.9931618571281433,
      -0.04696300998330116,
      -0.10688330233097076,
      0.05460716411471367,
      0.99606853723526,
      0.06975242495536804,
      0.10318732261657715,
      -0.07511203736066818,
      0.9918217658996582
    ],
    [
      0.4187946915626526,
      0.8334923386573792,
      -0.3604186475276947,
      -0.9066944718360901,
      0.3618837594985962,
      -0.21666885912418365,
      -0.0501621812582016,
      0.41752931475639343,
      0.9072778820991516
    ],
    [
      0.5349490642547607,
      -0.7419798970222473,
      0.40409815311431885,
      0.7267031073570251,
      0.6480494141578674,
      0.2278914749622345,
      -0.43096649646759033,
      0.1717490702867508,
      0.8858725428581238
    ],
    [
      -0.16568146646022797,
      -0.3628295660018921,
      -0.9170083403587341,
      0.0131216524168849,
      0.928966224193573,
      -0.369931697845459,
      0.9860920310020447,
      -0.07332350313663483,
      -0.14915156364440918
    ],
    [
      0.07966756075620651,
      0.29937276244163513,
      0.9508044719696045,
      -0.2839624583721161,
      0.9211316108703613,
      -0.2662367522716522,
      -0.9555199146270752,
      -0.24878232181072235,
      0.1583949327468872
    ],
    [
      0.957428514957428,
      -0.20251818001270294,
      0.2057112753391266,
      0.268085241317749,
      0.8880700469017029,
      -0.3734460771083832,
      -0.1070563793182373,
      0.4126960337162018,
      0.9045557379722595
    ],
    [
      0.9328411817550659,
      0.36021915078163147,
      -0.007041537668555975,
      -0.3510681092739105,
      0.9044025540351868,
      -0.24250195920467377,
      -0.08098547160625458,
      0.2286878377199173,
      0.9701254367828369
    ],
    [
      0.9330377578735352,
      0.13777489960193634,
      -0.3323530852794647,
      -0.0957447811961174,
      0.9855454564094543,
      0.13976077735424042,
      0.34680458903312683,
      -0.09858102351427078,
      0.9327423572540283
    ],
    [
      0.9492816925048828,
      -0.24058370292186737,
      0.20244455337524414,
      0.14323371648788452,
      0.9040448665618896,
      0.40272441506385803,
      -0.2799079120159149,
      -0.3533020317554474,
      0.8926529288291931
    ]
  ],
  "root_rot": [
    -0.9947815537452698,
    0.05258164182305336,
    0.08743442595005035,
    -0.06587328761816025,
    -0.9854225516319275,
    -0.15685345232486725,
    0.07791224867105484,
    -0.1617945283651352,
    0.9837439060211182
  ],
  "root_trans": [
    -1.0107502937316895,
    0.5312228798866272,
    2.5050487518310547
  ]
}