{
  "betas": [
    -0.6033677458763123,
    0.7507816553115845,
    1.0371325016021729,
    0.2028908133506775,
    0.5666522979736328,
    -0.21402126550674438,
    0.06979557871818542,
    0.4711208641529083,
    0.26425185799598694,
    0.9163348078727722
  ],
  "joints": [
    [
      0.9580990076065063,
      -0.28506848216056824,
      0.02796856500208378,
      0.28426796197891235,
      0.9582936763763428,
      0.029407933354377747,
      -0.035185378044843674,
      -0.020225144922733307,
      0.9991760849952698
    ],
    [
      0.9183526635169983,
      0.38441401720046997,
      -0.09409710019826889,
      -0.3501364588737488,
      0.9000084400177002,
      0.2595946192741394,
      0.1844799816608429,
      -0.2054525762796402,
      0.9611225128173828
    ],
    [
      0.9931092858314514,
      -0.11673185229301453,
      -0.010373597033321857,
      0.1146850660443306,
      0.986261785030365,
      -0.11889152228832245,
      0.024109505116939545,
      0.11688258498907089,
      0.9928531646728516
    ],
    [
      0.9988526105880737,
      0.03453071042895317,
      -0.033180397003889084,
      -0.042342156171798706,
      0.9604885578155518,
      -0.2750796675682068,
      0.022370703518390656,
      0.2761690318584442,
      0.9608486294746399
    ],
    [
      0.9970621466636658,
      -0.018734397366642952,
      0.07427003979682922,
      0.03841433674097061,
      0.9611751437187195,
      -0.2732519507408142,
      -0.06626730412244797,
      0.2753022313117981,
      0.9590710401535034
    ],
    [
      0.9939499497413635,
      0.04435141384601593,
      -0.10048092156648636,
      -0.0433589369058609,
      0.9989869594573975,
      0.01204063929617405,
      0.1009131595492363,
      -0.007611045613884926,
      0.9948660731315613
    ],
    [
      0.9893775582313538,
      -0.011164303869009018,
      0.14493951201438904,
      0.0033427441958338022,
      0.9985301494598389,
      0.05409608036279678,
      -0.14533041417598724,
      -0.053036950528621674,
      0.9879606366157532
    ],
    [
      0.9296277761459351,
      -0.3638353943824768,
      -0.05844661593437195,
      0.35946646332740784,
      0.9302631616592407,
      -0.07344591617584229,
      0.0810929611325264,
      0.04726776108145714,
      0.9955850839614868
    ],
    [
      0.9958475232124329,
      0.07032205164432526,
      0.05781397596001625,
      -0.07033500075340271,
      0.9975218176841736,
      -0.0018132883124053478,
      -0.05779821053147316,
      -0.0022605874110013247,
      0.9983257055282593
    ],
    [
      0.9947937726974487,
      -0.07476794719696045,
      0.06924714148044586,
      0.0466543547809124,
      0.9382432103157043,
      0.3428162634372711,
      -0.0906023308634758,
      -0.3378007709980011,
      0.9368467330932617
    ],
    [
      0.9841681718826294,
      0.17460757493972778,
      0.030417844653129578,
      -0.17335358262062073,
      0.9840511083602905,
      -0.03989984467625618,
      -0.03689952567219734,
      0.03399511054158211,
      0.9987406134605408
    ],
    [
      0.96761554479599,
      -0.08867592364549637,
      -0.2363402247428894,
      0.08313930779695511,
      0.9959810376167297,
      -0.0333106629550457,
      0.2383442372083664,
      0.012582753784954548,
      0.9710991978645325
    ],
    [
      0.824853777885437,
      0.4803573191165924,
      -0.29811596870422363,
      -0.4436771273612976,
      0.8768325448036194,
      0.1852438598871231,
      0.3503810167312622,
      -0.020531846210360527,
      0.9363821744918823
    ],
    [
      0.8615584373474121,
      0.04019317403435707,
      0.5060648322105408,
      -0.19906480610370636,
      0.943772554397583,
      0.2639439105987549,
      -0.46700146794319153,
      -0.32814279198646545,
      0.8211162686347961
    ],
    [
      0.9738621711730957,
      -0.06365269422531128,
      0.2180383950471878,
      0.026871440932154655,
      0.9854763746261597,
      0.16767297685146332,
      -0.2255445271730423,
      -0.15743136405944824,
      0.9614285826683044
    ],
    [
      0.5695827603340149,
      0.6476516127586365,
      -0.5060858726501465,
      -0.8161745071411133,
      0.5184273719787598,
      -0.25513190031051636,
      0.09713214635848999,
      0.5583730936050415,
      0.8238840699195862
    ],
    [
      0.8741191029548645,
      -0.02075066603720188,
      0.48526817560195923,
      -0.1634240299463272,
      0.9282719492912292,
      0.3340716063976288,
      -0.45739302039146423,
      -0.3713228702545166,
      0.8080291152000427
    ],
    [
      0.4842439293861389,
      -0.26466208696365356,
      -0.8339435458183289,
      -0.31498780846595764,
      0.8365045189857483,
      -0.4483780562877655,
      0.8162661790847778,
      0.47980639338493347,
      0.3217069208621979
    ],
    [
      0.6954563856124878,
      0.1077389121055603,
      0.7104455232620239,
      -0.39349231123924255,
      0.8843784928321838,
      0.25107455253601074,
      -0.6012522578239441,
      -0.4541662335395813,
      0.6574410796165466
    ],
    [
      0.9809021949768066,
      -0.11556373536586761,
      0.15644758939743042,
      0.19040805101394653,
      0.7346925139427185,
      -0.6511309146881104,
      -0.039693787693977356,
      0.6684846878051758,
      0.7426657676696777
    ],
    [
      0.9600023627281189,
      0.26363426446914673,
      -0.09430030733346939,
      -0.25957435369491577,
      0.71174556016922,
      -0.6527169942855835,
      -0.10496076941490173,
      0.6510877013206482,
      0.7517101168632507
    ],
    [
      0.989899754524231,
      0.0397590734064579,
      -0.13607962429523468,
      -0.035752568393945694,
      0.9988558292388916,
      0.03176175057888031,
      0.13718675076961517,
      -0.026575755327939987,
      0.9901886582374573
    ],
    [
      0.99079430103302,
      -0.05321109667420387,
      0.12448013573884964,
      0.04092941805720329,
      0.9942233562469482,
      0.09922126680612564,
      -0.1290407031774521,
      -0.09321296215057373,
      0.9872487187385559
    ]
  ],
  "root_rot": [
    -0.9680538177490234,
    -0.003616411006078124,
    -0.2507161498069763,
    0.03068581223487854,
    -0.9940887689590454,
    -0.10414357483386993,
    -0.2488574981689453,
    -0.10851002484560013,
    0.9624423980712891
  ],
  "root_trans": [
    -0.5230852961540222,
    0.5814130902290344,
    2.3222768306732178
  ]
}