{
  "betas": [
    -0.6166656017303467,
    1.1484971046447754,
    1.7827547788619995,
    0.3269015848636627,
    0.03295871615409851,
    -0.2775931656360626,
    0.049164921045303345,
    0.659185528755188,
    0.11808465421199799,
    0.8503185510635376
  ],
  "joints": [
    [
      0.9809160828590393,
      -0.1904870867729187,
      -0.0389644019305706,
      0.19420534372329712,
      0.9695599675178528,
      0.14912313222885132,
      0.009372291155159473,
      -0.15384438633918762,
      0.9880505800247192
    ],
    [
      0.9725151658058167,
      0.1876632422208786,
      -0.13782857358455658,
      -0.1755528599023819,
      0.979835033416748,
      0.09541717916727066,
      0.1529555767774582,
      -0.06859845668077469,
      0.9858492612838745
    ],
    [
      0.9969133734703064,
      -0.0028041722252964973,
      0.07845892757177353,
      0.01279560849070549,
      0.9918027520179749,
      -0.12713563442230225,
      -0.07745927572250366,
      0.12774716317653656,
      0.9887772798538208
    ],
    [
      0.9997277855873108,
      0.007701633032411337,
      -0.02202429436147213,
      -0.010682826861739159,
      0.990287721157074,
      -0.13862206041812897,
      0.020742768421769142,
      0.1388196051120758,
      0.9901004433631897
    ],
    [
      0.9995371103286743,
      0.02939332276582718,
      0.007851147092878819,
      -0.028140923008322716,
      0.9912976026535034,
      -0.12859679758548737,
      -0.0115627096965909,
      0.12831632792949677,
      0.9916658997535706
    ],
    [
      0.9903383255004883,
      -0.038110848516225815,
      -0.13333256542682648,
      0.03552515432238579,
      0.9991327524185181,
      -0.021719232201576233,
      0.13404466211795807,
      0.01677272841334343,
      0.9908333420753479
    ],
    [
      0.9970792531967163,
      0.06245419755578041,
      -0.043958909809589386,
      -0.0654032900929451,
      0.9954568147659302,
      -0.06919678300619125,
      0.039437562227249146,
      0.07186973839998245,
      0.9966340661048889
    ],
    [
      0.8841384649276733,
      -0.3744363784790039,
      -0.27945756912231445,
      0.38939782977104187,
      0.9210672378540039,
      -0.0021449699997901917,
      0.25820234417915344,
      -0.10692372918128967,
      0.9601556658744812
    ],
    [
      0.9994515180587769,
      0.002971539506688714,
      0.03298107162117958,
      -0.0035415985621511936,
      0.9998451471328735,
      0.017239484935998917,
      -0.03292473778128624,
      -0.017346836626529694,
      0.9993072748184204
    ],
    [
      0.8973267078399658,
      -0.22099490463733673,
      0.38205504417419434,
      0.060135260224342346,
      0.9187612533569336,
      0.39020705223083496,
      -0.43725115060806274,
      -0.32716822624206543,
      0.8377186059951782
    ],
    [
      0.8770315051078796,
      0.4110642671585083,
      0.2486804872751236,
      -0.4016369581222534,
      0.9113657474517822,
      -0.09000168740749359,
      -0.2636353373527527,
      -0.020944947376847267,
      0.9643951058387756
    ],
    [
      0.9905463457107544,
      0.035817474126815796,
      -0.1324201077222824,
      -0.03570794686675072,
      0.9993571043014526,
      0.0032025224063545465,
      0.1324496865272522,
      0.0015562026528641582,
      0.9911884665489197
    ],
    [
      0.9588190913200378,
      0.2675802707672119,
      0.09521964192390442,
      -0.2665007412433624,
      0.9635330438613892,
      -0.024116646498441696,
      -0.09820038825273514,
      -0.0022526043467223644,
      0.9951642155647278
    ],
    [
      0.9113100171089172,
      -0.4114878475666046,
      -0.013848242349922657,
      0.40986865758895874,
      0.9098840355873108,
      -0.06417731195688248,
      0.039008475840091705,
      0.0528094656765461,
      0.9978424310684204
    ],
    [
      0.9812518954277039,
      -0.19161419570446014,
      -0.020707467570900917,
      0.1918618232011795,
      0.9813635945320129,
      0.010700475424528122,
      0.01827119290828705,
      -0.014472833834588528,
      0.9997283220291138
    ],
    [
      0.6016671657562256,
      0.7491284608840942,
      -0.2771339416503906,
      -0.7974764704704285,
      0.5438328981399536,
      -0.26129862666130066,
      -0.045031651854515076,
      0.37822261452674866,
      0.9246187210083008
    ],
    [
      0.6386891603469849,
      -0.7336007356643677,
      0.23217706382274628,
      0.7547325491905212,
      0.6560240387916565,
      -0.0033585901837795973,
      -0.14984986186027527,
      0.1773766726255417,
      0.9726678133010864
    ],
    [
      0.466633677482605,
      -0.14164535701274872,
      -0.8730347156524658,
      -0.12513330578804016,
      0.9665902256965637,
      -0.22370751202106476,
      0.8755539059638977,
      0.21363519132137299,
      0.43331900238990784
    ],
    [
      0.977057695388794,
      0.13714751601219177,
      0.162938192486763,
      -0.13200460374355316,
      0.990357518196106,
      -0.04203399643301964,
      -0.16713190078735352,
      0.019561046734452248,
      0.9857405424118042
    ],
    [
      0.9535395503044128,
      -0.1457022726535797,
      0.2636915147304535,
      0.25682640075683594,
      0.8506825566291809,
      -0.45867130160331726,
      -0.15748831629753113,
      0.5050841569900513,
      0.8485796451568604
    ],
    [
      0.9808666706085205,
      0.1535828411579132,
      -0.11963636428117752,
      -0.19340065121650696,
      0.8390671610832214,
      -0.5084903836250305,
      0.022287549450993538,
      0.5218990445137024,
      0.8527160286903381
    ],
    [
      0.5797924399375916,
      0.39605823159217834,
      -0.7120242118835449,
      -0.22790871560573578,
      0.9178532958030701,
      0.3249659240245819,
      0.7822393178939819,
      -0.026136256754398346,
      0.6224295496940613
    ],
    [
      0.9516573548316956,
      -0.2591668665409088,
      0.164866104722023,
      0.20861811935901642,
      0.9393057823181152,
      0.2723660171031952,
      -0.2254478931427002,
      -0.2248050719499588,
      0.9479641318321228
    ]
  ],
  "root_rot": [
    -0.5861162543296814,
    0.024050923064351082,
    0.8098698854446411,
    -0.05175597220659256,
    -0.9986292719841003,
    -0.007800091989338398,
    0.8085722327232361,
    -0.046487364917993546,
    0.5865576267242432
  ],
  "root_trans": [
    -1.1872968673706055,
    0.5101130604743958,
    2.6847281455993652
  ]
}