{
  "betas": [
    -0.6081862449645996,
    0.706453800201416,
    0.567758321762085,
    -0.15475764870643616,
    0.48675987124443054,
    0.15433791279792786,
    -0.5583698749542236,
    0.23939499258995056,
    -0.15222826600074768,
    0.40440815687179565
  ],
  "joints": [
    [
      0.9344237446784973,
      -0.3213609457015991,
      0.1535559892654419,
      0.3402440845966339,
      0.9328887462615967,
      -0.11812106519937515,
      -0.10529115051031113,
      0.1626216471195221,
      0.9810545444488525
    ],
    [
      0.9982882738113403,
      0.03964945673942566,
      -0.04299287125468254,
      -0.02753974124789238,
      0.9672008156776428,
      0.2525157630443573,
      0.051594849675893784,
      -0.2508995234966278,
      0.9666371941566467
    ],
    [
      0.9996750950813293,
      -0.014764735475182533,
      -0.02077527530491352,
      0.012650811113417149,
      0.995062530040741,
      -0.09844046086072922,
      0.022126145660877228,
      0.09814566373825073,
      0.9949260354042053
    ],
    [
      0.9866780638694763,
      0.03608182817697525,
      -0.15863344073295593,
      -0.07041298598051071,
      0.9737452864646912,
      -0.21647639572620392,
      0.14665770530700684,
      0.22476235032081604,
      0.9633137583732605
    ],
    [
      0.9966170191764832,
      -0.06346282362937927,
      0.05222110450267792,
      0.07850304245948792,
      0.9231670498847961,
      -0.3762974441051483,
      -0.02432790771126747,
      0.3791239261627197,
      0.925025999546051
    ],
    [
      0.9903903007507324,
      0.010116851888597012,
      -0.13792984187602997,
      0.024247270077466965,
      0.969171404838562,
      0.24519139528274536,
      0.13615822792053223,
      -0.24617961049079895,
      0.9596126675605774
    ],
    [
      0.9824069142341614,
      0.12779536843299866,
      0.136180117726326,
      -0.09099209308624268,
      0.9643375873565674,
      -0.2485428750514984,
      -0.1630862057209015,
      0.23177891969680786,
      0.959000289440155
    ],
    [
      0.9092779755592346,
      -0.32661014795303345,
      -0.25795239210128784,
      0.3454838991165161,
      0.9379372596740723,
      0.030242325738072395,
      0.23206570744514465,
      -0.11661707609891891,
      0.9656842350959778
    ],
    [
      0.998762845993042,
      0.007766060531139374,
      -0.04911617189645767,
      -0.013085882179439068,
      0.9939626455307007,
      -0.10893605649471283,
      0.0479736328125,
      0.1094440221786499,
      0.9928345680236816
    ],
    [
      0.9779871702194214,
      -0.0444362573325634,
      0.20387865602970123,
      -0.14110085368156433,
      0.5789806246757507,
      0.8030393123626709,
      -0.15372583270072937,
      -0.8141295909881592,
      0.5599656105041504
    ],
    [
      0.8635755777359009,
      0.24962380528450012,
      0.43809252977371216,
      -0.2806854546070099,
      0.959778368473053,
      0.006413367576897144,
      -0.41887080669403076,
      -0.1285046637058258,
      0.898906946182251
    ],
    [
      0.9997056126594543,
      -0.010592457838356495,
      0.02182864397764206,
      0.01404784619808197,
      0.9862287640571594,
      -0.16478917002677917,
      -0.01978251524269581,
      0.1650473028421402,
      0.9860872030258179
    ],
    [
      0.5661571025848389,
      -0.25303325057029724,
      -0.7845000624656677,
      0.6894292235374451,
      0.6670364737510681,
      0.2824000120162964,
      0.4518335163593292,
      -0.7007399797439575,
      0.5520959496498108
    ],
    [
      0.6749882102012634,
      0.3030878007411957,
      0.6727024912834167,
      -0.5883416533470154,
      0.7712880373001099,
      0.2428348809480667,
      -0.4452471435070038,
      -0.5596895813941956,
      0.698929488658905
    ],
    [
      0.9935206770896912,
      -0.09745440632104874,
      0.058475445955991745,
      0.08725897967815399,
      0.9837466478347778,
      0.15693479776382446,
      -0.07281900197267532,
      -0.1508154571056366,
      0.9858763813972473
    ],
    [
      0.8009198307991028,
      0.21518321335315704,
      -0.5587697625160217,
      0.06006163731217384,
      0.8996151089668274,
      0.4325335621833801,
      0.5957517027854919,
      -0.37998533248901367,
      0.7075953483581543
    ],
    [
      0.8555490970611572,
      0.07605713605880737,
      0.5121045708656311,
      -0.2997301518917084,
      0.8792881965637207,
      0.37015435099601746,
      -0.42213454842567444,
      -0.47017836570739746,
      0.77507084608078
    ],
    [
      0.4772721529006958,
      -0.10646670311689377,
      -0.8722821474075317,
      0.54944908618927,
      0.8108242750167847,
      0.20166751742362976,
      0.6857965588569641,
      -0.5755249261856079,
      0.4454818665981293
    ],
    [
      0.42266950011253357,
      0.1818343847990036,
      0.8878551125526428,
      -0.5051180720329285,
      0.8606590628623962,
      0.06420032680034637,
      -0.7524667382240295,
      -0.4756071865558624,
      0.4556221663951874
    ],
    [
      0.9186643362045288,
      -0.25822117924690247,
      0.2989610731601715,
      0.38892897963523865,
      0.7237957119941711,
      -0.5699597597122192,
      -0.06921105831861496,
      0.6398762464523315,
      0.7653549909591675
    ],
    [
      0.9154738187789917,
      0.3355625867843628,
      -0.22204837203025818,
      -0.39694318175315857,
      0.6627587676048279,
      -0.6349700093269348,
      -0.06590765714645386,
      0.6694390177726746,
      0.7399376034736633
    ],
    [
      0.9472253918647766,
      0.2328290045261383,
      -0.22035157680511475,
      -0.16501078009605408,
      0.943447470664978,
      0.28753840923309326,
      0.2748374044895172,
      -0.23600327968597412,
      0.9320766925811768
    ],
    [
      0.965695321559906,
      -0.14800718426704407,
      0.21336916089057922,
      0.11768104135990143,
      0.9818875193595886,
      0.14848613739013672,
      -0.23148152232170105,
      -0.11828286200761795,
      0.965621829032898
    ]
  ],
  "root_rot": [
    0.9478744864463806,
    -0.021725419908761978,
    -0.3179023265838623,
    0.012553690001368523,
    -0.9943522214889526,
    0.10538468509912491,
    -0.3183964490890503,
    -0.1038823053240776,
    -0.9422483444213867
  ],
  "root_trans": [
    -0.08762410283088684,
    0.4609493315219879,
    2.626169204711914
  ]
}