{
  "betas": [
    -0.7614272236824036,
    0.9518364667892456,
    1.2045520544052124,
    0.5104542970657349,
    0.017311125993728638,
    0.15472403168678284,
    -0.35509932041168213,
    0.7737932801246643,
    0.3162413537502289,
    0.780030369758606
  ],
  "joints": [
    [
      0.9972826838493347,
      0.009890993125736713,
      -0.07300355285406113,
      -0.029170162975788116,
      0.9629727005958557,
      -0.26801636815071106,
      0.0676494762301445,
      0.26941758394241333,
      0.960644543170929
    ],
    [
      0.987925112247467,
      -0.005798312835395336,
      -0.15482325851917267,
      0.08039426803588867,
      0.8734208345413208,
      0.4802840054035187,
      0.13244102895259857,
      -0.48693159222602844,
      0.8633405566215515
    ],
    [
      0.997110903263092,
      -0.06347872316837311,
      0.04171457141637802,
      0.06946983188390732,
      0.9842019081115723,
      -0.16285130381584167,
      -0.030717968940734863,
      0.16527874767780304,
      0.9857683181762695
    ],
    [
      0.9957243800163269,
      -0.02185271866619587,
      -0.0897512286901474,
      0.0027840978000313044,
      0.9782727360725403,
      -0.20730341970920563,
      0.09233132749795914,
      0.20616722106933594,
      0.9741508364677429
    ],
    [
      0.9711373448371887,
      -0.11569716036319733,
      -0.2085818350315094,
      0.03986462205648422,
      0.9409099221229553,
      -0.33630239963531494,
      0.23516595363616943,
      0.31828078627586365,
      0.9183650016784668
    ],
    [
      0.9988446831703186,
      0.039316315203905106,
      -0.02763264998793602,
      -0.04071388766169548,
      0.997817873954773,
      -0.05197949707508087,
      0.02552870847284794,
      0.05304447561502457,
      0.99826580286026
    ],
    [
      0.9886050820350647,
      0.09894781559705734,
      0.11344308406114578,
      -0.10551103204488754,
      0.9929846525192261,
      0.053375694900751114,
      -0.10736582428216934,
      -0.0647369846701622,
      0.9921097755432129
    ],
    [
      0.8135986328125,
      -0.17179188132286072,
      -0.5554681420326233,
      0.25123241543769836,
      0.9654357433319092,
      0.0693979263305664,
      0.5243467688560486,
      -0.1960136592388153,
      0.828636884689331
    ],
    [
      0.9888849854469299,
      0.02631424181163311,
      0.14633575081825256,
      -0.02463170699775219,
      0.9996081590652466,
      -0.013298217207193375,
      -0.14662833511829376,
      0.009545906446874142,
      0.9891456365585327
    ],
    [
      0.886404812335968,
      -0.4522412121295929,
      -0.09881521016359329,
      0.37505611777305603,
      0.5765029191970825,
      0.7259320616722107,
      -0.2713291645050049,
      -0.680530846118927,
      0.6806308031082153
    ],
    [
      0.7281111478805542,
      0.28718310594558716,
      0.6223985552787781,
      -0.38266462087631226,
      0.9236375689506531,
      0.021480215713381767,
      -0.568701982498169,
      -0.2538098990917206,
      0.7824056148529053
    ],
    [
      0.8719658255577087,
      -0.02331884577870369,
      -0.48901110887527466,
      0.06472684442996979,
      0.9955875277519226,
      0.06794048845767975,
      0.48526906967163086,
      -0.0908939316868782,
      0.8696276545524597
    ],
    [
      0.9500682950019836,
      0.29636603593826294,
      0.09766000509262085,
      -0.2959400415420532,
      0.9550144672393799,
      -0.019154181703925133,
      -0.09894336760044098,
      -0.010703726671636105,
      0.9950355291366577
    ],
    [
      0.879460871219635,
      -0.23417232930660248,
      0.4143815338611603,
      0.1843634694814682,
      0.9702361226081848,
      0.15700985491275787,
      -0.43881523609161377,
      -0.06168718263506889,
      0.8964575529098511
    ],
    [
      0.9937184453010559,
      0.06691302359104156,
      -0.08970081806182861,
      -0.06448601186275482,
      0.9974768161773682,
      0.02969035506248474,
      0.09146115928888321,
      -0.023719407618045807,
      0.9955260753631592
    ],
    [
      0.6634204387664795,
      0.7213717103004456,
      -0.19873656332492828,
      -0.6975229978561401,
      0.5001073479652405,
      -0.5131805539131165,
      -0.2708042860031128,
      0.4790777862071991,
      0.8349547982215881
    ],
    [
      0.8332580327987671,
      -0.30575042963027954,
      0.4606492221355438,
      0.223032608628273,
      0.9482611417770386,
      0.22595834732055664,
      -0.5059026479721069,
      -0.08554179966449738,
      0.8583385348320007
    ],
    [
      -0.2691662609577179,
      -0.23995181918144226,
      -0.9327232837677002,
      -0.15684150159358978,
      0.9664584398269653,
      -0.20336902141571045,
      0.950236976146698,
      0.09154964238405228,
      -0.2977724075317383
    ],
    [
      0.38411465287208557,
      0.18452559411525726,
      0.9046580791473389,
      -0.5848548412322998,
      0.8068016171455383,
      0.0837617814540863,
      -0.7144233584403992,
      -0.5612677931785583,
      0.41782501339912415
    ],
    [
      0.9211027026176453,
      -0.389096200466156,
      -0.01319216750562191,
      0.35426992177963257,
      0.8517471551895142,
      -0.3860306441783905,
      0.1614394336938858,
      0.350900262594223,
      0.9223917126655579
    ],
    [
      0.9145761728286743,
      0.34968072175979614,
      -0.2031596601009369,
      -0.4014209508895874,
      0.7239442467689514,
      -0.5610401034355164,
      -0.049108609557151794,
      0.5946664214134216,
      0.8024713397026062
    ],
    [
      0.7513787746429443,
      0.5959419012069702,
      -0.28334274888038635,
      -0.2432456612586975,
      0.6492961645126343,
      0.7205871939659119,
      0.6134015321731567,
      -0.47251206636428833,
      0.632827639579773
    ],
    [
      0.9496896862983704,
      -0.2514999806880951,
      0.18664751946926117,
      0.13459718227386475,
      0.8658533096313477,
      0.48185229301452637,
      -0.2827952206134796,
      -0.4324878752231598,
      0.8561431169509888
    ]
  ],
  "root_rot": [
    0.3546895980834961,
    -0.03645157068967819,
    -0.9342733025550842,
    0.04989015683531761,
    -0.9970782995223999,
    0.05784238502383232,
    -0.9336521625518799,
    -0.06712713837623596,
    -0.3518347144126892
  ],
  "root_trans": [
    -0.7453728318214417,
    0.5660567283630371,
    2.443553924560547
  ]
}