{
  "betas": [
    -0.9020485281944275,
    0.8685817718505859,
    0.6856905221939087,
    0.23472291231155396,
    0.01032748818397522,
    0.5223561525344849,
    0.5683540105819702,
    0.7754184603691101,
    -0.5207607746124268,
    0.7995460033416748
  ],
  "joints": [
    [
      0.9687732458114624,
      0.007372924592345953,
      -0.24783851206302643,
      0.2113650143146515,
      0.49801015853881836,
      0.8410175442695618,
      0.12962687015533447,
      -0.8671398162841797,
      0.48090052604675293
    ],
    [
      0.9830453395843506,
      -0.1774449348449707,
      -0.04620790854096413,
      0.16849558055400848,
      0.973586916923523,
      -0.15407052636146545,
      0.07232645153999329,
      0.14367248117923737,
      0.9869787693023682
    ],
    [
      0.9779072999954224,
      0.005943750496953726,
      0.2089545577764511,
      0.04234439507126808,
      0.9732400178909302,
      -0.225855752825737,
      -0.2047053575515747,
      0.229714035987854,
      0.9514868259429932
    ],
    [
      0.9498648047447205,
      0.3126600682735443,
      0.000705951708368957,
      -0.011004080064594746,
      0.03568683937191963,
      -0.9993025064468384,
      -0.31246712803840637,
      0.9491945505142212,
      0.03733820840716362
    ],
    [
      0.9990873336791992,
      0.0016631359467282891,
      0.04268030449748039,
      0.0033556644339114428,
      0.9930967688560486,
      -0.1172500029206276,
      -0.04258067533373833,
      0.11728622764348984,
      0.9921848177909851
    ],
    [
      0.9924103021621704,
      0.07093384116888046,
      -0.10045020282268524,
      -0.056316547095775604,
      0.9883303642272949,
      0.14153246581554413,
      0.10931743681430817,
      -0.1348012536764145,
      0.984824001789093
    ],
    [
      0.9898259043693542,
      0.06390921026468277,
      0.1271236687898636,
      -0.02394479513168335,
      0.9555262923240662,
      -0.29393213987350464,
      -0.14025497436523438,
      0.28789764642715454,
      0.9473349452018738
    ],
    [
      0.8847521543502808,
      -0.4310181438922882,
      -0.17730501294136047,
      0.39524760842323303,
      0.8954960107803345,
      -0.20461268723011017,
      0.24696768820285797,
      0.11095213145017624,
      0.9626508951187134
    ],
    [
      0.9891988039016724,
      0.10269016772508621,
      0.10459663718938828,
      -0.09650292992591858,
      0.9933620095252991,
      -0.06260180473327637,
      -0.11033093184232712,
      0.051831748336553574,
      0.9925423860549927
    ],
    [
      0.962640106678009,
      -0.26717904210090637,
      0.04403839632868767,
      0.15123474597930908,
      0.6653870940208435,
      0.7310184240341187,
      -0.2246154248714447,
      -0.6970475316047668,
      0.6809350848197937
    ],
    [
      0.8697884678840637,
      0.3984759747982025,
      0.291006863117218,
      -0.3110990822315216,
      0.9006438851356506,
      -0.3034105598926544,
      -0.3829953372478485,
      0.17337101697921753,
      0.9073351621627808
    ],
    [
      0.9770623445510864,
      0.0035089198499917984,
      -0.21292433142662048,
      -0.0442340113222599,
      0.9814002513885498,
      -0.1868068426847458,
      0.20830851793289185,
      0.19194044172763824,
      0.9590444564819336
    ],
    [
      0.8880192637443542,
      -0.06750283390283585,
      -0.4548242688179016,
      0.20745931565761566,
      0.9415796399116516,
      0.265308141708374,
      0.4103442132472992,
      -0.3299562931060791,
      0.8501449227333069
    ],
    [
      0.8131226301193237,
      0.1153915524482727,
      0.5705404877662659,
      -0.23528532683849335,
      0.9616698026657104,
      0.14082661271095276,
      -0.5324212908744812,
      -0.24874912202358246,
      0.809105396270752
    ],
    [
      0.9963634610176086,
      -0.06949584186077118,
      -0.04929657280445099,
      0.07298103719949722,
      0.9946707487106323,
      0.07282787561416626,
      0.043972622603178024,
      -0.07616075128316879,
      0.9961254596710205
    ],
    [
      0.603079617023468,
      0.49966979026794434,
      -0.6217918395996094,
      -0.5200918912887573,
      0.8373364210128784,
      0.16844043135643005,
      0.6048135161399841,
      0.2218058854341507,
      0.7648547291755676
    ],
    [
      0.9241511821746826,
      -0.12427322566509247,
      0.3612489700317383,
      0.05616545304656029,
      0.9795334935188293,
      0.19328629970550537,
      -0.37787577509880066,
      -0.15833605825901031,
      0.9122169017791748
    ],
    [
      -0.3961266875267029,
      -0.3704812526702881,
      -0.8401352763175964,
      0.12705887854099274,
      0.8840646743774414,
      -0.44976183772087097,
      0.9093621969223022,
      -0.28490933775901794,
      -0.3031286895275116
    ],
    [
      -0.4132968485355377,
      0.17810140550136566,
      0.8930093050003052,
      -0.14622019231319427,
      0.9549800157546997,
      -0.25813350081443787,
      -0.8987798690795898,
      -0.23726177215576172,
      -0.3686482012271881
    ],
    [
      0.8657006621360779,
      -0.3690168559551239,
      0.338214248418808,
      0.4777637720108032,
      0.810721755027771,
      -0.3383372724056244,
      -0.14934545755386353,
      0.45448535680770874,
      0.8781452178955078
    ],
    [
      0.8232291340827942,
      0.5538133382797241,
      -0.12483753263950348,
      -0.5406469702720642,
      0.6977137923240662,
      -0.4699960947036743,
      -0.17318928241729736,
      0.45440757274627686,
      0.8737958073616028
    ],
    [
      0.8509137630462646,
      0.4241771697998047,
      -0.3098699748516083,
      -0.29481104016304016,
      0.8738433718681335,
      0.38663190603256226,
      0.43477824330329895,
      -0.23763734102249146,
      0.8686174750328064
    ],
    [
      0.887446403503418,
      -0.40885260701179504,
      0.21278715133666992,
      0.2905981242656708,
      0.8546725511550903,
      0.4302179515361786,
      -0.3577590882778168,
      -0.3199598491191864,
      0.8772878646850586
    ]
  ],
  "root_rot": [
    0.4251953661441803,
    0.17101193964481354,
    -0.888799250125885,
    0.07492783665657043,
    -0.985268235206604,
    -0.1537283957004547,
    -0.9019949436187744,
    -0.001231205416843295,
    -0.4317450523376465
  ],
  "root_trans": [
    -0.18585947155952454,
    0.3487016558647156,
    2.5610334873199463
  ]
}