{
  "betas": [
    -0.8856746554374695,
    0.8980503082275391,
    0.9450298547744751,
    0.5428715348243713,
    0.3222368359565735,
    0.7545228600502014,
    0.4967551529407501,
    0.7947513461112976,
    -0.37086203694343567,
    0.786507248878479
  ],
  "joints": [
    [
      0.9720110297203064,
      0.05488380417227745,
      -0.22843457758426666,
      0.14622099697589874,
      0.6197227239608765,
      0.7710792422294617,
      0.183885857462883,
      -0.7828994393348694,
      0.5943521857261658
    ],
    [
      0.996978223323822,
      -0.07765421271324158,
      -0.0021057536359876394,
      0.07734788209199905,
      0.9898015260696411,
      0.11962556093931198,
      -0.0072051482275128365,
      -0.11942693591117859,
      0.9928169846534729
    ],
    [
      0.9885677695274353,
      -0.05373815447092056,
      0.14087586104869843,
      0.09206559509038925,
      0.955065131187439,
      -0.28173476457595825,
      -0.11940571665763855,
      0.29148373007774353,
      0.9490940570831299
    ],
    [
      0.9545420408248901,
      0.2692323327064514,
      -0.12791989743709564,
      -0.05165297910571098,
      -0.27325478196144104,
      -0.9605539441108704,
      -0.29356688261032104,
      0.9234964847564697,
      -0.24692653119564056
    ],
    [
      0.998164713382721,
      0.044214535504579544,
      0.041379451751708984,
      -0.02532695047557354,
      0.9254807829856873,
      -0.3779468834400177,
      -0.05500663444399834,
      0.3762052357196808,
      0.924902081489563
    ],
    [
      0.9914957880973816,
      0.09225964546203613,
      -0.0917840301990509,
      -0.07034774124622345,
      0.9733142852783203,
      0.21842734515666962,
      0.10948673635721207,
      -0.21011297404766083,
      0.9715272784233093
    ],
    [
      0.9886898398399353,
      -0.012025989592075348,
      0.14949168264865875,
      0.022397683933377266,
      0.997441291809082,
      -0.06789097934961319,
      -0.14829273521900177,
      0.0704713836312294,
      0.9864294528961182
    ],
    [
      0.9391147494316101,
      -0.2930755615234375,
      -0.1793605089187622,
      0.32950112223625183,
      0.9161520600318909,
      0.22824224829673767,
      0.09742926061153412,
      -0.27344515919685364,
      0.9569406509399414
    ],
    [
      0.9871600866317749,
      0.11467462033033371,
      0.11119604855775833,
      -0.10920046269893646,
      0.9925437569618225,
      -0.05414976179599762,
      -0.11657654494047165,
      0.041311830282211304,
      0.9923220872879028
    ],
    [
      0.9689885377883911,
      -0.2469937801361084,
      -0.007433985825628042,
      0.1672467142343521,
      0.6333903074264526,
      0.7555429935455322,
      -0.18190579116344452,
      -0.7333558201789856,
      0.6550568342208862
    ],
    [
      0.8874422907829285,
      0.34236207604408264,
      0.3086007237434387,
      -0.29786986112594604,
      0.9369310736656189,
      -0.18284912407398224,
      -0.35173818469047546,
      0.0703452080488205,
      0.9334515929222107
    ],
    [
      0.981022298336029,
      0.07928124815225601,
      -0.17694537341594696,
      -0.06945684552192688,
      0.9957150816917419,
      0.06105173006653786,
      0.18102742731571198,
      -0.047603048384189606,
      0.9823253154754639
    ],
    [
      0.8650475144386292,
      -0.02786448784172535,
      -0.5009156465530396,
      0.19337110221385956,
      0.9398276209831238,
      0.28165900707244873,
      0.4629260003566742,
      -0.3405109941959381,
      0.8183837532997131
    ],
    [
      0.7663702368736267,
      0.07852359861135483,
      0.6375819444656372,
      -0.2484184056520462,
      0.9515138268470764,
      0.18141072988510132,
      -0.5924229025840759,
      -0.2974148690700531,
      0.7487185597419739
    ],
    [
      0.998046338558197,
      -0.06245671585202217,
      -0.0015917011769488454,
      0.06210405379533768,
      0.9889872074127197,
      0.13434024155139923,
      -0.006816279608756304,
      -0.13417665660381317,
      0.990933895111084
    ],
    [
      0.5970800518989563,
      0.5256959795951843,
      -0.6059200763702393,
      -0.5445890426635742,
      0.8202428221702576,
      0.17499849200248718,
      0.5889976024627686,
      0.22548933327198029,
      0.7760388851165771
    ],
    [
      0.8955013155937195,
      -0.06885146349668503,
      0.4397009313106537,
      -0.025516178458929062,
      0.9783936142921448,
      0.20517045259475708,
      -0.44432687759399414,
      -0.1949498951435089,
      0.8743959665298462
    ],
    [
      -0.49697554111480713,
      -0.37536853551864624,
      -0.7823770642280579,
      0.1162089854478836,
      0.8646902441978455,
      -0.48867812752723694,
      0.8599481582641602,
      -0.33378031849861145,
      -0.3861086964607239
    ],
    [
      -0.43537092208862305,
      0.1988694667816162,
      0.8780109286308289,
      -0.14656080305576324,
      0.9466268420219421,
      -0.287084698677063,
      -0.8882410526275635,
      -0.2536703050136566,
      -0.3829873204231262
    ],
    [
      0.8722524642944336,
      -0.3267582952976227,
      0.36387449502944946,
      0.44294625520706177,
      0.8432241678237915,
      -0.3045843243598938,
      -0.20730231702327728,
      0.4268512725830078,
      0.8802407383918762
    ],
    [
      0.9030761122703552,
      0.42272475361824036,
      -0.07587689906358719,
      -0.39567455649375916,
      0.7501996755599976,
      -0.5297566056251526,
      -0.16701838374137878,
      0.5084331035614014,
      0.844748854637146
    ],
    [
      0.8808786273002625,
      0.3309354782104492,
      -0.33842960000038147,
      -0.23932701349258423,
      0.9282431602478027,
      0.284758061170578,
      0.40838155150413513,
      -0.169841930270195,
      0.8968713879585266
    ],
    [
      0.9237733483314514,
      -0.3279404044151306,
      0.19773145020008087,
      0.2357955127954483,
      0.8939741253852844,
      0.3810651898384094,
      -0.30173349380493164,
      -0.3053937256336212,
      0.9031563401222229
    ]
  ],
  "root_rot": [
    0.47096386551856995,
    0.053610339760780334,
    -0.8805219531059265,
    0.07306640595197678,
    -0.9970925450325012,
    -0.021626759320497513,
    -0.8791213631629944,
    -0.054151151329278946,
    -0.473511666059494
  ],
  "root_trans": [
    -0.11819544434547424,
    0.468855082988739,
    2.5293450355529785
  ]
}