{
  "betas": [
    -0.9299159646034241,
    0.6112675666809082,
    1.380764126777649,
    0.3054840862751007,
    0.3319408893585205,
    0.24720215797424316,
    0.33347317576408386,
    0.39545178413391113,
    -0.058235615491867065,
    0.9959267377853394
  ],
  "joints": [
    [
      0.936259925365448,
      -0.35100552439689636,
      -0.014579124748706818,
      0.34965282678604126,
      0.9350693821907043,
      -0.05820852145552635,
      0.03406400606036186,
      0.04940066859126091,
      0.9981980919837952
    ],
    [
      0.9483298659324646,
      0.3140719532966614,
      -0.04504712298512459,
      -0.29478925466537476,
      0.9246726036071777,
      0.24099767208099365,
      0.1173444464802742,
      -0.2152658998966217,
      0.9694796800613403
    ],
    [
      0.9988610148429871,
      -0.04710691049695015,
      -0.007586580701172352,
      0.046324897557497025,
      0.995531439781189,
      -0.08228657394647598,
      0.011428946629166603,
      0.08184140920639038,
      0.9965797662734985
    ],
    [
      0.9908413887023926,
      -0.044655490666627884,
      -0.127433180809021,
      0.010663719847798347,
      0.9666638374328613,
      -0.25582650303840637,
      0.13460911810398102,
      0.2521245777606964,
      0.9582867622375488
    ],
    [
      0.9971550703048706,
      0.02336883544921875,
      0.07166274636983871,
      0.008548547513782978,
      0.9095333218574524,
      -0.41554298996925354,
      -0.07489041239023209,
      0.4149734377861023,
      0.906745970249176
    ],
    [
      0.9923192262649536,
      -0.06700773537158966,
      -0.10398327559232712,
      0.06950054317712784,
      0.9973705410957336,
      0.020533885806798935,
      0.1023339331150055,
      -0.027603063732385635,
      0.9943670630455017
    ],
    [
      0.9946079850196838,
      0.06854768097400665,
      0.07782234251499176,
      -0.06252112239599228,
      0.9950377941131592,
      -0.07740113139152527,
      -0.08274183422327042,
      0.07211823016405106,
      0.9939582347869873
    ],
    [
      0.9262017607688904,
      -0.37639951705932617,
      -0.021764596924185753,
      0.37684932351112366,
      0.9224402904510498,
      0.08419270813465118,
      -0.011613553389906883,
      -0.0861814096570015,
      0.9962117075920105
    ],
    [
      0.9999932646751404,
      0.0005951595958322287,
      0.0036232322454452515,
      -0.0006420649588108063,
      0.9999158382415771,
      0.012957840226590633,
      -0.0036152154207229614,
      -0.012960079126060009,
      0.9999094605445862
    ],
    [
      0.9900940656661987,
      -0.060488250106573105,
      0.12670768797397614,
      -0.03236989676952362,
      0.7797934412956238,
      0.6251994371414185,
      -0.13662303984165192,
      -0.6231078505516052,
      0.7701108455657959
    ],
    [
      0.9445576667785645,
      0.32283711433410645,
      0.05989118665456772,
      -0.3092518746852875,
      0.9360002279281616,
      -0.16812744736671448,
      -0.11033593863248825,
      0.14028461277484894,
      0.9839441776275635
    ],
    [
      0.9867858290672302,
      0.1608870029449463,
      0.019213449209928513,
      -0.1597549021244049,
      0.9858667850494385,
      -0.05044812709093094,
      -0.027058349922299385,
      0.04671205207705498,
      0.9985418319702148
    ],
    [
      0.9389062523841858,
      0.05177189037203789,
      -0.3402567207813263,
      0.050911132246255875,
      0.9568538069725037,
      0.2860748767852783,
      0.3403865694999695,
      -0.2859203517436981,
      0.8957602381706238
    ],
    [
      0.9299592971801758,
      -0.25687843561172485,
      0.2630384862422943,
      0.24884888529777527,
      0.9664254784584045,
      0.06400030851364136,
      -0.2706473767757416,
      0.005939145106822252,
      0.9626602530479431
    ],
    [
      0.9858225584030151,
      -0.03871268033981323,
      0.1632644236087799,
      0.026852993294596672,
      0.9968793392181396,
      0.07423286885023117,
      -0.16562868654727936,
      -0.06879629194736481,
      0.9837856888771057
    ],
    [
      0.5565094947814941,
      0.5717785358428955,
      -0.6027988791465759,
      -0.5656464695930481,
      0.7921604514122009,
      0.22918537259101868,
      0.6085566878318787,
      0.21342721581459045,
      0.7642693519592285
    ],
    [
      0.7591062784194946,
      -0.5626731514930725,
      0.32734769582748413,
      0.5769953727722168,
      0.814403235912323,
      0.061836306005716324,
      -0.30138662457466125,
      0.14193777740001678,
      0.9428784251213074
    ],
    [
      -0.37671351432800293,
      -0.2993210554122925,
      -0.8766377568244934,
      0.25127148628234863,
      0.8778560757637024,
      -0.40771475434303284,
      0.8915994167327881,
      -0.3738657534122467,
      -0.25548940896987915
    ],
    [
      -0.30977049469947815,
      0.25140926241874695,
      0.9169708490371704,
      -0.10144950449466705,
      0.9501640796661377,
      -0.29478153586387634,
      -0.945383608341217,
      -0.18434084951877594,
      -0.2688274383544922
    ],
    [
      0.9215328693389893,
      -0.2841279208660126,
      0.2646666467189789,
      0.371149480342865,
      0.8448572158813477,
      -0.385310560464859,
      -0.11412805318832397,
      0.45330724120140076,
      0.8840176463127136
    ],
    [
      0.9220317006111145,
      0.36723124980926514,
      0.12246914207935333,
      -0.31533288955688477,
      0.8959965109825134,
      -0.31265848875045776,
      -0.22454991936683655,
      0.24966250360012054,
      0.941937267780304
    ],
    [
      0.9831359386444092,
      0.09327442944049835,
      -0.15730059146881104,
      -0.08292301744222641,
      0.9940130710601807,
      0.07114655524492264,
      0.16299498081207275,
      -0.05690290406346321,
      0.9849845767021179
    ],
    [
      0.9848659038543701,
      -0.06300774216651917,
      0.16145935654640198,
      0.06956260651350021,
      0.996954083442688,
      -0.03526592627167702,
      -0.15874552726745605,
      0.04596374183893204,
      0.9862490892410278
    ]
  ],
  "root_rot": [
    -0.9359447956085205,
    0.057739924639463425,
    -0.34738099575042725,
    -0.014364642091095448,
    -0.9919049739837646,
    -0.12616701424121857,
    -0.3518538475036621,
    -0.11309535056352615,
    0.9291977286338806
  ],
  "root_trans": [
    -0.4082358479499817,
    0.5796711444854736,
    2.350830078125
  ]
}