{
  "betas": [
    -0.6357037425041199,
    0.8161367177963257,
    1.264359712600708,
    0.07440268993377686,
    0.16036126017570496,
    -0.33419087529182434,
    -0.26779764890670776,
    0.21142108738422394,
    0.030936583876609802,
    0.5507876873016357
  ],
  "joints": [
    [
      0.9474363923072815,
      -0.31701964139938354,
      0.04316047206521034,
      0.3079371452331543,
      0.9401546716690063,
      0.1458897739648819,
      -0.08682744950056076,
      -0.12493056803941727,
      0.9883588552474976
    ],
    [
      0.9321682453155518,
      0.35653355717658997,
      -0.06281796842813492,
      -0.3488107919692993,
      0.9309716820716858,
      0.10780862718820572,
      0.09691915661096573,
      -0.0785842016339302,
      0.9921849966049194
    ],
    [
      0.9980606436729431,
      -0.051961060613393784,
      0.03427782282233238,
      0.053991787135601044,
      0.9966611266136169,
      -0.06124987453222275,
      -0.030980762094259262,
      0.06298181414604187,
      0.9975337386131287
    ],
    [
      0.9970940947532654,
      0.07603217661380768,
      -0.0047487132251262665,
      -0.07604985684156418,
      0.9898026585578918,
      -0.12044531106948853,
      -0.004457435570657253,
      0.12045643478631973,
      0.9927086234092712
    ],
    [
      0.9841744303703308,
      0.025593843311071396,
      0.1753445714712143,
      0.011265669018030167,
      0.9784758687019348,
      -0.20605334639549255,
      -0.17684413492679596,
      0.20476779341697693,
      0.9627025723457336
    ],
    [
      0.9881601333618164,
      -0.0680234283208847,
      -0.13752198219299316,
      0.07083114981651306,
      0.9973660111427307,
      0.015621297061443329,
      0.13609713315963745,
      -0.025177184492349625,
      0.9903755187988281
    ],
    [
      0.9964476227760315,
      0.012614570558071136,
      0.08326578885316849,
      -0.0035215765237808228,
      0.9940945506095886,
      -0.10846049338579178,
      -0.08414224535226822,
      0.10778196156024933,
      0.9906075596809387
    ],
    [
      0.9036835432052612,
      -0.390331506729126,
      -0.1760610193014145,
      0.41358399391174316,
      0.9021548628807068,
      0.12273895740509033,
      0.11092543601989746,
      -0.18373318016529083,
      0.9766973853111267
    ],
    [
      0.9997800588607788,
      -0.010316814295947552,
      0.01826031319797039,
      0.01110038161277771,
      0.9989985823631287,
      -0.043343137949705124,
      -0.017794864252209663,
      0.04353629797697067,
      0.9988933801651001
    ],
    [
      0.9783497452735901,
      0.053087230771780014,
      0.20003359019756317,
      -0.16990213096141815,
      0.7579202651977539,
      0.6298333406448364,
      -0.11817342042922974,
      -0.6501834988594055,
      0.7505307197570801
    ],
    [
      0.9346145987510681,
      0.2689821720123291,
      0.23268872499465942,
      -0.28929072618484497,
      0.9555183053016663,
      0.05740690976381302,
      -0.20689691603183746,
      -0.1209680363535881,
      0.9708554148674011
    ],
    [
      0.8865652680397034,
      0.2983008325099945,
      0.3535797595977783,
      -0.2738614082336426,
      0.954436182975769,
      -0.1185392513871193,
      -0.3728296458721161,
      0.008260934613645077,
      0.9278630614280701
    ],
    [
      0.7919145822525024,
      -0.020105669274926186,
      -0.6103008985519409,
      0.2493896335363388,
      0.9229517579078674,
      0.2931975722312927,
      0.5573833584785461,
      -0.38439011573791504,
      0.735913097858429
    ],
    [
      0.9728260040283203,
      -0.13221462070941925,
      0.19007591903209686,
      0.14514018595218658,
      0.9878414869308472,
      -0.05570965260267258,
      -0.18039923906326294,
      0.08178345113992691,
      0.9801875352859497
    ],
    [
      0.8512328863143921,
      -0.1554112285375595,
      0.5012483596801758,
      0.16108140349388123,
      0.9864130020141602,
      0.03228311613202095,
      -0.499455064535141,
      0.05326134338974953,
      0.8647010326385498
    ],
    [
      0.464873731136322,
      0.5584353804588318,
      -0.6870533227920532,
      -0.5684565305709839,
      0.7831867933273315,
      0.25194358825683594,
      0.6787853240966797,
      0.2734380066394806,
      0.6815292239189148
    ],
    [
      0.6057206392288208,
      -0.7467945218086243,
      0.2745915651321411,
      0.7956529259681702,
      0.5711991786956787,
      -0.2016630619764328,
      -0.0062455967999994755,
      0.34063103795051575,
      0.9401763677597046
    ],
    [
      -0.06447798013687134,
      -0.2539626657962799,
      -0.9650624990463257,
      -0.18571926653385162,
      0.9532334804534912,
      -0.23844145238399506,
      0.9804850220680237,
      0.16385647654533386,
      -0.10862832516431808
    ],
    [
      -0.14527730643749237,
      0.4105360209941864,
      0.9001970291137695,
      0.15253038704395294,
      0.9082655906677246,
      -0.3895998001098633,
      -0.9775628447532654,
      0.0807073786854744,
      -0.19456960260868073
    ],
    [
      0.9683648347854614,
      -0.1962669938802719,
      0.15410654246807098,
      0.24360622465610504,
      0.8773905634880066,
      -0.41333016753196716,
      -0.05408855155110359,
      0.4377956986427307,
      0.8974460363388062
    ],
    [
      0.9770448207855225,
      0.21270577609539032,
      0.011817041784524918,
      -0.20284034311771393,
      0.9458152055740356,
      -0.2535534203052521,
      -0.0651090145111084,
      0.24533608555793762,
      0.9672491550445557
    ],
    [
      0.9253009557723999,
      0.327083557844162,
      -0.1919230967760086,
      -0.249342143535614,
      0.9060293436050415,
      0.34196391701698303,
      0.2857387363910675,
      -0.26856502890586853,
      0.9199055433273315
    ],
    [
      0.8618927597999573,
      -0.3624928891658783,
      0.3545979857444763,
      0.2662932574748993,
      0.918648362159729,
      0.29184404015541077,
      -0.431542307138443,
      -0.1571112424135208,
      0.8883057832717896
    ]
  ],
  "root_rot": [
    0.9311838746070862,
    -0.07657232880592346,
    0.35641714930534363,
    -0.09357330948114395,
    -0.9951396584510803,
    0.03067697025835514,
    0.3523358404636383,
    -0.06191703677177429,
    -0.9338231086730957
  ],
  "root_trans": [
    0.23213012516498566,
    0.5368026494979858,
    2.559525728225708
  ]
}