{
  "betas": [
    -0.7157997488975525,
    0.9444829225540161,
    1.2285710573196411,
    -0.3016860783100128,
    0.2761650085449219,
    0.443960964679718,
    0.35289084911346436,
    0.40345999598503113,
    0.009715110063552856,
    1.084787368774414
  ],
  "joints": [
    [
      0.9868854284286499,
      -0.15202613174915314,
      0.05426962673664093,
      0.15636196732521057,
      0.9838230609893799,
      -0.08742491900920868,
      -0.040100835263729095,
      0.09476408362388611,
      0.9946917295455933
    ],
    [
      0.9457694888114929,
      0.26668429374694824,
      -0.18547137081623077,
      -0.24359697103500366,
      0.9599844813346863,
      0.13816799223423004,
      0.21489685773849487,
      -0.08549480140209198,
      0.9728875160217285
    ],
    [
      0.9988205432891846,
      -0.007637332659214735,
      0.04794916883111,
      0.012790271081030369,
      0.9940578937530518,
      -0.10809862613677979,
      -0.0468386635184288,
      0.10858441889286041,
      0.9929831027984619
    ],
    [
      0.9988659620285034,
      0.02516777254641056,
      -0.04041474312543869,
      -0.030566519126296043,
      0.989810585975647,
      -0.13907064497470856,
      0.03650284186005592,
      0.14014828205108643,
      0.989457368850708
    ],
    [
      0.9996999502182007,
      0.0007838577730581164,
      -0.02448250539600849,
      -0.00735273165628314,
      0.9629993438720703,
      -0.2694034278392792,
      0.023365462198853493,
      0.2695026099681854,
      0.9627161622047424
    ],
    [
      0.9966443181037903,
      0.007677425630390644,
      -0.08149266988039017,
      0.012137681245803833,
      0.9707232117652893,
      0.2398938685655594,
      0.0809485986828804,
      -0.24007801711559296,
      0.9673725962638855
    ],
    [
      0.99345862865448,
      0.019836269319057465,
      0.11245640367269516,
      -0.02510634995996952,
      0.9986422657966614,
      0.04564245790243149,
      -0.11139834672212601,
      -0.04816726595163345,
      0.9926077723503113
    ],
    [
      0.871402382850647,
      -0.38974276185035706,
      -0.2979235053062439,
      0.3901122510433197,
      0.9187535047531128,
      -0.06086384132504463,
      0.2974395155906677,
      -0.06318672001361847,
      0.9526474475860596
    ],
    [
      0.997107744216919,
      0.0439404733479023,
      0.062011584639549255,
      -0.03490184247493744,
      0.9895399808883667,
      -0.13997319340705872,
      -0.06751342862844467,
      0.13740403950214386,
      0.9882115721702576
    ],
    [
      0.993009090423584,
      -0.08196920156478882,
      0.08493522554636002,
      0.01531168818473816,
      0.8029301762580872,
      0.5958764553070068,
      -0.11704056710004807,
      -0.5904102325439453,
      0.7985720634460449
    ],
    [
      0.8948673009872437,
      0.39435622096061707,
      0.2090354859828949,
      -0.37385672330856323,
      0.9181036949157715,
      -0.13159368932247162,
      -0.2438109964132309,
      0.03960956633090973,
      0.9690136909484863
    ],
    [
      0.9989870190620422,
      0.013898230157792568,
      -0.04279866814613342,
      -0.014403576962649822,
      0.999829888343811,
      -0.011521821841597557,
      0.042631253600120544,
      0.012126605026423931,
      0.9990172386169434
    ],
    [
      0.5966217517852783,
      -0.22161953151226044,
      -0.7713152766227722,
      0.6459808349609375,
      0.7029063701629639,
      0.29771023988723755,
      0.47618401050567627,
      -0.6758753061294556,
      0.5625311732292175
    ],
    [
      0.6502745151519775,
      0.09484178572893143,
      0.7537561058998108,
      -0.4833361804485321,
      0.8171207904815674,
      0.31416529417037964,
      -0.5861137509346008,
      -0.568611204624176,
      0.5771933197975159
    ],
    [
      0.9968533515930176,
      -0.05480315163731575,
      -0.0572708323597908,
      0.06945157796144485,
      0.9521002173423767,
      0.2977946996688843,
      0.03820748254656792,
      -0.30083519220352173,
      0.9529104828834534
    ],
    [
      0.7741407752037048,
      0.3086107671260834,
      -0.5526893138885498,
      -0.08528939634561539,
      0.9159979820251465,
      0.3920120298862457,
      0.6272414326667786,
      -0.25633397698402405,
      0.7354326248168945
    ],
    [
      0.7538934946060181,
      -0.3294784128665924,
      0.568408727645874,
      0.05855996161699295,
      0.8954174518585205,
      0.44135963916778564,
      -0.6543815732002258,
      -0.29945215582847595,
      0.694343626499176
    ],
    [
      0.39035555720329285,
      -0.10896746814250946,
      -0.9141929745674133,
      0.45424628257751465,
      0.8864898681640625,
      0.0882953628897667,
      0.8008015155792236,
      -0.4497353136539459,
      0.3955443203449249
    ],
    [
      0.39029625058174133,
      0.30921632051467896,
      0.8672105669975281,
      -0.4354034960269928,
      0.8919208645820618,
      -0.12206970155239105,
      -0.8112291097640991,
      -0.3299431800842285,
      0.48274722695350647
    ],
    [
      0.8738324046134949,
      -0.36570122838020325,
      0.3204364478588104,
      0.48408880829811096,
      0.7160759568214417,
      -0.5028848648071289,
      -0.04555123299360275,
      0.5945568084716797,
      0.8027622699737549
    ],
    [
      0.8249731063842773,
      0.46758532524108887,
      -0.3174639642238617,
      -0.5651606321334839,
      0.6789509057998657,
      -0.4686353802680969,
      -0.00358457094989717,
      0.5660297274589539,
      0.8243770599365234
    ],
    [
      0.9628992080688477,
      0.16381551325321198,
      -0.21445177495479584,
      -0.12035537511110306,
      0.9719513058662415,
      0.20205280184745789,
      0.24153603613376617,
      -0.16874606907367706,
      0.9556072354316711
    ],
    [
      0.9825893044471741,
      -0.09243693202733994,
      0.1611635982990265,
      0.08601357042789459,
      0.9952127933502197,
      0.046402525156736374,
      -0.16468137502670288,
      -0.03173236548900604,
      0.9858362674713135
    ]
  ],
  "root_rot": [
    -0.9519520401954651,
    -0.03962274640798569,
    -0.30367311835289,
    0.06388502568006516,
    -0.9954724907875061,
    -0.07037869840860367,
    -0.2995096445083618,
    -0.08639731258153915,
    0.9501733779907227
  ],
  "root_trans": [
    -0.48867836594581604,
    0.4810275435447693,
    2.370089054107666
  ]
}