{
  "betas": [
    -0.8461305499076843,
    0.6870719790458679,
    1.3447120189666748,
    -0.19646957516670227,
    0.15550389885902405,
    -0.10661569982767105,
    -0.06390595436096191,
    0.2217164933681488,
    0.023873955011367798,
    1.0488840341567993
  ],
  "joints": [
    [
      0.9438297748565674,
      -0.32084324955940247,
      0.07902529090642929,
      0.3022119700908661,
      0.934880793094635,
      0.1861875355243683,
      -0.13361623883247375,
      -0.15184694528579712,
      0.9793310165405273
    ],
    [
      0.9399715065956116,
      0.33968400955200195,
      -0.032685261219739914,
      -0.3240664303302765,
      0.9185407757759094,
      0.2264149785041809,
      0.10693230479955673,
      -0.20223143696784973,
      0.9734823107719421
    ],
    [
      0.9982846975326538,
      -0.039123959839344025,
      0.04355306923389435,
      0.045403044670820236,
      0.9870204925537109,
      -0.1540423035621643,
      -0.03696103021502495,
      0.15575553476810455,
      0.9871038198471069
    ],
    [
      0.9917790293693542,
      0.12172063440084457,
      -0.0394781231880188,
      -0.12751354277133942,
      0.9659144878387451,
      -0.22527651488780975,
      0.01071168202906847,
      0.22845850884914398,
      0.9734947681427002
    ],
    [
      0.9836840033531189,
      0.057564735412597656,
      0.17044667899608612,
      -0.0192582905292511,
      0.9756760597229004,
      -0.21837007999420166,
      -0.17887113988399506,
      0.21152463555335999,
      0.9608655571937561
    ],
    [
      0.9924532771110535,
      -0.028882859274744987,
      -0.11917340010404587,
      0.03460347279906273,
      0.9983319640159607,
      0.046215374022722244,
      0.11763978749513626,
      -0.04999041184782982,
      0.9917972683906555
    ],
    [
      0.9858924150466919,
      -0.03938544541597366,
      0.16268011927604675,
      0.05194598063826561,
      0.9959273338317871,
      -0.07369119673967361,
      -0.15911521017551422,
      0.08110217750072479,
      0.9839231371879578
    ],
    [
      0.8747656345367432,
      -0.4130737781524658,
      -0.25328874588012695,
      0.4161575436592102,
      0.9082309603691101,
      -0.043926384299993515,
      0.24818949401378632,
      -0.06698272377252579,
      0.966392993927002
    ],
    [
      0.9996411204338074,
      -0.0030468697659671307,
      0.026614468544721603,
      0.003689528675749898,
      0.999701976776123,
      -0.024131299927830696,
      -0.026533011347055435,
      0.02422083541750908,
      0.9993544220924377
    ],
    [
      0.9936344623565674,
      -0.0204702690243721,
      0.11077592521905899,
      -0.0585826151072979,
      0.746029257774353,
      0.6633312106132507,
      -0.09622066468000412,
      -0.665598452091217,
      0.7400811910629272
    ],
    [
      0.9088618755340576,
      0.36135348677635193,
      0.20831146836280823,
      -0.3603721857070923,
      0.9317694306373596,
      -0.04401849955320358,
      -0.21000447869300842,
      -0.035062920302152634,
      0.9770714640617371
    ],
    [
      0.8708328604698181,
      0.30828189849853516,
      0.3828999400138855,
      -0.2742140293121338,
      0.9511100053787231,
      -0.14211393892765045,
      -0.4079911410808563,
      0.01876094937324524,
      0.9127930402755737
    ],
    [
      0.9850322604179382,
      -0.024802975356578827,
      -0.17057611048221588,
      0.04949987679719925,
      0.9886142611503601,
      0.14209727942943573,
      0.1651095449924469,
      -0.14841391146183014,
      0.9750446677207947
    ],
    [
      0.9811702370643616,
      -0.1831970065832138,
      0.06118737533688545,
      0.18956053256988525,
      0.9741124510765076,
      -0.12317316234111786,
      -0.03703843429684639,
      0.13245254755020142,
      0.9904970526695251
    ],
    [
      0.8556366562843323,
      -0.15353192389011383,
      0.49428126215934753,
      0.11497458070516586,
      0.987511932849884,
      0.10770822316408157,
      -0.5046452879905701,
      -0.035329319536685944,
      0.8626036643981934
    ],
    [
      0.9732539653778076,
      0.17162783443927765,
      -0.15271075069904327,
      -0.16179539263248444,
      0.9839906096458435,
      0.07473032921552658,
      0.1630917638540268,
      -0.048023682087659836,
      0.9854413270950317
    ],
    [
      0.611260712146759,
      -0.7577195167541504,
      0.22852015495300293,
      0.7913959622383118,
      0.5878503918647766,
      -0.16770318150520325,
      -0.007263677194714546,
      0.2833603024482727,
      0.9589859843254089
    ],
    [
      0.9320424199104309,
      0.010789559222757816,
      -0.36218854784965515,
      0.09752759337425232,
      0.9552003741264343,
      0.27942919731140137,
      0.34897753596305847,
      -0.295763224363327,
      0.8892349600791931
    ],
    [
      -0.13108573853969574,
      0.36063289642333984,
      0.923450231552124,
      0.1505879908800125,
      0.9279224276542664,
      -0.3410031199455261,
      -0.9798672199249268,
      0.09435988962650299,
      -0.17594438791275024
    ],
    [
      0.9674175977706909,
      -0.18817022442817688,
      0.16939634084701538,
      0.2530328035354614,
      0.7418277263641357,
      -0.6210200786590576,
      -0.008805450052022934,
      0.643648624420166,
      0.7652704119682312
    ],
    [
      0.975413978099823,
      0.20629191398620605,
      0.07753226161003113,
      -0.18431758880615234,
      0.9565001726150513,
      -0.22612926363945007,
      -0.12080826610326767,
      0.20627906918525696,
      0.9710068702697754
    ],
    [
      0.9619513750076294,
      0.18850070238113403,
      -0.19778041541576385,
      -0.1509810984134674,
      0.9700630903244019,
      0.19021649658679962,
      0.22771543264389038,
      -0.15311789512634277,
      0.9616135954856873
    ],
    [
      0.9307705163955688,
      -0.06397700309753418,
      0.35996267199516296,
      0.06877999007701874,
      0.9976317286491394,
      -0.0005358740454539657,
      -0.3590758740901947,
      0.02525700069963932,
      0.9329665303230286
    ]
  ],
  "root_rot": [
    0.9661722779273987,
    -0.04555383697152138,
    0.2538428008556366,
    -0.0565287210047245,
    -0.9977478981018066,
    0.03610588610172272,
    0.2516263723373413,
    -0.049233902245759964,
    -0.9665714502334595
  ],
  "root_trans": [
    0.27411746978759766,
    0.5148066282272339,
    2.539982557296753
  ]
}