{
  "betas": [
    -0.8415010571479797,
    0.9788633584976196,
    1.2756409645080566,
    0.5028760433197021,
    0.09778037667274475,
    0.07714347541332245,
    -0.34778499603271484,
    0.7479214072227478,
    0.29093360900878906,
    0.7783029079437256
  ],
  "joints": [
    [
      0.9975616931915283,
      -0.06620565801858902,
      -0.022079916670918465,
      0.05894479528069496,
      0.9686475396156311,
      -0.2413451373577118,
      0.03736606985330582,
      0.23945516347885132,
      0.9701881408691406
    ],
    [
      0.9912235736846924,
      0.032477542757987976,
      -0.12814487516880035,
      0.039562903344631195,
      0.8520447611808777,
      0.5219717621803284,
      0.12613753974437714,
      -0.5224604606628418,
      0.8432819247245789
    ],
    [
      0.9974617958068848,
      -0.0606263093650341,
      0.03734193369746208,
      0.06623244285583496,
      0.9825122952461243,
      -0.1740199774503708,
      -0.02613871544599533,
      0.176051527261734,
      0.9840338826179504
    ],
    [
      0.9936159253120422,
      -0.015505225397646427,
      -0.1117454394698143,
      -0.0006485996418632567,
      0.9897089004516602,
      -0.1430939882993698,
      0.11281415075063705,
      0.14225293695926666,
      0.9833804965019226
    ],
    [
      0.9750947952270508,
      -0.12179946899414062,
      -0.18535108864307404,
      0.048192016780376434,
      0.9320999383926392,
      -0.3589808940887451,
      0.21648940443992615,
      0.34110796451568604,
      0.9147555828094482
    ],
    [
      0.9989340305328369,
      0.030778978019952774,
      -0.034400664269924164,
      -0.032674457877874374,
      0.9978976845741272,
      -0.05596856027841568,
      0.032605692744255066,
      0.05703292787075043,
      0.997839629650116
    ],
    [
      0.9846449494361877,
      0.08171533048152924,
      0.1542624980211258,
      -0.1025196760892868,
      0.9859181642532349,
      0.1321181058883667,
      -0.14129410684108734,
      -0.14590437710285187,
      0.9791567921638489
    ],
    [
      0.8249812126159668,
      -0.2114717960357666,
      -0.524104654788971,
      0.28886690735816956,
      0.9548487067222595,
      0.06942544877529144,
      0.4857591390609741,
      -0.2086711823940277,
      0.8488194346427917
    ],
    [
      0.990942120552063,
      0.022121580317616463,
      0.13245455920696259,
      -0.02215571328997612,
      0.9997537732124329,
      -0.0012163142673671246,
      -0.13244886696338654,
      -0.0017293280689045787,
      0.9911882281303406
    ],
    [
      0.9001206159591675,
      -0.4300486147403717,
      -0.06957782059907913,
      0.33662131428718567,
      0.5852175354957581,
      0.7377035617828369,
      -0.2765302360057831,
      -0.6874435544013977,
      0.6715298891067505
    ],
    [
      0.7455998063087463,
      0.2924666702747345,
      0.5987855195999146,
      -0.3942047655582428,
      0.9180414080619812,
      0.04245683550834656,
      -0.5372926592826843,
      -0.2676999568939209,
      0.7997832298278809
    ],
    [
      0.8762221336364746,
      -0.02517120912671089,
      -0.4812495708465576,
      0.07211776077747345,
      0.9942383170127869,
      0.07930395752191544,
      0.476480633020401,
      -0.1041945293545723,
      0.8729889392852783
    ],
    [
      0.9469159841537476,
      0.310761958360672,
      0.08232325315475464,
      -0.310912549495697,
      0.950371265411377,
      -0.011311091482639313,
      -0.0817527025938034,
      -0.014884676784276962,
      0.9965415596961975
    ],
    [
      0.8907921314239502,
      -0.24948711693286896,
      0.37979671359062195,
      0.2080148309469223,
      0.9669691324234009,
      0.14731130003929138,
      -0.40400391817092896,
      -0.05222040042281151,
      0.9132655262947083
    ],
    [
      0.9946886301040649,
      0.054768506437540054,
      -0.08714959770441055,
      -0.05375408008694649,
      0.9984567761421204,
      0.013946469873189926,
      0.08777893334627151,
      -0.009187748655676842,
      0.9960976243019104
    ],
    [
      0.6900792717933655,
      0.6940268278121948,
      -0.2052251696586609,
      -0.6784221529960632,
      0.521563708782196,
      -0.5174115300178528,
      -0.2520594596862793,
      0.49628424644470215,
      0.8307634592056274
    ],
    [
      0.8521497249603271,
      -0.3014906942844391,
      0.42771971225738525,
      0.22098946571350098,
      0.9482255578041077,
      0.22810514271259308,
      -0.4743463397026062,
      -0.09985820204019547,
      0.8746564388275146
    ],
    [
      -0.25963500142097473,
      -0.24306799471378326,
      -0.9346163272857666,
      -0.17399373650550842,
      0.9637416005134583,
      -0.20230749249458313,
      0.9499030709266663,
      0.11009127646684647,
      -0.292513370513916
    ],
    [
      0.4129803776741028,
      0.18457210063934326,
      0.8918409943580627,
      -0.5820118188858032,
      0.8066868185997009,
      0.10256046801805496,
      -0.7005065083503723,
      -0.5614175200462341,
      0.4405689537525177
    ],
    [
      0.9254348278045654,
      -0.37878718972206116,
      -0.0095243314281106,
      0.3414043188095093,
      0.8444791436195374,
      -0.41267189383506775,
      0.16435791552066803,
      0.3786492943763733,
      0.9108299612998962
    ],
    [
      0.9341500401496887,
      0.30811265110969543,
      -0.1800844967365265,
      -0.35384753346443176,
      0.7339940667152405,
      -0.5796936750411987,
      -0.04642999544739723,
      0.6052432656288147,
      0.7946854829788208
    ],
    [
      0.7607816457748413,
      0.5542371869087219,
      -0.3376868963241577,
      -0.23590505123138428,
      0.7208756804466248,
      0.6516802310943604,
      0.6046156883239746,
      -0.4161243438720703,
      0.6791763305664062
    ],
    [
      0.9514493346214294,
      -0.23689492046833038,
      0.19653242826461792,
      0.1312551349401474,
      0.8897866010665894,
      0.43709489703178406,
      -0.2784174680709839,
      -0.39007773995399475,
      0.8776805400848389
    ]
  ],
  "root_rot": [
    0.5013263821601868,
    -0.044173114001750946,
    -0.8641300201416016,
    0.03651980310678482,
    -0.996725857257843,
    0.07213824987411499,
    -0.8644872307777405,
    -0.06772266328334808,
    -0.4980717599391937
  ],
  "root_trans": [
    -0.7270605564117432,
    0.561508297920227,
    2.4534971714019775
  ]
}