{
  "betas": [
    -0.981911838054657,
    0.6177495121955872,
    1.694872260093689,
    -0.08318787813186646,
    -0.026283085346221924,
    -0.1763865351676941,
    0.09459798038005829,
    -0.037782907485961914,
    -0.07015234231948853,
    0.7245297431945801
  ],
  "joints": [
    [
      0.9651060104370117,
      -0.2514670491218567,
      0.0730394721031189,
      0.24122610688209534,
      0.9622994661331177,
      0.12565669417381287,
      -0.1018843799829483,
      -0.10365300625562668,
      0.9893814325332642
    ],
    [
      0.9325336217880249,
      0.3593650460243225,
      -0.035182785242795944,
      -0.3445875942707062,
      0.9148114919662476,
      0.21066412329673767,
      0.10789093375205994,
      -0.18432782590389252,
      0.9769251942634583
    ],
    [
      0.9984331727027893,
      -0.04749324917793274,
      0.02958907000720501,
      0.04994051530957222,
      0.994836688041687,
      -0.08835151791572571,
      -0.02524019032716751,
      0.08969078958034515,
      0.9956498146057129
    ],
    [
      0.995427131652832,
      0.09471762925386429,
      -0.012388352304697037,
      -0.09552274644374847,
      0.9877524375915527,
      -0.12337151169776917,
      0.0005511689814738929,
      0.12399071455001831,
      0.992283284664154
    ],
    [
      0.9876513481140137,
      0.0791563019156456,
      0.1352001130580902,
      -0.03248084336519241,
      0.9476794600486755,
      -0.31756675243377686,
      -0.15326377749443054,
      0.30925384163856506,
      0.9385479688644409
    ],
    [
      0.9920150637626648,
      -0.051453229039907455,
      -0.11514639854431152,
      0.05268703028559685,
      0.9985814094543457,
      0.007695373147726059,
      0.11458709836006165,
      -0.013700648210942745,
      0.9933187365531921
    ],
    [
      0.9941097497940063,
      -0.037774454802274704,
      0.10158275812864304,
      0.046124380081892014,
      0.9956343173980713,
      -0.08114732056856155,
      -0.09807398170232773,
      0.0853547677397728,
      0.99151211977005
    ],
    [
      0.8711323738098145,
      -0.38245999813079834,
      -0.3079819679260254,
      0.38544678688049316,
      0.9211670160293579,
      -0.053686194121837616,
      0.30423563718795776,
      -0.07194287329912186,
      0.9498763680458069
    ],
    [
      0.9995394945144653,
      -0.0022177337668836117,
      0.030265552923083305,
      0.003659104462713003,
      0.998857319355011,
      -0.04765256121754646,
      -0.030125286430120468,
      0.0477413572371006,
      0.9984054565429688
    ],
    [
      0.9774052500724792,
      -0.0037385113537311554,
      0.2113410085439682,
      -0.12630213797092438,
      0.7913923859596252,
      0.5981186032295227,
      -0.16948972642421722,
      -0.611297070980072,
      0.7730388641357422
    ],
    [
      0.9008285403251648,
      0.32700303196907043,
      0.28561654686927795,
      -0.3612721860408783,
      0.9294100999832153,
      0.0753612294793129,
      -0.2408115416765213,
      -0.17107288539409637,
      0.9553762674331665
    ],
    [
      0.8882346749305725,
      0.31692469120025635,
      0.33256253600120544,
      -0.27632567286491394,
      0.9469073414802551,
      -0.16434890031814575,
      -0.36699214577674866,
      0.054084841161966324,
      0.9286503791809082
    ],
    [
      0.9587782621383667,
      -0.17415650188922882,
      -0.2245299220085144,
      0.2018488496541977,
      0.9735795855522156,
      0.10677004605531693,
      0.20000304281711578,
      -0.14768990874290466,
      0.9686002135276794
    ],
    [
      0.9902435541152954,
      -0.11643653362989426,
      0.07655179500579834,
      0.12449067831039429,
      0.9860396385192871,
      -0.11057926714420319,
      -0.06260764598846436,
      0.11903040111064911,
      0.9909146428108215
    ],
    [
      0.8586022257804871,
      -0.13606955111026764,
      0.4942541718482971,
      0.13013175129890442,
      0.990401029586792,
      0.04659952223300934,
      -0.4958506226539612,
      0.024307705461978912,
      0.8680675029754639
    ],
    [
      0.8841814398765564,
      0.3705489933490753,
      -0.28445857763290405,
      -0.39605093002319336,
      0.9175294041633606,
      -0.03582672402262688,
      0.2477235347032547,
      0.14433737099170685,
      0.9580187201499939
    ],
    [
      0.5947308540344238,
      -0.7710586786270142,
      0.227516308426857,
      0.803916335105896,
      0.5691103935241699,
      -0.1727190613746643,
      0.003694648388773203,
      0.2856254577636719,
      0.95833420753479
    ],
    [
      0.1478457748889923,
      -0.13975568115711212,
      -0.9790862798690796,
      -0.07514897733926773,
      0.9855162501335144,
      -0.15202127397060394,
      0.9861511588096619,
      0.09605307132005692,
      0.13520191609859467
    ],
    [
      -0.19240719079971313,
      0.3940200209617615,
      0.8987367153167725,
      0.15157201886177063,
      0.9167912006378174,
      -0.36948588490486145,
      -0.9695387482643127,
      0.06513159722089767,
      -0.23611962795257568
    ],
    [
      0.992731511592865,
      0.0058388556353747845,
      0.12020760029554367,
      0.0661979541182518,
      0.80765700340271,
      -0.5859249830245972,
      -0.10050764679908752,
      0.5896238088607788,
      0.8014000654220581
    ],
    [
      0.9963414669036865,
      0.08437313139438629,
      0.013595256954431534,
      -0.07605591416358948,
      0.9479487538337708,
      -0.30920660495758057,
      -0.038976334035396576,
      0.30704134702682495,
      0.950897753238678
    ],
    [
      0.9387678503990173,
      0.23649024963378906,
      -0.2505737245082855,
      -0.15054413676261902,
      0.9356909394264221,
      0.3190907835960388,
      0.30992141366004944,
      -0.26182979345321655,
      0.9139987826347351
    ],
    [
      0.9093547463417053,
      -0.18886522948741913,
      0.37068018317222595,
      0.1229744702577591,
      0.9732259511947632,
      0.19418662786483765,
      -0.3974307179450989,
      -0.1310003399848938,
      0.9082332253456116
    ]
  ],
  "root_rot": [
    0.9452887177467346,
    -0.07751952856779099,
    0.31689122319221497,
    -0.0961846187710762,
    -0.9944053292274475,
    0.043662890791893005,
    0.3117336332798004,
    -0.071754090487957,
    -0.9474563002586365
  ],
  "root_trans": [
    0.2822043001651764,
    0.5139341354370117,
    2.5266220569610596
  ]
}