{
  "betas": [
    -0.6585327982902527,
    0.9717634916305542,
    1.234555721282959,
    -0.2963699996471405,
    0.3007461428642273,
    0.4657692611217499,
    0.2996142506599426,
    0.19128645956516266,
    -0.1890246868133545,
    0.8385815024375916
  ],
  "joints": [
    [
      0.9831843972206116,
      -0.17037412524223328,
      0.06573455780744553,
      0.17730234563350677,
      0.9767881631851196,
      -0.12020310014486313,
      -0.04372924193739891,
      0.12983672320842743,
      0.990570604801178
    ],
    [
      0.9459686875343323,
      0.24725481867790222,
      -0.20978142321109772,
      -0.23313799500465393,
      0.9682748317718506,
      0.08994749188423157,
      0.22536601126194,
      -0.03617948293685913,
      0.9736021757125854
    ],
    [
      0.9986650943756104,
      -0.0030808330047875643,
      0.051562026143074036,
      0.007082244381308556,
      0.9969591498374939,
      -0.07760214060544968,
      -0.05116616562008858,
      0.07786371558904648,
      0.9956501126289368
    ],
    [
      0.9981125593185425,
      0.009602474980056286,
      -0.06065554544329643,
      -0.016975129023194313,
      0.9923564791679382,
      -0.1222311481833458,
      0.059018202126026154,
      0.12303008139133453,
      0.990646481513977
    ],
    [
      0.9997661709785461,
      0.010568971745669842,
      -0.018866565078496933,
      -0.015043886378407478,
      0.9666423201560974,
      -0.25568801164627075,
      0.015534859150648117,
      0.25591203570365906,
      0.9665752649307251
    ],
    [
      0.9968230128288269,
      0.011144883930683136,
      -0.07886514067649841,
      0.009533985517919064,
      0.9663468599319458,
      0.2570658326148987,
      0.07907605916261673,
      -0.25700104236602783,
      0.9631705284118652
    ],
    [
      0.9951350092887878,
      0.0005613301764242351,
      0.0985189750790596,
      -0.005442177411168814,
      0.9987701773643494,
      0.04928044602274895,
      -0.09837014228105545,
      -0.049576856195926666,
      0.9939142465591431
    ],
    [
      0.8551832437515259,
      -0.3884811997413635,
      -0.34313836693763733,
      0.40272215008735657,
      0.9147640466690063,
      -0.031962018460035324,
      0.3263072967529297,
      -0.11085604131221771,
      0.9387408494949341
    ],
    [
      0.9962601661682129,
      0.04475267603993416,
      0.07391125708818436,
      -0.03534315899014473,
      0.9916477203369141,
      -0.12403932958841324,
      -0.07884500920772552,
      0.1209631860256195,
      0.9895208477973938
    ],
    [
      0.9808953404426575,
      -0.037388067692518234,
      0.19090987741947174,
      -0.1000610738992691,
      0.7446235418319702,
      0.6599422097206116,
      -0.1668299287557602,
      -0.6664367914199829,
      0.7266566753387451
    ],
    [
      0.870532751083374,
      0.41348057985305786,
      0.26684555411338806,
      -0.39380279183387756,
      0.9105007648468018,
      -0.12612587213516235,
      -0.2951136827468872,
      0.004712167661637068,
      0.9554505348205566
    ],
    [
      0.9940300583839417,
      -0.026398051530122757,
      -0.10586469620466232,
      0.018436869606375694,
      0.9969763159751892,
      -0.07548721134662628,
      0.10753730684518814,
      0.0730847492814064,
      0.9915111064910889
    ],
    [
      0.5843627452850342,
      -0.2343830168247223,
      -0.776907205581665,
      0.6786720752716064,
      0.6660236120223999,
      0.30954286456108093,
      0.4448869526386261,
      -0.7081505656242371,
      0.5482686161994934
    ],
    [
      0.628632128238678,
      0.12425835430622101,
      0.7677117586135864,
      -0.5443190336227417,
      0.7753580212593079,
      0.32021352648735046,
      -0.5554622411727905,
      -0.6191766858100891,
      0.5550511479377747
    ],
    [
      0.9951414465904236,
      -0.02066984958946705,
      -0.09626085311174393,
      0.04967404901981354,
      0.949557900428772,
      0.30963245034217834,
      0.08500519394874573,
      -0.3129097819328308,
      0.9459711909294128
    ],
    [
      0.7839932441711426,
      0.25402259826660156,
      -0.5664159655570984,
      0.00667538121342659,
      0.9089394211769104,
      0.4168747663497925,
      0.620733380317688,
      -0.3306080400943756,
      0.7109066843986511
    ],
    [
      0.7899896502494812,
      -0.22998389601707458,
      0.5683518648147583,
      -0.06807304173707962,
      0.8883509635925293,
      0.45409101247787476,
      -0.6093295812606812,
      -0.3974166214466095,
      0.6861323714256287
    ],
    [
      0.41222837567329407,
      -0.12847700715065002,
      -0.9019763469696045,
      0.5222280025482178,
      0.8445502519607544,
      0.11837548762559891,
      0.7465558648109436,
      -0.5198350548744202,
      0.41524186730384827
    ],
    [
      0.3793884813785553,
      0.3102622628211975,
      0.8716660737991333,
      -0.48241400718688965,
      0.8702409863471985,
      -0.09978663176298141,
      -0.7895195484161377,
      -0.38264602422714233,
      0.47983425855636597
    ],
    [
      0.8854734301567078,
      -0.33975228667259216,
      0.31702539324760437,
      0.4625057280063629,
      0.7104290723800659,
      -0.5304517149925232,
      -0.04500187188386917,
      0.6163269877433777,
      0.7862034440040588
    ],
    [
      0.8139780759811401,
      0.4472369849681854,
      -0.37070050835609436,
      -0.580894410610199,
      0.6253602504730225,
      -0.5210434198379517,
      -0.001208531204611063,
      0.6394557356834412,
      0.768826961517334
    ],
    [
      0.9456017017364502,
      0.19947898387908936,
      -0.25699323415756226,
      -0.13045616447925568,
      0.9561641812324524,
      0.2621666491031647,
      0.29802441596984863,
      -0.21437887847423553,
      0.9301737546920776
    ],
    [
      0.968734622001648,
      -0.1157149225473404,
      0.21946145594120026,
      0.0895070731639862,
      0.9880037307739258,
      0.12584520876407623,
      -0.23139092326164246,
      -0.10226724296808243,
      0.9674707055091858
    ]
  ],
  "root_rot": [
    -0.9483817219734192,
    -0.03972243890166283,
    -0.3146335482597351,
    0.07203412055969238,
    -0.993174135684967,
    -0.0917402058839798,
    -0.308841735124588,
    -0.10966908186674118,
    0.944769561290741
  ],
  "root_trans": [
    -0.48943382501602173,
    0.4939442276954651,
    2.402858257293701
  ]
}