{
  "betas": [
    -0.7271764874458313,
    1.1678797006607056,
    1.3064391613006592,
    0.3724217116832733,
    0.1476237177848816,
    -0.3501264452934265,
    -0.5818929672241211,
    0.9639191627502441,
    0.3420170545578003,
    1.1109739542007446
  ],
  "joints": [
    [
      0.9884805679321289,
      0.006365607958287001,
      0.15121394395828247,
      0.057128190994262695,
      0.9095122814178467,
      -0.4117325246334076,
      -0.14015187323093414,
      0.4156281650066376,
      0.898671567440033
    ],
    [
      0.9917746186256409,
      0.030967965722084045,
      0.12419386953115463,
      -0.10003612190485,
      0.792841374874115,
      0.6011616587638855,
      -0.07984928041696548,
      -0.608640730381012,
      0.7894178628921509
    ],
    [
      0.9765849113464355,
      -0.07061270624399185,
      -0.20321333408355713,
      0.048105932772159576,
      0.992356538772583,
      -0.11364134401082993,
      0.2096845954656601,
      0.10120466351509094,
      0.9725173115730286
    ],
    [
      0.9985591173171997,
      0.03601264953613281,
      -0.03978387266397476,
      -0.03569648042321205,
      0.9993253946304321,
      0.008629107847809792,
      0.04006779566407204,
      -0.0071965293027460575,
      0.9991710186004639
    ],
    [
      0.9990807175636292,
      -0.027303114533424377,
      -0.03305131569504738,
      -0.0011884606210514903,
      0.7530274391174316,
      -0.6579880118370056,
      0.04285367950797081,
      0.6574223041534424,
      0.7523027658462524
    ],
    [
      0.9802843332290649,
      -0.03564205765724182,
      -0.1943512260913849,
      0.029945163056254387,
      0.9990336298942566,
      -0.03217289596796036,
      0.19531011581420898,
      0.025718700140714645,
      0.9804043173789978
    ],
    [
      0.9883536100387573,
      -0.07904084771871567,
      0.13003739714622498,
      0.049127399921417236,
      0.9745011329650879,
      0.2189384549856186,
      -0.14402666687965393,
      -0.2100002020597458,
      0.9670347571372986
    ],
    [
      0.8832752108573914,
      -0.4616270959377289,
      -0.08200807124376297,
      0.4614761471748352,
      0.8868817090988159,
      -0.02192617952823639,
      0.08285316079854965,
      -0.018477916717529297,
      0.9963905215263367
    ],
    [
      0.9927530288696289,
      -3.685098306505097e-07,
      -0.12017227709293365,
      0.0015313662588596344,
      0.9999188780784607,
      0.012647686526179314,
      0.12016250938177109,
      -0.0127400578930974,
      0.9926725029945374
    ],
    [
      0.878321647644043,
      -0.47741997241973877,
      0.024927396327257156,
      0.3830500841140747,
      0.7339895367622375,
      0.5608315467834473,
      -0.2860485911369324,
      -0.48304200172424316,
      0.8275546431541443
    ],
    [
      0.8093499541282654,
      0.4450051784515381,
      0.3833053708076477,
      -0.4959397315979004,
      0.8674296140670776,
      0.040119994431734085,
      -0.31463682651519775,
      -0.22256751358509064,
      0.9227498769760132
    ],
    [
      0.9976369142532349,
      0.062303490936756134,
      -0.02896426059305668,
      -0.05910935625433922,
      0.9931854605674744,
      0.10044275224208832,
      0.035024818032979965,
      -0.09849333018064499,
      0.9945212006568909
    ],
    [
      0.883274495601654,
      0.29900798201560974,
      -0.3611376881599426,
      -0.25334417819976807,
      0.9524996876716614,
      0.16900068521499634,
      0.3945160210132599,
      -0.05778186395764351,
      0.9170706272125244
    ],
    [
      0.938525915145874,
      -0.2743819057941437,
      0.2094845026731491,
      0.2727297842502594,
      0.9613666534423828,
      0.037318553775548935,
      -0.2116309404373169,
      0.022108228877186775,
      0.9770996570587158
    ],
    [
      0.9575866460800171,
      0.04166748747229576,
      0.2851170003414154,
      -0.03975622355937958,
      0.9991313219070435,
      -0.012490549124777317,
      -0.28538981080055237,
      0.0006256070337258279,
      0.9584113359451294
    ],
    [
      0.4083783030509949,
      0.607169508934021,
      -0.6815954446792603,
      -0.769051730632782,
      0.631091833114624,
      0.10140276700258255,
      0.49171799421310425,
      0.48277148604393005,
      0.7246689796447754
    ],
    [
      0.6314284205436707,
      -0.6607012748718262,
      0.40592119097709656,
      0.7239304780960083,
      0.6898652911186218,
      -0.003240498946979642,
      -0.2778899669647217,
      0.29590487480163574,
      0.9139023423194885
    ],
    [
      -0.39425113797187805,
      -0.3674876093864441,
      -0.8423294425010681,
      -0.08682741224765778,
      0.927363932132721,
      -0.3639466166496277,
      0.9148918390274048,
      -0.07034908980131149,
      -0.3975222706794739
    ],
    [
      -0.5981143116950989,
      0.41305726766586304,
      0.6867626905441284,
      0.05969219282269478,
      0.8775233030319214,
      -0.47580426931381226,
      -0.7991846799850464,
      -0.24359096586704254,
      -0.5495155453681946
    ],
    [
      0.8596798181533813,
      -0.4359208047389984,
      0.26631492376327515,
      0.5023348331451416,
      0.8161044716835022,
      -0.2857152819633484,
      -0.09279156476259232,
      0.37940293550491333,
      0.920566737651825
    ],
    [
      0.8394343852996826,
      0.523736298084259,
      -0.14508697390556335,
      -0.5341490507125854,
      0.7458970546722412,
      -0.3978974223136902,
      -0.10017334669828415,
      0.4115068316459656,
      0.905884861946106
    ],
    [
      0.8770908713340759,
      0.36539408564567566,
      -0.3117671310901642,
      -0.20219428837299347,
      0.8696355223655701,
      0.45039039850234985,
      0.43569377064704895,
      -0.33199578523635864,
      0.8366299867630005
    ],
    [
      0.8938083648681641,
      -0.32045409083366394,
      0.3137128949165344,
      0.17520491778850555,
      0.8934860825538635,
      0.41350430250167847,
      -0.41280725598335266,
      -0.31462955474853516,
      0.8547504544258118
    ]
  ],
  "root_rot": [
    0.5243862867355347,
    -0.012566720135509968,
    -0.8513877391815186,
    0.05602410063147545,
    -0.997215211391449,
    0.04922550544142723,
    -0.8496354222297668,
    -0.07351141422986984,
    -0.5222219228744507
  ],
  "root_trans": [
    0.08343831449747086,
    0.5526210069656372,
    2.714580774307251
  ]
}