{
  "betas": [
    -0.9993652701377869,
    0.9580205678939819,
    1.5583932399749756,
    0.40794873237609863,
    0.20614181458950043,
    -0.04466802626848221,
    -0.19844204187393188,
    0.6510679721832275,
    0.24459439516067505,
    0.8346936702728271
  ],
  "joints": [
    [
      0.9821770191192627,
      -0.18533189594745636,
      0.03131240978837013,
      0.18782514333724976,
      0.9740383625030518,
      -0.12637640535831451,
      -0.007077907677739859,
      0.13000525534152985,
      0.9914880990982056
    ],
    [
      0.9915642738342285,
      0.11143887788057327,
      -0.06619313359260559,
      -0.05661042034626007,
      0.8317461013793945,
      0.5522622466087341,
      0.11659936606884003,
      -0.5438563823699951,
      0.8310382962226868
    ],
    [
      0.9977531433105469,
      -0.06036030501127243,
      0.029072832316160202,
      0.06471876055002213,
      0.9805490374565125,
      -0.18529725074768066,
      -0.017322739586234093,
      0.1867624819278717,
      0.982252299785614
    ],
    [
      0.9928261637687683,
      0.02412506937980652,
      -0.11710765212774277,
      -0.0338326022028923,
      0.9960885047912598,
      -0.08162736147642136,
      0.11468032002449036,
      0.08500383049249649,
      0.9897589683532715
    ],
    [
      0.9855437278747559,
      -0.12752771377563477,
      -0.11153550446033478,
      0.06198202446103096,
      0.8840956687927246,
      -0.4631771147251129,
      0.15767598152160645,
      0.44956815242767334,
      0.8792193531990051
    ],
    [
      0.9989502429962158,
      0.007191060110926628,
      -0.04524003714323044,
      -0.010980339720845222,
      0.9963987469673157,
      -0.08407715708017349,
      0.04447251185774803,
      0.08448565006256104,
      0.9954317212104797
    ],
    [
      0.9896669387817383,
      0.04988615959882736,
      0.13442744314670563,
      -0.07752945274114609,
      0.9748338460922241,
      0.2090170681476593,
      -0.12061737477779388,
      -0.2172793596982956,
      0.968628466129303
    ],
    [
      0.8845680952072144,
      -0.26095882058143616,
      -0.3865744471549988,
      0.32028669118881226,
      0.9423685073852539,
      0.09673697501420975,
      0.339051216840744,
      -0.20938509702682495,
      0.9171707630157471
    ],
    [
      0.9951391220092773,
      0.013808912597596645,
      0.09750667214393616,
      -0.015358941629529,
      0.9997670650482178,
      0.015163959935307503,
      -0.09727455675601959,
      -0.016587847843766212,
      0.9951193928718567
    ],
    [
      0.9266325831413269,
      -0.37245601415634155,
      0.05126986652612686,
      0.2405746728181839,
      0.6921899914741516,
      0.6804386973381042,
      -0.288921982049942,
      -0.6181824207305908,
      0.731009304523468
    ],
    [
      0.7825161218643188,
      0.3121722340583801,
      0.5387179255485535,
      -0.4408586919307709,
      0.8887811303138733,
      0.12534618377685547,
      -0.43967270851135254,
      -0.33558389544487,
      0.833109438419342
    ],
    [
      0.8999851942062378,
      -0.03142007067799568,
      -0.4347865581512451,
      0.05489513278007507,
      0.9976277947425842,
      0.041535936295986176,
      0.4324501156806946,
      -0.061249393969774246,
      0.8995750546455383
    ],
    [
      0.952429473400116,
      0.3003174662590027,
      0.05184144154191017,
      -0.30032944679260254,
      0.9538041353225708,
      -0.007743149995803833,
      -0.05177197977900505,
      -0.00819470640271902,
      0.9986253380775452
    ],
    [
      0.9142819046974182,
      -0.25245028734207153,
      0.31679245829582214,
      0.22629129886627197,
      0.9669505953788757,
      0.11746785044670105,
      -0.3359774947166443,
      -0.035711340606212616,
      0.9411927461624146
    ],
    [
      0.9969977736473083,
      0.0061180260963737965,
      -0.07718757539987564,
      -0.0040493919514119625,
      0.9996291399002075,
      0.02692810259759426,
      0.07732370495796204,
      -0.02653469704091549,
      0.9966527819633484
    ],
    [
      0.6789661049842834,
      0.7062836289405823,
      -0.20042072236537933,
      -0.6881277561187744,
      0.5170614719390869,
      -0.5090458393096924,
      -0.25590094923973083,
      0.4835399091243744,
      0.8370805978775024
    ],
    [
      0.8426148295402527,
      -0.400054931640625,
      0.3604947030544281,
      0.3356543779373169,
      0.9136388897895813,
      0.22934719920158386,
      -0.4211134612560272,
      -0.07224971055984497,
      0.9041258692741394
    ],
    [
      -0.2816337049007416,
      -0.25187498331069946,
      -0.9258733987808228,
      -0.13393110036849976,
      0.965804934501648,
      -0.22199858725070953,
      0.9501289129257202,
      0.06148095801472664,
      -0.30573710799217224
    ],
    [
      0.3736920952796936,
      0.18019349873065948,
      0.909881591796875,
      -0.5473049879074097,
      0.8348188996315002,
      0.0594523549079895,
      -0.7488734722137451,
      -0.5201995968818665,
      0.41058602929115295
    ],
    [
      0.9311120510101318,
      -0.3646928071975708,
      -0.005428589414805174,
      0.3289896845817566,
      0.846196711063385,
      -0.41918596625328064,
      0.1574677675962448,
      0.3885231614112854,
      0.9078841209411621
    ],
    [
      0.9105179905891418,
      0.34507670998573303,
      -0.22776982188224792,
      -0.4131377935409546,
      0.7372372150421143,
      -0.5346012711524963,
      -0.016558030620217323,
      0.5808643698692322,
      0.8138319849967957
    ],
    [
      0.7510935068130493,
      0.456061452627182,
      -0.47735363245010376,
      -0.24036991596221924,
      0.8623302578926086,
      0.44565549492836,
      0.61488276720047,
      -0.21998745203018188,
      0.7573140859603882
    ],
    [
      0.9476228952407837,
      -0.24880310893058777,
      0.20026934146881104,
      0.14509615302085876,
      0.8939484357833862,
      0.4240323007106781,
      -0.28453096747398376,
      -0.3727644383907318,
      0.8832263946533203
    ]
  ],
  "root_rot": [
    0.749735951423645,
    -0.0429709330201149,
    -0.6603404879570007,
    0.01164011750370264,
    -0.9968786239624023,
    0.078086718916893,
    -0.6616347432136536,
    -0.06623085588216782,
    -0.7468955516815186
  ],
  "root_trans": [
    -0.6812531352043152,
    0.5414988994598389,
    2.4442641735076904
  ]
}