{
  "betas": [
    -0.9417898058891296,
    0.850021243095398,
    1.525819182395935,
    0.1280771791934967,
    0.18138720095157623,
    0.03436357155442238,
    0.30954527854919434,
    0.4280485212802887,
    0.11600806564092636,
    0.8410264253616333
  ],
  "joints": [
    [
      0.9456990361213684,
      -0.3243667185306549,
      0.020970100536942482,
      0.32316291332244873,
      0.9451980590820312,
      0.04654403403401375,
      -0.03491823747754097,
      -0.037239883095026016,
      0.9986962080001831
    ],
    [
      0.9602361917495728,
      0.25425979495048523,
      -0.11531876027584076,
      -0.23334486782550812,
      0.9576802849769592,
      0.1685190200805664,
      0.15328611433506012,
      -0.1349090188741684,
      0.9789294600486755
    ],
    [
      0.9999035000801086,
      0.0021500294096767902,
      0.013724465854465961,
      -0.0003497543802950531,
      0.9915336966514587,
      -0.12984901666641235,
      -0.013887451030313969,
      0.1298316866159439,
      0.9914387464523315
    ],
    [
      0.999920666217804,
      0.00806290004402399,
      -0.00967735331505537,
      -0.009603426791727543,
      0.9851385951042175,
      -0.1714928299188614,
      0.008150804787874222,
      0.17157214879989624,
      0.9851378798484802
    ],
    [
      0.9998186230659485,
      0.011995087377727032,
      -0.014794900082051754,
      -0.016231339424848557,
      0.9430251121520996,
      -0.3323253393173218,
      0.009965688921511173,
      0.3325051963329315,
      0.9430487751960754
    ],
    [
      0.9940358400344849,
      -0.034723926335573196,
      -0.1033778265118599,
      0.030994238331913948,
      0.9988170266151428,
      -0.03746899589896202,
      0.1045565977692604,
      0.03404140844941139,
      0.9939361810684204
    ],
    [
      0.9994111657142639,
      0.010544068180024624,
      0.032653745263814926,
      -0.008633234538137913,
      0.9982724785804749,
      -0.05811586603522301,
      -0.033210113644599915,
      0.05779973044991493,
      0.997775673866272
    ],
    [
      0.9440928101539612,
      -0.3141658306121826,
      -0.09994353353977203,
      0.3138526678085327,
      0.9492765069007874,
      -0.01925312913954258,
      0.10092271864414215,
      -0.013190800324082375,
      0.9948068857192993
    ],
    [
      0.9996862411499023,
      0.02234511636197567,
      0.011315546929836273,
      -0.022718414664268494,
      0.9991631507873535,
      0.03401227295398712,
      -0.010546069592237473,
      -0.03425867483019829,
      0.999357283115387
    ],
    [
      0.9802600145339966,
      -0.14218439161777496,
      0.13738209009170532,
      0.06339631229639053,
      0.884209930896759,
      0.4627675712108612,
      -0.18727292120456696,
      -0.44492307305336,
      0.8757696151733398
    ],
    [
      0.9462246298789978,
      0.3204305171966553,
      0.044533226639032364,
      -0.3161499500274658,
      0.945090115070343,
      -0.0827883630990982,
      -0.06861582398414612,
      0.06425721198320389,
      0.9955716133117676
    ],
    [
      0.9844950437545776,
      0.037106286734342575,
      -0.1714429259300232,
      -0.010254179127514362,
      0.9878727793693542,
      0.15492679178714752,
      0.1751125454902649,
      -0.15076665580272675,
      0.9729363322257996
    ],
    [
      0.9348182678222656,
      0.1895972490310669,
      -0.30027931928634644,
      -0.1357797384262085,
      0.9721333384513855,
      0.1911035031080246,
      0.32814425230026245,
      -0.13787519931793213,
      0.9345114827156067
    ],
    [
      0.8906294107437134,
      -0.25729161500930786,
      0.3749403655529022,
      0.2221207171678543,
      0.9656266570091248,
      0.13500924408435822,
      -0.39678919315338135,
      -0.036961182951927185,
      0.9171652793884277
    ],
    [
      0.9973443746566772,
      -0.03134111315011978,
      -0.06574071198701859,
      0.04169266298413277,
      0.9858214855194092,
      0.16253544390201569,
      0.059714559465646744,
      -0.16484473645687103,
      0.9845101833343506
    ],
    [
      0.2897337079048157,
      0.7438219785690308,
      -0.6023148894309998,
      -0.8704575300216675,
      0.4664342701435089,
      0.15729843080043793,
      0.39794233441352844,
      0.47871485352516174,
      0.7826071977615356
    ],
    [
      0.4634191393852234,
      -0.7699580192565918,
      0.4386426508426666,
      0.7853882908821106,
      0.5861182808876038,
      0.1990741640329361,
      -0.4103752076625824,
      0.252250075340271,
      0.8763344287872314
    ],
    [
      -0.1322813779115677,
      -0.4466070234775543,
      -0.8848975896835327,
      0.11222187429666519,
      0.880254864692688,
      -0.46103963255882263,
      0.9848390221595764,
      -0.16029180586338043,
      -0.06632225215435028
    ],
    [
      -0.05258512869477272,
      0.42530208826065063,
      0.9035225510597229,
      -0.20253486931324005,
      0.8814282417297363,
      -0.4266895055770874,
      -0.9778621792793274,
      -0.20543234050273895,
      0.03978848457336426
    ],
    [
      0.917073667049408,
      -0.2620372772216797,
      0.30052000284194946,
      0.35554996132850647,
      0.8785507678985596,
      -0.31895574927330017,
      -0.18044380843639374,
      0.39935585856437683,
      0.8988631367683411
    ],
    [
      0.940006673336029,
      0.336792916059494,
      -0.054385796189308167,
      -0.33629149198532104,
      0.8879296779632568,
      -0.31382912397384644,
      -0.057404667139053345,
      0.3132910132408142,
      0.9479204416275024
    ],
    [
      0.9887139797210693,
      -0.023329129442572594,
      -0.1479877382516861,
      0.022234968841075897,
      0.999711811542511,
      -0.009043862111866474,
      0.1481560915708542,
      0.005651290062814951,
      0.9889477491378784
    ],
    [
      0.9841721653938293,
      -0.024763505905866623,
      0.17547662556171417,
      0.03210830315947533,
      0.9987176060676575,
      -0.039141349494457245,
      -0.17428235709667206,
      0.04415608569979668,
      0.9837051630020142
    ]
  ],
  "root_rot": [
    -0.902306079864502,
    -0.03557978570461273,
    -0.4296252131462097,
    0.07049700617790222,
    -0.9953507781028748,
    -0.06562817096710205,
    -0.4252927303314209,
    -0.08950398862361908,
    0.9006193280220032
  ],
  "root_trans": [
    -0.5035073757171631,
    0.5333074331283569,
    2.3335118293762207
  ]
}