{
  "betas": [
    -0.8119737505912781,
    0.9717975854873657,
    1.0935885906219482,
    0.4438179135322571,
    0.18914015591144562,
    -0.3297066390514374,
    -0.4782932996749878,
    0.9793685078620911,
    0.19905433058738708,
    1.061896562576294
  ],
  "joints": [
    [
      0.9908803105354309,
      -0.0187536533921957,
      0.13343389332294464,
      0.06385097652673721,
      0.9373776316642761,
      -0.34241238236427307,
      -0.1186564564704895,
      0.3478095531463623,
      0.9300264716148376
    ],
    [
      0.9929637908935547,
      0.08189057558774948,
      0.08553813397884369,
      -0.11633799970149994,
      0.8094043135643005,
      0.5756127238273621,
      -0.02209768071770668,
      -0.5815140008926392,
      0.8132361769676208
    ],
    [
      0.9856670498847961,
      -0.06367005407810211,
      -0.1562262326478958,
      0.04040700942277908,
      0.9881913065910339,
      -0.14780069887638092,
      0.16379190981388092,
      0.1393696367740631,
      0.9766003489494324
    ],
    [
      0.9993150234222412,
      0.030232194811105728,
      -0.021343205124139786,
      -0.02963588759303093,
      0.9991762042045593,
      0.027723295614123344,
      0.022163759917020798,
      -0.02707177959382534,
      0.9993877410888672
    ],
    [
      0.9995899796485901,
      0.0006629299023188651,
      -0.028623897582292557,
      -0.013673319481313229,
      0.8894162178039551,
      -0.45689356327056885,
      0.02515566349029541,
      0.4570976793766022,
      0.8890606164932251
    ],
    [
      0.9855433106422424,
      -0.025958210229873657,
      -0.16742372512817383,
      0.022649450227618217,
      0.9995092153549194,
      -0.02164236642420292,
      0.1679033488035202,
      0.017537429928779602,
      0.9856475591659546
    ],
    [
      0.9908379316329956,
      -0.08626719564199448,
      0.10391443222761154,
      0.0612303763628006,
      0.9727330207824707,
      0.22369909286499023,
      -0.12037888914346695,
      -0.21528680622577667,
      0.9691029191017151
    ],
    [
      0.885563313961029,
      -0.45386895537376404,
      -0.09889667481184006,
      0.4417799711227417,
      0.8887002468109131,
      -0.12264692783355713,
      0.143555149435997,
      0.0649210512638092,
      0.9875105619430542
    ],
    [
      0.9978200793266296,
      -0.001373387174680829,
      -0.06597824394702911,
      0.0023630233481526375,
      0.9998858571052551,
      0.014923762530088425,
      0.06595021486282349,
      -0.015047138556838036,
      0.9977094531059265
    ],
    [
      0.9100648760795593,
      -0.39253032207489014,
      0.13304845988750458,
      0.27826398611068726,
      0.8165683746337891,
      0.5057521462440491,
      -0.3071662187576294,
      -0.4232446849346161,
      0.8523572683334351
    ],
    [
      0.8482925891876221,
      0.4494289457798004,
      0.28002363443374634,
      -0.47504040598869324,
      0.879535973072052,
      0.02744196355342865,
      -0.23395763337612152,
      -0.1563013643026352,
      0.9596007466316223
    ],
    [
      0.9907515048980713,
      0.02866579405963421,
      -0.13262620568275452,
      -0.012641646899282932,
      0.9926788210868835,
      0.12012100964784622,
      0.13509857654571533,
      -0.11733345687389374,
      0.983860433101654
    ],
    [
      0.8408743143081665,
      0.3091154098510742,
      -0.44427260756492615,
      -0.22444333136081696,
      0.9461048245429993,
      0.23347584903240204,
      0.49249938130378723,
      -0.09660980850458145,
      0.8649341464042664
    ],
    [
      0.8868588805198669,
      -0.2987765073776245,
      0.35244008898735046,
      0.2827618718147278,
      0.9542309641838074,
      0.09741195291280746,
      -0.3654136061668396,
      0.013265975750982761,
      0.9307507872581482
    ],
    [
      0.985649585723877,
      0.01568732224404812,
      0.16807377338409424,
      -0.02448984608054161,
      0.9984273314476013,
      0.05042877048254013,
      -0.1670183688402176,
      -0.053821198642253876,
      0.9844836592674255
    ],
    [
      0.4163662791252136,
      0.5593932271003723,
      -0.7167414426803589,
      -0.7316929697990417,
      0.6741008162498474,
      0.10106174647808075,
      0.5396892428398132,
      0.4823559820652008,
      0.6899769306182861
    ],
    [
      0.6673040986061096,
      -0.5935537219047546,
      0.4498879015445709,
      0.6534775495529175,
      0.756402850151062,
      0.028668178245425224,
      -0.3573125898838043,
      0.27486124634742737,
      0.8926247358322144
    ],
    [
      -0.3668614327907562,
      -0.40402844548225403,
      -0.8379580974578857,
      -0.09361623972654343,
      0.9122245907783508,
      -0.3988511562347412,
      0.9255532622337341,
      -0.06787662208080292,
      -0.37248364090919495
    ],
    [
      -0.6030212640762329,
      0.43977656960487366,
      0.665553867816925,
      0.050850704312324524,
      0.8538091778755188,
      -0.5180966258049011,
      -0.7961027026176453,
      -0.2785794138908386,
      -0.5372280478477478
    ],
    [
      0.7975587844848633,
      -0.47663238644599915,
      0.3697587549686432,
      0.5929890871047974,
      0.7319820523262024,
      -0.3355088233947754,
      -0.11074240505695343,
      0.48685094714164734,
      0.8664365410804749
    ],
    [
      0.763620913028717,
      0.585730791091919,
      -0.2716662585735321,
      -0.6412596106529236,
      0.6389447450637817,
      -0.42489492893218994,
      -0.07529430836439133,
      0.49866724014282227,
      0.8635170459747314
    ],
    [
      0.8830736875534058,
      0.32461366057395935,
      -0.3388316035270691,
      -0.1829005479812622,
      0.9031029343605042,
      0.388526052236557,
      0.432120680809021,
      -0.28112465143203735,
      0.8568784594535828
    ],
    [
      0.9167037010192871,
      -0.3042376935482025,
      0.25902462005615234,
      0.18994371592998505,
      0.902138352394104,
      0.38738569617271423,
      -0.3515334129333496,
      -0.30591779947280884,
      0.8847815990447998
    ]
  ],
  "root_rot": [
    0.6217487454414368,
    -0.0186956487596035,
    -0.7829935550689697,
    0.050929028540849686,
    -0.9966341853141785,
    0.06423778831958771,
    -0.78155916929245,
    -0.07981686294078827,
    -0.6187039017677307
  ],
  "root_trans": [
    0.12832477688789368,
    0.5278435945510864,
    2.712476968765259
  ]
}