{
  "betas": [
    -0.7690050005912781,
    0.7417885065078735,
    1.2501118183135986,
    -0.01584869623184204,
    0.13931769132614136,
    -0.22814053297042847,
    -0.14361608028411865,
    0.127212256193161,
    0.12575992941856384,
    0.6578874588012695
  ],
  "joints": [
    [
      0.9570454955101013,
      -0.2844008803367615,
      0.05639319866895676,
      0.2708645462989807,
      0.9463919997215271,
      0.1759963035583496,
      -0.10342355817556381,
      -0.15316154062747955,
      0.9827743172645569
    ],
    [
      0.9335078001022339,
      0.3523178696632385,
      -0.06659789383411407,
      -0.33665940165519714,
      0.92516028881073,
      0.1753249317407608,
      0.12338383495807648,
      -0.14124639332294464,
      0.9822554588317871
    ],
    [
      0.99794602394104,
      -0.050984032452106476,
      0.03878488391637802,
      0.05361476168036461,
      0.996096670627594,
      -0.07012056559324265,
      -0.03505846485495567,
      0.07205598801374435,
      0.9967842102050781
    ],
    [
      0.9945728778839111,
      0.10235927253961563,
      0.018637485802173615,
      -0.09803144633769989,
      0.9819611310958862,
      -0.16168572008609772,
      -0.0348513200879097,
      0.15898117423057556,
      0.9866663217544556
    ],
    [
      0.9926944971084595,
      0.030582083389163017,
      0.11671531945466995,
      -0.00351221626624465,
      0.9742586016654968,
      -0.2254057079553604,
      -0.12060429155826569,
      0.22334904968738556,
      0.9672485589981079
    ],
    [
      0.9900141954421997,
      -0.07172635197639465,
      -0.12135602533817291,
      0.07175853848457336,
      0.9974135756492615,
      -0.004110700450837612,
      0.12133698910474777,
      -0.004638679791241884,
      0.9926005601882935
    ],
    [
      0.9938405156135559,
      -0.013617106713354588,
      0.10997949540615082,
      0.027837682515382767,
      0.991276741027832,
      -0.12882284820079803,
      -0.10726593434810638,
      0.1310909539461136,
      0.985550045967102
    ],
    [
      0.885893702507019,
      -0.36865174770355225,
      -0.28158146142959595,
      0.3718033730983734,
      0.9272567629814148,
      -0.044237952679395676,
      0.2774067521095276,
      -0.06550281494855881,
      0.9585168957710266
    ],
    [
      0.999443769454956,
      -0.0169006809592247,
      0.028748013079166412,
      0.017681842669844627,
      0.9994752407073975,
      -0.027138689532876015,
      -0.02827426791191101,
      0.027631914243102074,
      0.9992181658744812
    ],
    [
      0.9864038825035095,
      0.055169664323329926,
      0.15480190515518188,
      -0.13959653675556183,
      0.778344452381134,
      0.6121214628219604,
      -0.08671867847442627,
      -0.6254088282585144,
      0.7754634618759155
    ],
    [
      0.9172674417495728,
      0.2907673418521881,
      0.2721666395664215,
      -0.31787824630737305,
      0.9462019801139832,
      0.060458604246377945,
      -0.2399452179670334,
      -0.1419725865125656,
      0.960348904132843
    ],
    [
      0.8949835300445557,
      0.30613774061203003,
      0.3244752883911133,
      -0.27652502059936523,
      0.9514797329902649,
      -0.13498254120349884,
      -0.35005488991737366,
      0.031081607565283775,
      0.9362134337425232
    ],
    [
      0.8744134902954102,
      -0.07355377078056335,
      -0.4795735776424408,
      0.20026899874210358,
      0.9550247192382812,
      0.2186780571937561,
      0.4419200122356415,
      -0.2872587740421295,
      0.8498170375823975
    ],
    [
      0.9790024757385254,
      -0.13722287118434906,
      0.15074501931667328,
      0.1511792689561844,
      0.9848150610923767,
      -0.0853477343916893,
      -0.13674427568912506,
      0.10634516179561615,
      0.9848816394805908
    ],
    [
      0.8479631543159485,
      -0.13180041313171387,
      0.513407289981842,
      0.1407134234905243,
      0.9898126125335693,
      0.02169412188231945,
      -0.5110363364219666,
      0.053847480565309525,
      0.8578706979751587
    ],
    [
      0.6672133207321167,
      0.4460130035877228,
      -0.5965725183486938,
      -0.5084038376808167,
      0.8580291867256165,
      0.0728803426027298,
      0.5443822145462036,
      0.25467297434806824,
      0.7992432117462158
    ],
    [
      0.618453323841095,
      -0.7507823705673218,
      0.23203733563423157,
      0.7856826186180115,
      0.5852203369140625,
      -0.2005492001771927,
      0.01477583684027195,
      0.30633801221847534,
      0.9518080949783325
    ],
    [
      -0.19810916483402252,
      -0.20843687653541565,
      -0.9577614068984985,
      -0.19220314919948578,
      0.966418981552124,
      -0.17056457698345184,
      0.9611507654190063,
      0.15029433369636536,
      -0.2315186858177185
    ],
    [
      -0.16796566545963287,
      0.3922324776649475,
      0.9044010639190674,
      0.1395968794822693,
      0.9176537990570068,
      -0.3720541298389435,
      -0.975858747959137,
      0.06375924497842789,
      -0.20888875424861908
    ],
    [
      0.9855443239212036,
      -0.15398474037647247,
      0.0706472396850586,
      0.16940778493881226,
      0.8912255167961121,
      -0.4207351803779602,
      0.0018241734942421317,
      0.4266214072704315,
      0.9044284820556641
    ],
    [
      0.9862853288650513,
      0.1647411286830902,
      0.01008424162864685,
      -0.1569303572177887,
      0.9549428820610046,
      -0.2519066035747528,
      -0.051129259169101715,
      0.2468692511320114,
      0.9676990509033203
    ],
    [
      0.9358300566673279,
      0.3133249580860138,
      -0.16139888763427734,
      -0.2458716481924057,
      0.9084660410881042,
      0.33798888325691223,
      0.25252577662467957,
      -0.2766167223453522,
      0.9272075295448303
    ],
    [
      0.8758942484855652,
      -0.3121541440486908,
      0.3679252564907074,
      0.2322015017271042,
      0.9411281943321228,
      0.2456832379102707,
      -0.42295584082603455,
      -0.1297597438097,
      0.8968114256858826
    ]
  ],
  "root_rot": [
    0.9426571726799011,
    -0.07186488807201385,
    0.32593390345573425,
    -0.09047991037368774,
    -0.9949997067451477,
    0.04229693487286568,
    0.32126444578170776,
    -0.06936197727918625,
    -0.9444459676742554
  ],
  "root_trans": [
    0.26429542899131775,
    0.5197676420211792,
    2.5658154487609863
  ]
}