{
  "betas": [
    -0.3904551863670349,
    0.8930679559707642,
    1.3345606327056885,
    0.8341994285583496,
    0.28745418787002563,
    -0.20777156949043274,
    0.06819763779640198,
    0.734389066696167,
    -0.17352542281150818,
    0.6186960935592651
  ],
  "joints": [
    [
      0.934542179107666,
      -0.20130659639835358,
      -0.2934392988681793,
      0.27068668603897095,
      -0.13313885033130646,
      0.9534164071083069,
      -0.23099716007709503,
      -0.9704378843307495,
      -0.06993285566568375
    ],
    [
      0.9897738099098206,
      0.017744649201631546,
      -0.14153800904750824,
      -0.037738800048828125,
      0.9894519448280334,
      -0.13985922932624817,
      0.1375633180141449,
      0.1437704712152481,
      0.980003297328949
    ],
    [
      0.9687379598617554,
      0.11943625658750534,
      0.21744360029697418,
      -0.014253835193812847,
      0.9018322825431824,
      -0.4318510591983795,
      -0.24767634272575378,
      0.41525110602378845,
      0.8753415942192078
    ],
    [
      0.8032116293907166,
      0.4801478683948517,
      -0.3525751233100891,
      -0.05370340868830681,
      -0.5310968160629272,
      -0.845607578754425,
      -0.5932681560516357,
      0.6981362104415894,
      -0.400797575712204
    ],
    [
      0.9982656836509705,
      -0.018895594403147697,
      0.05575454980134964,
      0.029953083023428917,
      0.9783608317375183,
      -0.20472635328769684,
      -0.05067964270710945,
      0.20604132115840912,
      0.9772300124168396
    ],
    [
      0.991330623626709,
      -0.0963931679725647,
      -0.0892852321267128,
      0.10894469916820526,
      0.9828988313674927,
      0.1484622359275818,
      0.07344760000705719,
      -0.15690232813358307,
      0.9848792552947998
    ],
    [
      0.9677170515060425,
      -0.23718759417533875,
      -0.08523926138877869,
      0.24302570521831512,
      0.9677611589431763,
      0.06615717709064484,
      0.0667995885014534,
      -0.08473676443099976,
      0.9941616654396057
    ],
    [
      0.926913321018219,
      -0.20532046258449554,
      -0.31412601470947266,
      0.2800334393978119,
      0.9356642961502075,
      0.21474097669124603,
      0.24982576072216034,
      -0.2870120704174042,
      0.9247763156890869
    ],
    [
      0.9977732300758362,
      -0.040905069559812546,
      0.05268115550279617,
      0.047722212970256805,
      0.9896364808082581,
      -0.13543352484703064,
      -0.04659527540206909,
      0.13764600455760956,
      0.9893848896026611
    ],
    [
      0.9216886162757874,
      -0.31066080927848816,
      0.23233576118946075,
      0.07056248188018799,
      0.7231767773628235,
      0.6870489120483398,
      -0.3814590275287628,
      -0.6168510317802429,
      0.6884648203849792
    ],
    [
      0.8305061459541321,
      0.23515328764915466,
      0.5049380660057068,
      -0.12812727689743042,
      0.9628583788871765,
      -0.23767033219337463,
      -0.5420727729797363,
      0.13269034028053284,
      0.8297893404960632
    ],
    [
      0.9791963696479797,
      0.1845349371433258,
      -0.08438806235790253,
      -0.20063689351081848,
      0.9426455497741699,
      -0.26676616072654724,
      0.03032035194337368,
      0.27814781665802,
      0.960059642791748
    ],
    [
      0.8451324105262756,
      -0.38533562421798706,
      -0.37049657106399536,
      0.5172116160392761,
      0.7645712494850159,
      0.38460773229599,
      0.1350679248571396,
      -0.5166695713996887,
      0.8454639911651611
    ],
    [
      0.9135034084320068,
      -0.3238852024078369,
      0.24619069695472717,
      0.3206765651702881,
      0.9456378817558289,
      0.05418138951063156,
      -0.2503557801246643,
      0.029452702030539513,
      0.9677058458328247
    ],
    [
      0.9986876249313354,
      -0.019608838483691216,
      0.047312963753938675,
      0.010640731081366539,
      0.9830862283706665,
      0.18283388018608093,
      -0.050097882747650146,
      -0.18209049105644226,
      0.982004702091217
    ],
    [
      0.8953791856765747,
      0.03849940747022629,
      -0.4436371922492981,
      0.0924667939543724,
      0.9584664702415466,
      0.2697998583316803,
      0.4355984926223755,
      -0.2825948894023895,
      0.8546310067176819
    ],
    [
      0.7363271117210388,
      -0.6416075229644775,
      0.21485398709774017,
      0.6671035885810852,
      0.7414778470993042,
      -0.07199624180793762,
      -0.11311613768339157,
      0.19634264707565308,
      0.973988950252533
    ],
    [
      0.6086877584457397,
      -0.08474332839250565,
      -0.788871169090271,
      0.4613843262195587,
      0.8466843962669373,
      0.26504722237586975,
      0.6454639434814453,
      -0.5253037810325623,
      0.554465651512146
    ],
    [
      0.7841094136238098,
      0.1997784972190857,
      0.587588906288147,
      -0.04750407487154007,
      0.9633157849311829,
      -0.2641324996948242,
      -0.6188017129898071,
      0.17919592559337616,
      0.7648352384567261
    ],
    [
      0.9701402187347412,
      -0.14846590161323547,
      0.19179664552211761,
      0.23724806308746338,
      0.745230495929718,
      -0.6231732964515686,
      -0.05041271448135376,
      0.6500687599182129,
      0.7582013010978699
    ],
    [
      0.9804835319519043,
      0.17506489157676697,
      -0.08946674317121506,
      -0.19638200104236603,
      0.8506246209144592,
      -0.4877210855484009,
      -0.009280223399400711,
      0.4957721531391144,
      0.8684030175209045
    ],
    [
      0.9437271356582642,
      0.18107949197292328,
      -0.27674800157546997,
      -0.09636794775724411,
      0.9510409832000732,
      0.2936569154262543,
      0.31637391448020935,
      -0.2504623234272003,
      0.9149734377861023
    ],
    [
      0.975246012210846,
      -0.13670484721660614,
      0.17380188405513763,
      0.10987943410873413,
      0.9816910028457642,
      0.15559346973896027,
      -0.19189012050628662,
      -0.1326446533203125,
      0.9724112749099731
    ]
  ],
  "root_rot": [
    -0.1756718009710312,
    0.28733205795288086,
    -0.9415835738182068,
    -0.09339801222085953,
    -0.957007884979248,
    -0.2746135890483856,
    -0.9800082445144653,
    0.03970017284154892,
    0.19495554268360138
  ],
  "root_trans": [
    -0.08178415894508362,
    0.4770062565803528,
    2.521486520767212
  ]
}