{
  "betas": [
    -0.740971028804779,
    0.7213830947875977,
    1.426656723022461,
    0.4201749861240387,
    0.5182019472122192,
    -0.10049853473901749,
    0.16906379163265228,
    0.2834365963935852,
    -0.011597082018852234,
    0.7177536487579346
  ],
  "joints": [
    [
      0.9414000511169434,
      -0.3352343440055847,
      0.03720013424754143,
      0.33677446842193604,
      0.9403286576271057,
      -0.04863062500953674,
      -0.01867769844830036,
      0.058308929204940796,
      0.998123824596405
    ],
    [
      0.9287604689598083,
      0.3603070080280304,
      -0.08707951009273529,
      -0.33658865094184875,
      0.9181495904922485,
      0.20906779170036316,
      0.15528061985969543,
      -0.1648639291524887,
      0.9740163087844849
    ],
    [
      0.9953341484069824,
      -0.09564805775880814,
      -0.012704802677035332,
      0.094281867146492,
      0.9921038150787354,
      -0.08271083235740662,
      0.02051560953259468,
      0.08112707734107971,
      0.9964926838874817
    ],
    [
      0.9969087243080139,
      -0.010962706059217453,
      -0.07779970020055771,
      -0.007875810377299786,
      0.9712865352630615,
      -0.23778240382671356,
      0.07817254215478897,
      0.23766009509563446,
      0.9681977033615112
    ],
    [
      0.9959564208984375,
      -0.011996024288237095,
      0.08903256803750992,
      0.03805036470293999,
      0.9540891647338867,
      -0.29709601402282715,
      -0.08138103783130646,
      0.299282431602478,
      0.9506877064704895
    ],
    [
      0.9945942759513855,
      -0.014477305114269257,
      -0.10282349586486816,
      0.01564817875623703,
      0.9998214840888977,
      0.010589667595922947,
      0.10265183448791504,
      -0.012141422368586063,
      0.9946432709693909
    ],
    [
      0.9816188812255859,
      0.02137996442615986,
      0.18965041637420654,
      -0.028228353708982468,
      0.9990406036376953,
      0.03348283842206001,
      -0.18875259160995483,
      -0.038220904767513275,
      0.9812806248664856
    ],
    [
      0.9170441627502441,
      -0.3987841308116913,
      0.0010594009654596448,
      0.3987661302089691,
      0.9169701933860779,
      -0.012294654734432697,
      0.003931473940610886,
      0.0116971954703331,
      0.9999237656593323
    ],
    [
      0.9989657998085022,
      0.02368798479437828,
      0.038811471313238144,
      -0.024152008816599846,
      0.9996417760848999,
      0.011530805379152298,
      -0.038524430245161057,
      -0.012456253170967102,
      0.9991800785064697
    ],
    [
      0.9918138384819031,
      -0.11530911177396774,
      0.05485597625374794,
      0.0784301906824112,
      0.8891167640686035,
      0.45091015100479126,
      -0.10076742619276047,
      -0.44291654229164124,
      0.8908820152282715
    ],
    [
      0.9623206853866577,
      0.2604847252368927,
      0.07801705598831177,
      -0.2595468759536743,
      0.9654774069786072,
      -0.022108638659119606,
      -0.08108267188072205,
      0.0010265205055475235,
      0.9967069029808044
    ],
    [
      0.9942575097084045,
      0.04795113950967789,
      -0.09566990286111832,
      -0.04176924750208855,
      0.9969710111618042,
      0.06560603529214859,
      0.0985260009765625,
      -0.06123322993516922,
      0.9932488203048706
    ],
    [
      0.9318450689315796,
      0.2512776553630829,
      -0.26177147030830383,
      -0.19019362330436707,
      0.9526153206825256,
      0.2373824417591095,
      0.3090164363384247,
      -0.17141638696193695,
      0.9354813098907471
    ],
    [
      0.9175071716308594,
      -0.1150805652141571,
      0.38070598244667053,
      0.045959148555994034,
      0.9814887046813965,
      0.18592411279678345,
      -0.3950548470020294,
      -0.15308979153633118,
      0.9058119058609009
    ],
    [
      0.9644937515258789,
      -0.05769966542720795,
      0.2577258050441742,
      0.005277568940073252,
      0.9798591136932373,
      0.19962051510810852,
      -0.26405298709869385,
      -0.19117256999015808,
      0.9453725218772888
    ],
    [
      0.4870586693286896,
      0.6406277418136597,
      -0.5936075448989868,
      -0.8128604888916016,
      0.5810947418212891,
      -0.03983320668339729,
      0.31942400336265564,
      0.5019212365150452,
      0.8037682175636292
    ],
    [
      0.8638467788696289,
      -0.2838604748249054,
      0.4161634147167206,
      0.20209456980228424,
      0.9520096182823181,
      0.22985956072807312,
      -0.4614396393299103,
      -0.11445906013250351,
      0.8797571063041687
    ],
    [
      -0.07984272390604019,
      -0.39041727781295776,
      -0.9171692728996277,
      -0.07664968818426132,
      0.9197871685028076,
      -0.38485899567604065,
      0.9938560724258423,
      0.03957255184650421,
      -0.10336367785930634
    ],
    [
      0.5842556953430176,
      0.12023428827524185,
      0.8026137948036194,
      -0.34675154089927673,
      0.931134045124054,
      0.11292768269777298,
      -0.7337633371353149,
      -0.3442862331867218,
      0.5857117772102356
    ],
    [
      0.9516637921333313,
      -0.16478143632411957,
      0.25919684767723083,
      0.25864696502685547,
      0.8850743174552917,
      -0.3869691491127014,
      -0.16564317047595978,
      0.43530508875846863,
      0.8849133849143982
    ],
    [
      0.9332351088523865,
      0.3326217830181122,
      -0.13577531278133392,
      -0.3556484282016754,
      0.8018260598182678,
      -0.48019686341285706,
      -0.05085569992661476,
      0.49642491340637207,
      0.8665886521339417
    ],
    [
      0.975097119808197,
      0.0795760452747345,
      -0.2070104479789734,
      -0.06646131724119186,
      0.9953610301017761,
      0.06956491619348526,
      0.21158583462238312,
      -0.05407436192035675,
      0.9758623838424683
    ],
    [
      0.9832608103752136,
      -0.08394602686166763,
      0.16171392798423767,
      0.06812150031328201,
      0.9925475716590881,
      0.10103797167539597,
      -0.16899052262306213,
      -0.0883304700255394,
      0.9816516637802124
    ]
  ],
  "root_rot": [
    -0.9555475115776062,
    0.009002620354294777,
    -0.2946995198726654,
    0.027166228741407394,
    -0.9925934076309204,
    -0.11840726435184479,
    -0.2935827672481537,
    -0.12114965915679932,
    0.9482256174087524
  ],
  "root_trans": [
    -0.4724924862384796,
    0.5850193500518799,
    2.3535566329956055
  ]
}