{
  "betas": [
    -0.7376952767372131,
    1.1554147005081177,
    1.3053171634674072,
    0.3990659713745117,
    0.1394776999950409,
    -0.4359184801578522,
    -0.5272918343544006,
    0.9810091853141785,
    0.27446573972702026,
    1.1728143692016602
  ],
  "joints": [
    [
      0.9881787896156311,
      -0.00841002631932497,
      0.1530752331018448,
      0.06569130718708038,
      0.9254108667373657,
      -0.37322843074798584,
      -0.13851861655712128,
      0.3788720965385437,
      0.9150238633155823
    ],
    [
      0.9928190112113953,
      0.05038691684603691,
      0.10849680006504059,
      -0.1065492331981659,
      0.7847906351089478,
      0.6105331778526306,
      -0.05438438802957535,
      -0.617709219455719,
      0.7845237255096436
    ],
    [
      0.9777991771697998,
      -0.07629892975091934,
      -0.19515973329544067,
      0.049317337572574615,
      0.988985002040863,
      -0.13955776393413544,
      0.20365817844867706,
      0.1268347054719925,
      0.9707915782928467
    ],
    [
      0.9990195035934448,
      0.03575439006090164,
      -0.026106232777237892,
      -0.035311996936798096,
      0.9992280006408691,
      0.01721467636525631,
      0.026701582595705986,
      -0.016275936737656593,
      0.9995108246803284
    ],
    [
      0.9990460872650146,
      -0.023391123861074448,
      -0.03687587380409241,
      -0.001729818293824792,
      0.8225813508033752,
      -0.5686448216438293,
      0.043634649366140366,
      0.5681661367416382,
      0.8217562437057495
    ],
    [
      0.9809003472328186,
      -0.03650374338030815,
      -0.19105499982833862,
      0.0306903924793005,
      0.9989741444587708,
      -0.033299706876277924,
      0.19207453727722168,
      0.026800140738487244,
      0.9810143709182739
    ],
    [
      0.9898516535758972,
      -0.07217050343751907,
      0.1224135234951973,
      0.04297741875052452,
      0.9731319546699524,
      0.22620132565498352,
      -0.1354495733976364,
      -0.21864475309848785,
      0.9663580060005188
    ],
    [
      0.8858906626701355,
      -0.45545265078544617,
      -0.08809411525726318,
      0.45053085684776306,
      0.8899673223495483,
      -0.0705704391002655,
      0.11054237186908722,
      0.02282857894897461,
      0.9936091899871826
    ],
    [
      0.9949865937232971,
      -0.0025698707904666662,
      -0.09997539222240448,
      0.004208634607493877,
      0.9998601675033569,
      0.01618419773876667,
      0.09991981834173203,
      -0.0165238194167614,
      0.9948582649230957
    ],
    [
      0.897955596446991,
      -0.433575302362442,
      0.0754205584526062,
      0.3338721692562103,
      0.7828086018562317,
      0.5251096487045288,
      -0.2867144048213959,
      -0.4463442862033844,
      0.8476861119270325
    ],
    [
      0.829380214214325,
      0.4539658725261688,
      0.3256431519985199,
      -0.48540613055229187,
      0.8741092085838318,
      0.017720339819788933,
      -0.27660325169563293,
      -0.1727660894393921,
      0.9453266859054565
    ],
    [
      0.9955050349235535,
      0.053651873022317886,
      -0.07804592698812485,
      -0.043696388602256775,
      0.9913071393966675,
      0.12410006672143936,
      0.08402568101882935,
      -0.12013191729784012,
      0.9891956448554993
    ],
    [
      0.865220308303833,
      0.3190251290798187,
      -0.38680317997932434,
      -0.2593768835067749,
      0.9450036883354187,
      0.19922739267349243,
      0.4290890395641327,
      -0.07204779237508774,
      0.9003841280937195
    ],
    [
      0.9221394658088684,
      -0.3188694417476654,
      0.2190457284450531,
      0.31642788648605347,
      0.9474457502365112,
      0.04711718484759331,
      -0.2225581556558609,
      0.025863561779260635,
      0.9745762944221497
    ],
    [
      0.9749938249588013,
      0.03875318169593811,
      0.21882663667201996,
      -0.04387112706899643,
      0.9988645315170288,
      0.01857593096792698,
      -0.21785826981067657,
      -0.027711594477295876,
      0.9755868911743164
    ],
    [
      0.41323035955429077,
      0.5623883605003357,
      -0.716212272644043,
      -0.7332472801208496,
      0.6718810200691223,
      0.10451940447092056,
      0.5399899482727051,
      0.48197007179260254,
      0.6900113821029663
    ],
    [
      0.689652144908905,
      -0.6324355006217957,
      0.35271120071411133,
      0.684906542301178,
      0.727830708026886,
      -0.03413936868309975,
      -0.23512306809425354,
      0.2651185095310211,
      0.9351091980934143
    ],
    [
      -0.3803311884403229,
      -0.38459041714668274,
      -0.8410935997962952,
      -0.08613181859254837,
      0.9202142357826233,
      -0.3818207383155823,
      0.9208309054374695,
      -0.07277341932058334,
      -0.3831116557121277
    ],
    [
      -0.6099098920822144,
      0.41659894585609436,
      0.6741329431533813,
      0.036919865757226944,
      0.8646860718727112,
      -0.5009539127349854,
      -0.7916103601455688,
      -0.2806478440761566,
      -0.5427613854408264
    ],
    [
      0.8410889506340027,
      -0.45191457867622375,
      0.29722484946250916,
      0.5348218083381653,
      0.7769555449485779,
      -0.33212295174598694,
      -0.08083932846784592,
      0.4383072853088379,
      0.8951824903488159
    ],
    [
      0.7989919185638428,
      0.5861591696739197,
      -0.1342737078666687,
      -0.5829626321792603,
      0.7002328038215637,
      -0.41210272908210754,
      -0.14753492176532745,
      0.40754327178001404,
      0.9011892676353455
    ],
    [
      0.8831981420516968,
      0.3547576069831848,
      -0.30677035450935364,
      -0.20260785520076752,
      0.8785134553909302,
      0.4326247572898865,
      0.42297881841659546,
      -0.3199393153190613,
      0.8477781414985657
    ],
    [
      0.8947794437408447,
      -0.32525134086608887,
      0.305910587310791,
      0.19782401621341705,
      0.9029784798622131,
      0.38143858313560486,
      -0.40029412508010864,
      -0.28078693151474,
      0.8723090887069702
    ]
  ],
  "root_rot": [
    0.5840979814529419,
    -0.013839504681527615,
    -0.811565101146698,
    0.054113589227199554,
    -0.9969661831855774,
    0.05594763904809952,
    -0.8098772764205933,
    -0.07659560441970825,
    -0.5815770030021667
  ],
  "root_trans": [
    0.1116834208369255,
    0.5406180620193481,
    2.7300057411193848
  ]
}