{
  "betas": [
    -0.7455049157142639,
    0.7555174827575684,
    1.5996841192245483,
    0.6835483312606812,
    0.26769551634788513,
    0.024828333407640457,
    -0.3256456255912781,
    0.5406982898712158,
    0.20221221446990967,
    0.8633313775062561
  ],
  "joints": [
    [
      0.985780656337738,
      -0.1679133027791977,
      -0.006440230179578066,
      0.16573438048362732,
      0.9778823256492615,
      -0.12758640944957733,
      0.027721242979168892,
      0.12470486760139465,
      0.9918065071105957
    ],
    [
      0.9901838898658752,
      0.13701215386390686,
      0.027633240446448326,
      -0.1346949338912964,
      0.8825922608375549,
      0.45043110847473145,
      0.0373256541788578,
      -0.44973164796829224,
      0.8923834562301636
    ],
    [
      0.9982913732528687,
      -0.056729674339294434,
      -0.014004419557750225,
      0.055231690406799316,
      0.9943389892578125,
      -0.09077185392379761,
      0.01907459646463394,
      0.0898432731628418,
      0.9957733154296875
    ],
    [
      0.9959374666213989,
      -0.008412007242441177,
      -0.08965355157852173,
      -0.002784807700663805,
      0.9922734498977661,
      -0.12403862923383713,
      0.09000425785779953,
      0.1237843930721283,
      0.9882189035415649
    ],
    [
      0.9997867345809937,
      0.009309773333370686,
      0.01843474619090557,
      -0.002212555380538106,
      0.9357776045799255,
      -0.35258379578590393,
      -0.020533297210931778,
      0.352467805147171,
      0.935598611831665
    ],
    [
      0.99647057056427,
      0.04387185722589493,
      -0.07156621664762497,
      -0.04583184793591499,
      0.998611330986023,
      -0.025977905839681625,
      0.07032714039087296,
      0.02916622906923294,
      0.9970975518226624
    ],
    [
      0.9972756505012512,
      0.03763839229941368,
      0.0634402260184288,
      -0.05063845217227936,
      0.9746874570846558,
      0.2177613526582718,
      -0.053638216108083725,
      -0.22038060426712036,
      0.97393798828125
    ],
    [
      0.9063131213188171,
      -0.38711151480674744,
      -0.16953250765800476,
      0.3614417612552643,
      0.917910099029541,
      -0.16370977461338043,
      0.2189895361661911,
      0.08709617704153061,
      0.9718322157859802
    ],
    [
      0.9976771473884583,
      0.04746268317103386,
      0.048864707350730896,
      -0.046575240790843964,
      0.9987313747406006,
      -0.019142860546708107,
      -0.049711283296346664,
      0.016822505742311478,
      0.9986220598220825
    ],
    [
      0.9539633393287659,
      -0.2807880640029907,
      0.10541316121816635,
      0.17554156482219696,
      0.8077000975608826,
      0.5628550052642822,
      -0.24318519234657288,
      -0.5184386968612671,
      0.8198062777519226
    ],
    [
      0.8973173499107361,
      0.25329339504241943,
      0.36147475242614746,
      -0.34602680802345276,
      0.912105917930603,
      0.2198367863893509,
      -0.27402007579803467,
      -0.3223433196544647,
      0.9060947895050049
    ],
    [
      0.9159250259399414,
      -0.0996679961681366,
      -0.38877713680267334,
      0.07119015604257584,
      0.9936597347259521,
      -0.08701959252357483,
      0.39498522877693176,
      0.05202631652355194,
      0.9172132015228271
    ],
    [
      0.975426971912384,
      0.2117614448070526,
      0.0608217753469944,
      -0.2119719535112381,
      0.9772710204124451,
      -0.003044614801183343,
      -0.06008408963680267,
      -0.009922710247337818,
      0.9981439709663391
    ],
    [
      0.8926731944084167,
      0.004077861085534096,
      0.45068591833114624,
      -0.0947873443365097,
      0.9792934656143188,
      0.17888441681861877,
      -0.44062432646751404,
      -0.2024046778678894,
      0.8745755553245544
    ],
    [
      0.9971561431884766,
      0.0028666281141340733,
      -0.07530787587165833,
      0.0013074828311800957,
      0.9984678626060486,
      0.05531949922442436,
      0.07535106688737869,
      -0.05526065081357956,
      0.9956246018409729
    ],
    [
      0.6275734305381775,
      0.7550898194313049,
      -0.1897127330303192,
      -0.7438111305236816,
      0.5095102787017822,
      -0.4326017498970032,
      -0.2299925982952118,
      0.4125998020172119,
      0.8813993334770203
    ],
    [
      0.8371685147285461,
      -0.14086975157260895,
      0.5284927487373352,
      0.03439844399690628,
      0.9779108166694641,
      0.20617268979549408,
      -0.5458622574806213,
      -0.15442197024822235,
      0.8235218524932861
    ],
    [
      -0.37860172986984253,
      -0.2625614106655121,
      -0.8875373005867004,
      -0.03252837061882019,
      0.9621016979217529,
      -0.2707441449165344,
      0.9249879717826843,
      -0.0736340656876564,
      -0.3727940618991852
    ],
    [
      -0.5556601881980896,
      0.05177856236696243,
      0.8297955989837646,
      -0.16503526270389557,
      0.9713289737701416,
      -0.17112351953983307,
      -0.8148651123046875,
      -0.23203206062316895,
      -0.5311835408210754
    ],
    [
      0.9825291633605957,
      -0.1831030249595642,
      0.03331286087632179,
      0.18363134562969208,
      0.9246841669082642,
      -0.333524614572525,
      0.03026549518108368,
      0.33381491899490356,
      0.9421526193618774
    ],
    [
      0.9698865413665771,
      0.23315134644508362,
      0.0704311653971672,
      -0.1848168820142746,
      0.8928686380386353,
      -0.41064369678497314,
      -0.15862791240215302,
      0.3852609097957611,
      0.9090715646743774
    ],
    [
      0.8670077323913574,
      0.324520081281662,
      -0.37813258171081543,
      -0.1819729506969452,
      0.9126461148262024,
      0.36600929498672485,
      0.4638786315917969,
      -0.24852301180362701,
      0.8503251075744629
    ],
    [
      0.9384456872940063,
      -0.25247275829315186,
      0.23574796319007874,
      0.14010317623615265,
      0.90202796459198,
      0.4083096385002136,
      -0.3157382607460022,
      -0.35014739632606506,
      0.8818764686584473
    ]
  ],
  "root_rot": [
    0.7425227165222168,
    0.0590643472969532,
    -0.667211651802063,
    0.07403206080198288,
    -0.9972384572029114,
    -0.005891310982406139,
    -0.6657170653343201,
    -0.04502061754465103,
    -0.7448448538780212
  ],
  "root_trans": [
    -0.6008872985839844,
    0.5246438980102539,
    2.4587693214416504
  ]
}