{
  "betas": [
    -0.5321364998817444,
    1.2110836505889893,
    1.5389961004257202,
    0.31602397561073303,
    0.062009185552597046,
    -0.28379935026168823,
    -0.039960503578186035,
    0.5779361724853516,
    0.2477426528930664,
    0.6446096897125244
  ],
  "joints": [
    [
      0.9780676364898682,
      -0.2017539143562317,
      -0.05175936967134476,
      0.2077006846666336,
      0.9633586406707764,
      0.1697074919939041,
      0.015623684041202068,
      -0.17673586308956146,
      0.984134316444397
    ],
    [
      0.9789029955863953,
      0.15380308032035828,
      -0.13451191782951355,
      -0.1405361443758011,
      0.9846863150596619,
      0.10316192358732224,
      0.14831867814064026,
      -0.08208173513412476,
      0.9855272769927979
    ],
    [
      0.9962105751037598,
      -0.009605715051293373,
      0.08644221723079681,
      0.02274961583316326,
      0.9880595803260803,
      -0.1523837447166443,
      -0.08394630253314972,
      0.15377281606197357,
      0.9845339059829712
    ],
    [
      0.9992406368255615,
      -0.0019473752472549677,
      -0.03891587629914284,
      -0.007103567477315664,
      0.9729083180427551,
      -0.23108196258544922,
      0.03831157833337784,
      0.23118290305137634,
      0.9721556901931763
    ],
    [
      0.9996429085731506,
      0.01780429109930992,
      0.01992621086537838,
      -0.014532165601849556,
      0.9880024790763855,
      -0.15375268459320068,
      -0.0224246047437191,
      0.1534082144498825,
      0.9879084229469299
    ],
    [
      0.9900186061859131,
      -0.035572025924921036,
      -0.13637414574623108,
      0.03305673226714134,
      0.9992398619651794,
      -0.020665226504206657,
      0.13700556755065918,
      0.015950871631503105,
      0.9904419779777527
    ],
    [
      0.9978879690170288,
      0.064530149102211,
      -0.007443070411682129,
      -0.06484577804803848,
      0.9963350296020508,
      -0.05578058958053589,
      0.0038162628188729286,
      0.05614543333649635,
      0.9984152317047119
    ],
    [
      0.8990782499313354,
      -0.3335324227809906,
      -0.28357452154159546,
      0.3555217683315277,
      0.9342374801635742,
      0.02836424484848976,
      0.255465567111969,
      -0.12631858885288239,
      0.9585306644439697
    ],
    [
      0.9991133809089661,
      -0.0021325855050235987,
      0.042045459151268005,
      0.00149618333671242,
      0.9998839497566223,
      0.015161708928644657,
      -0.04207291454076767,
      -0.01508535910397768,
      0.999000608921051
    ],
    [
      0.9026097655296326,
      -0.2348945289850235,
      0.36072173714637756,
      0.05646846443414688,
      0.8953621983528137,
      0.4417440891265869,
      -0.4267398715019226,
      -0.3783531188964844,
      0.8214268088340759
    ],
    [
      0.8685264587402344,
      0.40978580713272095,
      0.27881428599357605,
      -0.403716117143631,
      0.9112314581871033,
      -0.08167309314012527,
      -0.28753283619880676,
      -0.04162658005952835,
      0.9568657875061035
    ],
    [
      0.9872549772262573,
      0.042788464576005936,
      -0.15328656136989594,
      -0.04099604859948158,
      0.9990491271018982,
      0.01483644638210535,
      0.1537756472826004,
      -0.008363211527466774,
      0.9880703687667847
    ],
    [
      0.934126079082489,
      0.3469780385494232,
      0.08375333249568939,
      -0.34829917550086975,
      0.9373825192451477,
      0.0012435460230335593,
      -0.07807743549346924,
      -0.030332844704389572,
      0.9964856505393982
    ],
    [
      0.9094637036323547,
      -0.4157577455043793,
      0.0046015153639018536,
      0.4154908061027527,
      0.9083535075187683,
      -0.04755307361483574,
      0.015590757131576538,
      0.04515968635678291,
      0.9988580346107483
    ],
    [
      0.9779989123344421,
      -0.20848539471626282,
      -0.007209546864032745,
      0.20858298242092133,
      0.9767319560050964,
      0.049878865480422974,
      -0.003357219509780407,
      -0.05028526484966278,
      0.9987292885780334
    ],
    [
      0.5663686990737915,
      0.7742871046066284,
      -0.2823224663734436,
      -0.8230817317962646,
      0.5488618612289429,
      -0.14590105414390564,
      0.041986726224422455,
      0.315008282661438,
      0.9481597542762756
    ],
    [
      0.6738162040710449,
      -0.7132661938667297,
      0.19293291866779327,
      0.721365749835968,
      0.6915504932403564,
      0.03727538883686066,
      -0.16001011431217194,
      0.11405842006206512,
      0.9805037379264832
    ],
    [
      0.8969762325286865,
      -0.06241112947463989,
      -0.43765124678611755,
      0.030692514032125473,
      0.9963874220848083,
      -0.07918456196784973,
      0.4410121440887451,
      0.05759404972195625,
      0.8956514000892639
    ],
    [
      0.9795582890510559,
      0.18619607388973236,
      0.0761348083615303,
      -0.19243687391281128,
      0.9776175618171692,
      0.08504099398851395,
      -0.058596424758434296,
      -0.09795375913381577,
      0.9934643507003784
    ],
    [
      0.9378393888473511,
      -0.1149139553308487,
      0.32749372720718384,
      0.29090720415115356,
      0.7748993039131165,
      -0.5611631870269775,
      -0.1892891228199005,
      0.6215511560440063,
      0.7601603865623474
    ],
    [
      0.9565606713294983,
      0.19810675084590912,
      -0.21388188004493713,
      -0.2817593216896057,
      0.816598117351532,
      -0.5037649869918823,
      0.07485628873109818,
      0.5421448945999146,
      0.836944043636322
    ],
    [
      0.8956903219223022,
      0.22946272790431976,
      -0.38090118765830994,
      -0.16922390460968018,
      0.9680164456367493,
      0.1852225661277771,
      0.4112203121185303,
      -0.10144447535276413,
      0.9058735370635986
    ],
    [
      0.9611015915870667,
      -0.20974718034267426,
      0.17969360947608948,
      0.17111985385417938,
      0.9628942608833313,
      0.20869296789169312,
      -0.21679869294166565,
      -0.16982601583003998,
      0.9613311290740967
    ]
  ],
  "root_rot": [
    -0.5630106329917908,
    -0.0018462201114743948,
    0.8264476656913757,
    -0.03423428162932396,
    -0.9990870952606201,
    -0.02555370144546032,
    0.825740396976471,
    -0.042679838836193085,
    0.5624334812164307
  ],
  "root_trans": [
    -1.1916598081588745,
    0.5129693746566772,
    2.681215286254883
  ]
}