{
  "betas": [
    -0.6054041385650635,
    1.0364882946014404,
    1.1102124452590942,
    -0.18658074736595154,
    0.2982652187347412,
    0.2871112525463104,
    0.14470726251602173,
    0.36904558539390564,
    -0.034633904695510864,
    0.7378640174865723
  ],
  "joints": [
    [
      0.9856463074684143,
      -0.1519440859556198,
      0.07358192652463913,
      0.1624058187007904,
      0.9724076390266418,
      -0.1674746572971344,
      -0.04610484093427658,
      0.17702092230319977,
      0.9831265807151794
    ],
    [
      0.9331770539283752,
      0.261264830827713,
      -0.24682244658470154,
      -0.1483469158411026,
      0.9054856300354004,
      0.3976041376590729,
      0.327374130487442,
      -0.33441969752311707,
      0.883736252784729
    ],
    [
      0.9999719262123108,
      -0.007375870365649462,
      -0.001351505401544273,
      0.007203241810202599,
      0.9949362874031067,
      -0.10024935007095337,
      0.002084088511765003,
      0.10023679584264755,
      0.9949615001678467
    ],
    [
      0.9986937642097473,
      0.009142301976680756,
      -0.050271499902009964,
      -0.021956300362944603,
      0.9651819467544556,
      -0.2606564164161682,
      0.046138130128383636,
      0.26141971349716187,
      0.96412193775177
    ],
    [
      0.9683999419212341,
      -0.18248553574085236,
      -0.17000165581703186,
      0.08028040826320648,
      0.8734394907951355,
      -0.4802691340446472,
      0.23612834513187408,
      0.4514448046684265,
      0.860488772392273
    ],
    [
      0.9944275617599487,
      0.01216828916221857,
      -0.10471778362989426,
      0.019024645909667015,
      0.956294596195221,
      0.29178524017333984,
      0.10369158536195755,
      -0.29215148091316223,
      0.9507341980934143
    ],
    [
      0.9720063209533691,
      -0.04126087203621864,
      0.23130343854427338,
      0.021838098764419556,
      0.9960633516311646,
      0.08591173589229584,
      -0.23393769562244415,
      -0.07845552265644073,
      0.969080924987793
    ],
    [
      0.8641824126243591,
      -0.2971293330192566,
      -0.40608248114585876,
      0.31306368112564087,
      0.9493081569671631,
      -0.028376372531056404,
      0.3939288556575775,
      -0.10260732471942902,
      0.9133958220481873
    ],
    [
      0.9981997609138489,
      0.04509245231747627,
      0.03954669460654259,
      -0.039194803684949875,
      0.9895210266113281,
      -0.13896708190441132,
      -0.04539865255355835,
      0.13716687262058258,
      0.9895070195198059
    ],
    [
      0.9772019386291504,
      -0.055858805775642395,
      0.2048320770263672,
      -0.11315470933914185,
      0.6793027520179749,
      0.7250819206237793,
      -0.17964519560337067,
      -0.7317292094230652,
      0.6574952602386475
    ],
    [
      0.8313376903533936,
      0.41867801547050476,
      0.3654947578907013,
      -0.4189493954181671,
      0.9042201042175293,
      -0.08287022262811661,
      -0.36518362164497375,
      -0.08423066884279251,
      0.9271171689033508
    ],
    [
      0.9890856742858887,
      -0.12088216841220856,
      -0.08424418419599533,
      0.09794935584068298,
      0.9665731191635132,
      -0.23694387078285217,
      0.11007044464349747,
      0.22610610723495483,
      0.9678639769554138
    ],
    [
      0.580944299697876,
      -0.3086082637310028,
      -0.7531697154045105,
      0.7154053449630737,
      0.6349263191223145,
      0.2916569113731384,
      0.3881995379924774,
      -0.7082580924034119,
      0.5896368026733398
    ],
    [
      0.6369918584823608,
      0.2602744400501251,
      0.7256022095680237,
      -0.6294863820075989,
      0.7189457416534424,
      0.2947269380092621,
      -0.4449586868286133,
      -0.6444953680038452,
      0.6218017935752869
    ],
    [
      0.990275502204895,
      -0.07233885675668716,
      -0.1188337653875351,
      0.10561683028936386,
      0.9468869566917419,
      0.30372709035873413,
      0.09055086970329285,
      -0.31332436203956604,
      0.9453191757202148
    ],
    [
      0.804366409778595,
      0.19648922979831696,
      -0.5607019662857056,
      0.061365142464637756,
      0.9112076759338379,
      0.40735116600990295,
      0.5909560322761536,
      -0.36206716299057007,
      0.7208872437477112
    ],
    [
      0.8402523994445801,
      -0.05560437962412834,
      0.539336621761322,
      -0.22678935527801514,
      0.8674853444099426,
      0.4427591860294342,
      -0.49248600006103516,
      -0.4943452775478363,
      0.7162961363792419
    ],
    [
      0.5217402577400208,
      -0.1033603623509407,
      -0.8468198180198669,
      0.43085721135139465,
      0.8886595368385315,
      0.1569913625717163,
      0.7363077998161316,
      -0.4467671513557434,
      0.5081830024719238
    ],
    [
      0.4874313175678253,
      0.2526165246963501,
      0.835820198059082,
      -0.45215296745300293,
      0.8919209837913513,
      -0.005886963568627834,
      -0.7469727396965027,
      -0.3750491440296173,
      0.5489715337753296
    ],
    [
      0.9095358848571777,
      -0.25675323605537415,
      0.32683664560317993,
      0.41293904185295105,
      0.6474981307983398,
      -0.6404900550842285,
      -0.047178223729133606,
      0.717512309551239,
      0.6949462294578552
    ],
    [
      0.885726273059845,
      0.3354089856147766,
      -0.32092002034187317,
      -0.4640258252620697,
      0.6203700304031372,
      -0.6323139667510986,
      -0.012994600459933281,
      0.7089723348617554,
      0.7051164507865906
    ],
    [
      0.9629652500152588,
      0.18382306396961212,
      -0.19724854826927185,
      -0.12641485035419464,
      0.953986644744873,
      0.27189865708351135,
      0.23815369606018066,
      -0.23689380288124084,
      0.9418939352035522
    ],
    [
      0.9590941667556763,
      -0.1613738089799881,
      0.2325875163078308,
      0.10643918812274933,
      0.9668899178504944,
      0.2319364696741104,
      -0.2623150050640106,
      -0.19769246876239777,
      0.9445149898529053
    ]
  ],
  "root_rot": [
    -0.9991264939308167,
    -0.04142707958817482,
    -0.005485684145241976,
    0.04177982732653618,
    -0.9929754137992859,
    -0.11069877445697784,
    -0.0008612224482931197,
    -0.11083126813173294,
    0.9938388466835022
  ],
  "root_trans": [
    -0.4309237599372864,
    0.5142346620559692,
    2.424895763397217
  ]
}