{
  "betas": [
    -0.4071362614631653,
    0.8779733180999756,
    1.1891616582870483,
    0.4826478660106659,
    0.44547513127326965,
    -0.32513725757598877,
    -0.34767067432403564,
    0.46530216932296753,
    0.23944157361984253,
    0.6293131709098816
  ],
  "joints": [
    [
      0.963409960269928,
      -0.23124197125434875,
      -0.1355305016040802,
      0.2635144293308258,
      0.9096105694770813,
      0.3211989104747772,
      0.049005310982465744,
      -0.34516042470932007,
      0.9372634887695312
    ],
    [
      0.9869243502616882,
      0.1155819222331047,
      -0.11234378069639206,
      -0.12164308875799179,
      0.9913803339004517,
      -0.048662133514881134,
      0.10575095564126968,
      0.06169169023633003,
      0.9924771189689636
    ],
    [
      0.9934689402580261,
      -0.0354660227894783,
      0.10845115035772324,
      0.04480971023440361,
      0.995375394821167,
      -0.08496958017349243,
      -0.10493607819080353,
      0.08927429467439651,
      0.9904637336730957
    ],
    [
      0.9952419400215149,
      0.09567410498857498,
      -0.01844128966331482,
      -0.09013153612613678,
      0.8321025967597961,
      -0.5472492575645447,
      -0.037012550979852676,
      0.5463074445724487,
      0.8367666602134705
    ],
    [
      0.9981294870376587,
      -0.019518474116921425,
      0.057935960590839386,
      0.030045123770833015,
      0.9819364547729492,
      -0.18681000173091888,
      -0.05324319377541542,
      0.18820126354694366,
      0.9806861877441406
    ],
    [
      0.9917287230491638,
      -0.009317508898675442,
      -0.1280132532119751,
      -0.0002839330118149519,
      0.9971998929977417,
      -0.07478122413158417,
      0.1283515840768814,
      0.07419902831315994,
      0.9889491200447083
    ],
    [
      0.9899202585220337,
      0.12704306840896606,
      0.06259303539991379,
      -0.12004216015338898,
      0.9871830940246582,
      -0.10516442358493805,
      -0.07515118271112442,
      0.09659059345722198,
      0.9924830794334412
    ],
    [
      0.975533664226532,
      -0.16232550144195557,
      -0.14827115833759308,
      0.1987374722957611,
      0.9394939541816711,
      0.2790241241455078,
      0.09400711953639984,
      -0.3016645014286041,
      0.948768138885498
    ],
    [
      0.9972208142280579,
      0.030197225511074066,
      0.06810774654150009,
      -0.02725248783826828,
      0.9986703395843506,
      -0.04375884309411049,
      -0.06933858245611191,
      0.04178112745285034,
      0.9967178106307983
    ],
    [
      0.9677444100379944,
      -0.2519027590751648,
      -0.003970204386860132,
      0.17722760140895844,
      0.6694926619529724,
      0.7213667035102844,
      -0.17905624210834503,
      -0.6988022327423096,
      0.6925418972969055
    ],
    [
      0.8986727595329285,
      0.2604561746120453,
      0.3529162108898163,
      -0.2461497187614441,
      0.9654354453086853,
      -0.08570174127817154,
      -0.3630393445491791,
      -0.009852414019405842,
      0.9317217469215393
    ],
    [
      0.965815007686615,
      0.21819260716438293,
      0.13997647166252136,
      -0.20581896603107452,
      0.9737035632133484,
      -0.09767262637615204,
      -0.1576070338487625,
      0.06552387028932571,
      0.9853256940841675
    ],
    [
      0.9556872844696045,
      0.19087189435958862,
      -0.2241198718547821,
      -0.16730286180973053,
      0.9785758852958679,
      0.11999563127756119,
      0.24222210049629211,
      -0.07718239724636078,
      0.9671459197998047
    ],
    [
      0.9377234578132629,
      -0.29649922251701355,
      0.18100552260875702,
      0.3091079890727997,
      0.9499475359916687,
      -0.04529727250337601,
      -0.15851517021656036,
      0.09842656552791595,
      0.9824383854866028
    ],
    [
      0.93291836977005,
      -0.12355764955282211,
      0.33822596073150635,
      0.14990505576133728,
      0.9872890114784241,
      -0.052811089903116226,
      -0.3274015188217163,
      0.09997021406888962,
      0.9395819902420044
    ],
    [
      0.5627865195274353,
      0.6627232432365417,
      -0.4940337538719177,
      -0.7278192043304443,
      0.6806163787841797,
      0.08390818536281586,
      0.3918553590774536,
      0.31234484910964966,
      0.8653843998908997
    ],
    [
      0.5700327157974243,
      -0.7521895170211792,
      0.330565482378006,
      0.811420202255249,
      0.578586220741272,
      -0.0826752781867981,
      -0.1290731579065323,
      0.3153551518917084,
      0.9401548504829407
    ],
    [
      -0.42422327399253845,
      -0.3194504380226135,
      -0.8473405241966248,
      0.1251615583896637,
      0.9060465097427368,
      -0.4042452871799469,
      0.8968663215637207,
      -0.2775447368621826,
      -0.3443830907344818
    ],
    [
      -0.11668886989355087,
      0.40946874022483826,
      0.9048309922218323,
      0.07810790091753006,
      0.9120165705680847,
      -0.4026474952697754,
      -0.9900923371315002,
      0.02368997596204281,
      -0.13840492069721222
    ],
    [
      0.9325683116912842,
      -0.3601721525192261,
      0.02433706633746624,
      0.34788036346435547,
      0.878642737865448,
      -0.3270569443702698,
      0.09641321003437042,
      0.3134693503379822,
      0.9446911811828613
    ],
    [
      0.9912469983100891,
      0.12016564607620239,
      0.054676882922649384,
      -0.1052674651145935,
      0.9693533778190613,
      -0.22197481989860535,
      -0.07967496663331985,
      0.21427619457244873,
      0.9735181331634521
    ],
    [
      0.8684760332107544,
      0.45655107498168945,
      -0.1931593120098114,
      -0.2013244330883026,
      0.6808925867080688,
      0.7041689157485962,
      0.45300978422164917,
      -0.5726661086082458,
      0.6832537651062012
    ],
    [
      0.7286972403526306,
      -0.6843334436416626,
      -0.02623029239475727,
      0.314579576253891,
      0.3004601299762726,
      0.9004240036010742,
      -0.6083090901374817,
      -0.6643880605697632,
      0.4342218041419983
    ]
  ],
  "root_rot": [
    0.6590648889541626,
    -0.13965633511543274,
    0.7390057444572449,
    -0.14495985209941864,
    -0.9877718091011047,
    -0.05738876760005951,
    0.737983763217926,
    -0.0693032518029213,
    -0.6712502837181091
  ],
  "root_trans": [
    0.019125834107398987,
    0.5376110672950745,
    2.526038646697998
  ]
}