{
  "betas": [
    -0.8636879324913025,
    0.6967200636863708,
    1.424360752105713,
    -0.1980350911617279,
    0.13436970114707947,
    -0.15886682271957397,
    0.0041703879833221436,
    0.27512314915657043,
    -0.02691909670829773,
    1.091717004776001
  ],
  "joints": [
    [
      0.9440875053405762,
      -0.31655794382095337,
      0.09214038401842117,
      0.29452529549598694,
      0.9353700280189514,
      0.19580049812793732,
      -0.14816755056381226,
      -0.15771514177322388,
      0.9763054847717285
    ],
    [
      0.9380532503128052,
      0.34604018926620483,
      -0.01766839809715748,
      -0.3309423327445984,
      0.909896969795227,
      0.25012922286987305,
      0.10263118892908096,
      -0.22878733277320862,
      0.9680511355400085
    ],
    [
      0.9981502890586853,
      -0.05078069120645523,
      0.03342628851532936,
      0.055351372808218,
      0.9864873290061951,
      -0.15420444309711456,
      -0.025143999606370926,
      0.15576940774917603,
      0.9874733686447144
    ],
    [
      0.9904735684394836,
      0.13588543236255646,
      -0.022302063181996346,
      -0.13742198050022125,
      0.9650493860244751,
      -0.22314774990081787,
      -0.008799939416348934,
      0.2240867018699646,
      0.9745295643806458
    ],
    [
      0.9833567142486572,
      0.0618545338511467,
      0.1708320677280426,
      -0.02275734208524227,
      0.9747917652130127,
      -0.22195304930210114,
      -0.1802544891834259,
      0.21437133848667145,
      0.9599756598472595
    ],
    [
      0.9927681088447571,
      -0.02330000512301922,
      -0.11776479333639145,
      0.029005935415625572,
      0.9984750151634216,
      0.04697234556078911,
      0.11649073660373688,
      -0.050048526376485825,
      0.9919300079345703
    ],
    [
      0.9847187995910645,
      -0.03814196214079857,
      0.16992399096488953,
      0.05413132160902023,
      0.9944260120391846,
      -0.0904802531003952,
      -0.16552574932575226,
      0.09829581528902054,
      0.9812946915626526
    ],
    [
      0.8707734942436218,
      -0.4313622713088989,
      -0.23596613109111786,
      0.4251086413860321,
      0.9016433954238892,
      -0.07950985431671143,
      0.24705485999584198,
      -0.031076151877641678,
      0.9685029983520508
    ],
    [
      0.9997196793556213,
      0.0018995286663994193,
      0.023601820692420006,
      -0.001209501177072525,
      0.9995723962783813,
      -0.02921627089381218,
      -0.02364722639322281,
      0.029179532080888748,
      0.9992945194244385
    ],
    [
      0.9935271739959717,
      -0.015742849558591843,
      0.11249830573797226,
      -0.06071862578392029,
      0.7634007930755615,
      0.6430648565292358,
      -0.09600497782230377,
      -0.6457331776618958,
      0.7575035691261292
    ],
    [
      0.9084922671318054,
      0.37971270084381104,
      0.1745281219482422,
      -0.37361612915992737,
      0.9250977039337158,
      -0.06786275655031204,
      -0.1872238963842392,
      -0.0035537288058549166,
      0.9823108911514282
    ],
    [
      0.8521650433540344,
      0.349313348531723,
      0.38960862159729004,
      -0.29928308725357056,
      0.9361176490783691,
      -0.18469774723052979,
      -0.4292369484901428,
      0.04078968986868858,
      0.9022703170776367
    ],
    [
      0.9932520389556885,
      -0.022359609603881836,
      -0.11380002647638321,
      0.03770630061626434,
      0.9901893138885498,
      0.1345483660697937,
      0.10967513173818588,
      -0.13793142139911652,
      0.9843506813049316
    ],
    [
      0.9798600673675537,
      -0.19855357706546783,
      0.021231358870863914,
      0.19960209727287292,
      0.9708260297775269,
      -0.13287512958049774,
      0.005770880728960037,
      0.13443686068058014,
      0.9909053444862366
    ],
    [
      0.8467957377433777,
      -0.14997448027133942,
      0.5103378295898438,
      0.10304626822471619,
      0.9875062108039856,
      0.11921827495098114,
      -0.5218414664268494,
      -0.04836511239409447,
      0.8516703844070435
    ],
    [
      0.9759335517883301,
      0.18859805166721344,
      -0.10947372764348984,
      -0.18259373307228088,
      0.9811941981315613,
      0.0625901073217392,
      0.1192193552851677,
      -0.041094567626714706,
      0.9920171499252319
    ],
    [
      0.6320338249206543,
      -0.7406290173530579,
      0.22803924977779388,
      0.7749406695365906,
      0.6038768291473389,
      -0.18654686212539673,
      0.00045439976383931935,
      0.2946208119392395,
      0.9556141495704651
    ],
    [
      0.9143398404121399,
      -0.016920629888772964,
      -0.40459421277046204,
      0.16975107789039612,
      0.9231199026107788,
      0.34501343965530396,
      0.3676511347293854,
      -0.3841398060321808,
      0.8469176292419434
    ],
    [
      -0.14485013484954834,
      0.34699147939682007,
      0.9266149401664734,
      0.18505480885505676,
      0.9294674396514893,
      -0.3191315531730652,
      -0.9719944000244141,
      0.12524831295013428,
      -0.19884592294692993
    ],
    [
      0.9626226425170898,
      -0.21140962839126587,
      0.16930343210697174,
      0.27041152119636536,
      0.7855736613273621,
      -0.5565533638000488,
      -0.015339566394686699,
      0.5815324187278748,
      0.8133785724639893
    ],
    [
      0.9656608700752258,
      0.21565306186676025,
      0.1448894590139389,
      -0.1849697381258011,
      0.9622865915298462,
      -0.19947625696659088,
      -0.1824428290128708,
      0.1658262312412262,
      0.9691318273544312
    ],
    [
      0.9561108946800232,
      0.20291303098201752,
      -0.2113724797964096,
      -0.16613684594631195,
      0.9696550369262695,
      0.1793534904718399,
      0.24135154485702515,
      -0.13636507093906403,
      0.960809051990509
    ],
    [
      0.9224497675895691,
      -0.08850255608558655,
      0.3758373260498047,
      0.08143796771764755,
      0.9960750341415405,
      0.03467656299471855,
      -0.37743112444877625,
      -0.0013799587031826377,
      0.9260366559028625
    ]
  ],
  "root_rot": [
    0.972806453704834,
    -0.05305086821317673,
    0.2254624366760254,
    -0.06690149754285812,
    -0.9962843656539917,
    0.0542372427880764,
    0.22174735367298126,
    -0.06784611195325851,
    -0.9727410674095154
  ],
  "root_trans": [
    0.27578604221343994,
    0.5167157053947449,
    2.5518853664398193
  ]
}