{
  "betas": [
    -0.09236261248588562,
    0.6758920550346375,
    1.9006072282791138,
    1.1336718797683716,
    0.20658962428569794,
    0.08694241940975189,
    0.44352710247039795,
    0.525589108467102,
    -0.16934141516685486,
    1.1948168277740479
  ],
  "joints": [
    [
      0.9007731676101685,
      -0.2785372734069824,
      -0.3332037031650543,
      0.3643967807292938,
      0.0673423632979393,
      0.9288057088851929,
      -0.23626826703548431,
      -0.9580615758895874,
      0.1621582806110382
    ],
    [
      0.9862656593322754,
      -0.1262727677822113,
      -0.10646717995405197,
      0.11954805254936218,
      0.9905403852462769,
      -0.06736480444669724,
      0.11396637558937073,
      0.05371164530515671,
      0.9920316338539124
    ],
    [
      0.980278730392456,
      0.10230646282434464,
      0.16907697916030884,
      -0.024788634851574898,
      0.9124655723571777,
      -0.40840187668800354,
      -0.19605907797813416,
      0.3961564600467682,
      0.897006630897522
    ],
    [
      0.8132351040840149,
      0.463419646024704,
      -0.3519813120365143,
      -0.07322556525468826,
      -0.5185487270355225,
      -0.8519067764282227,
      -0.5773098468780518,
      0.718574583530426,
      -0.38776785135269165
    ],
    [
      0.9985305070877075,
      -0.04595351219177246,
      -0.028724247589707375,
      0.03706541284918785,
      0.9658026099205017,
      -0.25661519169807434,
      0.039534326642751694,
      0.2551734149456024,
      0.9660866260528564
    ],
    [
      0.9912528395652771,
      -0.06266450136899948,
      -0.1161508783698082,
      0.08815832436084747,
      0.969332754611969,
      0.22939527034759521,
      0.09821391105651855,
      -0.23762837052345276,
      0.9663782715797424
    ],
    [
      0.9466152191162109,
      -0.3223653733730316,
      0.00041688140481710434,
      0.3223133087158203,
      0.946437418460846,
      -0.019242601469159126,
      0.005808596033602953,
      0.018349705263972282,
      0.9998146891593933
    ],
    [
      0.9125643372535706,
      -0.27026477456092834,
      -0.30689290165901184,
      0.3396311104297638,
      0.9188991785049438,
      0.20068617165088654,
      0.22776523232460022,
      -0.28736943006515503,
      0.9303449392318726
    ],
    [
      0.9996883869171143,
      -0.022407254204154015,
      -0.0109998919069767,
      0.020166656002402306,
      0.9846987128257751,
      -0.17309466004371643,
      0.014710155315697193,
      0.17281889915466309,
      0.9848437309265137
    ],
    [
      0.9011118412017822,
      -0.25553756952285767,
      0.35028260946273804,
      -0.13614055514335632,
      0.6002646684646606,
      0.788129448890686,
      -0.41165897250175476,
      -0.7578805088996887,
      0.5061165690422058
    ],
    [
      0.8181505799293518,
      0.32905614376068115,
      0.4715419113636017,
      -0.22226527333259583,
      0.9373044967651367,
      -0.26843711733818054,
      -0.5303092002868652,
      0.11481458693742752,
      0.839993953704834
    ],
    [
      0.9817715883255005,
      0.1893520951271057,
      0.016438469290733337,
      -0.17326728999614716,
      0.9272024035453796,
      -0.3320755660533905,
      -0.07812099903821945,
      0.3231741487979889,
      0.9431095123291016
    ],
    [
      0.8225746154785156,
      -0.42838531732559204,
      -0.37397462129592896,
      0.5562081336975098,
      0.7429571747779846,
      0.37235358357429504,
      0.11833629757165909,
      -0.5142963528633118,
      0.8494091033935547
    ],
    [
      0.9941721558570862,
      0.0023846810217946768,
      0.10777749866247177,
      -0.013232759200036526,
      0.9948944449424744,
      0.1000499576330185,
      -0.10698864609003067,
      -0.10089308023452759,
      0.9891279339790344
    ],
    [
      0.9923305511474609,
      -0.042922794818878174,
      0.11592087894678116,
      0.015734951943159103,
      0.9740104675292969,
      0.22595560550689697,
      -0.1226068064570427,
      -0.22239865362644196,
      0.9672157168388367
    ],
    [
      0.8829766511917114,
      0.08244483172893524,
      -0.4621202349662781,
      0.06129469349980354,
      0.9557774662971497,
      0.2876323163509369,
      0.4653979241847992,
      -0.28229814767837524,
      0.8388757705688477
    ],
    [
      0.8296324014663696,
      -0.5534172654151917,
      -0.07375220209360123,
      0.5481365919113159,
      0.8324799537658691,
      -0.08076818287372589,
      0.10609572380781174,
      0.026581622660160065,
      0.9940006136894226
    ],
    [
      0.6120535135269165,
      -0.08527689427137375,
      -0.7862050533294678,
      0.3989523947238922,
      0.8916835784912109,
      0.2138630598783493,
      0.682808518409729,
      -0.44455400109291077,
      0.5797795057296753
    ],
    [
      0.32179704308509827,
      0.31613829731941223,
      0.8924703001976013,
      -0.25661930441856384,
      0.9364485144615173,
      -0.23918767273426056,
      -0.9113688468933105,
      -0.15205523371696472,
      0.38247355818748474
    ],
    [
      0.962952196598053,
      -0.1806083768606186,
      0.2002592831850052,
      0.2672637104988098,
      0.7381905913352966,
      -0.619390606880188,
      -0.035962361842393875,
      0.6499655246734619,
      0.7591122984886169
    ],
    [
      0.9370307922363281,
      0.20826351642608643,
      0.28035613894462585,
      -0.15953370928764343,
      0.969343900680542,
      -0.18687286972999573,
      -0.3106802999973297,
      0.13037937879562378,
      0.9415301084518433
    ],
    [
      0.9383020997047424,
      0.2407751828432083,
      -0.24822674691677094,
      -0.14516806602478027,
      0.9257331490516663,
      0.34920522570610046,
      0.31387171149253845,
      -0.29162538051605225,
      0.9035702347755432
    ],
    [
      0.7194451689720154,
      -0.5838642120361328,
      0.376166433095932,
      0.43319329619407654,
      0.8005574345588684,
      0.41406673192977905,
      -0.5429016351699829,
      -0.13494552671909332,
      0.8288832306861877
    ]
  ],
  "root_rot": [
    -0.1824384331703186,
    0.232411190867424,
    -0.9553539752960205,
    -0.054220546036958694,
    -0.9725606441497803,
    -0.22624291479587555,
    -0.9817211031913757,
    0.010524413548409939,
    0.1900338977575302
  ],
  "root_trans": [
    -0.05630981922149658,
    0.4930407404899597,
    2.6372060775756836
  ]
}