{
  "betas": [
    -0.5204524993896484,
    0.4273899793624878,
    1.2532979249954224,
    0.43095719814300537,
    0.46272510290145874,
    0.03928261622786522,
    0.29283785820007324,
    0.33477783203125,
    0.05249996483325958,
    1.1361465454101562
  ],
  "joints": [
    [
      0.9662874937057495,
      -0.2553313076496124,
      0.03308163955807686,
      0.25132694840431213,
      0.9633206129074097,
      0.09406494349241257,
      -0.05588594824075699,
      -0.08257947117090225,
      0.9950162768363953
    ],
    [
      0.9496995806694031,
      0.30326178669929504,
      -0.07812126725912094,
      -0.27763307094573975,
      0.9307447075843811,
      0.23797932267189026,
      0.1448809802532196,
      -0.20431983470916748,
      0.9681233763694763
    ],
    [
      0.998211681842804,
      -0.059090618044137955,
      -0.009041057899594307,
      0.05702356621623039,
      0.9866414070129395,
      -0.15260028839111328,
      0.01793752983212471,
      0.15181183815002441,
      0.9882465600967407
    ],
    [
      0.9992890954017639,
      0.03312043473124504,
      0.01800956018269062,
      -0.029132066294550896,
      0.9815919995307922,
      -0.18875518441200256,
      -0.023929692804813385,
      0.18809634447097778,
      0.981859028339386
    ],
    [
      0.9978809952735901,
      0.04911781847476959,
      0.04267342761158943,
      -0.0378541424870491,
      0.9716829061508179,
      -0.23323683440685272,
      -0.052921123802661896,
      0.23112721741199493,
      0.9714832305908203
    ],
    [
      0.9918963313102722,
      0.08100292831659317,
      -0.09787905961275101,
      -0.08062741160392761,
      0.9967138767242432,
      0.007792585529386997,
      0.09818863868713379,
      0.0001622971030883491,
      0.9951679110527039
    ],
    [
      0.9927010536193848,
      -0.055879462510347366,
      0.10687405616044998,
      0.054335810244083405,
      0.9983727931976318,
      0.017303653061389923,
      -0.10766705870628357,
      -0.011370266787707806,
      0.9941219687461853
    ],
    [
      0.9380525350570679,
      -0.3312026262283325,
      -0.10179505497217178,
      0.31859099864959717,
      0.9399553537368774,
      -0.12240822613239288,
      0.13622471690177917,
      0.08239436894655228,
      0.9872456789016724
    ],
    [
      0.9947671890258789,
      0.09400025010108948,
      0.04002700746059418,
      -0.09437107294797897,
      0.9955090880393982,
      0.0074735828675329685,
      -0.03914472833275795,
      -0.01121186651289463,
      0.9991706609725952
    ],
    [
      0.9874072074890137,
      -0.11724714934825897,
      0.10620775818824768,
      0.07427474111318588,
      0.9363429546356201,
      0.3431401252746582,
      -0.13967908918857574,
      -0.3309305012226105,
      0.9332602620124817
    ],
    [
      0.9814203381538391,
      0.19043795764446259,
      -0.023396069183945656,
      -0.19155526161193848,
      0.9794785380363464,
      -0.06267733871936798,
      0.010979804210364819,
      0.06599446386098862,
      0.9977595210075378
    ],
    [
      0.9605950713157654,
      -0.13818545639514923,
      -0.24116799235343933,
      0.1289556622505188,
      0.9901940822601318,
      -0.05372292920947075,
      0.24622683227062225,
      0.02050599828362465,
      0.9689953327178955
    ],
    [
      0.8944509029388428,
      0.38966014981269836,
      -0.2193685621023178,
      -0.351294606924057,
      0.9158512353897095,
      0.19444429874420166,
      0.2766761779785156,
      -0.09685787558555603,
      0.9560694694519043
    ],
    [
      0.8230622410774231,
      0.03040781244635582,
      0.5671366453170776,
      -0.22670015692710876,
      0.9331580400466919,
      0.2789681851863861,
      -0.5207452178001404,
      -0.35817813873291016,
      0.7749406099319458
    ],
    [
      0.9923282861709595,
      -0.06196381896734238,
      0.10698170959949493,
      0.02681812457740307,
      0.952613890171051,
      0.3029976785182953,
      -0.12068714946508408,
      -0.2978041172027588,
      0.9469674825668335
    ],
    [
      0.5033708810806274,
      0.7249534726142883,
      -0.4701703190803528,
      -0.8615008592605591,
      0.46300408244132996,
      -0.20843088626861572,
      0.06658808887004852,
      0.5099701881408691,
      0.8576107621192932
    ],
    [
      0.8328914642333984,
      -0.17961956560611725,
      0.52347731590271,
      0.048868827521800995,
      0.9660419821739197,
      0.25372180342674255,
      -0.5512744784355164,
      -0.18574102222919464,
      0.8133859038352966
    ],
    [
      0.15882621705532074,
      -0.4013577103614807,
      -0.9020456075668335,
      0.04037568345665932,
      0.9155189394950867,
      -0.40024349093437195,
      0.9864806532859802,
      0.027148453518748283,
      0.16161349415779114
    ],
    [
      0.37385568022727966,
      0.06050333380699158,
      0.925511360168457,
      -0.0026355425361543894,
      0.9979352951049805,
      -0.06417328119277954,
      -0.9274831414222717,
      0.021552324295043945,
      0.3732432425022125
    ],
    [
      0.9710302948951721,
      -0.15495599806308746,
      0.1819031983613968,
      0.23076236248016357,
      0.805729329586029,
      -0.545480489730835,
      -0.062039267271757126,
      0.5716544985771179,
      0.8181455731391907
    ],
    [
      0.9820822477340698,
      0.1852191686630249,
      0.034762270748615265,
      -0.12963679432868958,
      0.7978639006614685,
      -0.5887337923049927,
      -0.13678035140037537,
      0.5736784338951111,
      0.8075792193412781
    ],
    [
      0.9942870140075684,
      0.010104346089065075,
      -0.10626038908958435,
      -0.013030406087636948,
      0.9995537996292114,
      -0.026878543198108673,
      0.10594138503074646,
      0.028109600767493248,
      0.993975043296814
    ],
    [
      0.9690579771995544,
      -0.14583398401737213,
      0.1991458535194397,
      0.1282658576965332,
      0.9868355989456177,
      0.09850623458623886,
      -0.2108897566795349,
      -0.06991463899612427,
      0.9750064015388489
    ]
  ],
  "root_rot": [
    -0.9692831039428711,
    -0.04555049166083336,
    -0.24169281125068665,
    0.05788898840546608,
    -0.997344434261322,
    -0.04419368878006935,
    -0.2390379011631012,
    -0.05682754889130592,
    0.9693459868431091
  ],
  "root_trans": [
    -0.5615683794021606,
    0.570213794708252,
    2.2868659496307373
  ]
}