{
  "betas": [
    -0.7184505462646484,
    1.0050255060195923,
    1.185823917388916,
    0.5825034379959106,
    -0.2313854694366455,
    0.23715746402740479,
    0.3492726981639862,
    0.7413799166679382,
    0.007360786199569702,
    0.763229250907898
  ],
  "joints": [
    [
      0.9924343824386597,
      -0.08736997842788696,
      -0.08625825494527817,
      0.12216874212026596,
      0.772543728351593,
      0.6230978965759277,
      0.01219823770225048,
      -0.6289218068122864,
      0.7773728370666504
    ],
    [
      0.9762396812438965,
      -0.21662703156471252,
      -0.005356663838028908,
      0.20571401715278625,
      0.9187244772911072,
      0.3370862305164337,
      -0.0681006908416748,
      -0.3301789462566376,
      0.941458523273468
    ],
    [
      0.9988950490951538,
      0.0010962537489831448,
      0.04698287695646286,
      0.01467775646597147,
      0.9424404501914978,
      -0.3340517282485962,
      -0.04464477673172951,
      0.33437225222587585,
      0.9413830041885376
    ],
    [
      0.9365683794021606,
      0.3161220848560333,
      -0.1513490378856659,
      -0.08385665714740753,
      -0.21717292070388794,
      -0.9725246429443359,
      -0.3403053879737854,
      0.9235274195671082,
      -0.1768883466720581
    ],
    [
      0.9969402551651001,
      -0.05204383283853531,
      -0.05832327902317047,
      0.015972977504134178,
      0.8660226464271545,
      -0.49974963068962097,
      0.07651816308498383,
      0.49728891253471375,
      0.8642041087150574
    ],
    [
      0.9849351048469543,
      -0.0720202624797821,
      -0.15721286833286285,
      0.09278684109449387,
      0.987291157245636,
      0.12902285158634186,
      0.14592260122299194,
      -0.14166642725467682,
      0.979100227355957
    ],
    [
      0.9802612066268921,
      0.0034629814326763153,
      0.19767634570598602,
      0.025328896939754486,
      0.9894076585769653,
      -0.14293697476387024,
      -0.19607748091220856,
      0.1451224982738495,
      0.9697902202606201
    ],
    [
      0.9240284562110901,
      -0.2608744204044342,
      -0.2794921398162842,
      0.29607608914375305,
      0.9507802724838257,
      0.09141051769256592,
      0.24188891053199768,
      -0.16721686720848083,
      0.9557867050170898
    ],
    [
      0.9993619918823242,
      -0.029042530804872513,
      -0.020787667483091354,
      0.026973197236657143,
      0.9952336549758911,
      -0.09371495246887207,
      0.02341030351817608,
      0.09309445321559906,
      0.9953820705413818
    ],
    [
      0.9417062401771545,
      -0.3021109104156494,
      0.1480482965707779,
      0.0731223076581955,
      0.6133213043212891,
      0.7864413857460022,
      -0.32839369773864746,
      -0.7297711372375488,
      0.5996595621109009
    ],
    [
      0.8042809963226318,
      0.31279900670051575,
      0.5052611231803894,
      -0.2460019737482071,
      0.9492320418357849,
      -0.19606511294841766,
      -0.5409390330314636,
      0.03339619189500809,
      0.8403984904289246
    ],
    [
      0.987586259841919,
      0.12516964972019196,
      -0.09489968419075012,
      -0.1405535787343979,
      0.9739184379577637,
      -0.1781221628189087,
      0.07012906670570374,
      0.18924948573112488,
      0.9794214963912964
    ],
    [
      0.8209028840065002,
      -0.2738204598426819,
      -0.5011394619941711,
      0.47515496611595154,
      0.8142858743667603,
      0.3334161341190338,
      0.3167745769023895,
      -0.5118212103843689,
      0.7985567450523376
    ],
    [
      0.9374175667762756,
      -0.18645930290222168,
      0.2940766513347626,
      0.1737801879644394,
      0.9823699593544006,
      0.06891871243715286,
      -0.3017425835132599,
      -0.013500920496881008,
      0.9532938003540039
    ],
    [
      0.9939535856246948,
      -0.02324724569916725,
      -0.10731153935194016,
      0.035246074199676514,
      0.9931606650352478,
      0.11130876839160919,
      0.10398997366428375,
      -0.11441806703805923,
      0.987975001335144
    ],
    [
      0.7127569913864136,
      0.31412267684936523,
      -0.6271398067474365,
      -0.11306833475828171,
      0.9338741898536682,
      0.3392557203769684,
      0.6922376155853271,
      -0.1708972156047821,
      0.7011426687240601
    ],
    [
      0.6923018097877502,
      -0.6894304752349854,
      0.21308165788650513,
      0.7083863615989685,
      0.7055790424346924,
      -0.018628792837262154,
      -0.13750268518924713,
      0.1638408750295639,
      0.9768567681312561
    ],
    [
      0.3601784110069275,
      -0.163214772939682,
      -0.918494701385498,
      0.3990150988101959,
      0.9169215559959412,
      -0.006465487647801638,
      0.843242883682251,
      -0.3641645312309265,
      0.39538049697875977
    ],
    [
      0.7216842770576477,
      0.20502422749996185,
      0.6611632704734802,
      -0.04445397108793259,
      0.9668866395950317,
      -0.2513047456741333,
      -0.6907934546470642,
      0.15197135508060455,
      0.7069010138511658
    ],
    [
      0.9300866723060608,
      -0.23275892436504364,
      0.28418686985969543,
      0.35993534326553345,
      0.7320066094398499,
      -0.5784574151039124,
      -0.07338552922010422,
      0.6403043866157532,
      0.7646077275276184
    ],
    [
      0.9400749802589417,
      0.3314764201641083,
      -0.07988972216844559,
      -0.33223095536231995,
      0.8377894163131714,
      -0.4332799017429352,
      -0.07669130712747574,
      0.4338574707508087,
      0.8977115750312805
    ],
    [
      0.9065576791763306,
      0.3345803916454315,
      -0.25731128454208374,
      -0.20800215005874634,
      0.8845959305763245,
      0.41740286350250244,
      0.3672713041305542,
      -0.3248784840106964,
      0.8715306520462036
    ],
    [
      0.8757436275482178,
      -0.4042940139770508,
      0.26385506987571716,
      0.2797570526599884,
      0.870396614074707,
      0.40514910221099854,
      -0.3934578597545624,
      -0.28099140524864197,
      0.8753483891487122
    ]
  ],
  "root_rot": [
    0.15749385952949524,
    0.12131758779287338,
    -0.980039656162262,
    0.09418989717960358,
    -0.9897460341453552,
    -0.10738266259431839,
    -0.9830177426338196,
    -0.07539771497249603,
    -0.1673058122396469
  ],
  "root_trans": [
    0.026992395520210266,
    0.4914532005786896,
    2.4939231872558594
  ]
}