{
  "betas": [
    -0.3846398591995239,
    0.853310227394104,
    0.7722301483154297,
    0.2650870084762573,
    0.10829389095306396,
    0.500340461730957,
    -0.2375364899635315,
    0.3260654807090759,
    -0.06404969096183777,
    0.24633611738681793
  ],
  "joints": [
    [
      0.9899698495864868,
      -0.12986239790916443,
      0.055636439472436905,
      0.13621480762958527,
      0.9818471074104309,
      -0.13199129700660706,
      -0.03748577460646629,
      0.13824591040611267,
      0.9896882176399231
    ],
    [
      0.9876387715339661,
      -0.0681186243891716,
      -0.1411721259355545,
      0.10769038647413254,
      0.9493029713630676,
      0.29534149169921875,
      0.11389687657356262,
      -0.30689355731010437,
      0.9449041485786438
    ],
    [
      0.9996725916862488,
      -0.0018367682350799441,
      -0.025521021336317062,
      -0.00017428936553187668,
      0.9969081878662109,
      -0.07857529819011688,
      0.025586439296603203,
      0.07855401933193207,
      0.996581494808197
    ],
    [
      0.9974046349525452,
      0.04251877963542938,
      -0.0581042617559433,
      -0.06884998828172684,
      0.7993212342262268,
      -0.5969464182853699,
      0.021062547340989113,
      0.5993976593017578,
      0.8001741170883179
    ],
    [
      0.9894738793373108,
      -0.07789275050163269,
      -0.12196020781993866,
      0.02618607133626938,
      0.9252403974533081,
      -0.3784765601158142,
      0.1423230916261673,
      0.37129896879196167,
      0.9175409078598022
    ],
    [
      0.9869744777679443,
      0.04908401519060135,
      -0.15320603549480438,
      -0.0019948557019233704,
      0.9559800028800964,
      0.2934248149394989,
      0.16086439788341522,
      -0.2892971932888031,
      0.943625807762146
    ],
    [
      0.8999021649360657,
      0.24354510009288788,
      0.3617485463619232,
      -0.11392049491405487,
      0.9320061206817627,
      -0.3440738618373871,
      -0.4209493100643158,
      0.2684221863746643,
      0.8664591312408447
    ],
    [
      0.8977318406105042,
      -0.23435717821121216,
      -0.3730338513851166,
      0.2300758808851242,
      0.97152179479599,
      -0.05666150152683258,
      0.3756895363330841,
      -0.034959256649017334,
      0.9260860085487366
    ],
    [
      0.9973894357681274,
      0.07194357365369797,
      -0.006203222554177046,
      -0.07200297713279724,
      0.9843383431434631,
      -0.1609148234128952,
      -0.005470717325806618,
      0.16094139218330383,
      0.9869487881660461
    ],
    [
      0.988187313079834,
      -0.0400533601641655,
      0.14792415499687195,
      -0.10727772861719131,
      0.5085143446922302,
      0.8543446660041809,
      -0.10944091528654099,
      -0.860121488571167,
      0.4982105791568756
    ],
    [
      0.775412380695343,
      0.43157118558883667,
      0.46095770597457886,
      -0.3674749433994293,
      0.9020578861236572,
      -0.2263929396867752,
      -0.5135151743888855,
      0.006157481111586094,
      0.8580584526062012
    ],
    [
      0.9999112486839294,
      0.012630682438611984,
      0.004243289120495319,
      -0.010684630833566189,
      0.9503411650657654,
      -0.31102651357650757,
      -0.007961049675941467,
      0.3109535574913025,
      0.9503917694091797
    ],
    [
      0.5832222104072571,
      -0.3450278341770172,
      -0.7353962063789368,
      0.7127712965011597,
      0.6516000032424927,
      0.2595660984516144,
      0.3896265923976898,
      -0.6755540370941162,
      0.6259535551071167
    ],
    [
      0.7324175834655762,
      0.34980717301368713,
      0.584122896194458,
      -0.5867645144462585,
      0.7594698071479797,
      0.2809145152568817,
      -0.34535783529281616,
      -0.5484892725944519,
      0.7615034580230713
    ],
    [
      0.9770896434783936,
      -0.17113913595676422,
      -0.12651969492435455,
      0.1969664841890335,
      0.9523342251777649,
      0.23294593393802643,
      0.0806228518486023,
      -0.25252920389175415,
      0.9642245769500732
    ],
    [
      0.7873865962028503,
      0.2017749547958374,
      -0.582502543926239,
      0.07825437188148499,
      0.904556393623352,
      0.419111043214798,
      0.6114724278450012,
      -0.37558579444885254,
      0.6964458227157593
    ],
    [
      0.8765473365783691,
      -0.046663977205753326,
      0.47904840111732483,
      -0.20328009128570557,
      0.8662746548652649,
      0.4563390910625458,
      -0.4362821578979492,
      -0.49738380312919617,
      0.7498449087142944
    ],
    [
      0.6340808272361755,
      -0.17196863889694214,
      -0.7539020776748657,
      0.5452427864074707,
      0.7907661199569702,
      0.2782072424888611,
      0.5483172535896301,
      -0.5874655246734619,
      0.5951743125915527
    ],
    [
      0.5392441153526306,
      0.2722374498844147,
      0.7969330549240112,
      -0.5327701568603516,
      0.8431510329246521,
      0.07247272878885269,
      -0.6522051095962524,
      -0.463662713766098,
      0.5997042059898376
    ],
    [
      0.8832989931106567,
      -0.3219255805015564,
      0.34080326557159424,
      0.46770545840263367,
      0.6549963355064392,
      -0.5934908390045166,
      -0.03216501325368881,
      0.683625340461731,
      0.7291239500045776
    ],
    [
      0.8252487182617188,
      0.4526711106300354,
      -0.3377179503440857,
      -0.5646925568580627,
      0.6514883637428284,
      -0.5066412091255188,
      -0.009322545491158962,
      0.6088117957115173,
      0.7932599186897278
    ],
    [
      0.9636676907539368,
      0.19305206835269928,
      -0.18459521234035492,
      -0.12735514342784882,
      0.9395756721496582,
      0.317770779132843,
      0.2347874641418457,
      -0.282716304063797,
      0.9300249218940735
    ],
    [
      0.9366415739059448,
      -0.22080855071544647,
      0.271930456161499,
      0.14625729620456696,
      0.9519169330596924,
      0.2691892683506012,
      -0.3182945251464844,
      -0.21236203610897064,
      0.9238998293876648
    ]
  ],
  "root_rot": [
    -0.7513939142227173,
    -0.024449829012155533,
    0.6594007611274719,
    -0.06945241987705231,
    -0.9908319711685181,
    -0.11588065326213837,
    0.6561886668205261,
    -0.13286899030208588,
    0.7428070306777954
  ],
  "root_trans": [
    -0.3012378215789795,
    0.5361433029174805,
    2.597712993621826
  ]
}