{
  "betas": [
    -0.6459752917289734,
    1.0416030883789062,
    1.1268233060836792,
    0.5416478514671326,
    0.2494412213563919,
    -0.35383138060569763,
    -0.7945246696472168,
    1.1270179748535156,
    0.28498080372810364,
    1.1291635036468506
  ],
  "joints": [
    [
      0.995130181312561,
      -0.05104124918580055,
      0.08432575315237045,
      0.07937444001436234,
      0.9221866130828857,
      -0.37851229310035706,
      -0.058444343507289886,
      0.3833622634410858,
      0.921747088432312
    ],
    [
      0.9933326840400696,
      -0.02408817782998085,
      0.11273795366287231,
      -0.03319399058818817,
      0.8767483234405518,
      0.4798026382923126,
      -0.11040038615465164,
      -0.4803459048271179,
      0.8701031804084778
    ],
    [
      0.9840803146362305,
      -0.07058624923229218,
      -0.1631057858467102,
      0.05689993500709534,
      0.9945719242095947,
      -0.08711523562669754,
      0.1683695763349533,
      0.07644768059253693,
      0.9827550053596497
    ],
    [
      0.9967350363731384,
      -0.024204449728131294,
      -0.07702883332967758,
      0.003686485579237342,
      0.9666575193405151,
      -0.2560463547706604,
      0.0806579515337944,
      0.2549263834953308,
      0.9635906219482422
    ],
    [
      0.9994828701019287,
      -0.009065520949661732,
      -0.030850082635879517,
      -0.013951700180768967,
      0.7421460151672363,
      -0.6700930595397949,
      0.028970006853342056,
      0.6701769828796387,
      0.7416357398033142
    ],
    [
      0.9827497005462646,
      -0.029323067516088486,
      -0.18260100483894348,
      0.03441787511110306,
      0.9990999102592468,
      0.024794384837150574,
      0.18170960247516632,
      -0.030651412904262543,
      0.9828743934631348
    ],
    [
      0.9777659773826599,
      0.09738057851791382,
      0.18571680784225464,
      -0.10479302704334259,
      0.9940263032913208,
      0.03049927018582821,
      -0.18163733184337616,
      -0.0492829792201519,
      0.9821299314498901
    ],
    [
      0.9086625576019287,
      -0.386520117521286,
      -0.15790703892707825,
      0.4078081548213959,
      0.9027265906333923,
      0.13702988624572754,
      0.08958208560943604,
      -0.18890969455242157,
      0.9778999090194702
    ],
    [
      0.994766891002655,
      -0.023471862077713013,
      -0.09943771362304688,
      0.024850059300661087,
      0.9996111989021301,
      0.012643891386687756,
      0.09910228848457336,
      -0.015048758126795292,
      0.9949634075164795
    ],
    [
      0.8551668524742126,
      -0.5126808285713196,
      -0.0764714702963829,
      0.4305865466594696,
      0.6204636693000793,
      0.6554540991783142,
      -0.28859102725982666,
      -0.5934503078460693,
      0.7513534426689148
    ],
    [
      0.8197565078735352,
      0.43684494495391846,
      0.37035900354385376,
      -0.4546751379966736,
      0.8896216154098511,
      -0.04294147342443466,
      -0.34823811054229736,
      -0.13319148123264313,
      0.9278956651687622
    ],
    [
      0.9979497790336609,
      0.05390625819563866,
      0.03450098633766174,
      -0.06035797297954559,
      0.9719756245613098,
      0.22720082104206085,
      -0.021286573261022568,
      -0.2288174331188202,
      0.9732365608215332
    ],
    [
      0.867763340473175,
      0.30284303426742554,
      -0.3940467834472656,
      -0.23897713422775269,
      0.949474036693573,
      0.20344281196594238,
      0.435748428106308,
      -0.0823720395565033,
      0.8962913155555725
    ],
    [
      0.8847838640213013,
      -0.33318427205085754,
      0.3258000910282135,
      0.3207695484161377,
      0.9425964951515198,
      0.09283780306577682,
      -0.338030070066452,
      0.022365344688296318,
      0.9408695101737976
    ],
    [
      0.9440411925315857,
      0.037179190665483475,
      0.3277253806591034,
      -0.03162040933966637,
      0.999251663684845,
      -0.02227596379816532,
      -0.3283083438873291,
      0.010666616261005402,
      0.9445103406906128
    ],
    [
      0.39914700388908386,
      0.6075034141540527,
      -0.6867468953132629,
      -0.7699947953224182,
      0.628731369972229,
      0.10865039378404617,
      0.4977847635746002,
      0.4854240417480469,
      0.7187307476997375
    ],
    [
      0.668679416179657,
      -0.5620821714401245,
      0.4867560565471649,
      0.6362802386283875,
      0.7712804675102234,
      0.01654938794672489,
      -0.3847275674343109,
      0.29864701628685,
      0.8733811378479004
    ],
    [
      -0.4265299141407013,
      -0.38020262122154236,
      -0.8206814527511597,
      -0.09979600459337234,
      0.9216010570526123,
      -0.3750896453857422,
      0.89895099401474,
      -0.07808621227741241,
      -0.4310331344604492
    ],
    [
      -0.6022897362709045,
      0.3857162594795227,
      0.6989063620567322,
      0.01345832273364067,
      0.8802998065948486,
      -0.4742268919944763,
      -0.7981641888618469,
      -0.2762158513069153,
      -0.5353866219520569
    ],
    [
      0.8670429587364197,
      -0.38841041922569275,
      0.31204769015312195,
      0.47642239928245544,
      0.829616904258728,
      -0.29113131761550903,
      -0.1458016037940979,
      0.4010899066925049,
      0.9043608903884888
    ],
    [
      0.8236700296401978,
      0.5622357726097107,
      -0.07388176769018173,
      -0.5309030413627625,
      0.7187816500663757,
      -0.44888171553611755,
      -0.1992725133895874,
      0.40895453095436096,
      0.890531599521637
    ],
    [
      0.8726662397384644,
      0.36188146471977234,
      -0.32786500453948975,
      -0.1867290437221527,
      0.8676892518997192,
      0.46070346236228943,
      0.45120498538017273,
      -0.3408184349536896,
      0.8247768878936768
    ],
    [
      0.9026883244514465,
      -0.34137117862701416,
      0.26195335388183594,
      0.2152254581451416,
      0.8853519558906555,
      0.41210436820983887,
      -0.3726014196872711,
      -0.3156227469444275,
      0.8726686239242554
    ]
  ],
  "root_rot": [
    0.5236409306526184,
    -0.02166714146733284,
    -0.8516635894775391,
    0.08687189221382141,
    -0.993107795715332,
    0.07867835462093353,
    -0.8474984169006348,
    -0.11518482863903046,
    -0.5181496143341064
  ],
  "root_trans": [
    -0.03348647803068161,
    0.579704761505127,
    2.7054316997528076
  ]
}