{
  "betas": [
    -0.5224174857139587,
    1.0291723012924194,
    0.941724419593811,
    -0.030933618545532227,
    0.14111262559890747,
    0.39425987005233765,
    -0.05648145079612732,
    0.4992944896221161,
    -0.038818687200546265,
    0.5416392683982849
  ],
  "joints": [
    [
      0.9825620055198669,
      -0.1629260629415512,
      0.08959339559078217,
      0.17853602766990662,
      0.9612886309623718,
      -0.2098785638809204,
      -0.05193042755126953,
      0.22221435606479645,
      0.9736138582229614
    ],
    [
      0.952873945236206,
      0.1369936615228653,
      -0.2706730365753174,
      -0.008518910966813564,
      0.9039629697799683,
      0.4275258779525757,
      0.30324673652648926,
      -0.4050724506378174,
      0.8625298142433167
    ],
    [
      0.9993797540664673,
      0.006860462483018637,
      -0.03454026207327843,
      -0.010463501326739788,
      0.9943917393684387,
      -0.10524021834135056,
      0.0336245559155941,
      0.10553635656833649,
      0.9938467741012573
    ],
    [
      0.9963328242301941,
      0.03566436469554901,
      -0.07777552306652069,
      -0.05892767384648323,
      0.9450677037239075,
      -0.32151922583580017,
      0.06203635036945343,
      0.3249232769012451,
      0.9437035918235779
    ],
    [
      0.951445996761322,
      -0.19680707156658173,
      -0.23668041825294495,
      0.06998749077320099,
      0.8870769739151001,
      -0.4562850892543793,
      0.29975393414497375,
      0.41756588220596313,
      0.857779860496521
    ],
    [
      0.9905524253845215,
      0.04373011738061905,
      -0.12997479736804962,
      -0.005650140345096588,
      0.9600027799606323,
      0.27993321418762207,
      0.13701768219470978,
      -0.2765541970729828,
      0.9511801600456238
    ],
    [
      0.9554098844528198,
      0.10107773542404175,
      0.2774443030357361,
      -0.06716780364513397,
      0.989349365234375,
      -0.12913727760314941,
      -0.2875422239303589,
      0.10474369674921036,
      0.9520233273506165
    ],
    [
      0.8731951713562012,
      -0.21417854726314545,
      -0.43778738379478455,
      0.19564040005207062,
      0.9767519235610962,
      -0.08763854205608368,
      0.44637995958328247,
      -0.009123355150222778,
      0.8947970271110535
    ],
    [
      0.9962823987007141,
      0.08291058987379074,
      0.023392369970679283,
      -0.07877040654420853,
      0.986683189868927,
      -0.14230771362781525,
      -0.03487967699766159,
      0.13993604481220245,
      0.989546000957489
    ],
    [
      0.9855907559394836,
      -0.09181078523397446,
      0.14206188917160034,
      -0.054176367819309235,
      0.6242813467979431,
      0.7793187499046326,
      -0.1602364480495453,
      -0.7757858037948608,
      0.6103119254112244
    ],
    [
      0.8231760263442993,
      0.39201071858406067,
      0.4107417166233063,
      -0.3572966754436493,
      0.9198611378669739,
      -0.16184698045253754,
      -0.4412711262702942,
      -0.013528123497962952,
      0.8972717523574829
    ],
    [
      0.9924142956733704,
      -0.10568300634622574,
      -0.06280910968780518,
      0.08163414150476456,
      0.9484968185424805,
      -0.30608776211738586,
      0.09192250669002533,
      0.2986385226249695,
      0.9499291181564331
    ],
    [
      0.5580297112464905,
      -0.30521827936172485,
      -0.7716505527496338,
      0.7173782587051392,
      0.6448403596878052,
      0.26372215151786804,
      0.4170985519886017,
      -0.7007301449775696,
      0.5787970423698425
    ],
    [
      0.6737410426139832,
      0.3080543577671051,
      0.6716959476470947,
      -0.6151652336120605,
      0.7374453544616699,
      0.2788296937942505,
      -0.4094443917274475,
      -0.6010630130767822,
      0.6863515377044678
    ],
    [
      0.9770304560661316,
      -0.1348688304424286,
      -0.16499029099941254,
      0.17299196124076843,
      0.9540912508964539,
      0.24450664222240448,
      0.12443948537111282,
      -0.26743245124816895,
      0.9555074572563171
    ],
    [
      0.7775997519493103,
      0.22848612070083618,
      -0.5857751965522766,
      0.06675511598587036,
      0.8963701128959656,
      0.43825143575668335,
      0.6252057552337646,
      -0.37988772988319397,
      0.681764543056488
    ],
    [
      0.8895813822746277,
      0.010682894848287106,
      0.456651896238327,
      -0.22650450468063354,
      0.8784726858139038,
      0.4206916391849518,
      -0.39666205644607544,
      -0.47767314314842224,
      0.7838926911354065
    ],
    [
      0.6452525854110718,
      -0.12108828127384186,
      -0.7543121576309204,
      0.4413474202156067,
      0.8650116920471191,
      0.23867809772491455,
      0.6235876679420471,
      -0.48692137002944946,
      0.6115930080413818
    ],
    [
      0.47374725341796875,
      0.23041555285453796,
      0.8499836325645447,
      -0.47784802317619324,
      0.8779856562614441,
      0.028327172622084618,
      -0.7397464513778687,
      -0.41958293318748474,
      0.5260469317436218
    ],
    [
      0.8860682249069214,
      -0.28699174523353577,
      0.36403143405914307,
      0.460886150598526,
      0.6295611262321472,
      -0.6254892945289612,
      -0.04966975376009941,
      0.7220032215118408,
      0.690104603767395
    ],
    [
      0.8507143259048462,
      0.3964705765247345,
      -0.3451031446456909,
      -0.5244866609573364,
      0.5970333814620972,
      -0.6070130467414856,
      -0.03462474048137665,
      0.6973966956138611,
      0.7158483862876892
    ],
    [
      0.9713351726531982,
      0.1751764416694641,
      -0.16068965196609497,
      -0.12454120814800262,
      0.95079505443573,
      0.28368714451789856,
      0.20247820019721985,
      -0.2555428445339203,
      0.9453573822975159
    ],
    [
      0.9478678107261658,
      -0.18424120545387268,
      0.2600034475326538,
      0.11893673986196518,
      0.9614999294281006,
      0.24773366749286652,
      -0.29563605785369873,
      -0.20389480888843536,
      0.9332878589630127
    ]
  ],
  "root_rot": [
    -0.9503549933433533,
    -0.007465556263923645,
    0.31107813119888306,
    -0.029055779799818993,
    -0.9932152032852173,
    -0.1126026138663292,
    0.3098081648349762,
    -0.1160510778427124,
    0.9436901211738586
  ],
  "root_trans": [
    -0.3581397235393524,
    0.5368044376373291,
    2.47312593460083
  ]
}