{
  "betas": [
    -0.629723310470581,
    0.7391740083694458,
    1.3876254558563232,
    0.6347530484199524,
    0.0771346390247345,
    0.03902079537510872,
    0.09227333962917328,
    0.7254170179367065,
    0.13151630759239197,
    0.7388461828231812
  ],
  "joints": [
    [
      0.9798791408538818,
      0.019455965608358383,
      -0.19864171743392944,
      0.09779442846775055,
      0.8207864761352539,
      0.5628017783164978,
      0.17399229109287262,
      -0.5709036588668823,
      0.8023688793182373
    ],
    [
      0.9277291893959045,
      0.23660996556282043,
      -0.28867700695991516,
      -0.2968653440475464,
      0.9365466833114624,
      -0.1864171028137207,
      0.22625134885311127,
      0.2586427628993988,
      0.9391030073165894
    ],
    [
      0.971610426902771,
      -0.012382110580801964,
      0.2362619936466217,
      0.03726250305771828,
      0.9941744804382324,
      -0.10113626718521118,
      -0.2336333841085434,
      0.10706877708435059,
      0.9664116501808167
    ],
    [
      0.9941882491111755,
      0.06808662414550781,
      0.08339005708694458,
      -0.03277217969298363,
      0.9292476773262024,
      -0.36800089478492737,
      -0.10254596173763275,
      0.36312931776046753,
      0.9260784387588501
    ],
    [
      0.9994653463363647,
      0.013484411872923374,
      0.029785774648189545,
      -0.005237536504864693,
      0.9652597904205322,
      -0.261239618062973,
      -0.03227367252111435,
      0.2609439194202423,
      0.9648143649101257
    ],
    [
      0.9987109899520874,
      0.029822111129760742,
      -0.04107193276286125,
      -0.02884858101606369,
      0.999293327331543,
      0.02409493736922741,
      0.04176147282123566,
      -0.022879013791680336,
      0.99886554479599
    ],
    [
      0.9926890730857849,
      0.08018480241298676,
      -0.09021477401256561,
      -0.09095359593629837,
      0.9883054494857788,
      -0.12239199131727219,
      0.07934577018022537,
      0.12970256805419922,
      0.9883731007575989
    ],
    [
      0.9326003789901733,
      -0.13352732360363007,
      -0.3353012204170227,
      0.23342309892177582,
      0.931730329990387,
      0.2781945765018463,
      0.2752637267112732,
      -0.3377114236354828,
      0.9001004099845886
    ],
    [
      0.9839698076248169,
      0.021984299644827843,
      0.17697463929653168,
      -0.015612677671015263,
      0.9991815686225891,
      -0.03731551766395569,
      -0.17765015363693237,
      0.03395429998636246,
      0.9835077524185181
    ],
    [
      0.9385886192321777,
      -0.2876650393009186,
      0.19052602350711823,
      0.12659215927124023,
      0.8007814288139343,
      0.5854259729385376,
      -0.32097628712654114,
      -0.5253551006317139,
      0.7880204916000366
    ],
    [
      0.8656901717185974,
      0.3307263255119324,
      0.3757667541503906,
      -0.36729586124420166,
      0.9296848177909851,
      0.02792450226843357,
      -0.34010931849479675,
      -0.16219152510166168,
      0.9262934327125549
    ],
    [
      0.9617421627044678,
      -0.10622565448284149,
      -0.2525235116481781,
      0.07614170014858246,
      0.9890934824943542,
      -0.12608103454113007,
      0.26316240429878235,
      0.10202988237142563,
      0.9593411087989807
    ],
    [
      0.975172758102417,
      0.22143304347991943,
      0.002348945941776037,
      -0.2201838344335556,
      0.9684315919876099,
      0.11687347292900085,
      0.023604854941368103,
      -0.11448902636766434,
      0.9931440949440002
    ],
    [
      0.8896798491477966,
      -0.21653851866722107,
      0.4019712805747986,
      0.15777404606342316,
      0.9719554781913757,
      0.1743841916322708,
      -0.428459107875824,
      -0.09172546118497849,
      0.8988933563232422
    ],
    [
      0.9963548183441162,
      -0.0842176005244255,
      0.013582252897322178,
      0.0845949798822403,
      0.9959596395492554,
      -0.030133653432130814,
      -0.010989592410624027,
      0.031172800809144974,
      0.9994535446166992
    ],
    [
      0.5368983149528503,
      0.7746038436889648,
      -0.3342589735984802,
      -0.8433600664138794,
      0.48245951533317566,
      -0.2365938127040863,
      -0.022000053897500038,
      0.4089275002479553,
      0.9123016595840454
    ],
    [
      0.515728235244751,
      -0.5497204065322876,
      0.6571391224861145,
      0.5513662695884705,
      0.8000287413597107,
      0.23653587698936462,
      -0.655758798122406,
      0.2403361201286316,
      0.7156946659088135
    ],
    [
      0.27974867820739746,
      -0.29826241731643677,
      -0.9125679731369019,
      -0.02267455868422985,
      0.9482013583183289,
      -0.31685972213745117,
      0.9598054885864258,
      0.10933315753936768,
      0.25849512219429016
    ],
    [
      -0.11999625712633133,
      0.233426034450531,
      0.9649420380592346,
      0.14264646172523499,
      0.9659335017204285,
      -0.21592694520950317,
      -0.982472836971283,
      0.11173514276742935,
      -0.14920580387115479
    ],
    [
      0.9774289727210999,
      -0.12219030410051346,
      0.17234310507774353,
      0.1886780858039856,
      0.8718802332878113,
      -0.45191317796707153,
      -0.0950431302189827,
      0.4742303788661957,
      0.8752556443214417
    ],
    [
      0.9788235425949097,
      0.20182044804096222,
      0.03424777463078499,
      -0.187602236866951,
      0.9513448476791382,
      -0.2444348931312561,
      -0.08191340416669846,
      0.23283368349075317,
      0.9690607190132141
    ],
    [
      0.41535547375679016,
      0.4060051739215851,
      -0.8140267729759216,
      -0.00423685647547245,
      0.8957237601280212,
      0.44459068775177,
      0.9096493721008301,
      -0.18121425807476044,
      0.37376394867897034
    ],
    [
      0.9204346537590027,
      -0.2956940829753876,
      0.25566592812538147,
      0.10790358483791351,
      0.8208351731300354,
      0.5608800053596497,
      -0.37570852041244507,
      -0.4886661171913147,
      0.7874315977096558
    ]
  ],
  "root_rot": [
    0.1485455483198166,
    -0.06077755615115166,
    0.9870361089706421,
    -0.05851967632770538,
    -0.9969006776809692,
    -0.05257796496152878,
    0.987172544002533,
    -0.04995081201195717,
    -0.151641845703125
  ],
  "root_trans": [
    0.28370893001556396,
    0.5444819927215576,
    2.643956422805786
  ]
}