{
  "betas": [
    -0.8044894337654114,
    0.5688007473945618,
    1.3288277387619019,
    0.359235554933548,
    0.0837070643901825,
    -0.017784785479307175,
    -0.1370869278907776,
    0.7467760443687439,
    0.07788215577602386,
    0.7848622798919678
  ],
  "joints": [
    [
      0.9657579064369202,
      -0.15037907660007477,
      -0.2114187777042389,
      0.243958979845047,
      0.8036791682243347,
      0.5427557826042175,
      0.08829375356435776,
      -0.5757481455802917,
      0.8128458261489868
    ],
    [
      0.937658429145813,
      0.28916773200035095,
      -0.19281743466854095,
      -0.3061685562133789,
      0.9497912526130676,
      -0.06447844952344894,
      0.164491206407547,
      0.11949340254068375,
      0.9791138172149658
    ],
    [
      0.9817774891853333,
      0.04205387458205223,
      0.18532228469848633,
      -0.009257962927222252,
      0.9846331477165222,
      -0.17439010739326477,
      -0.18980823457241058,
      0.1694965958595276,
      0.9670799970626831
    ],
    [
      0.9947715401649475,
      0.09611733257770538,
      0.03451056778430939,
      -0.07092683762311935,
      0.8933678865432739,
      -0.443692684173584,
      -0.07347716391086578,
      0.4389251470565796,
      0.8955142498016357
    ],
    [
      0.9964768886566162,
      0.01589028164744377,
      0.08234930783510208,
      0.010268064215779305,
      0.9513856172561646,
      -0.3078310787677765,
      -0.08323746919631958,
      0.30759209394454956,
      0.9478706121444702
    ],
    [
      0.9969865083694458,
      0.013584952801465988,
      -0.07637619972229004,
      -0.014336846768856049,
      0.9998539090156555,
      -0.00930493138730526,
      0.07623863965272903,
      0.010371885262429714,
      0.9970356225967407
    ],
    [
      0.9989630579948425,
      0.03938395157456398,
      -0.022839531302452087,
      -0.04085022211074829,
      0.9968656897544861,
      -0.06774890422821045,
      0.02009972743690014,
      0.06861165910959244,
      0.9974408149719238
    ],
    [
      0.9284098148345947,
      -0.06637317687273026,
      -0.36558154225349426,
      0.19884181022644043,
      0.919918954372406,
      0.3379512429237366,
      0.3138745129108429,
      -0.3864501118659973,
      0.8672595620155334
    ],
    [
      0.9918082356452942,
      0.041507843881845474,
      0.12080369889736176,
      -0.04114356264472008,
      0.9991380572319031,
      -0.005509248469024897,
      -0.12092825025320053,
      0.000493822677526623,
      0.9926611185073853
    ],
    [
      0.9696734547615051,
      -0.1826578825712204,
      0.16238677501678467,
      0.04301796853542328,
      0.781601071357727,
      0.6222934126853943,
      -0.2405885010957718,
      -0.5964359045028687,
      0.7657553553581238
    ],
    [
      0.8504089713096619,
      0.25349530577659607,
      0.4610257148742676,
      -0.2578914165496826,
      0.9646246433258057,
      -0.054692529141902924,
      -0.4585810899734497,
      -0.07238355278968811,
      0.8856996893882751
    ],
    [
      0.9725770950317383,
      -0.0767621099948883,
      -0.21954818069934845,
      0.06211138144135475,
      0.9954046010971069,
      -0.07288263738155365,
      0.22413389384746552,
      0.05724754184484482,
      0.9728755354881287
    ],
    [
      0.9661967754364014,
      0.2170635163784027,
      -0.13909421861171722,
      -0.20952951908111572,
      0.9755129814147949,
      0.0668720230460167,
      0.150203675031662,
      -0.03546719253063202,
      0.9880186915397644
    ],
    [
      0.856860339641571,
      -0.28885865211486816,
      0.42702579498291016,
      0.2610988914966583,
      0.957355797290802,
      0.12368163466453552,
      -0.44454216957092285,
      0.005518071819096804,
      0.8957408666610718
    ],
    [
      0.9673075079917908,
      -0.1857437938451767,
      -0.17267175018787384,
      0.18449260294437408,
      0.982555091381073,
      -0.02341105416417122,
      0.17400793731212616,
      -0.00921096932142973,
      0.9847012758255005
    ],
    [
      0.6580199599266052,
      0.6879213452339172,
      -0.3062252700328827,
      -0.7487897872924805,
      0.5548409223556519,
      -0.36258170008659363,
      -0.07952140271663666,
      0.4678843319416046,
      0.8802048563957214
    ],
    [
      0.45735636353492737,
      -0.6352092623710632,
      0.6223618388175964,
      0.7353872060775757,
      0.6636645197868347,
      0.13694904744625092,
      -0.5000308156013489,
      0.39504241943359375,
      0.7706559300422668
    ],
    [
      0.0190338883548975,
      -0.2645586133003235,
      -0.9641817808151245,
      -0.34332144260406494,
      0.9039894938468933,
      -0.25482016801834106,
      0.9390251040458679,
      0.33587446808815,
      -0.0736222043633461
    ],
    [
      -0.11684689670801163,
      0.35450631380081177,
      0.9277241826057434,
      0.5002020001411438,
      0.8280016779899597,
      -0.25339940190315247,
      -0.8579887747764587,
      0.434440553188324,
      -0.2740741968154907
    ],
    [
      0.9107595682144165,
      -0.41290247440338135,
      -0.005348490551114082,
      0.3811380863189697,
      0.8455383777618408,
      -0.37389659881591797,
      0.15890520811080933,
      0.33849138021469116,
      0.9274550080299377
    ],
    [
      0.9421331286430359,
      0.3251177668571472,
      0.08175405859947205,
      -0.30995917320251465,
      0.9376925230026245,
      -0.15702874958515167,
      -0.12771300971508026,
      0.12260155379772186,
      0.9842044115066528
    ],
    [
      0.45340126752853394,
      0.6784208416938782,
      -0.5780766010284424,
      -0.18386584520339966,
      0.7058138251304626,
      0.6841201186180115,
      0.8721356987953186,
      -0.20389237999916077,
      0.44475531578063965
    ],
    [
      0.852778434753418,
      -0.454474538564682,
      0.2573360204696655,
      0.12537193298339844,
      0.6564521193504333,
      0.7438766956329346,
      -0.5070017576217651,
      -0.6020992994308472,
      0.616786539554596
    ]
  ],
  "root_rot": [
    0.41575339436531067,
    -0.04923000931739807,
    0.908143937587738,
    -0.019998321309685707,
    -0.9987872838973999,
    -0.044988393783569336,
    0.9092574715614319,
    0.0005427227006293833,
    -0.41623371839523315
  ],
  "root_trans": [
    0.2690050005912781,
    0.5367841124534607,
    2.633370876312256
  ]
}