{
  "betas": [
    -0.5349443554878235,
    0.744979977607727,
    1.0839691162109375,
    0.05066275596618652,
    0.5149186253547668,
    -0.26801598072052,
    0.106196328997612,
    0.3809185028076172,
    0.0945146307349205,
    0.7425744533538818
  ],
  "joints": [
    [
      0.9719615578651428,
      -0.23324081301689148,
      0.02982185035943985,
      0.23336569964885712,
      0.972388744354248,
      -0.000729226740077138,
      -0.028828347101807594,
      0.007668177597224712,
      0.9995548725128174
    ],
    [
      0.9186469316482544,
      0.3685382902622223,
      -0.14236338436603546,
      -0.3402757942676544,
      0.9211605787277222,
      0.18888002634048462,
      0.20074903964996338,
      -0.12507124245166779,
      0.9716259837150574
    ],
    [
      0.9909795522689819,
      -0.13214407861232758,
      -0.022307587787508965,
      0.12920771539211273,
      0.9862892627716064,
      -0.10265897959470749,
      0.035567507147789,
      0.09885062277317047,
      0.9944665431976318
    ],
    [
      0.9985576868057251,
      0.047220390290021896,
      -0.02555021271109581,
      -0.052129507064819336,
      0.9666056036949158,
      -0.25091052055358887,
      0.012848885729908943,
      0.2518805265426636,
      0.9676730036735535
    ],
    [
      0.9976158738136292,
      0.023393908515572548,
      0.06492482125759125,
      -0.004727532621473074,
      0.9617471694946289,
      -0.273897647857666,
      -0.06884880363941193,
      0.27293771505355835,
      0.9595648646354675
    ],
    [
      0.9914529919624329,
      0.090031199157238,
      -0.09442128986120224,
      -0.08695527911186218,
      0.9955539703369141,
      0.03620866686105728,
      0.09726139903068542,
      -0.027688762173056602,
      0.9948736429214478
    ],
    [
      0.9927812814712524,
      -0.007921424694359303,
      0.11967673897743225,
      -0.0008064275025390089,
      0.997353196144104,
      0.07270469516515732,
      -0.11993589997291565,
      -0.07227637618780136,
      0.9901471734046936
    ],
    [
      0.9092623591423035,
      -0.3801482021808624,
      -0.16949699819087982,
      0.3716387450695038,
      0.9248678088188171,
      -0.08064844459295273,
      0.18742068111896515,
      0.010338938795030117,
      0.9822252988815308
    ],
    [
      0.9906691312789917,
      0.1216096580028534,
      0.06152898818254471,
      -0.12070634961128235,
      0.9925212860107422,
      -0.018204784020781517,
      -0.06328271329402924,
      0.010607976466417313,
      0.9979392290115356
    ],
    [
      0.9931010603904724,
      -0.11072852462530136,
      0.03859482705593109,
      0.08667649328708649,
      0.9148480892181396,
      0.39438584446907043,
      -0.07897815853357315,
      -0.3883197009563446,
      0.9181341528892517
    ],
    [
      0.9762417078018188,
      0.20534171164035797,
      0.06918758153915405,
      -0.2065967619419098,
      0.9783594608306885,
      0.011423513293266296,
      -0.06534460186958313,
      -0.02544604055583477,
      0.9975382685661316
    ],
    [
      0.9581182599067688,
      -0.13538409769535065,
      -0.2523500323295593,
      0.11385861039161682,
      0.9886414408683777,
      -0.09810314327478409,
      0.2627653479576111,
      0.06526218354701996,
      0.9626500606536865
    ],
    [
      0.8796642422676086,
      0.4226881265640259,
      -0.2180035561323166,
      -0.38977667689323425,
      0.9033861756324768,
      0.1787950098514557,
      0.2725158929824829,
      -0.07230687141418457,
      0.9594305157661438
    ],
    [
      0.803139865398407,
      0.19474069774150848,
      0.563065230846405,
      -0.42145803570747375,
      0.8536979556083679,
      0.30589714646339417,
      -0.42111697793006897,
      -0.48298653960227966,
      0.7677139043807983
    ],
    [
      0.9777283072471619,
      -0.08141284435987473,
      0.193440780043602,
      0.026411309838294983,
      0.9620980620384216,
      0.2714218497276306,
      -0.2082062065601349,
      -0.26026779413223267,
      0.9428207278251648
    ],
    [
      0.5506634712219238,
      0.7336070537567139,
      -0.398234099149704,
      -0.8344394564628601,
      0.4963172376155853,
      -0.2395411878824234,
      0.02192133665084839,
      0.46420881152153015,
      0.8854544162750244
    ],
    [
      0.8398524522781372,
      0.10954664647579193,
      0.5316459536552429,
      -0.3523778021335602,
      0.8550235033035278,
      0.3804795444011688,
      -0.4128895401954651,
      -0.506886899471283,
      0.7566953897476196
    ],
    [
      0.4440399706363678,
      -0.3597107231616974,
      -0.8206319212913513,
      -0.058903902769088745,
      0.9021762609481812,
      -0.4273269772529602,
      0.894068717956543,
      0.2380886673927307,
      0.3794139623641968
    ],
    [
      0.706348180770874,
      0.04835554212331772,
      0.7062110900878906,
      -0.28092819452285767,
      0.9348815679550171,
      0.21696971356868744,
      -0.6497319936752319,
      -0.35165074467658997,
      0.6739363074302673
    ],
    [
      0.9696491956710815,
      -0.1742018312215805,
      0.17156386375427246,
      0.24427708983421326,
      0.7202100157737732,
      -0.6493275761604309,
      -0.010447935201227665,
      0.6715290546417236,
      0.7409045696258545
    ],
    [
      0.9538949131965637,
      0.2432202845811844,
      -0.17586462199687958,
      -0.2874559760093689,
      0.5717814564704895,
      -0.7683976888656616,
      -0.08633376657962799,
      0.7835240364074707,
      0.6153345704078674
    ],
    [
      0.9875754117965698,
      0.05040962994098663,
      -0.14884108304977417,
      -0.04643408954143524,
      0.9984686970710754,
      0.030067479237914085,
      0.15012887120246887,
      -0.02278260327875614,
      0.988403856754303
    ],
    [
      0.9886561632156372,
      -0.06059718877077103,
      0.137429878115654,
      0.03967088460922241,
      0.9878607392311096,
      0.15019097924232483,
      -0.14486274123191833,
      -0.14303527772426605,
      0.979058563709259
    ]
  ],
  "root_rot": [
    -0.9615579843521118,
    0.0173182375729084,
    -0.2740553617477417,
    0.016151465475559235,
    -0.9927146434783936,
    -0.11940155923366547,
    -0.2741266191005707,
    -0.11923791468143463,
    0.954272985458374
  ],
  "root_trans": [
    -0.5630608797073364,
    0.5648168921470642,
    2.331406354904175
  ]
}