{
  "betas": [
    -0.6143428683280945,
    1.067525863647461,
    1.6709328889846802,
    0.4629834294319153,
    0.055928826332092285,
    -0.2708088457584381,
    -0.01110827922821045,
    0.5570910573005676,
    0.16186052560806274,
    0.770443320274353
  ],
  "joints": [
    [
      0.9678959846496582,
      -0.2436227947473526,
      -0.06184898689389229,
      0.2513256371021271,
      0.9415421485900879,
      0.2243518978357315,
      0.0035761906765401363,
      -0.23269353806972504,
      0.9725435376167297
    ],
    [
      0.9802740812301636,
      0.16135628521442413,
      -0.11413533240556717,
      -0.15355752408504486,
      0.9853528141975403,
      0.07416129857301712,
      0.12442996352910995,
      -0.055172063410282135,
      0.9906932711601257
    ],
    [
      0.9958431124687195,
      -0.015365173108875751,
      0.08978008478879929,
      0.025391019880771637,
      0.993426501750946,
      -0.11162053793668747,
      -0.08747483789920807,
      0.11343614012002945,
      0.9896870851516724
    ],
    [
      0.9993729591369629,
      0.02095484547317028,
      -0.028542431071400642,
      -0.02815726026892662,
      0.9590683579444885,
      -0.2817712128162384,
      0.021469660103321075,
      0.28239819407463074,
      0.9590570330619812
    ],
    [
      0.9988425970077515,
      0.020017139613628387,
      0.04373494163155556,
      -0.010131864808499813,
      0.9764478802680969,
      -0.2155154049396515,
      -0.04701889306306839,
      0.21482285857200623,
      0.9755205512046814
    ],
    [
      0.9893702268600464,
      -0.04915611818432808,
      -0.1368585228919983,
      0.04873950779438019,
      0.9987910389900208,
      -0.006395487580448389,
      0.1370074450969696,
      -0.00034291177871637046,
      0.9905699491500854
    ],
    [
      0.9980660676956177,
      0.05859670788049698,
      0.020749151706695557,
      -0.056107744574546814,
      0.9928799867630005,
      -0.10507715493440628,
      -0.026758592575788498,
      0.10370975732803345,
      0.994247555732727
    ],
    [
      0.8970927596092224,
      -0.3582359552383423,
      -0.25863415002822876,
      0.39028027653694153,
      0.9168798923492432,
      0.08374078571796417,
      0.20713751018047333,
      -0.17606304585933685,
      0.9623387455940247
    ],
    [
      0.9995256066322327,
      0.001070390804670751,
      0.030782997608184814,
      -0.0010369870578870177,
      0.9999988675117493,
      -0.0011010229354724288,
      -0.030784141272306442,
      0.0010685788001865149,
      0.9995256066322327
    ],
    [
      0.9196337461471558,
      -0.21062399446964264,
      0.3315286338329315,
      0.05673425272107124,
      0.9064438343048096,
      0.41849806904792786,
      -0.3886578679084778,
      -0.366055965423584,
      0.8455459475517273
    ],
    [
      0.8581425547599792,
      0.44269999861717224,
      0.2600155174732208,
      -0.4408935010433197,
      0.8949338793754578,
      -0.06860265880823135,
      -0.2630670666694641,
      -0.05576827749609947,
      0.9631643891334534
    ],
    [
      0.9853388667106628,
      0.04986197128891945,
      -0.16315963864326477,
      -0.0523512028157711,
      0.9985682964324951,
      -0.010989824309945107,
      0.16237805783748627,
      0.0193703044205904,
      0.9865384697914124
    ],
    [
      0.9590174555778503,
      0.21436616778373718,
      0.18529070913791656,
      -0.21224699914455414,
      0.976710319519043,
      -0.0314372219145298,
      -0.18771439790725708,
      -0.009178555570542812,
      0.9821808338165283
    ],
    [
      0.9119890928268433,
      -0.40647444128990173,
      -0.055265773087739944,
      0.4044266939163208,
      0.9134759902954102,
      -0.044728416949510574,
      0.06866492331027985,
      0.01844087801873684,
      0.9974692463874817
    ],
    [
      0.9835365414619446,
      -0.17324602603912354,
      -0.051397256553173065,
      0.17355658113956451,
      0.9848225712776184,
      0.001607949729077518,
      0.050338611006736755,
      -0.010501810349524021,
      0.9986769556999207
    ],
    [
      0.630577564239502,
      0.7279767990112305,
      -0.2691127359867096,
      -0.7702153921127319,
      0.544241726398468,
      -0.33251944184303284,
      -0.0956040769815445,
      0.4169541001319885,
      0.903885543346405
    ],
    [
      0.7304430603981018,
      -0.6618527770042419,
      0.1685345470905304,
      0.6714801788330078,
      0.7410224676132202,
      -0.00017934199422597885,
      -0.1247691959142685,
      0.11329860240221024,
      0.9856957197189331
    ],
    [
      0.13243132829666138,
      -0.23267535865306854,
      -0.9634957313537598,
      -0.18946555256843567,
      0.9481914043426514,
      -0.2550213038921356,
      0.972915530204773,
      0.21632209420204163,
      0.0814862847328186
    ],
    [
      0.9915798306465149,
      0.12827476859092712,
      0.017748437821865082,
      -0.12895862758159637,
      0.990622878074646,
      0.04512275755405426,
      -0.011793895624577999,
      -0.04703162983059883,
      0.9988238215446472
    ],
    [
      0.9334300756454468,
      -0.19386009871959686,
      0.3018718361854553,
      0.3106870949268341,
      0.857551634311676,
      -0.40997403860092163,
      -0.17939309775829315,
      0.4764697551727295,
      0.8606942892074585
    ],
    [
      0.979249894618988,
      0.13807229697704315,
      -0.14834320545196533,
      -0.1950928419828415,
      0.8403886556625366,
      -0.5056537985801697,
      0.05484918877482414,
      0.5241020917892456,
      0.8498874306678772
    ],
    [
      0.6376547813415527,
      0.414050430059433,
      -0.6495835185050964,
      -0.29421183466911316,
      0.91023850440979,
      0.2913852632045746,
      0.7119240760803223,
      0.005311989691108465,
      0.7022364735603333
    ],
    [
      0.9586347341537476,
      -0.23282331228256226,
      0.16374598443508148,
      0.1835588961839676,
      0.9453409314155579,
      0.26951175928115845,
      -0.21754440665245056,
      -0.22830630838871002,
      0.9489734172821045
    ]
  ],
  "root_rot": [
    -0.6637091040611267,
    0.01979202963411808,
    0.7477288246154785,
    -0.0509968139231205,
    -0.9985211491584778,
    -0.018836095929145813,
    0.7462502717971802,
    -0.05063348263502121,
    0.663736879825592
  ],
  "root_trans": [
    -1.1558235883712769,
    0.5223550200462341,
    2.6726303100585938
  ]
}