{
  "betas": [
    -0.751123309135437,
    0.7305760383605957,
    1.5054519176483154,
    0.6550530791282654,
    -0.02475273609161377,
    -0.027747277170419693,
    0.26648351550102234,
    0.6380746364593506,
    0.042119234800338745,
    0.7556853294372559
  ],
  "joints": [
    [
      0.9820907115936279,
      0.04340648278594017,
      -0.18334025144577026,
      0.07033694535493851,
      0.8182791471481323,
      0.570501446723938,
      0.17478697001934052,
      -0.5731797814369202,
      0.8005712628364563
    ],
    [
      0.9384395480155945,
      0.23011401295661926,
      -0.25764065980911255,
      -0.28414076566696167,
      0.9383538961410522,
      -0.19686546921730042,
      0.19645661115646362,
      0.25795257091522217,
      0.9459731578826904
    ],
    [
      0.9733623266220093,
      -0.058061547577381134,
      0.22179846465587616,
      0.08379043638706207,
      0.9905690550804138,
      -0.10840685665607452,
      -0.21341244876384735,
      0.12410375475883484,
      0.9690476059913635
    ],
    [
      0.9929041862487793,
      0.09059681743383408,
      0.07702935487031937,
      -0.05603901669383049,
      0.9277912974357605,
      -0.3688671886920929,
      -0.10488536208868027,
      0.3619331121444702,
      0.9262847900390625
    ],
    [
      0.9986229538917542,
      0.021562688052654266,
      0.04782449081540108,
      -0.007556081749498844,
      0.9612380862236023,
      -0.2756161391735077,
      -0.05191374570131302,
      0.2748752534389496,
      0.9600773453712463
    ],
    [
      0.9985904097557068,
      0.03658394515514374,
      -0.038455720990896225,
      -0.035192228853702545,
      0.9987223744392395,
      0.036264557391405106,
      0.039733290672302246,
      -0.034860096871852875,
      0.998602032661438
    ],
    [
      0.9906853437423706,
      0.11388837546110153,
      -0.07464560866355896,
      -0.12271157652139664,
      0.9843040108680725,
      -0.1268361657857895,
      0.05902881175279617,
      0.13481460511684418,
      0.9891110062599182
    ],
    [
      0.9339218139648438,
      -0.15886017680168152,
      -0.32023969292640686,
      0.2504299283027649,
      0.9300175905227661,
      0.26898351311683655,
      0.25509777665138245,
      -0.3314071595668793,
      0.9083470702171326
    ],
    [
      0.981289803981781,
      0.02581038326025009,
      0.19079843163490295,
      -0.015608656220138073,
      0.9983764886856079,
      -0.05477958917617798,
      -0.1919025331735611,
      0.05077654868364334,
      0.9800995588302612
    ],
    [
      0.9302867650985718,
      -0.32080018520355225,
      0.17791517078876495,
      0.1457899957895279,
      0.7683817744255066,
      0.6231650114059448,
      -0.33661824464797974,
      -0.5537838935852051,
      0.7615848779678345
    ],
    [
      0.8738107681274414,
      0.30890092253685,
      0.37554627656936646,
      -0.34899476170539856,
      0.9361836910247803,
      0.04198506847023964,
      -0.33861109614372253,
      -0.16775067150592804,
      0.9258521795272827
    ],
    [
      0.9290091395378113,
      -0.1774507761001587,
      -0.32473552227020264,
      0.12915796041488647,
      0.9778282046318054,
      -0.1648339182138443,
      0.34678545594215393,
      0.11119004338979721,
      0.9313305020332336
    ],
    [
      0.9994160532951355,
      0.03400809317827225,
      -0.003315387526527047,
      -0.03321347013115883,
      0.9896643757820129,
      0.13950397074222565,
      0.00802538264542818,
      -0.13931238651275635,
      0.9902160167694092
    ],
    [
      0.8631393909454346,
      -0.07040625065565109,
      0.5000333786010742,
      -0.0445408895611763,
      0.9757574200630188,
      0.2142745554447174,
      -0.5029975175857544,
      -0.20722073316574097,
      0.8390787243843079
    ],
    [
      0.9996906518936157,
      -0.01171023864299059,
      0.02194094844162464,
      0.01128380000591278,
      0.9997469186782837,
      0.019459590315818787,
      -0.02216327376663685,
      -0.01920599490404129,
      0.9995697736740112
    ],
    [
      0.5075892806053162,
      0.7878484129905701,
      -0.3487808406352997,
      -0.8615981340408325,
      0.4647740125656128,
      -0.2040436863899231,
      0.0013487673131749034,
      0.40407928824424744,
      0.9147230386734009
    ],
    [
      0.5513013005256653,
      -0.4688717722892761,
      0.6900913715362549,
      0.3749549090862274,
      0.8781465291976929,
      0.2970982789993286,
      -0.7453023791313171,
      0.09496250748634338,
      0.659929096698761
    ],
    [
      -0.10593173652887344,
      -0.2731151580810547,
      -0.9561310410499573,
      0.01475329976528883,
      0.9610036611557007,
      -0.27614158391952515,
      0.9942640066146851,
      -0.043358251452445984,
      -0.09777143597602844
    ],
    [
      0.6591591835021973,
      0.048615358769893646,
      0.7504304051399231,
      0.08635473996400833,
      0.9864134192466736,
      -0.13975496590137482,
      -0.7470288276672363,
      0.15692397952079773,
      0.6460052728652954
    ],
    [
      0.9639885425567627,
      0.06514450907707214,
      0.2578415870666504,
      0.0382244698703289,
      0.9255272746086121,
      -0.37674680352211,
      -0.2631824314594269,
      0.3730354607105255,
      0.8897075653076172
    ],
    [
      0.9903273582458496,
      0.030586140230298042,
      -0.13533712923526764,
      -0.08956150710582733,
      0.8858978748321533,
      -0.455152302980423,
      0.10597353428602219,
      0.4628708064556122,
      0.8800682425498962
    ],
    [
      0.5451793074607849,
      0.29238858819007874,
      -0.7856770157814026,
      -0.02226279117166996,
      0.941923975944519,
      0.33508753776550293,
      0.8380237221717834,
      -0.1651914417743683,
      0.5200268626213074
    ],
    [
      0.9466792941093445,
      -0.2008407711982727,
      0.25191545486450195,
      0.07769298553466797,
      0.9011523127555847,
      0.42648372054100037,
      -0.3126695156097412,
      -0.38417118787765503,
      0.8687061667442322
    ]
  ],
  "root_rot": [
    0.120924212038517,
    -0.07261917740106583,
    0.9900019764900208,
    -0.05352930724620819,
    -0.9963464736938477,
    -0.06654620915651321,
    0.9912174344062805,
    -0.0449470691382885,
    -0.12436966598033905
  ],
  "root_trans": [
    0.2727467715740204,
    0.5418998003005981,
    2.6456716060638428
  ]
}