{
  "betas": [
    -0.5574240684509277,
    1.1134110689163208,
    1.060599446296692,
    -0.23115339875221252,
    0.3000118136405945,
    -0.164020836353302,
    -0.1166515052318573,
    0.895452618598938,
    -0.19149470329284668,
    1.1363548040390015
  ],
  "joints": [
    [
      0.8936855792999268,
      -0.44714421033859253,
      0.037257201969623566,
      0.4435783922672272,
      0.867943525314331,
      -0.22341051697731018,
      0.06755958497524261,
      0.21618525683879852,
      0.9740121364593506
    ],
    [
      0.8655253052711487,
      0.3912546634674072,
      0.31270700693130493,
      -0.16742713749408722,
      -0.362411230802536,
      0.9168566465377808,
      0.47205299139022827,
      -0.8459183573722839,
      -0.2481694370508194
    ],
    [
      0.9780250191688538,
      -0.18869397044181824,
      -0.08866602927446365,
      0.10641931742429733,
      0.817529559135437,
      -0.56596839427948,
      0.17928194999694824,
      0.5440954566001892,
      0.8196450471878052
    ],
    [
      0.9621628522872925,
      -0.12743468582630157,
      -0.24083830416202545,
      -0.07623183727264404,
      0.7226951718330383,
      -0.6869500279426575,
      0.2615939676761627,
      0.6793172955513,
      0.6856358647346497
    ],
    [
      0.9122545123100281,
      -0.3950168788433075,
      0.10841300338506699,
      0.07056182622909546,
      -0.10916712880134583,
      -0.9915158748626709,
      0.40350058674812317,
      0.9121646285057068,
      -0.0717150941491127
    ],
    [
      0.990455687046051,
      -0.09337500482797623,
      -0.1013832613825798,
      0.06455205380916595,
      0.9641565680503845,
      -0.25736188888549805,
      0.12178051471710205,
      0.24836105108261108,
      0.9609819054603577
    ],
    [
      0.9877457022666931,
      0.14697542786598206,
      -0.052502673119306564,
      -0.1275702714920044,
      0.9541115760803223,
      0.2709188759326935,
      0.08991182595491409,
      -0.26090121269226074,
      0.9611693024635315
    ],
    [
      0.9561811685562134,
      -0.2873449921607971,
      0.05612814053893089,
      0.2910690903663635,
      0.9123074412345886,
      -0.28805190324783325,
      0.03156415745615959,
      0.2917670011520386,
      0.95596843957901
    ],
    [
      0.9967971444129944,
      -0.06981921941041946,
      0.03899450972676277,
      0.06337321549654007,
      0.9870548248291016,
      0.14733149111270905,
      -0.0487762875854969,
      -0.14438842236995697,
      0.9883180856704712
    ],
    [
      0.9424465298652649,
      -0.25513017177581787,
      0.21610918641090393,
      0.04377532750368118,
      0.7349307537078857,
      0.6767278909683228,
      -0.33147895336151123,
      -0.6283195614814758,
      0.7038013339042664
    ],
    [
      0.8763390183448792,
      0.36861854791641235,
      0.3100811839103699,
      -0.41176190972328186,
      0.9073079228401184,
      0.08511480689048767,
      -0.24996419250965118,
      -0.2022690325975418,
      0.9468924403190613
    ],
    [
      0.9429072141647339,
      -0.14032140374183655,
      -0.30205294489860535,
      0.10701791197061539,
      0.9864692687988281,
      -0.12419947236776352,
      0.3153938055038452,
      0.08478349447250366,
      0.9451658725738525
    ],
    [
      0.8623570203781128,
      0.39441654086112976,
      -0.31745225191116333,
      -0.34680771827697754,
      0.9169740676879883,
      0.19718769192695618,
      0.3688695728778839,
      -0.05995131656527519,
      0.9275457262992859
    ],
    [
      0.8129387497901917,
      -0.23066169023513794,
      0.5347201824188232,
      0.15048187971115112,
      0.9702321290969849,
      0.18974938988685608,
      -0.5625706315040588,
      -0.07378894090652466,
      0.8234496712684631
    ],
    [
      0.9967052936553955,
      -0.04816780611872673,
      0.06525657325983047,
      0.03825898841023445,
      0.9886348843574524,
      0.1453866958618164,
      -0.07151788473129272,
      -0.1424110382795334,
      0.9872204661369324
    ],
    [
      0.6145763397216797,
      0.5403528213500977,
      -0.5747300982475281,
      -0.7138505578041077,
      0.6910125017166138,
      -0.11366227269172668,
      0.3357279300689697,
      0.4801255762577057,
      0.8104110956192017
    ],
    [
      0.8690057396888733,
      -0.2127782553434372,
      0.4467151165008545,
      0.22544735670089722,
      0.9739260077476501,
      0.02532975748181343,
      -0.4404571056365967,
      0.07869905978441238,
      0.8943175673484802
    ],
    [
      -0.5164909362792969,
      -0.38577374815940857,
      -0.7644709944725037,
      -0.07325262576341629,
      0.9094011187553406,
      -0.40941882133483887,
      0.8531537055969238,
      -0.1554616242647171,
      -0.49795636534690857
    ],
    [
      -0.5681506395339966,
      0.24483639001846313,
      0.7856588959693909,
      -0.02432587556540966,
      0.9493016600608826,
      -0.3134239614009857,
      -0.8225648999214172,
      -0.19718387722969055,
      -0.533390462398529
    ],
    [
      0.8666000962257385,
      -0.4389479458332062,
      0.23733733594417572,
      0.4977332651615143,
      0.7942762970924377,
      -0.3484060764312744,
      -0.03557930141687393,
      0.4200594127178192,
      0.9067988991737366
    ],
    [
      0.946070671081543,
      0.2998148500919342,
      -0.12272438406944275,
      -0.30747050046920776,
      0.711670994758606,
      -0.6316536068916321,
      -0.10203974694013596,
      0.6353231072425842,
      0.7654752731323242
    ],
    [
      0.9541516900062561,
      0.06385542452335358,
      -0.2924330234527588,
      -0.0636807307600975,
      0.997918963432312,
      0.010126980021595955,
      0.29247111082077026,
      0.008959672413766384,
      0.9562324285507202
    ],
    [
      0.9266583919525146,
      -0.23995047807693481,
      0.289357990026474,
      0.2127441018819809,
      0.9693906307220459,
      0.12256316840648651,
      -0.30990999937057495,
      -0.05201498046517372,
      0.9493420124053955
    ]
  ],
  "root_rot": [
    0.5121757984161377,
    0.6726638674736023,
    -0.5340405702590942,
    0.5223340392112732,
    -0.73753422498703,
    -0.4280308485031128,
    -0.6817941069602966,
    -0.059720538556575775,
    -0.7291024327278137
  ],
  "root_trans": [
    -0.4589860737323761,
    0.5715028643608093,
    2.4585320949554443
  ]
}