{
  "betas": [
    -0.770552933216095,
    1.4295661449432373,
    1.5255401134490967,
    0.03464987874031067,
    0.012817949056625366,
    -0.18274790048599243,
    -0.1689453125,
    0.4040168523788452,
    0.3369636535644531,
    0.5969182252883911
  ],
  "joints": [
    [
      0.9455100297927856,
      -0.23550811409950256,
      0.22482584416866302,
      0.2798832356929779,
      0.9407105445861816,
      -0.19164808094501495,
      -0.16636137664318085,
      0.2441301941871643,
      0.9553660154342651
    ],
    [
      0.9600505232810974,
      0.27816155552864075,
      -0.03048323094844818,
      -0.21078252792358398,
      0.7905138731002808,
      0.5750290751457214,
      0.18404842913150787,
      -0.5456315875053406,
      0.817564845085144
    ],
    [
      0.993440568447113,
      -0.07808816432952881,
      -0.08353465050458908,
      0.06634798645973206,
      0.9886077046394348,
      -0.1351027935743332,
      0.09313292801380157,
      0.1286742389202118,
      0.9873039722442627
    ],
    [
      0.9920763373374939,
      0.10254855453968048,
      -0.07258313149213791,
      -0.11519764363765717,
      0.9730463027954102,
      -0.1997760683298111,
      0.05013999342918396,
      0.20655451714992523,
      0.9771495461463928
    ],
    [
      0.9921972155570984,
      -0.11566967517137527,
      -0.0465313158929348,
      0.08018436282873154,
      0.8777957558631897,
      -0.4722764492034912,
      0.09547305852174759,
      0.46486032009124756,
      0.880221426486969
    ],
    [
      0.9946582913398743,
      -0.03190910443663597,
      -0.0981660783290863,
      0.01953205093741417,
      0.992020845413208,
      -0.12455210834741592,
      0.10135713964700699,
      0.12196941673755646,
      0.9873449802398682
    ],
    [
      0.9631794095039368,
      -0.009601321071386337,
      0.268687903881073,
      -0.04566965624690056,
      0.9789960980415344,
      0.19869786500930786,
      -0.2649521827697754,
      -0.20365257561206818,
      0.9425103664398193
    ],
    [
      0.8706620335578918,
      -0.3821442127227783,
      -0.3096991181373596,
      0.3590056300163269,
      0.9240981936454773,
      -0.1309860646724701,
      0.3362480103969574,
      0.002860850654542446,
      0.9417691230773926
    ],
    [
      0.9999740123748779,
      -0.0017837004270404577,
      0.006982896011322737,
      0.0014745376538485289,
      0.9990290403366089,
      0.04403198882937431,
      -0.007054655812680721,
      -0.04402054846286774,
      0.9990057349205017
    ],
    [
      0.9671103954315186,
      -0.25196895003318787,
      -0.03477262705564499,
      0.21437422931194305,
      0.7338581681251526,
      0.6445897221565247,
      -0.13689841330051422,
      -0.6308437585830688,
      0.7637374997138977
    ],
    [
      0.7915352582931519,
      0.4611959159374237,
      0.40096166729927063,
      -0.5497400164604187,
      0.8239374756813049,
      0.13752423226833344,
      -0.26694175601005554,
      -0.32927992939949036,
      0.9057134389877319
    ],
    [
      0.8541826009750366,
      -0.10371413081884384,
      -0.5095247626304626,
      0.0835171714425087,
      0.9945488572120667,
      -0.06243041530251503,
      0.5132221579551697,
      0.010772901587188244,
      0.8581882119178772
    ],
    [
      0.9554306268692017,
      0.29028406739234924,
      0.05373504385352135,
      -0.28458505868911743,
      0.9540459513664246,
      -0.09384951740503311,
      -0.07850871235132217,
      0.07437451183795929,
      0.9941352605819702
    ],
    [
      0.9452311396598816,
      -0.30170509219169617,
      0.12454767525196075,
      0.3087073564529419,
      0.9502763748168945,
      -0.04092060774564743,
      -0.10600876063108444,
      0.07712821662425995,
      0.9913694262504578
    ],
    [
      0.9749652743339539,
      0.021472662687301636,
      -0.22131791710853577,
      0.013294131495058537,
      0.9879168272018433,
      0.15441370010375977,
      0.22195936739444733,
      -0.15349023044109344,
      0.9628991484642029
    ],
    [
      0.6113490462303162,
      0.7229029536247253,
      -0.3219684064388275,
      -0.7872714996337891,
      0.5142688155174255,
      -0.3401927351951599,
      -0.08034801483154297,
      0.4614531099796295,
      0.883518636226654
    ],
    [
      0.6850331425666809,
      -0.6616795659065247,
      0.3048109710216522,
      0.676068902015686,
      0.733274519443512,
      0.07238304615020752,
      -0.271404504776001,
      0.15648843348026276,
      0.9496583342552185
    ],
    [
      -0.15724420547485352,
      -0.3188474178314209,
      -0.9346713423728943,
      -0.04915570840239525,
      0.9477992057800293,
      -0.31505605578422546,
      0.9863356351852417,
      -0.0035963125992566347,
      -0.16470910608768463
    ],
    [
      0.9531847238540649,
      0.020186275243759155,
      0.30171382427215576,
      -0.024013202637434006,
      0.9996712803840637,
      0.008980044163763523,
      -0.30143338441848755,
      -0.01580476574599743,
      0.953356146812439
    ],
    [
      0.9354598522186279,
      -0.3351638615131378,
      0.11216020584106445,
      0.3457595109939575,
      0.8020785450935364,
      -0.48694995045661926,
      0.07324673980474472,
      0.4943026602268219,
      0.8661983609199524
    ],
    [
      0.9639448523521423,
      0.1959718018770218,
      -0.1800146996974945,
      -0.2640523910522461,
      0.788231611251831,
      -0.5558481812477112,
      0.032962728291749954,
      0.5833404064178467,
      0.8115586042404175
    ],
    [
      0.9030677080154419,
      0.10107430070638657,
      -0.41743600368499756,
      -0.22768568992614746,
      0.9367699027061462,
      -0.2657468318939209,
      0.3641813099384308,
      0.3350315988063812,
      0.868979811668396
    ],
    [
      0.9766852855682373,
      -0.1712036430835724,
      0.12951892614364624,
      0.14432606101036072,
      0.9702831506729126,
      0.19421780109405518,
      -0.15892083942890167,
      -0.17099672555923462,
      0.972370445728302
    ]
  ],
  "root_rot": [
    0.8932639360427856,
    -0.008201217278838158,
    -0.4494577944278717,
    0.026177609339356422,
    -0.9971879124641418,
    0.07022164762020111,
    -0.448769748210907,
    -0.0744921937584877,
    -0.8905373215675354
  ],
  "root_trans": [
    0.22916488349437714,
    0.5414882898330688,
    2.545701503753662
  ]
}