{
  "betas": [
    -1.0131971836090088,
    0.6761901378631592,
    1.421597957611084,
    0.2705986797809601,
    0.16701766848564148,
    -0.20421162247657776,
    -0.23809033632278442,
    0.5437337756156921,
    0.26673421263694763,
    0.7925510406494141
  ],
  "joints": [
    [
      0.9655200839042664,
      -0.25613129138946533,
      0.04655956104397774,
      0.259162575006485,
      0.9626065492630005,
      -0.07888789474964142,
      -0.02461288496851921,
      0.08823433518409729,
      0.9957956075668335
    ],
    [
      0.9811295866966248,
      0.18342828750610352,
      -0.06114491820335388,
      -0.14683592319488525,
      0.9125996828079224,
      0.3815770149230957,
      0.12579284608364105,
      -0.36539825797080994,
      0.9223124384880066
    ],
    [
      0.9975306987762451,
      -0.05757352337241173,
      0.04022367671132088,
      0.06230339780449867,
      0.9897609353065491,
      -0.12841959297657013,
      -0.032418251037597656,
      0.13060852885246277,
      0.990903913974762
    ],
    [
      0.9917148947715759,
      0.0184287391602993,
      -0.1271297186613083,
      -0.02570216730237007,
      0.9981104135513306,
      -0.05581149086356163,
      0.12586097419261932,
      0.05861659348011017,
      0.9903146028518677
    ],
    [
      0.9981812238693237,
      -0.050420451909303665,
      -0.03304490074515343,
      0.03695008158683777,
      0.9448249340057373,
      -0.3254850208759308,
      0.04763275012373924,
      0.3236720561981201,
      0.9449695348739624
    ],
    [
      0.9984580278396606,
      -0.0111851142719388,
      -0.054372526705265045,
      0.005642529111355543,
      0.9948661923408508,
      -0.10104136914014816,
      0.05522355064749718,
      0.10057877749204636,
      0.9933952689170837
    ],
    [
      0.9939425587654114,
      0.08208531141281128,
      0.07307717949151993,
      -0.0938105657696724,
      0.9800801873207092,
      0.1750495433807373,
      -0.05725250765681267,
      -0.18084459006786346,
      0.981843888759613
    ],
    [
      0.902417778968811,
      -0.2772408425807953,
      -0.3298175632953644,
      0.31601426005363464,
      0.9462225437164307,
      0.06926678121089935,
      0.2928772270679474,
      -0.16673465073108673,
      0.9415001273155212
    ],
    [
      0.9966008067131042,
      -0.0019316745456308126,
      0.08235878497362137,
      -0.0008921555709093809,
      0.9994133114814758,
      0.034236323088407516,
      -0.08237661421298981,
      -0.03419342637062073,
      0.996014416217804
    ],
    [
      0.9321751594543457,
      -0.31186503171920776,
      0.18381987512111664,
      0.14024537801742554,
      0.7792376279830933,
      0.6108355522155762,
      -0.3337375819683075,
      -0.5436257719993591,
      0.7701236009597778
    ],
    [
      0.8713748455047607,
      0.30066582560539246,
      0.38769301772117615,
      -0.37027430534362793,
      0.9214458465576172,
      0.11762011796236038,
      -0.3218737840652466,
      -0.24604400992393494,
      0.9142535924911499
    ],
    [
      0.8909334540367126,
      -0.039770063012838364,
      -0.45238909125328064,
      0.03788861632347107,
      0.9991945028305054,
      -0.013222676701843739,
      0.4525505602359772,
      -0.0053598699159920216,
      0.8917226195335388
    ],
    [
      0.9390697479248047,
      0.32927417755126953,
      0.09862302243709564,
      -0.3273162841796875,
      0.9442332983016968,
      -0.03588215261697769,
      -0.10493820905685425,
      0.0014149229973554611,
      0.9944777488708496
    ],
    [
      0.9227358102798462,
      -0.2913406491279602,
      0.25234749913215637,
      0.2779633700847626,
      0.9565558433532715,
      0.08796145021915436,
      -0.26701122522354126,
      -0.01102182175964117,
      0.9636303782463074
    ],
    [
      0.9913722276687622,
      0.01570686511695385,
      -0.13013224303722382,
      -0.008766449987888336,
      0.9985166788101196,
      0.053735725581645966,
      0.13078324496746063,
      -0.05213130638003349,
      0.9900394082069397
    ],
    [
      0.6393935084342957,
      0.7425857782363892,
      -0.1993548721075058,
      -0.7327906489372253,
      0.5100398659706116,
      -0.4504190981388092,
      -0.23279587924480438,
      0.4340803921222687,
      0.8702760934829712
    ],
    [
      0.8372886180877686,
      -0.44098618626594543,
      0.32323208451271057,
      0.39279720187187195,
      0.8963822722434998,
      0.2054486721754074,
      -0.3803395628929138,
      -0.04505516588687897,
      0.923748791217804
    ],
    [
      -0.25252625346183777,
      -0.2599192261695862,
      -0.9320259690284729,
      0.04095422849059105,
      0.9595102667808533,
      -0.2786802053451538,
      0.9667229652404785,
      -0.1085444763302803,
      -0.2316567450761795
    ],
    [
      0.5093505382537842,
      0.21005584299564362,
      0.8345289826393127,
      -0.5276941061019897,
      0.8422727584838867,
      0.11007041484117508,
      -0.6797801852226257,
      -0.49644044041633606,
      0.5398573279380798
    ],
    [
      0.9478825926780701,
      -0.3182905614376068,
      0.01448306255042553,
      0.2925148010253906,
      0.851301908493042,
      -0.43556877970695496,
      0.12630794942378998,
      0.417104572057724,
      0.9000389575958252
    ],
    [
      0.9301233291625977,
      0.3208982050418854,
      -0.17859147489070892,
      -0.3658195436000824,
      0.7667360305786133,
      -0.527533769607544,
      -0.032352134585380554,
      0.5560036897659302,
      0.8305498957633972
    ],
    [
      0.8700052499771118,
      0.13400858640670776,
      -0.4744814336299896,
      -0.15652704238891602,
      0.9876407384872437,
      -0.008065665140748024,
      0.4675363302230835,
      0.08128634840250015,
      0.880228579044342
    ],
    [
      0.9585974216461182,
      -0.1955164074897766,
      0.20703718066215515,
      0.12314094603061676,
      0.9401628375053406,
      0.3176952004432678,
      -0.2567632794380188,
      -0.27904701232910156,
      0.9253137707710266
    ]
  ],
  "root_rot": [
    0.8500972986221313,
    -0.039074745029211044,
    -0.525174081325531,
    -0.0032017941121011972,
    -0.9976085424423218,
    0.06904276460409164,
    -0.5266160368919373,
    -0.05701156705617905,
    -0.8481894135475159
  ],
  "root_trans": [
    -0.6908379793167114,
    0.5287080407142639,
    2.438694953918457
  ]
}