{
  "betas": [
    -1.041961908340454,
    0.7021173238754272,
    1.4383913278579712,
    0.3815281093120575,
    0.21093282103538513,
    -0.2332722544670105,
    -0.41758328676223755,
    0.6103830337524414,
    0.3795507252216339,
    0.7358070611953735
  ],
  "joints": [
    [
      0.974703848361969,
      -0.22310714423656464,
      0.013249188661575317,
      0.22157390415668488,
      0.9568374156951904,
      -0.1880616694688797,
      0.029280584305524826,
      0.18624010682106018,
      0.9820678234100342
    ],
    [
      0.9799992442131042,
      0.19224224984645844,
      -0.0514240488409996,
      -0.15815092623233795,
      0.9092233180999756,
      0.38509902358055115,
      0.12078824639320374,
      -0.36926397681236267,
      0.9214414358139038
    ],
    [
      0.9981367588043213,
      -0.046192020177841187,
      0.0398670919239521,
      0.04888876527547836,
      0.996379554271698,
      -0.06955303996801376,
      -0.036509960889816284,
      0.07137249410152435,
      0.9967813491821289
    ],
    [
      0.987122118473053,
      -0.0024422474671155214,
      -0.15995033085346222,
      -0.011243884451687336,
      0.9963513016700745,
      -0.08460360020399094,
      0.15957331657409668,
      0.08531253039836884,
      0.9834929704666138
    ],
    [
      0.9971550703048706,
      -0.06937438249588013,
      -0.02947692573070526,
      0.047349270433187485,
      0.8807730674743652,
      -0.4711655080318451,
      0.05864929035305977,
      0.4684293866157532,
      0.8815521597862244
    ],
    [
      0.9990672469139099,
      0.0006045257323421538,
      -0.04317799583077431,
      -0.005411574151366949,
      0.993772029876709,
      -0.11130113154649734,
      0.042841795831918716,
      0.11143096536397934,
      0.9928483366966248
    ],
    [
      0.9930717349052429,
      0.07553140819072723,
      0.0900195986032486,
      -0.09708721935749054,
      0.9589534997940063,
      0.26642513275146484,
      -0.06620113551616669,
      -0.2733190357685089,
      0.959642767906189
    ],
    [
      0.8902580142021179,
      -0.2951900362968445,
      -0.34684810042381287,
      0.34201547503471375,
      0.9361883401870728,
      0.08109758794307709,
      0.300775945186615,
      -0.1908251941204071,
      0.9344087243080139
    ],
    [
      0.9952483773231506,
      0.009757686406373978,
      0.09687821567058563,
      -0.013084877282381058,
      0.9993440508842468,
      0.03376835212111473,
      -0.09648516774177551,
      -0.03487553820014,
      0.9947232007980347
    ],
    [
      0.9186969995498657,
      -0.35934877395629883,
      0.16390305757522583,
      0.20206612348556519,
      0.784192681312561,
      0.5866950154304504,
      -0.33935973048210144,
      -0.5058757662773132,
      0.7930476665496826
    ],
    [
      0.8261542320251465,
      0.2977338135242462,
      0.478355348110199,
      -0.4294734001159668,
      0.8823086023330688,
      0.1925726681947708,
      -0.3647216260433197,
      -0.3645355999469757,
      0.8567917346954346
    ],
    [
      0.8980228304862976,
      -0.006299650762230158,
      -0.43990370631217957,
      0.01488720253109932,
      0.9997600317001343,
      0.016073763370513916,
      0.4396968185901642,
      -0.020983541384339333,
      0.8979011178016663
    ],
    [
      0.9329969882965088,
      0.3265749216079712,
      0.1512133926153183,
      -0.3212019205093384,
      0.9451465606689453,
      -0.05939112603664398,
      -0.16231445968151093,
      0.006841710768640041,
      0.9867153763771057
    ],
    [
      0.9033993482589722,
      -0.34220704436302185,
      0.25838735699653625,
      0.33222725987434387,
      0.9395595192909241,
      0.08278272300958633,
      -0.27109912037849426,
      0.011057467199862003,
      0.9624879956245422
    ],
    [
      0.9921709299087524,
      0.015337362885475159,
      -0.12394236773252487,
      -0.012581911869347095,
      0.9996566772460938,
      0.022984033450484276,
      0.1242523267865181,
      -0.021244656294584274,
      0.9920232892036438
    ],
    [
      0.6217458248138428,
      0.7664222717285156,
      -0.16133475303649902,
      -0.7322341799736023,
      0.49570056796073914,
      -0.4670266807079315,
      -0.2779659628868103,
      0.4085067808628082,
      0.8694003224372864
    ],
    [
      0.8214424848556519,
      -0.46316981315612793,
      0.3327251672744751,
      0.4069313108921051,
      0.8847953081130981,
      0.2270335853099823,
      -0.39954873919487,
      -0.05109873414039612,
      0.9152867794036865
    ],
    [
      -0.3519749045372009,
      -0.28973326086997986,
      -0.8900383114814758,
      0.05936682969331741,
      0.9420613050460815,
      -0.3301454484462738,
      0.9341248273849487,
      -0.1690416783094406,
      -0.3143813908100128
    ],
    [
      0.31564825773239136,
      0.19882604479789734,
      0.9278115630149841,
      -0.6142980456352234,
      0.7880538105964661,
      0.040112074464559555,
      -0.7231902480125427,
      -0.5826141238212585,
      0.37088626623153687
    ],
    [
      0.9727213978767395,
      -0.22745437920093536,
      0.045580413192510605,
      0.22356447577476501,
      0.8667412996292114,
      -0.4458457827568054,
      0.06190316006541252,
      0.44387391209602356,
      0.8939485549926758
    ],
    [
      0.901742696762085,
      0.3826293349266052,
      -0.2011338323354721,
      -0.42913463711738586,
      0.7364217638969421,
      -0.5229974389076233,
      -0.05199483409523964,
      0.5579227209091187,
      0.828262448310852
    ],
    [
      0.8790929317474365,
      0.11472535878419876,
      -0.4626378118991852,
      -0.11469295620918274,
      0.9929975271224976,
      0.028307771310210228,
      0.46264585852622986,
      0.028176134452223778,
      0.8860952854156494
    ],
    [
      0.9724472761154175,
      -0.144228994846344,
      0.1831507831811905,
      0.08589189499616623,
      0.9520394802093506,
      0.2936723530292511,
      -0.21672283113002777,
      -0.2698497176170349,
      0.9381963014602661
    ]
  ],
  "root_rot": [
    0.8222664594650269,
    0.015235553495585918,
    -0.5688986778259277,
    0.009813464246690273,
    -0.9998725652694702,
    -0.012593329884111881,
    -0.5690180659294128,
    0.004772205371409655,
    -0.8223111629486084
  ],
  "root_trans": [
    -0.6888386607170105,
    0.5441287755966187,
    2.443305730819702
  ]
}