{
  "betas": [
    -0.4189462661743164,
    0.9604049921035767,
    0.9367767572402954,
    0.655815601348877,
    0.3191933035850525,
    -0.21209657192230225,
    -0.35419416427612305,
    0.5313241481781006,
    0.3191523849964142,
    0.5175866484642029
  ],
  "joints": [
    [
      0.9898508787155151,
      -0.11159050464630127,
      -0.08799301087856293,
      0.13186557590961456,
      0.9520725011825562,
      0.2759881019592285,
      0.05297807231545448,
      -0.2847903370857239,
      0.9571247696876526
    ],
    [
      0.9963391423225403,
      0.019387422129511833,
      -0.08326195180416107,
      -0.02062339335680008,
      0.9996891617774963,
      -0.014009932987391949,
      0.0829644501209259,
      0.01567578688263893,
      0.9964292645454407
    ],
    [
      0.9956288933753967,
      -0.0022767679765820503,
      0.09336896985769272,
      0.013191796839237213,
      0.9931085705757141,
      -0.11645250767469406,
      -0.09246040135622025,
      0.11717519909143448,
      0.9887976050376892
    ],
    [
      0.9987064003944397,
      0.016272056847810745,
      0.0481736995279789,
      -0.008109770715236664,
      0.9862584471702576,
      -0.16501055657863617,
      -0.05019678175449371,
      0.164406418800354,
      0.985114574432373
    ],
    [
      0.9995682835578918,
      0.012857484631240368,
      0.02641460858285427,
      -0.008552937768399715,
      0.9875548481941223,
      -0.1570424735546112,
      -0.02810504287481308,
      0.15674878656864166,
      0.9872384667396545
    ],
    [
      0.990048885345459,
      -0.023584220558404922,
      -0.13873307406902313,
      0.016400419175624847,
      0.9984757304191589,
      -0.052698858082294464,
      0.13976448774337769,
      0.04989917203783989,
      0.9889265894889832
    ],
    [
      0.9910128712654114,
      0.07370897382497787,
      0.11162624508142471,
      -0.06571834534406662,
      0.9951164722442627,
      -0.0736500546336174,
      -0.11650978028774261,
      0.0656522661447525,
      0.9910172820091248
    ],
    [
      0.9744769930839539,
      -0.0847230926156044,
      -0.2078859657049179,
      0.12839297950267792,
      0.9699779152870178,
      0.20653851330280304,
      0.1841461956501007,
      -0.22795812785625458,
      0.9560990333557129
    ],
    [
      0.9989659190177917,
      0.0161221232265234,
      0.0425097681581974,
      -0.01550633367151022,
      0.9997705817222595,
      -0.014775983989238739,
      -0.042738236486911774,
      0.014101534150540829,
      0.9989867210388184
    ],
    [
      0.9665615558624268,
      -0.2439962476491928,
      0.078895702958107,
      0.1617509424686432,
      0.8188427686691284,
      0.5507568120956421,
      -0.19898580014705658,
      -0.5195789337158203,
      0.8309285640716553
    ],
    [
      0.8816497325897217,
      0.24598631262779236,
      0.4027213454246521,
      -0.27920544147491455,
      0.9599078893661499,
      0.024923380464315414,
      -0.38044458627700806,
      -0.1344156712293625,
      0.9149832725524902
    ],
    [
      0.9886846542358398,
      0.1422593891620636,
      0.047590672969818115,
      -0.14124904572963715,
      0.9896836876869202,
      -0.02397618070244789,
      -0.050510551780462265,
      0.01698274537920952,
      0.9985790848731995
    ],
    [
      0.9392371773719788,
      0.2946724593639374,
      -0.17607294023036957,
      -0.2681806683540344,
      0.9500795006752014,
      0.15946227312088013,
      0.2142724096775055,
      -0.10255353152751923,
      0.9713754653930664
    ],
    [
      0.9173387289047241,
      -0.3627520501613617,
      0.16401419043540955,
      0.3676747679710388,
      0.9299544095993042,
      0.00036928238114342093,
      -0.15265966951847076,
      0.059965118765830994,
      0.9864580035209656
    ],
    [
      0.9697389602661133,
      -0.1575644314289093,
      0.18649375438690186,
      0.17410211265087128,
      0.9818060994148254,
      -0.07579822838306427,
      -0.1711575835943222,
      0.10597343742847443,
      0.9795279502868652
    ],
    [
      0.6256020069122314,
      0.6474650502204895,
      -0.43521392345428467,
      -0.6842345595359802,
      0.7233614325523376,
      0.09258145838975906,
      0.3747602105140686,
      0.23986925184726715,
      0.8955543041229248
    ],
    [
      0.5897118449211121,
      -0.689754843711853,
      0.4200931787490845,
      0.7768720984458923,
      0.6266306638717651,
      -0.061674728989601135,
      -0.22070282697677612,
      0.3627289831638336,
      0.9053828120231628
    ],
    [
      -0.03815269097685814,
      -0.25119978189468384,
      -0.9671830534934998,
      0.4828230142593384,
      0.8427747488021851,
      -0.23793411254882812,
      0.8748864531517029,
      -0.4760560691356659,
      0.08913090825080872
    ],
    [
      -0.2073645442724228,
      0.3355357050895691,
      0.9189209342002869,
      0.11847876757383347,
      0.9410380721092224,
      -0.31687554717063904,
      -0.9710626602172852,
      0.043163880705833435,
      -0.23489178717136383
    ],
    [
      0.9513143301010132,
      -0.21908560395240784,
      0.21680057048797607,
      0.2903091013431549,
      0.8731979131698608,
      -0.39146652817726135,
      -0.10354512184858322,
      0.43534696102142334,
      0.8942882418632507
    ],
    [
      0.994572639465332,
      0.10305037349462509,
      -0.014348620548844337,
      -0.10400141775608063,
      0.9886298179626465,
      -0.10860380530357361,
      0.0029938139487057924,
      0.10950665175914764,
      0.9939815402030945
    ],
    [
      0.9423403739929199,
      0.19796542823314667,
      -0.26982271671295166,
      -0.09219005703926086,
      0.9286345839500427,
      0.35935869812965393,
      0.3217073380947113,
      -0.31376323103904724,
      0.8933402895927429
    ],
    [
      0.8505575060844421,
      -0.519016444683075,
      0.08469913899898529,
      0.17900970578193665,
      0.43719160556793213,
      0.881373405456543,
      -0.4944770038127899,
      -0.7344967722892761,
      0.4647655785083771
    ]
  ],
  "root_rot": [
    0.24677449464797974,
    -0.09025122225284576,
    0.9648612141609192,
    -0.11892643570899963,
    -0.9909482598304749,
    -0.06227453052997589,
    0.9617478251457214,
    -0.09937974065542221,
    -0.2552739977836609
  ],
  "root_trans": [
    -0.023317404091358185,
    0.5264467000961304,
    2.5756053924560547
  ]
}