{
  "betas": [
    -0.43620604276657104,
    1.2657835483551025,
    1.0770419836044312,
    0.4814739227294922,
    0.020725369453430176,
    -0.07257694751024246,
    -0.10005444288253784,
    0.35230720043182373,
    0.4471372067928314,
    0.18163824081420898
  ],
  "joints": [
    [
      0.954112708568573,
      -0.2910507619380951,
      -0.07041635364294052,
      0.2993447482585907,
      0.9208682179450989,
      0.2497887909412384,
      -0.007857030257582664,
      -0.2594054043292999,
      0.9657365679740906
    ],
    [
      0.9893782734870911,
      0.12290705740451813,
      -0.07761780172586441,
      -0.12053915113210678,
      0.9921086430549622,
      0.0345068983733654,
      0.08124643564224243,
      -0.02478439174592495,
      0.9963858723640442
    ],
    [
      0.9943930506706238,
      -0.0028705785516649485,
      0.10570782423019409,
      0.014295236207544804,
      0.9941045641899109,
      -0.10747960209846497,
      -0.10477609187364578,
      0.10838809609413147,
      0.9885717034339905
    ],
    [
      0.9990589022636414,
      0.014413689263164997,
      -0.04090960696339607,
      -0.02456345595419407,
      0.9653661251068115,
      -0.2597399950027466,
      0.03574893996119499,
      0.260500431060791,
      0.9648116827011108
    ],
    [
      0.9984267950057983,
      0.013571126386523247,
      0.05440420284867287,
      0.00887126475572586,
      0.91981440782547,
      -0.39225348830223083,
      -0.055365096777677536,
      0.39211899042129517,
      0.9182469844818115
    ],
    [
      0.9934816956520081,
      -0.019989680498838425,
      -0.11222544312477112,
      0.018115494400262833,
      0.9996793270111084,
      -0.01769520714879036,
      0.11254317313432693,
      0.015546844340860844,
      0.9935252070426941
    ],
    [
      0.9957403540611267,
      0.08945079147815704,
      0.02235228382050991,
      -0.08686423301696777,
      0.9914018511772156,
      -0.09786199778318405,
      -0.030913928523659706,
      0.09550353139638901,
      0.9949489235877991
    ],
    [
      0.9392581582069397,
      -0.3301877975463867,
      -0.09364882856607437,
      0.34267106652259827,
      0.9174992442131042,
      0.20191998779773712,
      0.01925121434032917,
      -0.22174575924873352,
      0.9749144315719604
    ],
    [
      0.9991216659545898,
      0.0053849657997488976,
      0.04155483841896057,
      -0.005468879360705614,
      0.9999831914901733,
      0.0019059270853176713,
      -0.041543878614902496,
      -0.002131511690095067,
      0.9991343021392822
    ],
    [
      0.9504287242889404,
      -0.20692378282546997,
      0.23209421336650848,
      0.0962480902671814,
      0.905540406703949,
      0.4131982624530792,
      -0.2956712543964386,
      -0.3703768849372864,
      0.8805676102638245
    ],
    [
      0.8570258617401123,
      0.3844330906867981,
      0.3431004285812378,
      -0.4320451617240906,
      0.8989795446395874,
      0.07192189246416092,
      -0.28079110383987427,
      -0.20987381041049957,
      0.9365411996841431
    ],
    [
      0.9551056623458862,
      -0.08060216903686523,
      -0.2850903272628784,
      0.048007600009441376,
      0.9916686415672302,
      -0.1195351630449295,
      0.2923499345779419,
      0.10048220306634903,
      0.9510178565979004
    ],
    [
      0.9628336429595947,
      0.21973247826099396,
      0.1570637822151184,
      -0.22227396070957184,
      0.9749832153320312,
      -0.0014175581745803356,
      -0.1534460484981537,
      -0.033546317368745804,
      0.9875874519348145
    ],
    [
      0.9456003904342651,
      -0.31437748670578003,
      0.08370598405599594,
      0.31507280468940735,
      0.9490537643432617,
      0.005114599131047726,
      -0.08104939013719559,
      0.021537115797400475,
      0.9964774250984192
    ],
    [
      0.9916247725486755,
      -0.10905126482248306,
      -0.06919708847999573,
      0.11076217144727707,
      0.9936169981956482,
      0.021378258243203163,
      0.06642407178878784,
      -0.028863627463579178,
      0.9973739981651306
    ],
    [
      0.47955456376075745,
      0.7774878144264221,
      -0.40686625242233276,
      -0.8764877915382385,
      0.44679245352745056,
      -0.17929236590862274,
      0.04238711670041084,
      0.4425937235355377,
      0.8957199454307556
    ],
    [
      0.6413687467575073,
      -0.6552940607070923,
      0.3990435302257538,
      0.6847547888755798,
      0.7234991192817688,
      0.08752017468214035,
      -0.3460591435432434,
      0.21711428463459015,
      0.912745475769043
    ],
    [
      0.12577496469020844,
      -0.28298455476760864,
      -0.9508419632911682,
      -0.04354536533355713,
      0.9559546709060669,
      -0.2902662456035614,
      0.9911026358604431,
      0.07791298627853394,
      0.10791249573230743
    ],
    [
      0.851762592792511,
      0.09973994642496109,
      0.5143465995788574,
      -0.04241720214486122,
      0.9916175603866577,
      -0.1220470741391182,
      -0.522208034992218,
      0.08213799446821213,
      0.8488534092903137
    ],
    [
      0.9662510752677917,
      -0.09790629893541336,
      0.23827116191387177,
      0.19228270649909973,
      0.8896441459655762,
      -0.4141988456249237,
      -0.17142386734485626,
      0.4460355341434479,
      0.8784453272819519
    ],
    [
      0.9839900135993958,
      0.17274592816829681,
      -0.043845728039741516,
      -0.1765652894973755,
      0.9113942980766296,
      -0.37173277139663696,
      -0.024254558607935905,
      0.3735229969024658,
      0.9273038506507874
    ],
    [
      0.8950474858283997,
      0.18631042540073395,
      -0.40518930554389954,
      -0.16230365633964539,
      0.9823328256607056,
      0.09316474199295044,
      0.4153883457183838,
      -0.017623158171772957,
      0.9094733595848083
    ],
    [
      0.9551827907562256,
      -0.2243352234363556,
      0.19313088059425354,
      0.14769820868968964,
      0.9266000390052795,
      0.3458288013935089,
      -0.25653666257858276,
      -0.30180463194847107,
      0.9182063341140747
    ]
  ],
  "root_rot": [
    -0.8272820115089417,
    0.022427044808864594,
    0.5613389611244202,
    -0.09490419924259186,
    -0.9904210567474365,
    -0.1002964898943901,
    0.5537125468254089,
    -0.136246919631958,
    0.8214859366416931
  ],
  "root_trans": [
    -1.0879994630813599,
    0.5455735921859741,
    2.590003252029419
  ]
}