{
  "betas": [
    -0.526373565196991,
    0.5771415829658508,
    1.2154399156570435,
    0.7779720425605774,
    0.09260109066963196,
    0.19526177644729614,
    0.18769049644470215,
    0.6447956562042236,
    0.03286898136138916,
    0.6844960451126099
  ],
  "joints": [
    [
      0.9788267612457275,
      0.05851076543331146,
      -0.19614920020103455,
      0.06713703274726868,
      0.8134903907775879,
      0.5776901841163635,
      0.19336658716201782,
      -0.5786275863647461,
      0.792337954044342
    ],
    [
      0.938685953617096,
      0.2096657156944275,
      -0.27369487285614014,
      -0.2714233994483948,
      0.9389016032218933,
      -0.21164393424987793,
      0.21259805560112,
      0.27295440435409546,
      0.9382419586181641
    ],
    [
      0.9712238311767578,
      -0.03999269753694534,
      0.2347869873046875,
      0.06621870398521423,
      0.9922755360603333,
      -0.10490105301141739,
      -0.22877813875675201,
      0.11742968112230301,
      0.9663699269294739
    ],
    [
      0.9936766624450684,
      0.07634393125772476,
      0.08233051747083664,
      -0.04010277986526489,
      0.9262164831161499,
      -0.3748530149459839,
      -0.1048736497759819,
      0.3691810071468353,
      0.923421323299408
    ],
    [
      0.9994149208068848,
      0.019241930916905403,
      0.02827746793627739,
      -0.010826700367033482,
      0.9622074365615845,
      -0.27210235595703125,
      -0.03244456276297569,
      0.2716369926929474,
      0.9618527889251709
    ],
    [
      0.9986479878425598,
      0.03712892532348633,
      -0.036382440477609634,
      -0.03568890690803528,
      0.9985834956169128,
      0.03946114331483841,
      0.03779606148600578,
      -0.03810933977365494,
      0.9985584616661072
    ],
    [
      0.9930477142333984,
      0.07064120471477509,
      -0.09415945410728455,
      -0.08261848241090775,
      0.9880577921867371,
      -0.1300612986087799,
      0.0838472992181778,
      0.13693639636039734,
      0.9870247840881348
    ],
    [
      0.9335545301437378,
      -0.10220903158187866,
      -0.3435540497303009,
      0.2121390998363495,
      0.9301378130912781,
      0.29973435401916504,
      0.28891703486442566,
      -0.3526995778083801,
      0.8900169134140015
    ],
    [
      0.9804561138153076,
      0.032893843948841095,
      0.19396856427192688,
      -0.02149430476129055,
      0.9979315996170044,
      -0.06058498099446297,
      -0.19556021690368652,
      0.05523169785737991,
      0.9791351556777954
    ],
    [
      0.9348958134651184,
      -0.3004223704338074,
      0.18898728489875793,
      0.12406494468450546,
      0.7755008935928345,
      0.6190364360809326,
      -0.33253225684165955,
      -0.5552878975868225,
      0.7622843980789185
    ],
    [
      0.8625082969665527,
      0.3294961154460907,
      0.38407260179519653,
      -0.3627420961856842,
      0.9317648410797119,
      0.015244963578879833,
      -0.35284221172332764,
      -0.1524682193994522,
      0.9231770038604736
    ],
    [
      0.9357829093933105,
      -0.16095499694347382,
      -0.31369397044181824,
      0.11402282118797302,
      0.9800612330436707,
      -0.16272279620170593,
      0.33363035321235657,
      0.11650492995977402,
      0.935477077960968
    ],
    [
      0.994492769241333,
      0.08008360117673874,
      -0.06760717183351517,
      -0.0650697872042656,
      0.9774877429008484,
      0.2007080316543579,
      0.08215859532356262,
      -0.195203498005867,
      0.9773154854774475
    ],
    [
      0.870603621006012,
      -0.11827977746725082,
      0.477555513381958,
      0.016346091404557228,
      0.9770888090133667,
      0.21220336854457855,
      -0.4917135238647461,
      -0.17693884670734406,
      0.8525904417037964
    ],
    [
      0.9989691972732544,
      -0.044456206262111664,
      -0.009174695238471031,
      0.04447080194950104,
      0.9990097880363464,
      0.001393646001815796,
      0.009103652089834213,
      -0.0018002154538407922,
      0.9999570250511169
    ],
    [
      0.5430075526237488,
      0.7253684997558594,
      -0.423064261674881,
      -0.8347772359848022,
      0.5209183096885681,
      -0.17830048501491547,
      0.09104838222265244,
      0.4499829113483429,
      0.888383686542511
    ],
    [
      0.6150262355804443,
      -0.4304451644420624,
      0.660650908946991,
      0.37622320652008057,
      0.8965229988098145,
      0.2338857799768448,
      -0.6929637789726257,
      0.10470632463693619,
      0.7133286595344543
    ],
    [
      -0.21896639466285706,
      -0.29985055327415466,
      -0.9285167455673218,
      -0.00138138048350811,
      0.9517043828964233,
      -0.3070128560066223,
      0.975731372833252,
      -0.06594286113977432,
      -0.20880548655986786
    ],
    [
      0.15317761898040771,
      0.14247088134288788,
      0.9778746366500854,
      0.1216847375035286,
      0.9793022871017456,
      -0.1617400050163269,
      -0.9806780815124512,
      0.1437673419713974,
      0.13267065584659576
    ],
    [
      0.9633893370628357,
      -0.07329478859901428,
      0.2578931450843811,
      0.16558389365673065,
      0.9191872477531433,
      -0.3573189377784729,
      -0.21086245775222778,
      0.38694021105766296,
      0.897671639919281
    ],
    [
      0.9894729852676392,
      0.13426730036735535,
      -0.05399481579661369,
      -0.1446821391582489,
      0.9260432720184326,
      -0.34858426451683044,
      0.0031980618368834257,
      0.3527268171310425,
      0.9357208609580994
    ],
    [
      0.5079348683357239,
      0.3524858057498932,
      -0.7859745621681213,
      0.013800796121358871,
      0.9089961051940918,
      0.4165760576725006,
      0.8612849712371826,
      -0.22244057059288025,
      0.4568462371826172
    ],
    [
      0.9331551790237427,
      -0.24411360919475555,
      0.2638748586177826,
      0.09481482952833176,
      0.8752073049545288,
      0.4743651747703552,
      -0.34674420952796936,
      -0.41763707995414734,
      0.8398498296737671
    ]
  ],
  "root_rot": [
    0.09300913661718369,
    -0.06867393851280212,
    0.9932940602302551,
    -0.06412911415100098,
    -0.9959602952003479,
    -0.06285340338945389,
    0.9935978055000305,
    -0.05785313621163368,
    -0.0970374047756195
  ],
  "root_trans": [
    0.2776736319065094,
    0.551745593547821,
    2.653087854385376
  ]
}