{
  "betas": [
    -0.5690011382102966,
    1.0529588460922241,
    1.3175783157348633,
    0.6411819458007812,
    0.2142970710992813,
    -0.30294069647789,
    -0.011079251766204834,
    0.7591056823730469,
    -0.2624984085559845,
    0.47549623250961304
  ],
  "joints": [
    [
      0.9633869528770447,
      -0.12118448317050934,
      -0.23916509747505188,
      0.20509487390518188,
      -0.241453155875206,
      0.9484917521476746,
      -0.17268963158130646,
      -0.962816059589386,
      -0.20775850117206573
    ],
    [
      0.9806116819381714,
      0.08637171983718872,
      -0.17589962482452393,
      -0.11492929607629776,
      0.9805264472961426,
      -0.15924571454524994,
      0.15871989727020264,
      0.17637421190738678,
      0.9714423418045044
    ],
    [
      0.9630404710769653,
      0.11618099361658096,
      0.2430124431848526,
      0.002584723522886634,
      0.8981679081916809,
      -0.43964511156082153,
      -0.26934435963630676,
      0.42402413487434387,
      0.8646717667579651
    ],
    [
      0.8297865986824036,
      0.46898722648620605,
      -0.3024982213973999,
      -0.03625321388244629,
      -0.49559006094932556,
      -0.8677995800971985,
      -0.5569020509719849,
      0.7310550212860107,
      -0.3942317068576813
    ],
    [
      0.995240330696106,
      0.005590967833995819,
      0.09729000180959702,
      0.017185555770993233,
      0.9726364016532898,
      -0.23169635236263275,
      -0.09592319279909134,
      0.23226554691791534,
      0.967910885810852
    ],
    [
      0.9927461743354797,
      -0.09997185319662094,
      -0.06678798049688339,
      0.10739371180534363,
      0.9870960712432861,
      0.11877679824829102,
      0.05405182018876076,
      -0.12508782744407654,
      0.9906721711158752
    ],
    [
      0.9860361218452454,
      -0.09671516716480255,
      -0.13556897640228271,
      0.10871800035238266,
      0.9905079007148743,
      0.08411026746034622,
      0.12614740431308746,
      -0.09767455607652664,
      0.9871912598609924
    ],
    [
      0.9311187267303467,
      -0.1906634271144867,
      -0.3109104633331299,
      0.2744658887386322,
      0.9276981353759766,
      0.2530704140663147,
      0.24017979204654694,
      -0.3209729492664337,
      0.9161277413368225
    ],
    [
      0.9943996667861938,
      -0.03736649081110954,
      0.09885860234498978,
      0.049011409282684326,
      0.9917889833450317,
      -0.11812075972557068,
      -0.09363311529159546,
      0.12230444699525833,
      0.9880660176277161
    ],
    [
      0.9297360777854919,
      -0.30413898825645447,
      0.20758216083049774,
      0.14565514028072357,
      0.8215146064758301,
      0.5512698292732239,
      -0.3381944000720978,
      -0.4823000133037567,
      0.8080911636352539
    ],
    [
      0.8238213658332825,
      0.25089457631111145,
      0.5083014369010925,
      -0.13308073580265045,
      0.9572561979293823,
      -0.2568075954914093,
      -0.5510063171386719,
      0.1439184546470642,
      0.821997344493866
    ],
    [
      0.9725443124771118,
      0.19200178980827332,
      -0.13150255382061005,
      -0.21963761746883392,
      0.9440662860870361,
      -0.24596376717090607,
      0.07692164182662964,
      0.2680935561656952,
      0.9603171348571777
    ],
    [
      0.8508912324905396,
      -0.40483349561691284,
      -0.3348044157028198,
      0.5163732171058655,
      0.7617696523666382,
      0.39123615622520447,
      0.09665834903717041,
      -0.5057834386825562,
      0.8572282791137695
    ],
    [
      0.8788064122200012,
      -0.3992457389831543,
      0.2613469064235687,
      0.4027273654937744,
      0.914330005645752,
      0.042560093104839325,
      -0.2559492290019989,
      0.06784946471452713,
      0.9643062353134155
    ],
    [
      0.9993255734443665,
      -0.03664764016866684,
      -0.0023241147864609957,
      0.03658631071448326,
      0.9882358312606812,
      0.14849711954593658,
      -0.0031452951952815056,
      -0.14848199486732483,
      0.9889101386070251
    ],
    [
      0.9073968529701233,
      0.01840887777507305,
      -0.41987141966819763,
      0.10850384086370468,
      0.9549100995063782,
      0.276358038187027,
      0.40602684020996094,
      -0.29632407426834106,
      0.864484965801239
    ],
    [
      0.7589619755744934,
      -0.6042580008506775,
      0.24258796870708466,
      0.6345353722572327,
      0.7699541449546814,
      -0.06734582781791687,
      -0.14608734846115112,
      0.20504358410835266,
      0.9677889943122864
    ],
    [
      0.567018985748291,
      -0.10315385460853577,
      -0.8172200918197632,
      0.504230797290802,
      0.8279845714569092,
      0.24534229934215546,
      0.6513376235961914,
      -0.5511813163757324,
      0.5214962959289551
    ],
    [
      0.852871298789978,
      0.15365426242351532,
      0.4989999532699585,
      -0.037561509758234024,
      0.9712966084480286,
      -0.23488733172416687,
      -0.520768404006958,
      0.18158549070358276,
      0.8341624736785889
    ],
    [
      0.9447945356369019,
      -0.19900183379650116,
      0.2603102922439575,
      0.3180808424949646,
      0.7477495074272156,
      -0.5828335881233215,
      -0.07866202294826508,
      0.6334578394889832,
      0.7697682976722717
    ],
    [
      0.9199385643005371,
      0.33803918957710266,
      -0.1986013948917389,
      -0.39127349853515625,
      0.7594616413116455,
      -0.5197336673736572,
      -0.024860186502337456,
      0.5558305382728577,
      0.830923855304718
    ],
    [
      0.9400918483734131,
      0.15718196332454681,
      -0.3025244176387787,
      -0.08006878942251205,
      0.9643486142158508,
      0.2522314786911011,
      0.3313852548599243,
      -0.21289801597595215,
      0.9191616177558899
    ],
    [
      0.9910933971405029,
      -0.06691648066043854,
      0.11513485014438629,
      0.05359988287091255,
      0.9919063448905945,
      0.11510325968265533,
      -0.12190530449151993,
      -0.10790686309337616,
      0.9866585731506348
    ]
  ],
  "root_rot": [
    -0.2985624670982361,
    0.32171496748924255,
    -0.8985320329666138,
    -0.1387898325920105,
    -0.9461000561714172,
    -0.292629599571228,
    -0.9442445039749146,
    0.037338897585868835,
    0.32712072134017944
  ],
  "root_trans": [
    -0.10911306738853455,
    0.4732744097709656,
    2.471325635910034
  ]
}