{
  "betas": [
    -1.003673791885376,
    0.931472897529602,
    1.497124433517456,
    0.09190413355827332,
    0.04293978214263916,
    0.03441021218895912,
    0.1248663067817688,
    -0.10569438338279724,
    0.16759957373142242,
    0.5191118717193604
  ],
  "joints": [
    [
      0.952908992767334,
      -0.3032098710536957,
      -0.00531206326559186,
      0.3026067614555359,
      0.9495759010314941,
      0.08206549286842346,
      -0.019838858395814896,
      -0.07980841398239136,
      0.9966127872467041
    ],
    [
      0.944366455078125,
      0.31837359070777893,
      -0.08252431452274323,
      -0.2803672254085541,
      0.9104527831077576,
      0.3040888011455536,
      0.17194832861423492,
      -0.2640341520309448,
      0.9490625858306885
    ],
    [
      0.9999998807907104,
      0.00021936147822998464,
      0.0004923745291307569,
      -0.00018897591507993639,
      0.9981457591056824,
      -0.06086808443069458,
      -0.0005048131570219994,
      0.06086798012256622,
      0.9981456995010376
    ],
    [
      0.9918345808982849,
      0.07400011271238327,
      -0.1038656160235405,
      -0.10301825404167175,
      0.9449803829193115,
      -0.31048232316970825,
      0.07517525553703308,
      0.31864720582962036,
      0.9448875784873962
    ],
    [
      0.9952213168144226,
      0.023828787729144096,
      0.09469328075647354,
      -0.0068761794827878475,
      0.9844619035720825,
      -0.17546337842941284,
      -0.09740301221609116,
      0.17397375404834747,
      0.9799213409423828
    ],
    [
      0.9943372011184692,
      -0.042250461876392365,
      -0.09751157462596893,
      0.03359539434313774,
      0.995486855506897,
      -0.08875482529401779,
      0.10082140564918518,
      0.08497627824544907,
      0.991269052028656
    ],
    [
      0.9983815550804138,
      0.05668526515364647,
      0.004585574381053448,
      -0.05683009698987007,
      0.9974615573883057,
      0.04290478304028511,
      -0.00214186473749578,
      -0.043095942586660385,
      0.9990686774253845
    ],
    [
      0.8430606722831726,
      -0.42198485136032104,
      -0.333432674407959,
      0.382500559091568,
      0.906282901763916,
      -0.1798458695411682,
      0.37807661294937134,
      0.024082811549305916,
      0.925460934638977
    ],
    [
      0.9991818070411682,
      -0.0011268573580309749,
      0.04042801260948181,
      -0.00015704042743891478,
      0.9994961619377136,
      0.031740400940179825,
      -0.040443409234285355,
      -0.031720779836177826,
      0.9986782073974609
    ],
    [
      0.963790774345398,
      -0.2199806571006775,
      0.150717630982399,
      0.04965812340378761,
      0.7033812999725342,
      0.7090759873390198,
      -0.26199498772621155,
      -0.6759166121482849,
      0.6888362169265747
    ],
    [
      0.8755030632019043,
      0.3677390515804291,
      0.3134682774543762,
      -0.40333592891693115,
      0.9133998155593872,
      0.05496268719434738,
      -0.2661099433898926,
      -0.1745530217885971,
      0.9480066895484924
    ],
    [
      0.798414945602417,
      -0.22841234505176544,
      -0.5571008920669556,
      0.1359422653913498,
      0.9697443842887878,
      -0.20276981592178345,
      0.5865605473518372,
      0.08616089075803757,
      0.8053092956542969
    ],
    [
      0.9695894718170166,
      0.2101108729839325,
      0.1254977583885193,
      -0.18929535150527954,
      0.9688624739646912,
      -0.15960228443145752,
      -0.1551242172718048,
      0.1309925615787506,
      0.979171872138977
    ],
    [
      0.9532249569892883,
      -0.28547403216362,
      0.09933169186115265,
      0.2941121757030487,
      0.9518053531646729,
      -0.08697482198476791,
      -0.06971538066864014,
      0.11212123185396194,
      0.9912459850311279
    ],
    [
      0.8981884121894836,
      0.025370988994836807,
      -0.43887796998023987,
      0.0704280361533165,
      0.9771339893341064,
      0.2006218433380127,
      0.43393251299858093,
      -0.21110554039478302,
      0.8758636116981506
    ],
    [
      0.5169217586517334,
      0.7826770544052124,
      -0.34671103954315186,
      -0.8504137992858887,
      0.42319390177726746,
      -0.31257516145706177,
      -0.09791941195726395,
      0.4564247727394104,
      0.8843574523925781
    ],
    [
      0.7003939747810364,
      -0.7062843441963196,
      0.1030086800456047,
      0.7113625407218933,
      0.7025473713874817,
      -0.01976357400417328,
      -0.05840976908802986,
      0.08711879700422287,
      0.9944841861724854
    ],
    [
      -0.30545875430107117,
      -0.3598574697971344,
      -0.8815880417823792,
      -0.10646139085292816,
      0.9329400062561035,
      -0.3439314663410187,
      0.9462351202964783,
      -0.011201810091733932,
      -0.32328560948371887
    ],
    [
      0.9771331548690796,
      0.011938991025090218,
      0.2122928947210312,
      -0.008693188428878784,
      0.9998307228088379,
      -0.016216248273849487,
      -0.2124505490064621,
      0.0139999371021986,
      0.9770715236663818
    ],
    [
      0.9802366495132446,
      -0.15915918350219727,
      0.1174929291009903,
      0.19765667617321014,
      0.8127159476280212,
      -0.5481101274490356,
      -0.008251599967479706,
      0.5605008006095886,
      0.8281128406524658
    ],
    [
      0.99076247215271,
      0.02867669239640236,
      -0.13254190981388092,
      -0.09391232579946518,
      0.8501732349395752,
      -0.5180597305297852,
      0.09782734513282776,
      0.5257214307785034,
      0.8450128436088562
    ],
    [
      0.939485490322113,
      0.1497846096754074,
      -0.3081096112728119,
      -0.14225727319717407,
      0.988718569278717,
      0.04688650742173195,
      0.3116565942764282,
      -0.00021836029191035777,
      0.9501947164535522
    ],
    [
      0.9440314173698425,
      -0.28374695777893066,
      0.1682032346725464,
      0.24908339977264404,
      0.947516143321991,
      0.20042602717876434,
      -0.21624556183815002,
      -0.14731185138225555,
      0.9651616811752319
    ]
  ],
  "root_rot": [
    0.992281436920166,
    0.036981698125600815,
    0.11836319416761398,
    0.023000039160251617,
    -0.9928205013275146,
    0.11738172173500061,
    0.12185437977313995,
    -0.11375335603952408,
    -0.9860079288482666
  ],
  "root_trans": [
    0.3106425404548645,
    0.5151936411857605,
    2.5444116592407227
  ]
}