{
  "betas": [
    -0.5684059262275696,
    0.6825273036956787,
    0.6245393753051758,
    -0.576413631439209,
    -0.11216336488723755,
    -0.3187203109264374,
    0.056184589862823486,
    0.8722385764122009,
    -0.12418335676193237,
    0.9649677872657776
  ],
  "joints": [
    [
      0.8276302814483643,
      -0.5353749990463257,
      0.1685282438993454,
      0.5611721277236938,
      0.7950104475021362,
      -0.23031342029571533,
      -0.010677664540708065,
      0.285187691450119,
      0.9584122896194458
    ],
    [
      0.691690981388092,
      0.508653998374939,
      0.5126741528511047,
      -0.42908161878585815,
      -0.28156009316444397,
      0.8582616448402405,
      0.5809067487716675,
      -0.8136308193206787,
      0.023501496762037277
    ],
    [
      0.9768679738044739,
      -0.19849997758865356,
      -0.07954150438308716,
      0.12423692643642426,
      0.8295584321022034,
      -0.544424295425415,
      0.17405259609222412,
      0.5219486355781555,
      0.8350300788879395
    ],
    [
      0.9658516049385071,
      -0.07686351984739304,
      -0.2474323809146881,
      -0.021608736366033554,
      0.9277592897415161,
      -0.3725529909133911,
      0.2581934332847595,
      0.36517754197120667,
      0.894416868686676
    ],
    [
      0.980959951877594,
      -0.05280785262584686,
      -0.18689271807670593,
      -0.00016198922821786255,
      0.962099552154541,
      -0.272698312997818,
      0.19421003758907318,
      0.2675364017486572,
      0.943772554397583
    ],
    [
      0.9875845909118652,
      -0.11336849629878998,
      -0.10873845964670181,
      0.08634734898805618,
      0.9700329899787903,
      -0.2271125763654709,
      0.1312273144721985,
      0.21490365266799927,
      0.9677786827087402
    ],
    [
      0.9871963262557983,
      0.13738471269607544,
      0.08104928582906723,
      -0.15061014890670776,
      0.9701744914054871,
      0.1899421513080597,
      -0.052536819130182266,
      -0.19971701502799988,
      0.9784442186355591
    ],
    [
      0.8920609951019287,
      -0.44645166397094727,
      -0.07005751878023148,
      0.2591290771961212,
      0.6323328614234924,
      -0.7300734519958496,
      0.3702422082424164,
      0.6331161260604858,
      0.6797680854797363
    ],
    [
      0.992518961429596,
      -0.12017987668514252,
      0.021516019478440285,
      0.1172308623790741,
      0.9873223900794983,
      0.10701064020395279,
      -0.03410377725958824,
      -0.10368774831295013,
      0.9940249919891357
    ],
    [
      0.9705749154090881,
      -0.0986025333404541,
      0.21968607604503632,
      -0.06375881284475327,
      0.774526059627533,
      0.6293204426765442,
      -0.23220519721508026,
      -0.6248095035552979,
      0.7454487681388855
    ],
    [
      0.9175950884819031,
      0.39036524295806885,
      0.07506202906370163,
      -0.3866255283355713,
      0.9202978014945984,
      -0.05977225303649902,
      -0.09241242706775665,
      0.025825826451182365,
      0.9953859448432922
    ],
    [
      0.9878326654434204,
      -0.019380640238523483,
      -0.15430821478366852,
      -0.012822605669498444,
      0.9786768555641174,
      -0.20500510931015015,
      0.1549910306930542,
      0.20448938012123108,
      0.9665204286575317
    ],
    [
      0.8186115622520447,
      0.2832977771759033,
      -0.4996172785758972,
      -0.12742817401885986,
      0.9377920627593994,
      0.32296767830848694,
      0.5600331425666809,
      -0.20071978867053986,
      0.8037875294685364
    ],
    [
      0.8077900409698486,
      -0.1855429708957672,
      0.5595078468322754,
      0.08639286458492279,
      0.9761858582496643,
      0.19899117946624756,
      -0.5831050276756287,
      -0.11240561306476593,
      0.8045827746391296
    ],
    [
      0.9962989091873169,
      -0.07430799305438995,
      0.04320625215768814,
      0.06160908192396164,
      0.9678444266319275,
      0.24388842284679413,
      -0.059939783066511154,
      -0.24032388627529144,
      0.9688404202461243
    ],
    [
      0.5266852378845215,
      0.4573962390422821,
      -0.7165133357048035,
      -0.5823256373405457,
      0.8081926107406616,
      0.08787272125482559,
      0.6192734241485596,
      0.3709627687931061,
      0.6920166611671448
    ],
    [
      0.9064053297042847,
      -0.10848882794380188,
      0.40823960304260254,
      0.10080396384000778,
      0.9940872192382812,
      0.0403638519346714,
      -0.41020476818084717,
      0.0045661479234695435,
      0.9119820594787598
    ],
    [
      -0.39109355211257935,
      -0.36954209208488464,
      -0.8429024815559387,
      0.03678496927022934,
      0.9088408350944519,
      -0.4155181646347046,
      0.9196155071258545,
      -0.19351261854171753,
      -0.3418481945991516
    ],
    [
      -0.5421391725540161,
      0.2661474049091339,
      0.7970262765884399,
      -0.058876387774944305,
      0.9341521263122559,
      -0.3519851267337799,
      -0.8382236361503601,
      -0.23775093257427216,
      -0.4907706677913666
    ],
    [
      0.8654943704605103,
      -0.4594319462776184,
      0.19960413873195648,
      0.49946701526641846,
      0.7611976265907288,
      -0.4136555790901184,
      0.038108401000499725,
      0.45771223306655884,
      0.888283371925354
    ],
    [
      0.8867033123970032,
      0.4196147918701172,
      -0.1941152662038803,
      -0.45175421237945557,
      0.6970149874687195,
      -0.5568557381629944,
      -0.09836364537477493,
      0.5814582109451294,
      0.8076082468032837
    ],
    [
      0.9442978501319885,
      0.16539737582206726,
      -0.28450873494148254,
      -0.1320536583662033,
      0.9823108315467834,
      0.13276782631874084,
      0.3014354407787323,
      -0.08780195564031601,
      0.9494353532791138
    ],
    [
      0.9000023603439331,
      -0.2008252888917923,
      0.38686540722846985,
      0.21274487674236298,
      0.9770308136940002,
      0.012256555259227753,
      -0.38044092059135437,
      0.07127270102500916,
      0.9220545887947083
    ]
  ],
  "root_rot": [
    0.5194197297096252,
    0.678128182888031,
    -0.5199474096298218,
    0.5262764096260071,
    -0.7332414984703064,
    -0.4305694103240967,
    -0.6732283234596252,
    -0.049989815801382065,
    -0.7377429604530334
  ],
  "root_trans": [
    -0.41384726762771606,
    0.487146258354187,
    2.5145606994628906
  ]
}