{
  "betas": [
    -0.9173166155815125,
    0.978681206703186,
    1.6691991090774536,
    0.05829942226409912,
    -0.011115461587905884,
    -0.009619124233722687,
    0.11721950769424438,
    -0.02396133542060852,
    0.22958655655384064,
    0.6315069198608398
  ],
  "joints": [
    [
      0.9538029432296753,
      -0.28661584854125977,
      0.09006209671497345,
      0.2899225652217865,
      0.9567025303840637,
      -0.025792328640818596,
      -0.07877013832330704,
      0.05071183666586876,
      0.9956020712852478
    ],
    [
      0.9286995530128479,
      0.3601756691932678,
      -0.0882643386721611,
      -0.2905333936214447,
      0.8546030521392822,
      0.4303998351097107,
      0.23045049607753754,
      -0.37406840920448303,
      0.898312509059906
    ],
    [
      0.9989207983016968,
      -0.04167499393224716,
      -0.02050456590950489,
      0.039831262081861496,
      0.9957259893417358,
      -0.08332706242799759,
      0.023889578878879547,
      0.08242040872573853,
      0.996311366558075
    ],
    [
      0.9913424849510193,
      0.1080404669046402,
      -0.0746140107512474,
      -0.12394160777330399,
      0.9575786590576172,
      -0.26015686988830566,
      0.043341316282749176,
      0.2671523690223694,
      0.9626790881156921
    ],
    [
      0.9988725185394287,
      -0.04742252454161644,
      0.002170219086110592,
      0.046406522393226624,
      0.9657979011535645,
      -0.2551092207431793,
      0.010001926682889462,
      0.2549223303794861,
      0.9669097065925598
    ],
    [
      0.9957740306854248,
      -0.049261290580034256,
      -0.07750829309225082,
      0.04048856720328331,
      0.9930015802383423,
      -0.11094381660223007,
      0.08243109285831451,
      0.10733675211668015,
      0.9907997250556946
    ],
    [
      0.9978082776069641,
      0.005344423931092024,
      0.06595537811517715,
      -0.01537156943231821,
      0.9881876707077026,
      0.15247558057308197,
      -0.06436140090227127,
      -0.15315523743629456,
      0.9861040115356445
    ],
    [
      0.8464460968971252,
      -0.4047001302242279,
      -0.3460446894168854,
      0.37264886498451233,
      0.9144373536109924,
      -0.15791532397270203,
      0.3803445100784302,
      0.004713650327175856,
      0.9248329997062683
    ],
    [
      0.9989092946052551,
      -0.011628334410488605,
      0.04522302746772766,
      0.010012207552790642,
      0.9993088245391846,
      0.035800669342279434,
      -0.045608069747686386,
      -0.0353088341653347,
      0.9983353018760681
    ],
    [
      0.9774359464645386,
      -0.16034282743930817,
      0.13750994205474854,
      0.021192509680986404,
      0.7221458554267883,
      0.6914160251617432,
      -0.2101658433675766,
      -0.6729008555412292,
      0.7092493772506714
    ],
    [
      0.8451971411705017,
      0.4135718047618866,
      0.3385264575481415,
      -0.4705105125904083,
      0.8762123584747314,
      0.10426786541938782,
      -0.25349879264831543,
      -0.24740715324878693,
      0.9351620674133301
    ],
    [
      0.8062397837638855,
      -0.18897020816802979,
      -0.5605958104133606,
      0.10556826740503311,
      0.9783574938774109,
      -0.1779661327600479,
      0.5820934176445007,
      0.08430224657058716,
      0.8087400197982788
    ],
    [
      0.9638465642929077,
      0.23042915761470795,
      0.13379904627799988,
      -0.21061491966247559,
      0.9664263129234314,
      -0.1471785306930542,
      -0.16322115063667297,
      0.11367744952440262,
      0.9800184965133667
    ],
    [
      0.9521543979644775,
      -0.2863723039627075,
      0.10673744231462479,
      0.292873352766037,
      0.9547950625419617,
      -0.05090804398059845,
      -0.08733372390270233,
      0.07973287254571915,
      0.9929831027984619
    ],
    [
      0.919585645198822,
      0.03681851178407669,
      -0.39116066694259644,
      0.043312493711709976,
      0.98003089427948,
      0.1940706968307495,
      0.3904949426651001,
      -0.19540676474571228,
      0.8996276259422302
    ],
    [
      0.5615491271018982,
      0.765872061252594,
      -0.31321319937705994,
      -0.8146988749504089,
      0.44557732343673706,
      -0.3711152970790863,
      -0.1446661353111267,
      0.4635739326477051,
      0.8741686940193176
    ],
    [
      0.7033216953277588,
      -0.6762837171554565,
      0.21904075145721436,
      0.6853207349777222,
      0.7269203662872314,
      0.04384322836995125,
      -0.18887564539909363,
      0.11927727609872818,
      0.9747301340103149
    ],
    [
      -0.2904302477836609,
      -0.3509555160999298,
      -0.8902138471603394,
      -0.08246611058712006,
      0.9360325932502747,
      -0.3421146273612976,
      0.9533360600471497,
      -0.025947948917746544,
      -0.3007941246032715
    ],
    [
      0.9459987282752991,
      0.06389430165290833,
      0.3178112804889679,
      -0.0692547857761383,
      0.9975833892822266,
      0.005585209000855684,
      -0.31668636202812195,
      -0.027293549850583076,
      0.9481375813484192
    ],
    [
      0.9607000946998596,
      -0.2534371316432953,
      0.11324716359376907,
      0.2735065519809723,
      0.7945134043693542,
      -0.5421648025512695,
      0.04742826893925667,
      0.5518316030502319,
      0.8326058387756348
    ],
    [
      0.971188485622406,
      0.16769811511039734,
      -0.16932284832000732,
      -0.23162208497524261,
      0.8314027786254883,
      -0.5050947666168213,
      0.05607207119464874,
      0.5297611355781555,
      0.8462914228439331
    ],
    [
      0.9309335350990295,
      0.16880905628204346,
      -0.32383066415786743,
      -0.1697487086057663,
      0.9851557612419128,
      0.025564052164554596,
      0.3233390748500824,
      0.031171411275863647,
      0.9457696676254272
    ],
    [
      0.9484400153160095,
      -0.26380521059036255,
      0.17569370567798615,
      0.2252064049243927,
      0.9509401321411133,
      0.2121201902627945,
      -0.223032608628273,
      -0.16161593794822693,
      0.9613202810287476
    ]
  ],
  "root_rot": [
    0.9949235916137695,
    0.013974484987556934,
    -0.09965799748897552,
    0.021840617060661316,
    -0.996691882610321,
    0.07828258723020554,
    -0.09823437035083771,
    -0.08006179332733154,
    -0.9919374585151672
  ],
  "root_trans": [
    0.3020482063293457,
    0.5255301594734192,
    2.5641984939575195
  ]
}