{
  "betas": [
    -0.6917833089828491,
    0.5848768949508667,
    1.2446843385696411,
    0.20255902409553528,
    0.5902341604232788,
    0.09705667942762375,
    0.17697647213935852,
    0.343749076128006,
    0.06247234344482422,
    0.8596627712249756
  ],
  "joints": [
    [
      0.931430995464325,
      -0.3629857897758484,
      -0.026030918583273888,
      0.3548002243041992,
      0.8898569345474243,
      0.28682997822761536,
      -0.08095142245292664,
      -0.27639809250831604,
      0.9576277732849121
    ],
    [
      0.917193591594696,
      0.38743501901626587,
      -0.09300492703914642,
      -0.31817883253097534,
      0.8526999950408936,
      0.4143245816230774,
      0.2398291677236557,
      -0.3504236936569214,
      0.9053645730018616
    ],
    [
      0.9993524551391602,
      -0.007231051102280617,
      0.03524766117334366,
      0.01923179067671299,
      0.935276985168457,
      -0.3533937931060791,
      -0.03041091561317444,
      0.3538428246974945,
      0.9348104000091553
    ],
    [
      0.9920482039451599,
      0.12423129379749298,
      -0.020172253251075745,
      -0.11868701875209808,
      0.870097279548645,
      -0.4783765375614166,
      -0.041877515614032745,
      0.4769667685031891,
      0.8779230713844299
    ],
    [
      0.9969428777694702,
      -0.06885780394077301,
      -0.03692615032196045,
      0.03975856676697731,
      0.85390704870224,
      -0.5189046263694763,
      0.06726213544607162,
      0.5158501267433167,
      0.8540342450141907
    ],
    [
      0.9966220259666443,
      0.002506225137040019,
      -0.08208613097667694,
      -0.006066328380256891,
      0.9990501999855042,
      -0.043150003999471664,
      0.08190002292394638,
      0.043502211570739746,
      0.995690643787384
    ],
    [
      0.997201681137085,
      -0.07420763373374939,
      0.009046836756169796,
      0.07296322286128998,
      0.9924717545509338,
      0.09836788475513458,
      -0.016278376802802086,
      -0.09743255376815796,
      0.9951089024543762
    ],
    [
      0.9445707201957703,
      -0.3051603138446808,
      -0.121092289686203,
      0.31047922372817993,
      0.9501870274543762,
      0.027336396276950836,
      0.10671833902597427,
      -0.06341779977083206,
      0.9922648072242737
    ],
    [
      0.9985370635986328,
      0.02401077002286911,
      0.04844794049859047,
      -0.02707069367170334,
      0.9976130723953247,
      0.06352455168962479,
      -0.046807024627923965,
      -0.06474313884973526,
      0.9968036413192749
    ],
    [
      0.9914181232452393,
      -0.05526265874505043,
      0.11847373098134995,
      -1.2997116755286697e-05,
      0.9062149524688721,
      0.42281728982925415,
      -0.13072867691516876,
      -0.41919031739234924,
      0.8984372019767761
    ],
    [
      0.9522655606269836,
      0.29696524143218994,
      0.07072507590055466,
      -0.28478410840034485,
      0.9476304650306702,
      -0.1445494443178177,
      -0.10994739830493927,
      0.11750806868076324,
      0.9869668483734131
    ],
    [
      0.9818366169929504,
      0.04202226549386978,
      -0.18501602113246918,
      0.008910377509891987,
      0.9638744592666626,
      0.26620790362358093,
      0.18951886892318726,
      -0.26302123069763184,
      0.9459928274154663
    ],
    [
      0.8497487902641296,
      0.3923555910587311,
      -0.3521137237548828,
      -0.32712021470069885,
      0.9161950349807739,
      0.23147137463092804,
      0.41342395544052124,
      -0.08150900155305862,
      0.9068830609321594
    ],
    [
      0.7767471075057983,
      -0.3843936622142792,
      0.4989042282104492,
      0.32915636897087097,
      0.9231170415878296,
      0.19877377152442932,
      -0.5369543433189392,
      0.0098205441609025,
      0.8435541391372681
    ],
    [
      0.9925452470779419,
      -0.09905675798654556,
      -0.0710042342543602,
      0.11438919603824615,
      0.9581975936889648,
      0.2622450590133667,
      0.04205893725156784,
      -0.2684122323989868,
      0.9623854756355286
    ],
    [
      0.4568348824977875,
      0.6877809166908264,
      -0.5641446709632874,
      -0.8424373865127563,
      0.5381622910499573,
      -0.02608730085194111,
      0.2856590449810028,
      0.4871741533279419,
      0.8252636194229126
    ],
    [
      0.5530151724815369,
      -0.6781551837921143,
      0.48402443528175354,
      0.7230986952781677,
      0.6792462468147278,
      0.12550994753837585,
      -0.413887083530426,
      0.2805885374546051,
      0.86600661277771
    ],
    [
      0.14800046384334564,
      -0.37486276030540466,
      -0.9151906371116638,
      0.13428597152233124,
      0.9244284629821777,
      -0.3569304645061493,
      0.9798281192779541,
      -0.07007138431072235,
      0.1871546506881714
    ],
    [
      0.20709794759750366,
      0.3296724259853363,
      0.9211007952690125,
      -0.2459435909986496,
      0.9288198947906494,
      -0.2771378755569458,
      -0.9469013810157776,
      -0.1691441386938095,
      0.2734375
    ],
    [
      0.9283022880554199,
      -0.23568479716777802,
      0.2875891923904419,
      0.346987783908844,
      0.8270524144172668,
      -0.4422485828399658,
      -0.13362006843090057,
      0.510330319404602,
      0.8495343923568726
    ],
    [
      0.9411672949790955,
      0.3057519793510437,
      -0.14394408464431763,
      -0.33787503838539124,
      0.8429327607154846,
      -0.4186943471431732,
      -0.006681462284177542,
      0.4426965117454529,
      0.8966466784477234
    ],
    [
      0.9924313426017761,
      -0.06944821029901505,
      -0.10127674788236618,
      0.06811879575252533,
      0.9975402355194092,
      -0.01653054542839527,
      0.10217565298080444,
      0.009506580419838428,
      0.9947209358215332
    ],
    [
      0.9896078109741211,
      0.030072001740336418,
      0.14061319828033447,
      -0.024524791166186333,
      0.998857319355011,
      -0.04101813957095146,
      -0.14168603718280792,
      0.03714335709810257,
      0.9892145395278931
    ]
  ],
  "root_rot": [
    -0.9332830905914307,
    -0.03485933318734169,
    -0.3574455976486206,
    0.05780366063117981,
    -0.9968823790550232,
    -0.05370474234223366,
    -0.35445913672447205,
    -0.07078340649604797,
    0.9323884844779968
  ],
  "root_trans": [
    -0.5314861536026001,
    0.6316190958023071,
    2.3277742862701416
  ]
}