{
  "betas": [
    -0.4529683589935303,
    0.9888616800308228,
    1.018174409866333,
    0.5762491822242737,
    0.3690623939037323,
    -0.10348757356405258,
    -0.32578063011169434,
    0.4894111752510071,
    0.2782706320285797,
    0.5961935520172119
  ],
  "joints": [
    [
      0.9868994951248169,
      -0.13579773902893066,
      -0.08711117506027222,
      0.15588924288749695,
      0.9417490363121033,
      0.298005610704422,
      0.04156837239861488,
      -0.30768129229545593,
      0.9505810737609863
    ],
    [
      0.9914211630821228,
      0.04838050901889801,
      -0.1214224249124527,
      -0.047964148223400116,
      0.9988288879394531,
      0.006351159885525703,
      0.12158749252557755,
      -0.000472750689368695,
      0.9925806522369385
    ],
    [
      0.9951738119125366,
      -0.0027440704870969057,
      0.09808994829654694,
      0.015174413099884987,
      0.991888165473938,
      -0.12620426714420319,
      -0.09694795310497284,
      0.12708362936973572,
      0.9871427416801453
    ],
    [
      0.9979256987571716,
      0.042752593755722046,
      0.04813143610954285,
      -0.028924524784088135,
      0.9656924605369568,
      -0.25807276368141174,
      -0.057513460516929626,
      0.2561452388763428,
      0.9649259448051453
    ],
    [
      0.9999874234199524,
      -0.0010113377356901765,
      0.0049132369458675385,
      0.0019258105894550681,
      0.9818085432052612,
      -0.18986377120018005,
      -0.00463184155523777,
      0.18987083435058594,
      0.9817981719970703
    ],
    [
      0.9911282062530518,
      -0.016687288880348206,
      -0.13185761868953705,
      0.010090081952512264,
      0.9986709356307983,
      -0.05054349824786186,
      0.13252578675746918,
      0.048764631152153015,
      0.9899793267250061
    ],
    [
      0.9897964000701904,
      0.04957504943013191,
      0.13358646631240845,
      -0.047118399292230606,
      0.9986581802368164,
      -0.021490976214408875,
      -0.13447260856628418,
      0.014977311715483665,
      0.9908041954040527
    ],
    [
      0.9641110897064209,
      -0.085056371986866,
      -0.2515062391757965,
      0.14480040967464447,
      0.9624585509300232,
      0.2295786589384079,
      0.22253721952438354,
      -0.2577575147151947,
      0.9402331709861755
    ],
    [
      0.9985693693161011,
      0.01742151938378811,
      0.05055379495024681,
      -0.01674412377178669,
      0.9997647404670715,
      -0.013792214915156364,
      -0.05078217759728432,
      0.012926004827022552,
      0.998626172542572
    ],
    [
      0.9702011942863464,
      -0.23591451346874237,
      0.05526351183652878,
      0.15803255140781403,
      0.7889934182167053,
      0.5937299132347107,
      -0.1836720108985901,
      -0.5673040151596069,
      0.8027645349502563
    ],
    [
      0.8670557737350464,
      0.2731003761291504,
      0.41668984293937683,
      -0.29961130023002625,
      0.9540595412254333,
      -0.0018582773627713323,
      -0.39805442094802856,
      -0.12323375046253204,
      0.9090467691421509
    ],
    [
      0.9872449040412903,
      0.14885194599628448,
      0.05648546665906906,
      -0.14836485683918,
      0.9888505935668945,
      -0.01274461206048727,
      -0.05775274336338043,
      0.004201595205813646,
      0.9983221292495728
    ],
    [
      0.9446094632148743,
      0.27197781205177307,
      -0.1836874783039093,
      -0.2472885251045227,
      0.957802951335907,
      0.1464991569519043,
      0.21578091382980347,
      -0.0929606705904007,
      0.9720067381858826
    ],
    [
      0.9140649437904358,
      -0.3529435992240906,
      0.1997900754213333,
      0.36051809787750244,
      0.9327507019042969,
      -0.0016442909836769104,
      -0.185774028301239,
      0.07353092730045319,
      0.9798372387886047
    ],
    [
      0.9708813428878784,
      -0.13298353552818298,
      0.19926080107688904,
      0.15315112471580505,
      0.984149694442749,
      -0.08940965682268143,
      -0.18421244621276855,
      0.11732317507266998,
      0.9758591651916504
    ],
    [
      0.6561285853385925,
      0.642591655254364,
      -0.3956908583641052,
      -0.6681408286094666,
      0.7384160161018372,
      0.09126725792884827,
      0.3508319854736328,
      0.2044941484928131,
      0.9138376116752625
    ],
    [
      0.5964930653572083,
      -0.6860852837562561,
      0.4165128469467163,
      0.7693764567375183,
      0.6365709900856018,
      -0.05326544865965843,
      -0.22859534621238708,
      0.35222765803337097,
      0.9075680375099182
    ],
    [
      -0.09036918729543686,
      -0.24800804257392883,
      -0.964533805847168,
      0.4733158051967621,
      0.8414316177368164,
      -0.260701060295105,
      0.8762452006340027,
      -0.48008841276168823,
      0.041346631944179535
    ],
    [
      -0.18538081645965576,
      0.33821359276771545,
      0.9226295948028564,
      0.1320987492799759,
      0.9389588236808777,
      -0.31765732169151306,
      -0.9737473130226135,
      0.06299064308404922,
      -0.21874254941940308
    ],
    [
      0.9462781548500061,
      -0.24243655800819397,
      0.21396763622760773,
      0.3085193932056427,
      0.8750556707382202,
      -0.3729521334171295,
      -0.09681638330221176,
      0.4189296364784241,
      0.9028424620628357
    ],
    [
      0.9955154657363892,
      0.09458743035793304,
      0.0014880253002047539,
      -0.09381210803985596,
      0.9891358613967896,
      -0.1131795197725296,
      -0.012177218683063984,
      0.1125323623418808,
      0.9935734868049622
    ],
    [
      0.9401955008506775,
      0.1967540681362152,
      -0.2780652642250061,
      -0.09382111579179764,
      0.9343159198760986,
      0.34387704730033875,
      0.32745999097824097,
      -0.2972232699394226,
      0.8968992829322815
    ],
    [
      0.8632262349128723,
      -0.48858070373535156,
      0.12700155377388,
      0.1759587526321411,
      0.5270098447799683,
      0.8314440846443176,
      -0.47315865755081177,
      -0.6953772306442261,
      0.5408987998962402
    ]
  ],
  "root_rot": [
    0.3465792238712311,
    -0.09317071735858917,
    0.9333820343017578,
    -0.12955762445926666,
    -0.9902726411819458,
    -0.05074283108115196,
    0.9290305376052856,
    -0.10334033519029617,
    -0.3552789092063904
  ],
  "root_trans": [
    -0.024997293949127197,
    0.5287654399871826,
    2.5580127239227295
  ]
}