{
  "betas": [
    -1.0256261825561523,
    0.6554657220840454,
    1.4428560733795166,
    0.3216034173965454,
    0.1824112981557846,
    -0.19595858454704285,
    -0.2665858268737793,
    0.5436577796936035,
    0.2455592006444931,
    0.7599979639053345
  ],
  "joints": [
    [
      0.9543678760528564,
      -0.2974410653114319,
      0.02665862627327442,
      0.2985367774963379,
      0.9525204300880432,
      -0.05983820557594299,
      -0.007594543043524027,
      0.06506624817848206,
      0.9978520274162292
    ],
    [
      0.9853204488754272,
      0.1605362594127655,
      -0.05806514620780945,
      -0.12825320661067963,
      0.9205930233001709,
      0.36886247992515564,
      0.1126701831817627,
      -0.35600075125694275,
      0.9276683926582336
    ],
    [
      0.9978185296058655,
      -0.04590178653597832,
      0.04744841903448105,
      0.05128131061792374,
      0.9915453195571899,
      -0.11919716745615005,
      -0.041575901210308075,
      0.1213703379034996,
      0.9917361736297607
    ],
    [
      0.9894405007362366,
      0.0013667555758729577,
      -0.14493359625339508,
      -0.023840317502617836,
      0.9878705739974976,
      -0.1534382551908493,
      0.14296592772006989,
      0.15527325868606567,
      0.9774717688560486
    ],
    [
      0.9974745512008667,
      -0.06627791374921799,
      -0.025532260537147522,
      0.05174020677804947,
      0.9243288040161133,
      -0.3780730366706848,
      0.0486580990254879,
      0.3757971227169037,
      0.9254236817359924
    ],
    [
      0.9983139038085938,
      -0.017353834584355354,
      -0.055391523987054825,
      0.012122384272515774,
      0.9955528974533081,
      -0.09342075139284134,
      0.05676640197634697,
      0.09259175509214401,
      0.9940846562385559
    ],
    [
      0.9891328811645508,
      0.09979016333818436,
      0.10797223448753357,
      -0.11938001960515976,
      0.9737799167633057,
      0.1936519742012024,
      -0.0858166292309761,
      -0.2044372707605362,
      0.9751107096672058
    ],
    [
      0.9054557681083679,
      -0.26975929737091064,
      -0.3276885151863098,
      0.3247345983982086,
      0.9374306201934814,
      0.12558306753635406,
      0.2733080983161926,
      -0.22012169659137726,
      0.9364021420478821
    ],
    [
      0.9971497058868408,
      -0.003612254047766328,
      0.07536207139492035,
      0.0014417072525247931,
      0.9995831251144409,
      0.028836097568273544,
      -0.07543481886386871,
      -0.02864525467157364,
      0.9967392086982727
    ],
    [
      0.9291651248931885,
      -0.32593822479248047,
      0.1744028776884079,
      0.13524125516414642,
      0.7388033866882324,
      0.6602115631103516,
      -0.34403762221336365,
      -0.5898591876029968,
      0.7305506467819214
    ],
    [
      0.8496755957603455,
      0.3030640780925751,
      0.43151310086250305,
      -0.3859851360321045,
      0.9150050282478333,
      0.11739395558834076,
      -0.3592587411403656,
      -0.2663044333457947,
      0.8944356441497803
    ],
    [
      0.9002406001091003,
      -0.03995951637625694,
      -0.4335552155971527,
      0.04736123979091644,
      0.9988580942153931,
      0.006279774010181427,
      0.4328092038631439,
      -0.026187021285295486,
      0.9011051654815674
    ],
    [
      0.9466185569763184,
      0.3073762059211731,
      0.09712454676628113,
      -0.3052816092967987,
      0.9515772461891174,
      -0.03610817715525627,
      -0.10352031141519547,
      0.004530333448201418,
      0.9946169853210449
    ],
    [
      0.9189635515213013,
      -0.3070874512195587,
      0.24739308655261993,
      0.2970564365386963,
      0.9516792893409729,
      0.07787111401557922,
      -0.2593521475791931,
      0.0019289912888780236,
      0.9657808542251587
    ],
    [
      0.9937905669212341,
      0.0003743101260624826,
      -0.11126653850078583,
      0.004778726492077112,
      0.9989280700683594,
      0.04604232683777809,
      0.11116449534893036,
      -0.0462881401181221,
      0.9927235245704651
    ],
    [
      0.6336095333099365,
      0.7462273240089417,
      -0.20416578650474548,
      -0.7354121208190918,
      0.4989974796772003,
      -0.45844364166259766,
      -0.24022498726844788,
      0.44062021374702454,
      0.8649541735649109
    ],
    [
      0.8148899078369141,
      -0.4823012351989746,
      0.321465402841568,
      0.4415113925933838,
      0.8758434057235718,
      0.19484873116016388,
      -0.37552911043167114,
      -0.016849609091877937,
      0.9266574382781982
    ],
    [
      -0.266472190618515,
      -0.2577705979347229,
      -0.9287340641021729,
      0.011443774215877056,
      0.9626603722572327,
      -0.2704702913761139,
      0.9637746214866638,
      -0.08270102739334106,
      -0.25357234477996826
    ],
    [
      0.45488449931144714,
      0.20338691771030426,
      0.8670142889022827,
      -0.5162639021873474,
      0.8535111546516418,
      0.07064180821180344,
      -0.725638747215271,
      -0.4797420799732208,
      0.49325031042099
    ],
    [
      0.9489650726318359,
      -0.3143237233161926,
      0.0258045457303524,
      0.2980938255786896,
      0.8672239184379578,
      -0.3988265097141266,
      0.10298232734203339,
      0.3861646056175232,
      0.9166631698608398
    ],
    [
      0.919922411441803,
      0.3483968675136566,
      -0.17989537119865417,
      -0.390337735414505,
      0.7702586054801941,
      -0.5043193697929382,
      -0.03713732212781906,
      0.5341546535491943,
      0.8445705771446228
    ],
    [
      0.8539249897003174,
      0.1654682606458664,
      -0.4933885931968689,
      -0.16911327838897705,
      0.9848787784576416,
      0.03760954737663269,
      0.4921511709690094,
      0.05132283270359039,
      0.8689954876899719
    ],
    [
      0.9575728178024292,
      -0.19555528461933136,
      0.21168936789035797,
      0.11771054565906525,
      0.9358757138252258,
      0.33208566904067993,
      -0.26305603981018066,
      -0.29307815432548523,
      0.9191880822181702
    ]
  ],
  "root_rot": [
    0.8522270321846008,
    -0.011034583672881126,
    -0.5230557322502136,
    0.016940491273999214,
    -0.9986712336540222,
    0.04866989329457283,
    -0.5228977799415588,
    -0.05033861845731735,
    -0.8509076833724976
  ],
  "root_trans": [
    -0.7149624824523926,
    0.5366544127464294,
    2.4418599605560303
  ]
}