{
  "betas": [
    -0.14497938752174377,
    0.7306646108627319,
    1.2931466102600098,
    0.7894436717033386,
    0.5380845069885254,
    -0.20564934611320496,
    -0.37909018993377686,
    0.37656399607658386,
    0.1520654708147049,
    0.6144527196884155
  ],
  "joints": [
    [
      0.97080397605896,
      -0.18887056410312653,
      -0.14787642657756805,
      0.2280292809009552,
      0.917966902256012,
      0.324560284614563,
      0.07444578409194946,
      -0.34880462288856506,
      0.9342339634895325
    ],
    [
      0.9875674247741699,
      0.07819927483797073,
      -0.13636508584022522,
      -0.08418727666139603,
      0.9956979751586914,
      -0.03870309889316559,
      0.13275189697742462,
      0.049702126532793045,
      0.9899022579193115
    ],
    [
      0.9929234981536865,
      -0.022539040073752403,
      0.11659754067659378,
      0.03491293638944626,
      0.9938383102416992,
      -0.1051970049738884,
      -0.11350807547569275,
      0.10852333903312683,
      0.987592339515686
    ],
    [
      0.9973416924476624,
      0.07284421473741531,
      0.001810989691875875,
      -0.059487245976924896,
      0.8283153176307678,
      -0.5570952296257019,
      -0.04208125174045563,
      0.5555065870285034,
      0.830446720123291
    ],
    [
      0.9995672702789307,
      -0.017249392345547676,
      0.02382800355553627,
      0.021125562489032745,
      0.984620988368988,
      -0.17342223227024078,
      -0.02047012187540531,
      0.17385056614875793,
      0.9845592975616455
    ],
    [
      0.993068277835846,
      -0.004952631890773773,
      -0.11743394285440445,
      0.000380283803679049,
      0.9992420077323914,
      -0.03892602026462555,
      0.117537721991539,
      0.03861154243350029,
      0.9923174381256104
    ],
    [
      0.9890317916870117,
      0.04978541284799576,
      0.13905972242355347,
      -0.05473313853144646,
      0.9979886412620544,
      0.031982798129320145,
      -0.13718776404857635,
      -0.0392431765794754,
      0.9897674322128296
    ],
    [
      0.974958598613739,
      -0.11406739801168442,
      -0.19090388715267181,
      0.1678321808576584,
      0.940609335899353,
      0.29510432481765747,
      0.14590415358543396,
      -0.31975433230400085,
      0.9361993670463562
    ],
    [
      0.9972713589668274,
      0.019181935116648674,
      0.07128684222698212,
      -0.014720583334565163,
      0.9979307651519775,
      -0.06258969753980637,
      -0.07233992964029312,
      0.06136953458189964,
      0.9954901337623596
    ],
    [
      0.9657871723175049,
      -0.25917109847068787,
      0.009245653636753559,
      0.16877946257591248,
      0.6552159786224365,
      0.7363461256027222,
      -0.19689752161502838,
      -0.7095931768417358,
      0.6765419244766235
    ],
    [
      0.8929930329322815,
      0.250169038772583,
      0.3741375505924225,
      -0.2530744671821594,
      0.9665245413780212,
      -0.042232584208250046,
      -0.37217840552330017,
      -0.05697125196456909,
      0.9264110922813416
    ],
    [
      0.979418933391571,
      0.17637556791305542,
      0.09813404083251953,
      -0.1701548844575882,
      0.9830285906791687,
      -0.0685727521777153,
      -0.10856311768293381,
      0.05046346038579941,
      0.9928079843521118
    ],
    [
      0.964826762676239,
      0.19571274518966675,
      -0.1755160391330719,
      -0.16944672167301178,
      0.9734353423118591,
      0.15398558974266052,
      0.20099042356014252,
      -0.11882878839969635,
      0.9723593592643738
    ],
    [
      0.9350280165672302,
      -0.2975524663925171,
      0.19283448159694672,
      0.30440598726272583,
      0.9525219202041626,
      -0.006237776484340429,
      -0.1818230152130127,
      0.06453246623277664,
      0.9812114238739014
    ],
    [
      0.9489214420318604,
      -0.11184725165367126,
      0.295022577047348,
      0.13499219715595245,
      0.9890753030776978,
      -0.0592213049530983,
      -0.28517580032348633,
      0.0960221067070961,
      0.9536532759666443
    ],
    [
      0.6125187277793884,
      0.6755221486091614,
      -0.41047605872154236,
      -0.7143476009368896,
      0.6953818202018738,
      0.07843202352523804,
      0.33842015266418457,
      0.24518153071403503,
      0.9084920287132263
    ],
    [
      0.5773433446884155,
      -0.710612416267395,
      0.40212517976760864,
      0.7932298183441162,
      0.6048934459686279,
      -0.06993139535188675,
      -0.1935487687587738,
      0.35935211181640625,
      0.9129101634025574
    ],
    [
      -0.23954053223133087,
      -0.2840425372123718,
      -0.9284073114395142,
      0.3199549615383148,
      0.8797348141670227,
      -0.3517037034034729,
      0.9166510701179504,
      -0.3812958300113678,
      -0.11985132843255997
    ],
    [
      -0.13621945679187775,
      0.36088016629219055,
      0.9226101636886597,
      0.1316639482975006,
      0.9296244978904724,
      -0.34418416023254395,
      -0.9818903803825378,
      0.07458993792533875,
      -0.1741478592157364
    ],
    [
      0.9217637777328491,
      -0.3340839147567749,
      0.19682346284389496,
      0.3855019211769104,
      0.8441791534423828,
      -0.37249141931533813,
      -0.04171086847782135,
      0.41922494769096375,
      0.906923770904541
    ],
    [
      0.9957523345947266,
      0.08918343484401703,
      0.02288293093442917,
      -0.08445122838020325,
      0.9836804866790771,
      -0.15887369215488434,
      -0.036678388714790344,
      0.15626636147499084,
      0.9870337843894958
    ],
    [
      0.8978622555732727,
      0.36328211426734924,
      -0.24873588979244232,
      -0.13193979859352112,
      0.761002242565155,
      0.6351909041404724,
      0.42004209756851196,
      -0.5374957323074341,
      0.7312065362930298
    ],
    [
      0.7967492938041687,
      -0.6040537357330322,
      0.01759597845375538,
      0.22932718694210052,
      0.3291664123535156,
      0.9160014986991882,
      -0.559106171131134,
      -0.7257882952690125,
      0.4007890522480011
    ]
  ],
  "root_rot": [
    0.561271607875824,
    -0.12474852055311203,
    0.8181760311126709,
    -0.1353762447834015,
    -0.9890986084938049,
    -0.057940784841775894,
    0.8164848685264587,
    -0.07824107259511948,
    -0.5720409750938416
  ],
  "root_trans": [
    -0.004181593656539917,
    0.5576795935630798,
    2.570512533187866
  ]
}