{
  "betas": [
    -0.8469557166099548,
    1.0114130973815918,
    1.1839910745620728,
    0.04942101240158081,
    0.04593765735626221,
    -0.0012145936489105225,
    -0.020280689001083374,
    0.049992501735687256,
    0.21132783591747284,
    0.43288442492485046
  ],
  "joints": [
    [
      0.957731306552887,
      -0.28436216711997986,
      -0.04346216097474098,
      0.286060631275177,
      0.957390546798706,
      0.03965705260634422,
      0.030333295464515686,
      -0.05041361227631569,
      0.9982677102088928
    ],
    [
      0.9408829212188721,
      0.3299974203109741,
      -0.07642635703086853,
      -0.2998224198818207,
      0.9163233637809753,
      0.26543936133384705,
      0.15762557089328766,
      -0.2268330305814743,
      0.9610936045646667
    ],
    [
      0.9999812841415405,
      0.0010105794062837958,
      0.006036531180143356,
      -0.0007618829258717597,
      0.9991564154624939,
      -0.04105902835726738,
      -0.00607293238863349,
      0.041053660213947296,
      0.9991384744644165
    ],
    [
      0.989219069480896,
      0.04494659975171089,
      -0.1393750160932541,
      -0.07302558422088623,
      0.9763606786727905,
      -0.20343837141990662,
      0.1269364207983017,
      0.21142306923866272,
      0.9691168665885925
    ],
    [
      0.9914482235908508,
      0.02906130813062191,
      0.12722377479076385,
      -0.007879738695919514,
      0.9864416122436523,
      -0.1639232039451599,
      -0.13026264309883118,
      0.1615188717842102,
      0.9782347679138184
    ],
    [
      0.9952122569084167,
      -0.016155585646629333,
      -0.09639299660921097,
      0.006179290357977152,
      0.9946715235710144,
      -0.10290984809398651,
      0.0975419357419014,
      0.10182148963212967,
      0.9900091290473938
    ],
    [
      0.99369877576828,
      0.10755737125873566,
      -0.031529899686574936,
      -0.1067962646484375,
      0.9939688444137573,
      0.02490847557783127,
      0.03401883319020271,
      -0.02138424664735794,
      0.9991923570632935
    ],
    [
      0.8638730049133301,
      -0.4097467064857483,
      -0.2929694354534149,
      0.3806709945201874,
      0.9119657278060913,
      -0.15299732983112335,
      0.32986822724342346,
      0.020645298063755035,
      0.94380122423172
    ],
    [
      0.9979323148727417,
      0.020007707178592682,
      0.06107984110713005,
      -0.02230827696621418,
      0.9990581274032593,
      0.03721828758716583,
      -0.06027765944600105,
      -0.038503918796777725,
      0.9974387288093567
    ],
    [
      0.9590071439743042,
      -0.2639816105365753,
      0.10304878652095795,
      0.12349267303943634,
      0.7166013121604919,
      0.6864635348320007,
      -0.2550586462020874,
      -0.6455976366996765,
      0.7198255658149719
    ],
    [
      0.8896916508674622,
      0.35470616817474365,
      0.2874583303928375,
      -0.38236185908317566,
      0.9229369759559631,
      0.044572386890649796,
      -0.24949583411216736,
      -0.14956878125667572,
      0.9567553997039795
    ],
    [
      0.8531805872917175,
      -0.16244275867938995,
      -0.4956764280796051,
      0.07447414845228195,
      0.978471577167511,
      -0.1924757957458496,
      0.5162716507911682,
      0.12730154395103455,
      0.8469107151031494
    ],
    [
      0.9599429965019226,
      0.24631766974925995,
      0.1335553228855133,
      -0.22429223358631134,
      0.9611944556236267,
      -0.1606181561946869,
      -0.16793572902679443,
      0.12422885745763779,
      0.9779390096664429
    ],
    [
      0.928065299987793,
      -0.3627690374851227,
      0.08422216773033142,
      0.37018540501594543,
      0.9233260154724121,
      -0.10213636606931686,
      -0.04071260243654251,
      0.12596704065799713,
      0.9911986589431763
    ],
    [
      0.9203141927719116,
      -0.015632838010787964,
      -0.39086756110191345,
      0.10091404616832733,
      0.9748681783676147,
      0.19861631095409393,
      0.377939373254776,
      -0.22223342955112457,
      0.898762583732605
    ],
    [
      0.5195432901382446,
      0.7878468632698059,
      -0.3307146430015564,
      -0.846545398235321,
      0.42211341857910156,
      -0.3243165612220764,
      -0.11591267585754395,
      0.4484614133834839,
      0.8862543106079102
    ],
    [
      0.6788467764854431,
      -0.7252956628799438,
      0.11451318860054016,
      0.731925368309021,
      0.6808697581291199,
      -0.026488274335861206,
      -0.058756742626428604,
      0.10179658234119415,
      0.993068516254425
    ],
    [
      -0.33004021644592285,
      -0.34768378734588623,
      -0.8776043653488159,
      -0.10394548624753952,
      0.9374303221702576,
      -0.3322945833206177,
      0.9382264614105225,
      -0.01844758912920952,
      -0.34552985429763794
    ],
    [
      0.9890079498291016,
      0.028724366798996925,
      0.14504586160182953,
      -0.03325585648417473,
      0.9990285634994507,
      0.028913713991642,
      -0.1440744400024414,
      -0.03341950848698616,
      0.9890024662017822
    ],
    [
      0.9596102237701416,
      -0.24432794749736786,
      0.13947048783302307,
      0.2812771499156952,
      0.8233641982078552,
      -0.49290427565574646,
      0.0055952598340809345,
      0.512225866317749,
      0.858832597732544
    ],
    [
      0.9875104427337646,
      0.06920000910758972,
      -0.14154314994812012,
      -0.13237474858760834,
      0.8516019582748413,
      -0.5071992874145508,
      0.08544021844863892,
      0.5196013450622559,
      0.8501261472702026
    ],
    [
      0.915465772151947,
      0.15903621912002563,
      -0.36963483691215515,
      -0.14177218079566956,
      0.9871591925621033,
      0.07360363006591797,
      0.37659403681755066,
      -0.014977667480707169,
      0.9262573719024658
    ],
    [
      0.9522321224212646,
      -0.27568086981773376,
      0.13135482370853424,
      0.24452930688858032,
      0.9460099935531616,
      0.2127688229084015,
      -0.18291926383972168,
      -0.17048519849777222,
      0.9682331681251526
    ]
  ],
  "root_rot": [
    0.9749885201454163,
    0.030340762808918953,
    0.22017458081245422,
    0.0072738188318908215,
    -0.9944635629653931,
    0.10482996702194214,
    0.2221362143754959,
    -0.10060650110244751,
    -0.9698112607002258
  ],
  "root_trans": [
    0.31471121311187744,
    0.5096790194511414,
    2.5614914894104004
  ]
}