{
  "betas": [
    -0.7719408869743347,
    0.7440705299377441,
    1.4327161312103271,
    0.5499989986419678,
    0.06872186064720154,
    -0.0939595177769661,
    0.027372807264328003,
    0.8958122134208679,
    0.1630823016166687,
    0.8884060978889465
  ],
  "joints": [
    [
      0.9785202145576477,
      -0.03228883445262909,
      -0.20360693335533142,
      0.14278177917003632,
      0.8185634613037109,
      0.556387722492218,
      0.1487000733613968,
      -0.5735079050064087,
      0.8055911660194397
    ],
    [
      0.9280229806900024,
      0.24888920783996582,
      -0.2771775722503662,
      -0.30041322112083435,
      0.9399921894073486,
      -0.16176073253154755,
      0.22028426826000214,
      0.23338550329208374,
      0.9471039772033691
    ],
    [
      0.9736194610595703,
      0.014174537733197212,
      0.22773714363574982,
      0.013405444100499153,
      0.992791473865509,
      -0.11910293251276016,
      -0.2277836948633194,
      0.11901385337114334,
      0.9664110541343689
    ],
    [
      0.9944061636924744,
      0.07142217457294464,
      0.07781535387039185,
      -0.0364098995923996,
      0.9233572483062744,
      -0.3822115659713745,
      -0.09914974123239517,
      0.37724030017852783,
      0.9207926392555237
    ],
    [
      0.9991075396537781,
      0.017810923978686333,
      0.03829947113990784,
      -0.007304194383323193,
      0.9659403562545776,
      -0.25866183638572693,
      -0.041602008044719696,
      0.25815126299858093,
      0.9652084112167358
    ],
    [
      0.9980103969573975,
      0.036513179540634155,
      -0.05140073224902153,
      -0.03618446737527847,
      0.9993184208869934,
      0.0073114242404699326,
      0.051632657647132874,
      -0.005436968989670277,
      0.998651385307312
    ],
    [
      0.992860734462738,
      0.0931197851896286,
      -0.07454048842191696,
      -0.10056089609861374,
      0.9895603656768799,
      -0.10323675721883774,
      0.0641489252448082,
      0.10999558120965958,
      0.9918598532676697
    ],
    [
      0.9357627034187317,
      -0.1130283921957016,
      -0.3340250253677368,
      0.2144480049610138,
      0.9343520998954773,
      0.28460177779197693,
      0.27992892265319824,
      -0.3379507064819336,
      0.8985705375671387
    ],
    [
      0.9864479303359985,
      0.033150289207696915,
      0.16069069504737854,
      -0.030800718814134598,
      0.9993793964385986,
      -0.017091283574700356,
      -0.16115756332874298,
      0.011910272762179375,
      0.9868568181991577
    ],
    [
      0.9371780157089233,
      -0.29725492000579834,
      0.1825842410326004,
      0.14879532158374786,
      0.8140005469322205,
      0.5614829063415527,
      -0.31552720069885254,
      -0.49904170632362366,
      0.8070935606956482
    ],
    [
      0.8774978518486023,
      0.3123754858970642,
      0.3638943135738373,
      -0.33339256048202515,
      0.9427729845046997,
      -0.005352925043553114,
      -0.3447417914867401,
      -0.11662246286869049,
      0.9314249157905579
    ],
    [
      0.9699568748474121,
      -0.09614396840333939,
      -0.22347231209278107,
      0.08000771701335907,
      0.993563175201416,
      -0.08019363880157471,
      0.22974398732185364,
      0.05990486964583397,
      0.9714056849479675
    ],
    [
      0.957459568977356,
      0.28681042790412903,
      0.03179442137479782,
      -0.2885356545448303,
      0.9531584978103638,
      0.0907532125711441,
      -0.0042761522345244884,
      -0.09606636315584183,
      0.9953657388687134
    ],
    [
      0.8984114527702332,
      -0.2568133473396301,
      0.3562355041503906,
      0.21929389238357544,
      0.9651604890823364,
      0.14274244010448456,
      -0.38048261404037476,
      -0.05012116953730583,
      0.9234288334846497
    ],
    [
      0.9932268261909485,
      -0.11613289266824722,
      -0.0036791979800909758,
      0.11581353843212128,
      0.9920533299446106,
      -0.04916779696941376,
      0.009359958581626415,
      0.04840867966413498,
      0.9987837672233582
    ],
    [
      0.5849906802177429,
      0.7611838579177856,
      -0.2799733281135559,
      -0.808779239654541,
      0.5217422246932983,
      -0.2714061439037323,
      -0.06051607057452202,
      0.3852066397666931,
      0.9208440184593201
    ],
    [
      0.45245522260665894,
      -0.6188720464706421,
      0.6420915722846985,
      0.658412754535675,
      0.7174390554428101,
      0.22753863036632538,
      -0.6014788746833801,
      0.31981027126312256,
      0.7320823073387146
    ],
    [
      0.26287248730659485,
      -0.3196163475513458,
      -0.9103534817695618,
      -0.018793044611811638,
      0.9416619539260864,
      -0.3360351026058197,
      0.9646475315093994,
      0.10544271767139435,
      0.24153044819831848
    ],
    [
      -0.24896644055843353,
      0.30477800965309143,
      0.9193073511123657,
      0.22489893436431885,
      0.9414426684379578,
      -0.25120946764945984,
      -0.9420382976531982,
      0.14420852065086365,
      -0.30293187499046326
    ],
    [
      0.958903968334198,
      -0.25499698519706726,
      0.124417744576931,
      0.2834117114543915,
      0.8400284647941589,
      -0.46263375878334045,
      0.013455783948302269,
      0.478882759809494,
      0.8777757883071899
    ],
    [
      0.9696664214134216,
      0.24098247289657593,
      0.04092048108577728,
      -0.22902002930641174,
      0.9542097449302673,
      -0.19244126975536346,
      -0.08542168885469437,
      0.17723222076892853,
      0.9804549813270569
    ],
    [
      0.39625951647758484,
      0.4401113986968994,
      -0.8057793974876404,
      -0.03743433207273483,
      0.8846376538276672,
      0.46477410197257996,
      0.9173750877380371,
      -0.15400733053684235,
      0.3670213520526886
    ],
    [
      0.9101405739784241,
      -0.31947487592697144,
      0.2637800872325897,
      0.10965967178344727,
      0.799746036529541,
      0.5902382135391235,
      -0.39952337741851807,
      -0.508273720741272,
      0.7629148364067078
    ]
  ],
  "root_rot": [
    0.2239411175251007,
    -0.05458887666463852,
    0.9730726480484009,
    -0.04300549253821373,
    -0.9980111122131348,
    -0.046090707182884216,
    0.9736533761024475,
    -0.0315258651971817,
    -0.22584334015846252
  ],
  "root_trans": [
    0.28320246934890747,
    0.5391058325767517,
    2.629716634750366
  ]
}