{
  "betas": [
    -0.48746567964553833,
    0.8068373203277588,
    1.0867213010787964,
    -0.043524205684661865,
    0.5559921860694885,
    -0.22699710726737976,
    0.1304469108581543,
    0.39376169443130493,
    0.1637379229068756,
    0.7938112020492554
  ],
  "joints": [
    [
      0.9651916027069092,
      -0.25818291306495667,
      0.041794199496507645,
      0.25800633430480957,
      0.966094970703125,
      0.009657791815698147,
      -0.04287064075469971,
      0.001461548963561654,
      0.9990795850753784
    ],
    [
      0.9350042939186096,
      0.31369835138320923,
      -0.16540935635566711,
      -0.29332807660102844,
      0.9462270140647888,
      0.13642992079257965,
      0.19931262731552124,
      -0.07904335856437683,
      0.9767428636550903
    ],
    [
      0.9948552846908569,
      -0.0999457910656929,
      -0.01654859632253647,
      0.09802494943141937,
      0.9909387826919556,
      -0.0918223112821579,
      0.025575900450348854,
      0.0897277295589447,
      0.9956378936767578
    ],
    [
      0.999285101890564,
      0.031249213963747025,
      -0.021276088431477547,
      -0.03481331467628479,
      0.980057954788208,
      -0.19563846290111542,
      0.014738257974386215,
      0.19623932242393494,
      0.9804452061653137
    ],
    [
      0.9985563158988953,
      0.038219302892684937,
      0.03774480149149895,
      -0.027589423581957817,
      0.967826247215271,
      -0.25010231137275696,
      -0.04608914628624916,
      0.2486998587846756,
      0.9674834609031677
    ],
    [
      0.9904290437698364,
      0.09392574429512024,
      -0.10113458335399628,
      -0.08689112216234207,
      0.9936229586601257,
      0.07185713946819305,
      0.10723886638879776,
      -0.06238170340657234,
      0.9922743439674377
    ],
    [
      0.9975522756576538,
      -0.010578811168670654,
      0.06912026554346085,
      0.0037848432548344135,
      0.9952093958854675,
      0.09769284725189209,
      -0.06982261687517166,
      -0.09719210118055344,
      0.9928134083747864
    ],
    [
      0.9082567095756531,
      -0.3588877022266388,
      -0.21510297060012817,
      0.355426162481308,
      0.9330284595489502,
      -0.05594643950462341,
      0.22077570855617523,
      -0.025639500468969345,
      0.9749874472618103
    ],
    [
      0.9902262687683105,
      0.1333218812942505,
      0.04095330089330673,
      -0.13205459713935852,
      0.990717887878418,
      -0.032242801040410995,
      -0.04487184062600136,
      0.026519596576690674,
      0.9986406564712524
    ],
    [
      0.9906880259513855,
      -0.09602593630552292,
      0.09652050584554672,
      0.05706815794110298,
      0.9365108013153076,
      0.3459637463092804,
      -0.12361397594213486,
      -0.33723390102386475,
      0.9332700371742249
    ],
    [
      0.9754975438117981,
      0.21023420989513397,
      0.06485438346862793,
      -0.20915772020816803,
      0.9776104688644409,
      -0.023040734231472015,
      -0.0682462677359581,
      0.00891138520091772,
      0.9976287484169006
    ],
    [
      0.924510657787323,
      -0.27647197246551514,
      -0.26238006353378296,
      0.23404769599437714,
      0.955093264579773,
      -0.1817096322774887,
      0.30083510279655457,
      0.10658303648233414,
      0.9477015137672424
    ],
    [
      0.8791128396987915,
      0.383068710565567,
      -0.283582478761673,
      -0.3359786570072174,
      0.9200973510742188,
      0.20134320855140686,
      0.33805182576179504,
      -0.08172572404146194,
      0.9375723004341125
    ],
    [
      0.7275775074958801,
      0.26657024025917053,
      0.6321166157722473,
      -0.552467942237854,
      0.7739340662956238,
      0.3095242977142334,
      -0.4067066013813019,
      -0.5744270086288452,
      0.7103685140609741
    ],
    [
      0.9729680418968201,
      -0.11782572418451309,
      0.19862087070941925,
      0.04902711883187294,
      0.9458355903625488,
      0.3209226727485657,
      -0.22567564249038696,
      -0.30250969529151917,
      0.9260444641113281
    ],
    [
      0.5086231231689453,
      0.7373067140579224,
      -0.4446137249469757,
      -0.8587961196899414,
      0.47128400206565857,
      -0.20089955627918243,
      0.06141472980380058,
      0.48401468992233276,
      0.8729020357131958
    ],
    [
      0.820511519908905,
      0.11484842747449875,
      0.5599738359451294,
      -0.3983142077922821,
      0.8175053000450134,
      0.41596975922584534,
      -0.41000813245773315,
      -0.5643535256385803,
      0.7165182828903198
    ],
    [
      0.34152886271476746,
      -0.3889201879501343,
      -0.8556278944015503,
      -0.09741377085447311,
      0.890816330909729,
      -0.44379815459251404,
      0.9348093867301941,
      0.23491983115673065,
      0.2663533091545105
    ],
    [
      0.587733268737793,
      0.03287898376584053,
      0.8083865642547607,
      -0.27943044900894165,
      0.9459373950958252,
      0.16468501091003418,
      -0.7592683434486389,
      -0.32267865538597107,
      0.565146267414093
    ],
    [
      0.9620268940925598,
      -0.2022767961025238,
      0.18327124416828156,
      0.27293872833251953,
      0.7201419472694397,
      -0.637887179851532,
      -0.0029515335336327553,
      0.6636863946914673,
      0.7480050921440125
    ],
    [
      0.96529221534729,
      0.22891119122505188,
      -0.12574033439159393,
      -0.2436097413301468,
      0.6155956387519836,
      -0.7494640946388245,
      -0.09415552020072937,
      0.7540833950042725,
      0.6499946713447571
    ],
    [
      0.9943991303443909,
      0.02362924814224243,
      -0.1030147597193718,
      -0.025063518434762955,
      0.9996057748794556,
      -0.012650634162127972,
      0.10267523676156998,
      0.015161692164838314,
      0.9945993423461914
    ],
    [
      0.9892309308052063,
      -0.06689006835222244,
      0.13018396496772766,
      0.04754389077425003,
      0.9880801439285278,
      0.14641468226909637,
      -0.13842587172985077,
      -0.13864848017692566,
      0.9806196689605713
    ]
  ],
  "root_rot": [
    -0.9522603750228882,
    -0.0371997132897377,
    -0.3030121922492981,
    0.07144133001565933,
    -0.9921422600746155,
    -0.1027132049202919,
    -0.2968102693557739,
    -0.11945730447769165,
    0.9474353790283203
  ],
  "root_trans": [
    -0.5869923830032349,
    0.560160756111145,
    2.3334431648254395
  ]
}