{
  "betas": [
    -1.002396821975708,
    0.8604216575622559,
    1.5753122568130493,
    0.42347779870033264,
    0.20662559568881989,
    -0.11982572823762894,
    -0.2106626033782959,
    0.6003297567367554,
    0.25813525915145874,
    0.8175225853919983
  ],
  "joints": [
    [
      0.9794864654541016,
      -0.1969703584909439,
      0.04253242909908295,
      0.20052620768547058,
      0.9735774993896484,
      -0.10925242304801941,
      -0.01988912746310234,
      0.11554012447595596,
      0.9931036829948425
    ],
    [
      0.9828388094902039,
      0.17601624131202698,
      -0.05519215017557144,
      -0.1223209872841835,
      0.8458296060562134,
      0.5192396640777588,
      0.1380777806043625,
      -0.503577709197998,
      0.8528446555137634
    ],
    [
      0.9972279071807861,
      -0.0699620470404625,
      0.025335485115647316,
      0.07329337298870087,
      0.9823115468025208,
      -0.17231382429599762,
      -0.012831911444664001,
      0.17369306087493896,
      0.9847162365913391
    ],
    [
      0.9929502606391907,
      0.03403456136584282,
      -0.1135406643152237,
      -0.042753636837005615,
      0.9962467551231384,
      -0.07526273280382156,
      0.11055298894643784,
      0.07958642393350601,
      0.9906785488128662
    ],
    [
      0.989964485168457,
      -0.11278953403234482,
      -0.08514061570167542,
      0.06030723452568054,
      0.882051944732666,
      -0.46727657318115234,
      0.12780235707759857,
      0.45745259523391724,
      0.8800021409988403
    ],
    [
      0.9988245368003845,
      0.0007978457142598927,
      -0.0484650544822216,
      -0.005108620040118694,
      0.9960286021232605,
      -0.08888757973909378,
      0.048201657831668854,
      0.0890306904911995,
      0.994861900806427
    ],
    [
      0.9922251105308533,
      0.04585063457489014,
      0.11570294946432114,
      -0.07056766003370285,
      0.9730421304702759,
      0.21956594288349152,
      -0.10251661390066147,
      -0.22602370381355286,
      0.9687123894691467
    ],
    [
      0.8851677179336548,
      -0.2770884335041046,
      -0.37376469373703003,
      0.3268382251262665,
      0.9420474767684937,
      0.07565244287252426,
      0.3311416804790497,
      -0.18912571668624878,
      0.9244331121444702
    ],
    [
      0.9958852529525757,
      0.008050110191106796,
      0.09026497602462769,
      -0.009620803408324718,
      0.9998096227645874,
      0.01697935350239277,
      -0.09011109918355942,
      -0.017777908593416214,
      0.9957731366157532
    ],
    [
      0.929591953754425,
      -0.35905590653419495,
      0.08329248428344727,
      0.21618124842643738,
      0.7141379117965698,
      0.6657872200012207,
      -0.29853716492652893,
      -0.6009042263031006,
      0.7414780259132385
    ],
    [
      0.8101019263267517,
      0.3162896931171417,
      0.4936555325984955,
      -0.4371027946472168,
      0.8869839906692505,
      0.14899857342243195,
      -0.3907378315925598,
      -0.3364822566509247,
      0.856798529624939
    ],
    [
      0.8943414092063904,
      -0.03345832973718643,
      -0.44613227248191833,
      0.0504513718187809,
      0.9983811378479004,
      0.02626258134841919,
      0.4445313513278961,
      -0.04599570110440254,
      0.8945816159248352
    ],
    [
      0.9473623633384705,
      0.31106889247894287,
      0.07576747238636017,
      -0.31081825494766235,
      0.9503449201583862,
      -0.015379163436591625,
      -0.07678921520709991,
      -0.008980273269116879,
      0.997006893157959
    ],
    [
      0.9236393570899963,
      -0.25223544239997864,
      0.28856122493743896,
      0.22864125669002533,
      0.9668918251991272,
      0.11332879215478897,
      -0.3075930178165436,
      -0.03869793564081192,
      0.9507308006286621
    ],
    [
      0.9965240955352783,
      0.01192531082779169,
      -0.08244751393795013,
      -0.008099363185465336,
      0.9988815188407898,
      0.04658440873026848,
      0.08291083574295044,
      -0.04575471207499504,
      0.9955061078071594
    ],
    [
      0.644646942615509,
      0.7375601530075073,
      -0.2010854035615921,
      -0.7222211956977844,
      0.5013239979743958,
      -0.47651949524879456,
      -0.25065284967422485,
      0.45241498947143555,
      0.855858564376831
    ],
    [
      0.8469440937042236,
      -0.4027950167655945,
      0.347047358751297,
      0.3410691022872925,
      0.9123347997665405,
      0.226532444357872,
      -0.4078695774078369,
      -0.07349318265914917,
      0.9100775122642517
    ],
    [
      -0.28442442417144775,
      -0.2551827132701874,
      -0.9241129755973816,
      -0.034374527633190155,
      0.9660191535949707,
      -0.25617483258247375,
      0.9580820798873901,
      -0.04109644517302513,
      -0.28353121876716614
    ],
    [
      0.42289525270462036,
      0.18611285090446472,
      0.8868604302406311,
      -0.5491068363189697,
      0.8311681151390076,
      0.08741350471973419,
      -0.7208614349365234,
      -0.5239478945732117,
      0.45369288325309753
    ],
    [
      0.9419398903846741,
      -0.33530694246292114,
      0.017848871648311615,
      0.3115061819553375,
      0.8527624607086182,
      -0.41923752427101135,
      0.1253523975610733,
      0.4004565477371216,
      0.9077011942863464
    ],
    [
      0.9241206645965576,
      0.3204067647457123,
      -0.2081839144229889,
      -0.3814889192581177,
      0.7428491115570068,
      -0.5501285791397095,
      -0.021615680307149887,
      0.5878050327301025,
      0.8087138533592224
    ],
    [
      0.8069983720779419,
      0.2635364532470703,
      -0.5284905433654785,
      -0.1954421103000641,
      0.963660717010498,
      0.18210023641586304,
      0.5572755336761475,
      -0.04366529360413551,
      0.8291787505149841
    ],
    [
      0.9535810351371765,
      -0.2234448939561844,
      0.2018802911043167,
      0.1333007961511612,
      0.9143445491790771,
      0.3823675811290741,
      -0.27002620697021484,
      -0.33770766854286194,
      0.9016870260238647
    ]
  ],
  "root_rot": [
    0.8007283210754395,
    -0.0437968410551548,
    -0.5974244475364685,
    0.0014311688719317317,
    -0.9971808791160583,
    0.07502096146345139,
    -0.5990259647369385,
    -0.06092642620205879,
    -0.7984082698822021
  ],
  "root_trans": [
    -0.6714200973510742,
    0.5402119159698486,
    2.43158221244812
  ]
}