{
  "betas": [
    -0.817899763584137,
    0.6538312435150146,
    1.4563486576080322,
    -0.09457859396934509,
    0.1681191474199295,
    -0.17540228366851807,
    -0.008031576871871948,
    0.30388277769088745,
    -0.02890712022781372,
    1.1245700120925903
  ],
  "joints": [
    [
      0.9427062273025513,
      -0.32150065898895264,
      0.08912015706300735,
      0.29694369435310364,
      0.9303406476974487,
      0.2151530385017395,
      -0.15208393335342407,
      -0.17636241018772125,
      0.972505509853363
    ],
    [
      0.9397221803665161,
      0.34146714210510254,
      -0.017953241243958473,
      -0.32803165912628174,
      0.9150804877281189,
      0.23456957936286926,
      0.09652646631002426,
      -0.2145410180091858,
      0.9719334840774536
    ],
    [
      0.9981755614280701,
      -0.050486691296100616,
      0.03311570733785629,
      0.05488229915499687,
      0.9873024821281433,
      -0.14906936883926392,
      -0.02516920305788517,
      0.1506148725748062,
      0.9882720112800598
    ],
    [
      0.9897875189781189,
      0.14186787605285645,
      -0.013933527283370495,
      -0.14106014370918274,
      0.960652768611908,
      -0.23926614224910736,
      -0.02055889368057251,
      0.23878811299800873,
      0.9708540439605713
    ],
    [
      0.9826392531394958,
      0.05984381586313248,
      0.17560948431491852,
      -0.021663006395101547,
      0.9770835638046265,
      -0.21175099909305573,
      -0.1842571198940277,
      0.2042706459760666,
      0.9614170789718628
    ],
    [
      0.9924520254135132,
      -0.021036868914961815,
      -0.12081615626811981,
      0.02688724361360073,
      0.9985330104827881,
      0.04699956998229027,
      0.11965019255876541,
      -0.04989323019981384,
      0.9915617108345032
    ],
    [
      0.9843103885650635,
      -0.034455448389053345,
      0.1730482280254364,
      0.05231228843331337,
      0.993640124797821,
      -0.09971322864294052,
      -0.1685120016336441,
      0.10720133036375046,
      0.9798527359962463
    ],
    [
      0.8719452023506165,
      -0.4284045100212097,
      -0.23702579736709595,
      0.4220639169216156,
      0.9030669331550598,
      -0.0795750692486763,
      0.24814046919345856,
      -0.030654940754175186,
      0.9682389497756958
    ],
    [
      0.9998379349708557,
      0.003825074527412653,
      0.01759737730026245,
      -0.0030952407978475094,
      0.9991413354873657,
      -0.04131656140089035,
      -0.01774030551314354,
      0.041255392134189606,
      0.9989912509918213
    ],
    [
      0.9943061470985413,
      -0.01436171680688858,
      0.10558898746967316,
      -0.057791102677583694,
      0.7598259449005127,
      0.6475529074668884,
      -0.08952922374010086,
      -0.6499679088592529,
      0.7546696066856384
    ],
    [
      0.9128894209861755,
      0.36811327934265137,
      0.1764243245124817,
      -0.3594302535057068,
      0.9297305941581726,
      -0.0800686702132225,
      -0.19350141286849976,
      0.009681597352027893,
      0.9810522794723511
    ],
    [
      0.8512699007987976,
      0.35088440775871277,
      0.39015355706214905,
      -0.29136812686920166,
      0.93445885181427,
      -0.20467358827590942,
      -0.4363991916179657,
      0.0605541467666626,
      0.8977132439613342
    ],
    [
      0.9947168827056885,
      -0.01366201601922512,
      -0.10174357146024704,
      0.02730611525475979,
      0.9906123876571655,
      0.13394545018672943,
      0.09895848482847214,
      -0.13601601123809814,
      0.9857519268989563
    ],
    [
      0.9780864715576172,
      -0.20789122581481934,
      0.011316369287669659,
      0.20755138993263245,
      0.9693189263343811,
      -0.13169366121292114,
      0.016408788040280342,
      0.13115651905536652,
      0.9912258386611938
    ],
    [
      0.8429872393608093,
      -0.14671891927719116,
      0.5175385475158691,
      0.10563962161540985,
      0.9885042905807495,
      0.10816475749015808,
      -0.5274588465690613,
      -0.03650893643498421,
      0.8487958312034607
    ],
    [
      0.9772478938102722,
      0.1866234540939331,
      -0.10078821331262589,
      -0.18149565160274506,
      0.9816837906837463,
      0.05793355032801628,
      0.10975391417741776,
      -0.038322821259498596,
      0.9932197332382202
    ],
    [
      0.6320081353187561,
      -0.7383871674537659,
      0.23526594042778015,
      0.774925708770752,
      0.6050781607627869,
      -0.18267597258090973,
      -0.007468686904758215,
      0.2977663576602936,
      0.9546095132827759
    ],
    [
      0.9059661030769348,
      -0.016103744506835938,
      -0.42304399609565735,
      0.18736015260219574,
      0.9113389253616333,
      0.3665482699871063,
      0.3796336352825165,
      -0.4113418757915497,
      0.8286593556404114
    ],
    [
      -0.12909512221813202,
      0.3383343815803528,
      0.9321288466453552,
      0.18278157711029053,
      0.9320069551467896,
      -0.31297579407691956,
      -0.9746410846710205,
      0.12997232377529144,
      -0.18215884268283844
    ],
    [
      0.9652713537216187,
      -0.20656448602676392,
      0.15994493663311005,
      0.26090383529663086,
      0.7936909198760986,
      -0.5495307445526123,
      -0.013433295302093029,
      0.5721765160560608,
      0.8200205564498901
    ],
    [
      0.9578750729560852,
      0.22940531373023987,
      0.17276740074157715,
      -0.19825442135334015,
      0.9634578824043274,
      -0.18012294173240662,
      -0.20777523517608643,
      0.138283371925354,
      0.9683529138565063
    ],
    [
      0.9554516077041626,
      0.20289623737335205,
      -0.2143486887216568,
      -0.1656445860862732,
      0.9697048664093018,
      0.1795395165681839,
      0.24428284168243408,
      -0.13603562116622925,
      0.9601147174835205
    ],
    [
      0.9226999878883362,
      -0.08303900063037872,
      0.37646934390068054,
      0.07765751332044601,
      0.9965442419052124,
      0.029477695003151894,
      -0.37761613726615906,
      0.002036601770669222,
      0.9259599447250366
    ]
  ],
  "root_rot": [
    0.9727861285209656,
    -0.0500602126121521,
    0.22623252868652344,
    -0.06267455965280533,
    -0.9968343377113342,
    0.04891957342624664,
    0.22306744754314423,
    -0.06176730617880821,
    -0.972844123840332
  ],
  "root_trans": [
    0.2774800658226013,
    0.5203948616981506,
    2.5656137466430664
  ]
}