{
  "betas": [
    -0.8986347317695618,
    0.6092806458473206,
    1.439186930656433,
    0.35895079374313354,
    0.3742193579673767,
    0.04531191289424896,
    0.26796382665634155,
    0.35759830474853516,
    -0.11000761389732361,
    0.8678323030471802
  ],
  "joints": [
    [
      0.9345780611038208,
      -0.35553455352783203,
      0.012610950507223606,
      0.3556765019893646,
      0.9330170154571533,
      -0.0545298270881176,
      0.007621006108820438,
      0.05544779822230339,
      0.9984325170516968
    ],
    [
      0.934631884098053,
      0.346079021692276,
      -0.08180747926235199,
      -0.3240188956260681,
      0.9235445857048035,
      0.20512740314006805,
      0.14654313027858734,
      -0.16521145403385162,
      0.9753103852272034
    ],
    [
      0.9979947805404663,
      -0.0622326135635376,
      -0.011556144803762436,
      0.0611640103161335,
      0.9951541423797607,
      -0.07698819786310196,
      0.01629132404923439,
      0.07612700015306473,
      0.9969650506973267
    ],
    [
      0.9940003156661987,
      -0.026488682255148888,
      -0.10612154006958008,
      -0.0006621822249144316,
      0.9687569737434387,
      -0.24801090359687805,
      0.1093754768371582,
      0.2465931624174118,
      0.9629272222518921
    ],
    [
      0.9964531660079956,
      0.009772621095180511,
      0.08358020335435867,
      0.02249688282608986,
      0.9261434674263,
      -0.37650004029273987,
      -0.0810866430401802,
      0.3770449161529541,
      0.9226387143135071
    ],
    [
      0.993912398815155,
      -0.03934935852885246,
      -0.10290610045194626,
      0.04066816717386246,
      0.9991148710250854,
      0.010748173110187054,
      0.10239208489656448,
      -0.014867744408547878,
      0.9946328997612
    ],
    [
      0.9930629134178162,
      0.03663589805364609,
      0.1117309108376503,
      -0.0354701429605484,
      0.9992937445640564,
      -0.012404213659465313,
      -0.11210644245147705,
      0.008355053141713142,
      0.9936610460281372
    ],
    [
      0.9224613904953003,
      -0.38594743609428406,
      -0.010471554473042488,
      0.38602519035339355,
      0.921473503112793,
      0.043257590383291245,
      -0.007045895326882601,
      -0.043945733457803726,
      0.9990091323852539
    ],
    [
      0.9995220899581909,
      0.025379246100783348,
      0.017651991918683052,
      -0.025826433673501015,
      0.9993389844894409,
      0.025584552437067032,
      -0.016991008073091507,
      -0.026028210297226906,
      0.9995168447494507
    ],
    [
      0.9909436702728271,
      -0.06584376096725464,
      0.11702638119459152,
      -0.007879537530243397,
      0.8415076732635498,
      0.540187656879425,
      -0.13404658436775208,
      -0.5362176895141602,
      0.8333678841590881
    ],
    [
      0.952796459197998,
      0.29848480224609375,
      0.05554884299635887,
      -0.2929040193557739,
      0.9518408179283142,
      -0.09058845043182373,
      -0.0799129381775856,
      0.07004188001155853,
      0.9943379759788513
    ],
    [
      0.9937013983726501,
      0.06604106724262238,
      -0.09053294360637665,
      -0.0636209174990654,
      0.9975420236587524,
      0.02936561591923237,
      0.09224975109100342,
      -0.02342086099088192,
      0.9954605102539062
    ],
    [
      0.9282253384590149,
      0.18954575061798096,
      -0.32010939717292786,
      -0.10183840990066528,
      0.9570632576942444,
      0.2714017331600189,
      0.3578079640865326,
      -0.2193225622177124,
      0.9076734185218811
    ],
    [
      0.9360464811325073,
      -0.1829441636800766,
      0.30058011412620544,
      0.1457720547914505,
      0.9790813326835632,
      0.14195148646831512,
      -0.32026156783103943,
      -0.08905700594186783,
      0.9431337714195251
    ],
    [
      0.9853232502937317,
      -0.014626187272369862,
      0.17007102072238922,
      -0.006022188812494278,
      0.9927235841751099,
      0.12026484310626984,
      -0.1705925166606903,
      -0.11952394992113113,
      0.978065550327301
    ],
    [
      0.5116850733757019,
      0.5883651971817017,
      -0.626102864742279,
      -0.6980341076850891,
      0.709557056427002,
      0.09631815552711487,
      0.5009259581565857,
      0.3877565562725067,
      0.7737687230110168
    ],
    [
      0.8239133358001709,
      -0.44484949111938477,
      0.3511064648628235,
      0.4052051901817322,
      0.8955583572387695,
      0.1838039606809616,
      -0.3962014615535736,
      -0.009168362244963646,
      0.9181178212165833
    ],
    [
      -0.16628776490688324,
      -0.36897826194763184,
      -0.9144415259361267,
      0.05119120702147484,
      0.9228721261024475,
      -0.3816889226436615,
      0.984747588634491,
      -0.1102815642952919,
      -0.13457390666007996
    ],
    [
      0.06267897039651871,
      0.1897243857383728,
      0.9798346757888794,
      -0.40935736894607544,
      0.9002685546875,
      -0.14813193678855896,
      -0.9102185964584351,
      -0.39181777834892273,
      0.13409298658370972
    ],
    [
      0.9397270679473877,
      -0.2272423505783081,
      0.2554878294467926,
      0.30921679735183716,
      0.8837118148803711,
      -0.3513380289077759,
      -0.1459387093782425,
      0.4091629385948181,
      0.9007150530815125
    ],
    [
      0.9180313944816589,
      0.3965066373348236,
      0.0009431871003471315,
      -0.37551242113113403,
      0.87018221616745,
      -0.319019615650177,
      -0.12731416523456573,
      0.2925158441066742,
      0.9477477669715881
    ],
    [
      0.9731674790382385,
      0.09519071877002716,
      -0.2094845473766327,
      -0.0794091746211052,
      0.9934208989143372,
      0.08251694589853287,
      0.21596118807792664,
      -0.06366781145334244,
      0.9743239283561707
    ],
    [
      0.977706789970398,
      -0.10844449698925018,
      0.17980338633060455,
      0.09969199448823929,
      0.9933816194534302,
      0.05704702436923981,
      -0.18479983508586884,
      -0.03785030171275139,
      0.9820470213890076
    ]
  ],
  "root_rot": [
    -0.9335010051727295,
    0.04309902340173721,
    -0.3559751510620117,
    0.006491627544164658,
    -0.9905562400817871,
    -0.1369532197713852,
    -0.35851597785949707,
    -0.13015682995319366,
    0.9244054555892944
  ],
  "root_trans": [
    -0.43914175033569336,
    0.5847978591918945,
    2.354182481765747
  ]
}