{
  "betas": [
    -0.8255414366722107,
    0.6285614967346191,
    1.4818801879882812,
    -0.13761043548583984,
    0.17044149339199066,
    -0.1880408227443695,
    0.0053882598876953125,
    0.26633158326148987,
    -0.04844576120376587,
    1.0813226699829102
  ],
  "joints": [
    [
      0.9434877038002014,
      -0.31848564743995667,
      0.09163985401391983,
      0.2952226996421814,
      0.9333419799804688,
      0.2042457014322281,
      -0.15058064460754395,
      -0.16564913094043732,
      0.9746208786964417
    ],
    [
      0.9392639994621277,
      0.342846542596817,
      -0.015471150167286396,
      -0.328746497631073,
      0.9117478728294373,
      0.24625509977340698,
      0.098533496260643,
      -0.22621247172355652,
      0.9690815210342407
    ],
    [
      0.9980899691581726,
      -0.051916904747486115,
      0.033482626080513,
      0.05641356483101845,
      0.9868508577346802,
      -0.1514686942100525,
      -0.02517857775092125,
      0.15306824445724487,
      0.9878947734832764
    ],
    [
      0.9901378154754639,
      0.1391260176897049,
      -0.01646288111805916,
      -0.1391129195690155,
      0.9624724388122559,
      -0.23301155865192413,
      -0.016572894528508186,
      0.23300376534461975,
      0.9723345637321472
    ],
    [
      0.9830356240272522,
      0.06085239723324776,
      0.17302602529525757,
      -0.02355887182056904,
      0.9774365425109863,
      -0.20991145074367523,
      -0.18189556896686554,
      0.2022741287946701,
      0.9622885584831238
    ],
    [
      0.9928487539291382,
      -0.02105352282524109,
      -0.11750748753547668,
      0.026873046532273293,
      0.9984779953956604,
      0.04816194996237755,
      0.11631465703248978,
      -0.05097532272338867,
      0.9919034242630005
    ],
    [
      0.9840981364250183,
      -0.041821714490652084,
      0.17263193428516388,
      0.05757548287510872,
      0.994518518447876,
      -0.08728080242872238,
      -0.16803543269634247,
      0.09583224356174469,
      0.9811117053031921
    ],
    [
      0.870919942855835,
      -0.4302480220794678,
      -0.23745553195476532,
      0.4225594699382782,
      0.9023300409317017,
      -0.08511174470186234,
      0.25088241696357727,
      -0.026213569566607475,
      0.9676625728607178
    ],
    [
      0.9997648000717163,
      0.0029767320957034826,
      0.02148289419710636,
      -0.002119658747687936,
      0.9992051124572754,
      -0.039808712899684906,
      -0.021584315225481987,
      0.03975381329655647,
      0.9989764094352722
    ],
    [
      0.9931955933570862,
      -0.009300289675593376,
      0.11608615517616272,
      -0.06879045069217682,
      0.7574715614318848,
      0.6492339968681335,
      -0.09397001564502716,
      -0.6528019905090332,
      0.7516776323318481
    ],
    [
      0.9115359783172607,
      0.37290072441101074,
      0.17334163188934326,
      -0.3660036325454712,
      0.9278698563575745,
      -0.071407251060009,
      -0.18746626377105713,
      0.0016466128872707486,
      0.9822697639465332
    ],
    [
      0.8454498052597046,
      0.35796353220939636,
      0.39632922410964966,
      -0.300235390663147,
      0.932316780090332,
      -0.20160381495952606,
      -0.441671222448349,
      0.05145382881164551,
      0.8957003355026245
    ],
    [
      0.9944495558738708,
      -0.021753665059804916,
      -0.10294079035520554,
      0.03576585277915001,
      0.9900219440460205,
      0.1362990289926529,
      0.09894862771034241,
      -0.13922429084777832,
      0.9853048920631409
    ],
    [
      0.9794875979423523,
      -0.20090271532535553,
      0.015561975538730621,
      0.20121131837368011,
      0.9709761738777161,
      -0.1293027549982071,
      0.010866970755159855,
      0.12978169322013855,
      0.9914830327033997
    ],
    [
      0.839679479598999,
      -0.15701140463352203,
      0.5198901891708374,
      0.10384000092744827,
      0.9860506057739258,
      0.13008296489715576,
      -0.5330625176429749,
      -0.05524259805679321,
      0.8442705273628235
    ],
    [
      0.9763995409011841,
      0.19298848509788513,
      -0.09695029258728027,
      -0.1889134645462036,
      0.9807365536689758,
      0.049673959612846375,
      0.10466920584440231,
      -0.030186422169208527,
      0.9940488338470459
    ],
    [
      0.6271381974220276,
      -0.7406905293464661,
      0.24098818004131317,
      0.7788259387016296,
      0.6007965207099915,
      -0.1802046000957489,
      -0.011309027671813965,
      0.3007010221481323,
      0.9536514282226562
    ],
    [
      0.9013471603393555,
      -0.012835565954446793,
      -0.43290725350379944,
      0.17941753566265106,
      0.9208223223686218,
      0.34625953435897827,
      0.39418622851371765,
      -0.38977116346359253,
      0.8322834968566895
    ],
    [
      -0.13294249773025513,
      0.3440053164958954,
      0.9295088648796082,
      0.17907026410102844,
      0.9307361841201782,
      -0.3188481032848358,
      -0.9748128652572632,
      0.12405892461538315,
      -0.18533551692962646
    ],
    [
      0.9639390707015991,
      -0.2082262486219406,
      0.16572070121765137,
      0.26571112871170044,
      0.7876991629600525,
      -0.5558125972747803,
      -0.0148032670840621,
      0.5798032879829407,
      0.8146220445632935
    ],
    [
      0.9618609547615051,
      0.2330053299665451,
      0.14328958094120026,
      -0.2006697952747345,
      0.9570528864860535,
      -0.20924027264118195,
      -0.18588979542255402,
      0.172506183385849,
      0.9673089385032654
    ],
    [
      0.9533249735832214,
      0.20802032947540283,
      -0.21885867416858673,
      -0.16813303530216217,
      0.9677725434303284,
      0.18747690320014954,
      0.25080442428588867,
      -0.1419290155172348,
      0.9575768113136292
    ],
    [
      0.9217621684074402,
      -0.08492253720760345,
      0.378341943025589,
      0.07803300768136978,
      0.9963865876197815,
      0.03353529050946236,
      -0.3798227310180664,
      -0.0013884054496884346,
      0.9250582456588745
    ]
  ],
  "root_rot": [
    0.9754029512405396,
    -0.05167708918452263,
    0.21428653597831726,
    -0.06393912434577942,
    -0.9966656565666199,
    0.05068732798099518,
    0.21095269918441772,
    -0.0631418526172638,
    -0.9754548072814941
  ],
  "root_trans": [
    0.27748119831085205,
    0.5202690362930298,
    2.561917781829834
  ]
}