{
  "betas": [
    -0.7510289549827576,
    1.2505154609680176,
    1.7204667329788208,
    0.387712299823761,
    0.024205505847930908,
    -0.18611741065979004,
    0.031077325344085693,
    0.558868408203125,
    0.14931215345859528,
    0.6151339411735535
  ],
  "joints": [
    [
      0.98219895362854,
      -0.18038825690746307,
      -0.05239538103342056,
      0.18651096522808075,
      0.9696910381317139,
      0.15783818066120148,
      0.022335181012749672,
      -0.16480080783367157,
      0.986073911190033
    ],
    [
      0.9779255986213684,
      0.16826412081718445,
      -0.12388955056667328,
      -0.15985170006752014,
      0.9842846989631653,
      0.07504010200500488,
      0.13456913828849792,
      -0.05357968062162399,
      0.9894545078277588
    ],
    [
      0.996463418006897,
      -0.01258464902639389,
      0.08307955414056778,
      0.02129139006137848,
      0.9942694306373596,
      -0.10476178675889969,
      -0.08128506690263748,
      0.10616017132997513,
      0.9910210371017456
    ],
    [
      0.9997290372848511,
      -0.00900233630090952,
      -0.021466031670570374,
      0.0051405406557023525,
      0.9848039150238037,
      -0.17359407246112823,
      0.02270258031785488,
      0.17343670129776,
      0.98458331823349
    ],
    [
      0.9989109635353088,
      0.035043865442276,
      0.03080245666205883,
      -0.03127593919634819,
      0.9928399324417114,
      -0.11528537422418594,
      -0.0346219539642334,
      0.11419644951820374,
      0.9928547143936157
    ],
    [
      0.9897348880767822,
      -0.04553131014108658,
      -0.13546913862228394,
      0.044339586049318314,
      0.9989467859268188,
      -0.011802776716649532,
      0.13586385548114777,
      0.005674971267580986,
      0.9907113313674927
    ],
    [
      0.9954007267951965,
      0.08915867656469345,
      0.035044413059949875,
      -0.08462309837341309,
      0.9898024797439575,
      -0.1145857721567154,
      -0.04490336403250694,
      0.1110931932926178,
      0.9927949905395508
    ],
    [
      0.8887760043144226,
      -0.36363279819488525,
      -0.2790132761001587,
      0.3790774345397949,
      0.9253637790679932,
      0.0015136756701394916,
      0.2576383054256439,
      -0.10711294412612915,
      0.9602861404418945
    ],
    [
      0.999319851398468,
      0.0072716218419373035,
      0.036151058971881866,
      -0.00778937665745616,
      0.9998688697814941,
      0.014201849699020386,
      -0.03604304417967796,
      -0.01447378471493721,
      0.9992454648017883
    ],
    [
      0.9084603190422058,
      -0.29254403710365295,
      0.2985258996486664,
      0.13603265583515167,
      0.8822827339172363,
      0.45063531398773193,
      -0.3952149748802185,
      -0.36877506971359253,
      0.8413143754005432
    ],
    [
      0.8722197413444519,
      0.3865703344345093,
      0.29965996742248535,
      -0.3949632942676544,
      0.918042004108429,
      -0.034682746976614,
      -0.28850775957107544,
      -0.08810371160507202,
      0.9534154534339905
    ],
    [
      0.9892918467521667,
      0.060289207845926285,
      -0.1329163908958435,
      -0.06186873838305473,
      0.9980539679527283,
      -0.007782054133713245,
      0.13218854367733002,
      0.015922091901302338,
      0.9910966753959656
    ],
    [
      0.9693301320075989,
      0.19418509304523468,
      0.15063610672950745,
      -0.18791912496089935,
      0.9806483387947083,
      -0.05491122975945473,
      -0.15838398039340973,
      0.02491970732808113,
      0.9870630502700806
    ],
    [
      0.9177420139312744,
      -0.395804226398468,
      -0.03299716114997864,
      0.39160099625587463,
      0.9156014323234558,
      -0.0912284255027771,
      0.06632084399461746,
      0.07080242037773132,
      0.9952832460403442
    ],
    [
      0.9802007079124451,
      -0.1939922720193863,
      -0.03966843709349632,
      0.19472667574882507,
      0.9807344675064087,
      0.015536719933152199,
      0.03589020296931267,
      -0.022953607141971588,
      0.9990921020507812
    ],
    [
      0.5972933173179626,
      0.7541916370391846,
      -0.2728292942047119,
      -0.7981034517288208,
      0.5253368616104126,
      -0.2950459420681,
      -0.0791938528418541,
      0.3939749300479889,
      0.9157031178474426
    ],
    [
      0.627083957195282,
      -0.7498027682304382,
      0.2110961228609085,
      0.7715082764625549,
      0.6352245807647705,
      -0.03556349501013756,
      -0.10742782801389694,
      0.1851636916399002,
      0.9768182039260864
    ],
    [
      0.29787886142730713,
      -0.19008727371692657,
      -0.9354864954948425,
      -0.19177962839603424,
      0.9480772614479065,
      -0.25371241569519043,
      0.9351410865783691,
      0.2549827992916107,
      0.24595731496810913
    ],
    [
      0.9627556800842285,
      0.10826511681079865,
      0.2477499097585678,
      -0.08097467571496964,
      0.9897261261940002,
      -0.11783628165721893,
      -0.25796207785606384,
      0.09338609129190445,
      0.961631178855896
    ],
    [
      0.9450324773788452,
      -0.15028990805149078,
      0.2903905212879181,
      0.2690008282661438,
      0.8622314929962158,
      -0.4291800558567047,
      -0.18588240444660187,
      0.4837043285369873,
      0.8552649021148682
    ],
    [
      0.9733652472496033,
      0.1848496049642563,
      -0.13561290502548218,
      -0.22850070893764496,
      0.8303225040435791,
      -0.5082834959030151,
      0.018646422773599625,
      0.5257329940795898,
      0.8504453301429749
    ],
    [
      0.5133562684059143,
      0.47130757570266724,
      -0.7171711325645447,
      -0.29316002130508423,
      0.8817304968833923,
      0.3696059286594391,
      0.8065497279167175,
      0.020506352186203003,
      0.5908104181289673
    ],
    [
      0.9457599520683289,
      -0.2736699879169464,
      0.17505110800266266,
      0.21101900935173035,
      0.9271992444992065,
      0.30947136878967285,
      -0.2470002919435501,
      -0.2557465136051178,
      0.9346574544906616
    ]
  ],
  "root_rot": [
    -0.5950794219970703,
    0.0333845317363739,
    0.8029733896255493,
    -0.06015174463391304,
    -0.9981845021247864,
    -0.0030774781480431557,
    0.80141282081604,
    -0.050131577998399734,
    0.5960071682929993
  ],
  "root_trans": [
    -1.1630609035491943,
    0.5087094306945801,
    2.663243293762207
  ]
}