{
  "betas": [
    -0.8728949427604675,
    0.9653931856155396,
    1.2840378284454346,
    0.4724639058113098,
    0.17118526995182037,
    0.06705068051815033,
    -0.3110576272010803,
    0.784678041934967,
    0.2445494532585144,
    0.7949014902114868
  ],
  "joints": [
    [
      0.9949544072151184,
      -0.1002417728304863,
      -0.004153367131948471,
      0.09683628380298615,
      0.9703322052955627,
      -0.22153599560260773,
      0.026237305253744125,
      0.22001603245735168,
      0.9751433730125427
    ],
    [
      0.9926697015762329,
      0.021726101636886597,
      -0.11888974905014038,
      0.04597726836800575,
      0.8418623208999634,
      0.5377302765846252,
      0.1117715835571289,
      -0.5392548441886902,
      0.8346922993659973
    ],
    [
      0.9976997971534729,
      -0.05723527818918228,
      0.03632241114974022,
      0.06306581199169159,
      0.9801920056343079,
      -0.18774013221263885,
      -0.024857576936483383,
      0.18959897756576538,
      0.981546938419342
    ],
    [
      0.9929608106613159,
      -0.0035021756775677204,
      -0.11839184910058975,
      -0.006394236348569393,
      0.9965201020240784,
      -0.08310701698064804,
      0.11827091127634048,
      0.08327902853488922,
      0.9894829988479614
    ],
    [
      0.975506603717804,
      -0.12507551908493042,
      -0.18095073103904724,
      0.05131443589925766,
      0.9293109178543091,
      -0.3657156527042389,
      0.2139015942811966,
      0.347472608089447,
      0.9129671454429626
    ],
    [
      0.9991371631622314,
      0.023564090952277184,
      -0.03419923409819603,
      -0.026050914078950882,
      0.9969035983085632,
      -0.07419223338365555,
      0.03234507143497467,
      0.07501914352178574,
      0.9966573119163513
    ],
    [
      0.9843771457672119,
      0.08618917316198349,
      0.15353484451770782,
      -0.11255728453397751,
      0.9785918593406677,
      0.17230471968650818,
      -0.13539713621139526,
      -0.18689431250095367,
      0.9730046987533569
    ],
    [
      0.8373364806175232,
      -0.22397950291633606,
      -0.4986990988254547,
      0.3021862208843231,
      0.9498188495635986,
      0.0807933583855629,
      0.4555777907371521,
      -0.21835123002529144,
      0.8630014657974243
    ],
    [
      0.9921509027481079,
      0.0180059764534235,
      0.12374294549226761,
      -0.01972191222012043,
      0.9997254610061646,
      0.012655917555093765,
      -0.12348107248544693,
      -0.01499702874571085,
      0.9922336339950562
    ],
    [
      0.9075424671173096,
      -0.4187103807926178,
      -0.03237812966108322,
      0.3153614401817322,
      0.6285595893859863,
      0.7109571099281311,
      -0.277333527803421,
      -0.6554345488548279,
      0.7024896144866943
    ],
    [
      0.7441532611846924,
      0.30263659358024597,
      0.5955224633216858,
      -0.41330835223197937,
      0.9089561700820923,
      0.0545426569879055,
      -0.5247972011566162,
      -0.2867225110530853,
      0.8014849424362183
    ],
    [
      0.8801473379135132,
      -0.024865884333848953,
      -0.474048912525177,
      0.07270497828722,
      0.9939060211181641,
      0.082853764295578,
      0.46909987926483154,
      -0.10738923400640488,
      0.8765916228294373
    ],
    [
      0.9401941895484924,
      0.3354352116584778,
      0.059313833713531494,
      -0.33529362082481384,
      0.9420291781425476,
      -0.0126209557056427,
      -0.06010887026786804,
      -0.008021402172744274,
      0.998159646987915
    ],
    [
      0.879234790802002,
      -0.28128960728645325,
      0.38447651267051697,
      0.24426473677158356,
      0.9590924978256226,
      0.14309513568878174,
      -0.4089997708797455,
      -0.03190017491579056,
      0.9119766354560852
    ],
    [
      0.9961029291152954,
      0.046202681958675385,
      -0.07512905448675156,
      -0.045493125915527344,
      0.9989026188850403,
      0.011129511520266533,
      0.07556082308292389,
      -0.007668282836675644,
      0.9971117377281189
    ],
    [
      0.708292543888092,
      0.6838569045066833,
      -0.17510376870632172,
      -0.6448149085044861,
      0.5258129835128784,
      -0.5547381043434143,
      -0.28728967905044556,
      0.5058264136314392,
      0.8133905529975891
    ],
    [
      0.8512013554573059,
      -0.30638158321380615,
      0.4261298179626465,
      0.23270688951015472,
      0.9480712413787842,
      0.21681451797485352,
      -0.47042936086654663,
      -0.08538945764303207,
      0.8782966136932373
    ],
    [
      -0.30060192942619324,
      -0.24920114874839783,
      -0.9206178784370422,
      -0.17388617992401123,
      0.9634031057357788,
      -0.20400498807430267,
      0.9377644062042236,
      0.09875843673944473,
      -0.3329334557056427
    ],
    [
      0.37448516488075256,
      0.15288011729717255,
      0.9145427942276001,
      -0.5746777057647705,
      0.8123051524162292,
      0.09952835738658905,
      -0.7276719212532043,
      -0.5628392100334167,
      0.3920530080795288
    ],
    [
      0.8963600397109985,
      -0.44329941272735596,
      -0.004928774666041136,
      0.3994881510734558,
      0.8124932646751404,
      -0.42457491159439087,
      0.19221843779087067,
      0.3786029815673828,
      0.9053793549537659
    ],
    [
      0.9151641726493835,
      0.34327635169029236,
      -0.21127191185951233,
      -0.4005083739757538,
      0.715281069278717,
      -0.5726832151412964,
      -0.045469801872968674,
      0.6087153553962708,
      0.7920846939086914
    ],
    [
      0.712313711643219,
      0.5447266697883606,
      -0.44258561730384827,
      -0.2343021035194397,
      0.7789678573608398,
      0.5816456079483032,
      0.6615978479385376,
      -0.3106153905391693,
      0.6825000643730164
    ],
    [
      0.9482535719871521,
      -0.24869491159915924,
      0.19739793241024017,
      0.13528794050216675,
      0.8789046406745911,
      0.45740991830825806,
      -0.28724944591522217,
      -0.40703505277633667,
      0.8670699000358582
    ]
  ],
  "root_rot": [
    0.5966156721115112,
    -0.04207853600382805,
    -0.8014231324195862,
    0.027561640366911888,
    -0.9969609975814819,
    0.07286333292722702,
    -0.802053689956665,
    -0.06555994600057602,
    -0.5936428308486938
  ],
  "root_trans": [
    -0.7091593742370605,
    0.5542195439338684,
    2.461665630340576
  ]
}