{
  "betas": [
    -0.7231605052947998,
    1.3718509674072266,
    1.1357030868530273,
    0.24272668361663818,
    -0.16391026973724365,
    0.07108287513256073,
    -0.0812101662158966,
    0.5038491487503052,
    0.08553002774715424,
    0.4844377040863037
  ],
  "joints": [
    [
      0.9962119460105896,
      -0.06495523452758789,
      -0.05781523883342743,
      0.06874485313892365,
      0.995437502861023,
      0.06616866588592529,
      0.05325345695018768,
      -0.0698925107717514,
      0.9961320757865906
    ],
    [
      0.9973989725112915,
      -0.05384319648146629,
      0.04791905730962753,
      0.03380867466330528,
      0.9366203546524048,
      0.3487108051776886,
      -0.06365767121315002,
      -0.346183717250824,
      0.9360045194625854
    ],
    [
      0.9969906210899353,
      -0.0626373291015625,
      -0.045676715672016144,
      0.05522669479250908,
      0.98736172914505,
      -0.14854906499385834,
      0.054404161870479584,
      0.14557944238185883,
      0.9878496527671814
    ],
    [
      0.9935781359672546,
      0.08712055534124374,
      -0.07219769060611725,
      -0.10210131853818893,
      0.41534340381622314,
      -0.9039165377616882,
      -0.04876287654042244,
      0.9054831862449646,
      0.4215712547302246
    ],
    [
      0.999973475933075,
      0.0008530402556061745,
      0.007230638992041349,
      0.002424095757305622,
      0.8974441885948181,
      -0.44112130999565125,
      -0.0068653905764222145,
      0.44112715125083923,
      0.8974183201789856
    ],
    [
      0.9867462515830994,
      -0.04386639595031738,
      -0.1562289297580719,
      0.042975250631570816,
      0.9990349411964417,
      -0.009078919887542725,
      0.15647640824317932,
      0.00224461336620152,
      0.987679123878479
    ],
    [
      0.9715061187744141,
      0.199240043759346,
      0.12837116420269012,
      -0.1670958250761032,
      0.959874153137207,
      -0.22521226108074188,
      -0.16809147596359253,
      0.1973448246717453,
      0.9658157825469971
    ],
    [
      0.915626585483551,
      -0.3155188262462616,
      -0.24914993345737457,
      0.3492802381515503,
      0.9311878681182861,
      0.10436681658029556,
      0.19907569885253906,
      -0.18258419632911682,
      0.9628248810768127
    ],
    [
      0.9999710917472839,
      0.0008771265274845064,
      0.007556410972028971,
      -0.0005782369407825172,
      0.9992207884788513,
      -0.03946569561958313,
      -0.007585139013826847,
      0.039460182189941406,
      0.9991924166679382
    ],
    [
      0.924216628074646,
      -0.3802344799041748,
      -0.03529107943177223,
      0.2890830934047699,
      0.6362740993499756,
      0.7152525782585144,
      -0.24950888752937317,
      -0.6712503433227539,
      0.697974443435669
    ],
    [
      0.8090596199035645,
      0.30368584394454956,
      0.5031872987747192,
      -0.28932443261146545,
      0.9510307312011719,
      -0.10877437144517899,
      -0.5115798711776733,
      -0.05757942795753479,
      0.8573042750358582
    ],
    [
      0.9542784094810486,
      0.025893596932291985,
      -0.29779550433158875,
      -0.05457666143774986,
      0.9945879578590393,
      -0.08840924501419067,
      0.29389458894729614,
      0.10061972588300705,
      0.950527012348175
    ],
    [
      0.9061945080757141,
      0.0012406145688146353,
      -0.4228593409061432,
      0.1279827058315277,
      0.9522901177406311,
      0.27706292271614075,
      0.4030285179615021,
      -0.3051915764808655,
      0.8628013134002686
    ],
    [
      0.9141379594802856,
      -0.2973100543022156,
      0.2756054997444153,
      0.3030524253845215,
      0.9527067542076111,
      0.022559715434908867,
      -0.26927846670150757,
      0.06290022283792496,
      0.9610059261322021
    ],
    [
      0.9842948317527771,
      -0.0016292177606374025,
      -0.17652484774589539,
      -0.0029972705524414778,
      0.9996590614318848,
      -0.02593890205025673,
      0.176506906747818,
      0.026060620322823524,
      0.9839543700218201
    ],
    [
      0.33714887499809265,
      0.6110512018203735,
      -0.7162033319473267,
      -0.5784111618995667,
      0.7346768379211426,
      0.35452863574028015,
      0.7428131103515625,
      0.2947309911251068,
      0.6011343002319336
    ],
    [
      0.5848739147186279,
      -0.7442647218704224,
      0.3224787712097168,
      0.7748547196388245,
      0.6302230954170227,
      0.04918283224105835,
      -0.2398386001586914,
      0.22110846638679504,
      0.9452980756759644
    ],
    [
      0.081964410841465,
      -0.3052781820297241,
      -0.9487292170524597,
      0.2625841200351715,
      0.9249128103256226,
      -0.2749289572238922,
      0.961421549320221,
      -0.22658683359622955,
      0.15597113966941833
    ],
    [
      0.9386375546455383,
      0.10309199243783951,
      0.32913756370544434,
      -0.052163608372211456,
      0.9857392311096191,
      -0.15999111533164978,
      -0.34093761444091797,
      0.13300466537475586,
      0.9306294918060303
    ],
    [
      0.909105122089386,
      -0.2597566843032837,
      0.3256599009037018,
      0.3881514370441437,
      0.8120051026344299,
      -0.4358741044998169,
      -0.1512162685394287,
      0.5226607322692871,
      0.8390229344367981
    ],
    [
      0.9764897227287292,
      0.15689034759998322,
      -0.14782817661762238,
      -0.21504440903663635,
      0.756565511226654,
      -0.6175472140312195,
      0.0149545194581151,
      0.6348181962966919,
      0.7725168466567993
    ],
    [
      0.8848821520805359,
      0.3883610665798187,
      -0.2572142779827118,
      -0.232356995344162,
      0.8465811610221863,
      0.47886374592781067,
      0.4037248194217682,
      -0.3639724552631378,
      0.8393629789352417
    ],
    [
      0.9622894525527954,
      -0.23841482400894165,
      0.13098596036434174,
      0.19075463712215424,
      0.9346990585327148,
      0.299917072057724,
      -0.19393713772296906,
      -0.26362085342407227,
      0.9449297785758972
    ]
  ],
  "root_rot": [
    0.5781233906745911,
    0.0624813549220562,
    -0.813553512096405,
    0.09690298140048981,
    -0.995265007019043,
    -0.00757617549970746,
    -0.8101747035980225,
    -0.07445579767227173,
    -0.5814406275749207
  ],
  "root_trans": [
    0.04141300916671753,
    0.508432149887085,
    2.4756884574890137
  ]
}