{
  "betas": [
    -0.7879356741905212,
    0.5769013166427612,
    1.6582533121109009,
    0.6778417825698853,
    0.36935463547706604,
    0.028126273304224014,
    -0.322135865688324,
    0.5105271339416504,
    0.17614349722862244,
    0.9248176217079163
  ],
  "joints": [
    [
      0.9855676889419556,
      -0.16907459497451782,
      0.008371556177735329,
      0.1684088557958603,
      0.9742705821990967,
      -0.149784117937088,
      0.017168527469038963,
      0.14903223514556885,
      0.98868328332901
    ],
    [
      0.9835674166679382,
      0.17924480140209198,
      -0.02159585990011692,
      -0.15532736480236053,
      0.9011009931564331,
      0.40483370423316956,
      0.09202439337968826,
      -0.39482682943344116,
      0.914135217666626
    ],
    [
      0.9979085922241211,
      -0.0640251636505127,
      0.00889614224433899,
      0.06453820317983627,
      0.9945826530456543,
      -0.08148733526468277,
      -0.0036307096015661955,
      0.08189105987548828,
      0.9966346621513367
    ],
    [
      0.9946762323379517,
      0.005151491146534681,
      -0.10292075574398041,
      -0.008000560104846954,
      0.999595582485199,
      -0.027288535609841347,
      0.10273855924606323,
      0.027966681867837906,
      0.9943152070045471
    ],
    [
      0.9997672438621521,
      0.001747948583215475,
      -0.021504228934645653,
      -0.009103267453610897,
      0.9378225207328796,
      -0.34699591994285583,
      0.019560614600777626,
      0.34711089730262756,
      0.9376201629638672
    ],
    [
      0.9972683787345886,
      0.055162280797958374,
      -0.04912019893527031,
      -0.055849798023700714,
      0.9983580112457275,
      -0.012734896503388882,
      0.04833705350756645,
      0.015443464741110802,
      0.9987117052078247
    ],
    [
      0.9984992742538452,
      0.02370661124587059,
      0.04936753958463669,
      -0.03406430780887604,
      0.9746960997581482,
      0.2209233194589615,
      -0.04288100451231003,
      -0.22227345407009125,
      0.9740409255027771
    ],
    [
      0.9140585064888,
      -0.3171994388103485,
      -0.2527479827404022,
      0.32697340846061707,
      0.9450269937515259,
      -0.003518124809488654,
      0.23996959626674652,
      -0.07942609488964081,
      0.9675257205963135
    ],
    [
      0.9941741228103638,
      0.052791837602853775,
      0.09397353231906891,
      -0.05227680504322052,
      0.9986011385917664,
      -0.007935687899589539,
      -0.09426101297140121,
      0.0029768182430416346,
      0.9955431818962097
    ],
    [
      0.9513075351715088,
      -0.28960636258125305,
      0.10555631667375565,
      0.17694376409053802,
      0.7934734225273132,
      0.5823149681091309,
      -0.252398282289505,
      -0.535283088684082,
      0.8060812950134277
    ],
    [
      0.8961002230644226,
      0.25673049688339233,
      0.36206895112991333,
      -0.3493715524673462,
      0.9111201763153076,
      0.21863126754760742,
      -0.27375900745391846,
      -0.3224121034145355,
      0.9061493277549744
    ],
    [
      0.9166370630264282,
      -0.03703443333506584,
      -0.3980010747909546,
      0.029835551977157593,
      0.9992601275444031,
      -0.024267926812171936,
      0.3986054062843323,
      0.010370300151407719,
      0.91706383228302
    ],
    [
      0.9725501537322998,
      0.19949780404567719,
      0.11977825313806534,
      -0.20073840022087097,
      0.9796432852745056,
      -0.0017409746069461107,
      -0.11768729239702225,
      -0.022350911051034927,
      0.9927991032600403
    ],
    [
      0.9253344535827637,
      -0.06146975979208946,
      0.374135822057724,
      0.0028635715134441853,
      0.98787522315979,
      0.155223548412323,
      -0.37914106249809265,
      -0.14256232976913452,
      0.9142910242080688
    ],
    [
      0.9927446842193604,
      0.015080921351909637,
      -0.1192920133471489,
      -0.006885893177241087,
      0.9976058006286621,
      0.06881333142518997,
      0.12004416435956955,
      -0.06749263405799866,
      0.9904717206954956
    ],
    [
      0.6498030424118042,
      0.7451598048210144,
      -0.14997631311416626,
      -0.707444965839386,
      0.5207357406616211,
      -0.4778660833835602,
      -0.2779885530471802,
      0.41661882400512695,
      0.8655352592468262
    ],
    [
      0.8737178444862366,
      -0.20278675854206085,
      0.4421476721763611,
      0.12014485150575638,
      0.9707616567611694,
      0.20781490206718445,
      -0.4713621139526367,
      -0.12844982743263245,
      0.8725355863571167
    ],
    [
      -0.41209515929222107,
      -0.2693217992782593,
      -0.870427131652832,
      -0.024259360507130623,
      0.9582202434539795,
      -0.28500083088874817,
      0.9108178019523621,
      -0.09633146226406097,
      -0.4014115035533905
    ],
    [
      -0.5665117502212524,
      0.06086563318967819,
      0.8218026161193848,
      -0.21681645512580872,
      0.9511213302612305,
      -0.21990634500980377,
      -0.7950187921524048,
      -0.30275988578796387,
      -0.5256247520446777
    ],
    [
      0.9549267888069153,
      -0.2967703938484192,
      0.006488403771072626,
      0.2745784521102905,
      0.8747915625572205,
      -0.399181991815567,
      0.11278941482305527,
      0.3829711675643921,
      0.9168486595153809
    ],
    [
      0.9333047270774841,
      0.35578444600105286,
      0.04857633635401726,
      -0.297921359539032,
      0.8427345752716064,
      -0.44837623834609985,
      -0.20046228170394897,
      0.4039997458457947,
      0.8925239443778992
    ],
    [
      0.8575215339660645,
      0.23160526156425476,
      -0.4593645930290222,
      -0.1658555269241333,
      0.9697123765945435,
      0.17930379509925842,
      0.486979216337204,
      -0.07756871730089188,
      0.8699622750282288
    ],
    [
      0.9311500787734985,
      -0.29452812671661377,
      0.21497158706188202,
      0.1664072871208191,
      0.8678188920021057,
      0.4681870639324188,
      -0.32445061206817627,
      -0.40017956495285034,
      0.8570812344551086
    ]
  ],
  "root_rot": [
    0.7909942865371704,
    -0.016681861132383347,
    -0.6115961074829102,
    0.001431860844604671,
    -0.9995750188827515,
    0.02911621890962124,
    -0.6118218898773193,
    -0.023906482383608818,
    -0.7906342148780823
  ],
  "root_trans": [
    -0.6506233215332031,
    0.5441043972969055,
    2.463634967803955
  ]
}