{
  "betas": [
    -1.1184418201446533,
    1.0002076625823975,
    1.6485040187835693,
    0.5586049556732178,
    0.19099478423595428,
    -0.14881807565689087,
    0.11218869686126709,
    0.5794005393981934,
    -0.007205754518508911,
    0.7968961000442505
  ],
  "joints": [
    [
      0.9841189980506897,
      -0.1711205244064331,
      -0.04719790443778038,
      0.17723585665225983,
      0.9620053768157959,
      0.2076851725578308,
      0.009865441359579563,
      -0.2127520740032196,
      0.9770564436912537
    ],
    [
      0.9760780930519104,
      -0.17708157002925873,
      -0.12614993751049042,
      0.18219846487045288,
      0.9827991724014282,
      0.030156953260302544,
      0.11863981932401657,
      -0.052419863641262054,
      0.9915527105331421
    ],
    [
      0.9938925504684448,
      0.021208595484495163,
      0.10829465836286545,
      -0.00984223559498787,
      0.9944832921028137,
      -0.10443247854709625,
      -0.10991209000349045,
      0.10272881388664246,
      0.9886182546615601
    ],
    [
      0.9871940612792969,
      0.1590873897075653,
      0.011794875375926495,
      -0.10131847113370895,
      0.6823902130126953,
      -0.7239323854446411,
      -0.12321723252534866,
      0.7134667038917542,
      0.6897700428962708
    ],
    [
      0.9906415343284607,
      -0.04903864860534668,
      -0.127375990152359,
      0.026626506820321083,
      0.9847316741943359,
      -0.1720307469367981,
      0.1338673233985901,
      0.16702920198440552,
      0.9768218398094177
    ],
    [
      0.9981147050857544,
      -0.02895326539874077,
      -0.054118793457746506,
      0.02892172522842884,
      0.9995806813240051,
      -0.001365913893096149,
      0.05413565784692764,
      -0.00020187081827316433,
      0.9985335469245911
    ],
    [
      0.9969770908355713,
      0.07699176669120789,
      0.010434497147798538,
      -0.0755055695772171,
      0.9917593598365784,
      -0.10350049287080765,
      -0.018317194655537605,
      0.10239975899457932,
      0.9945746660232544
    ],
    [
      0.964625895023346,
      -0.18884411454200745,
      -0.18394218385219574,
      0.17983801662921906,
      0.9815710783004761,
      -0.0646263137459755,
      0.19275662302970886,
      0.029260417446494102,
      0.9808102250099182
    ],
    [
      0.9981983304023743,
      0.020739389583468437,
      0.056302864104509354,
      -0.01886669360101223,
      0.9992575645446777,
      -0.03359133005142212,
      -0.05695772543549538,
      0.032468561083078384,
      0.9978485107421875
    ],
    [
      0.897899866104126,
      -0.4400547444820404,
      -0.011298233643174171,
      0.30945464968681335,
      0.6127500534057617,
      0.7271693348884583,
      -0.3130713105201721,
      -0.6564215421676636,
      0.6863651871681213
    ],
    [
      0.9179161190986633,
      0.33139485120773315,
      0.21819144487380981,
      -0.29432475566864014,
      0.9374933838844299,
      -0.18568582832813263,
      -0.2660883367061615,
      0.10622486472129822,
      0.9580780267715454
    ],
    [
      0.9319759607315063,
      -0.1081797331571579,
      -0.34600287675857544,
      0.09907858073711395,
      0.994109034538269,
      -0.04394064098596573,
      0.3487180173397064,
      0.006670148577541113,
      0.9372040033340454
    ],
    [
      0.9680337309837341,
      0.14029398560523987,
      0.2079145312309265,
      -0.13445532321929932,
      0.9900281429290771,
      -0.04202551022171974,
      -0.21173714101314545,
      0.01272689551115036,
      0.9772439002990723
    ],
    [
      0.9573798775672913,
      -0.17033784091472626,
      0.23325669765472412,
      0.14852234721183777,
      0.9829691052436829,
      0.10822632908821106,
      -0.24771913886070251,
      -0.06896989047527313,
      0.9663738012313843
    ],
    [
      0.9767434597015381,
      0.021123331040143967,
      -0.2133680284023285,
      0.03944205120205879,
      0.9604515433311462,
      0.27563968300819397,
      0.21075205504894257,
      -0.27764496207237244,
      0.937281608581543
    ],
    [
      0.5121853947639465,
      0.8005438446998596,
      -0.31112006306648254,
      -0.8276070356369019,
      0.363167941570282,
      -0.427990198135376,
      -0.2296360582113266,
      0.4766954779624939,
      0.8485450148582458
    ],
    [
      0.45876261591911316,
      -0.7847490906715393,
      0.4167802333831787,
      0.8047850728034973,
      0.5657870173454285,
      0.17946037650108337,
      -0.3766402006149292,
      0.2530888020992279,
      0.8911163210868835
    ],
    [
      -0.12432358413934708,
      -0.36873331665992737,
      -0.921183705329895,
      -0.27642738819122314,
      0.9045029878616333,
      -0.32474952936172485,
      0.952959418296814,
      0.2142663300037384,
      -0.21437904238700867
    ],
    [
      -0.2406367063522339,
      0.4182237386703491,
      0.8758898377418518,
      -0.21298374235630035,
      0.8576610088348389,
      -0.46803370118141174,
      -0.946959376335144,
      -0.29917633533477783,
      -0.11730986088514328
    ],
    [
      0.8912221789360046,
      -0.4446628987789154,
      0.08943072706460953,
      0.44678834080696106,
      0.8267074823379517,
      -0.3419574201107025,
      0.07812274247407913,
      0.3447166681289673,
      0.9354502558708191
    ],
    [
      0.7761902213096619,
      0.6085470914840698,
      0.16492196917533875,
      -0.5611575245857239,
      0.7860301733016968,
      -0.25934308767318726,
      -0.28745609521865845,
      0.10875234752893448,
      0.9515997171401978
    ],
    [
      0.8235509991645813,
      0.41585034132003784,
      -0.38578784465789795,
      -0.20915602147579193,
      0.8548080325126648,
      0.47492843866348267,
      0.5272737145423889,
      -0.310437947511673,
      0.7909556031227112
    ],
    [
      0.5629556179046631,
      -0.8263717293739319,
      -0.013810801319777966,
      0.4644758105278015,
      0.30250832438468933,
      0.8323165774345398,
      -0.6836249828338623,
      -0.47497209906578064,
      0.5541284680366516
    ]
  ],
  "root_rot": [
    -0.7037166357040405,
    0.02800440974533558,
    -0.709928572177887,
    0.09961659461259842,
    -0.9854632019996643,
    -0.1376183032989502,
    -0.7034623622894287,
    -0.1675649732351303,
    0.6906971335411072
  ],
  "root_trans": [
    -0.9000508785247803,
    0.550602376461029,
    2.428330898284912
  ]
}