{
  "betas": [
    -0.7775205969810486,
    0.6608277559280396,
    1.4235392808914185,
    0.2299381047487259,
    0.39931195974349976,
    0.25154536962509155,
    0.2671881318092346,
    0.3212621808052063,
    0.12737223505973816,
    0.8549051880836487
  ],
  "joints": [
    [
      0.9470727443695068,
      -0.3195486068725586,
      -0.030690638348460197,
      0.3181462287902832,
      0.9215362668037415,
      0.22260698676109314,
      -0.042851224541664124,
      -0.22058911621570587,
      0.9744250774383545
    ],
    [
      0.9387620091438293,
      0.3282259404659271,
      -0.10485032200813293,
      -0.26659226417541504,
      0.8846660256385803,
      0.38248470425605774,
      0.21829892694950104,
      -0.33110982179641724,
      0.9179933667182922
    ],
    [
      0.9992213249206543,
      0.0002468327584210783,
      0.039456043392419815,
      0.011627370491623878,
      0.9537333846092224,
      -0.3004286587238312,
      -0.0377047024667263,
      0.30065345764160156,
      0.9529878497123718
    ],
    [
      0.9991399049758911,
      0.04141829162836075,
      0.001972358673810959,
      -0.039378080517053604,
      0.9626758694648743,
      -0.2677769660949707,
      -0.012989599257707596,
      0.26746898889541626,
      0.9634788632392883
    ],
    [
      0.9977113008499146,
      -0.04010118544101715,
      -0.05444267392158508,
      0.013726343400776386,
      0.908509373664856,
      -0.41763895750045776,
      0.06620950251817703,
      0.41593581438064575,
      0.9069805145263672
    ],
    [
      0.9967619180679321,
      -0.0057555255480110645,
      -0.08020268380641937,
      0.003451331052929163,
      0.999578058719635,
      -0.028838802129030228,
      0.08033484220504761,
      0.02846861630678177,
      0.9963611960411072
    ],
    [
      0.9987500905990601,
      -0.04165064916014671,
      0.02762831375002861,
      0.041576772928237915,
      0.9991300106048584,
      0.0032432852312922478,
      -0.02773936465382576,
      -0.0020905358251184225,
      0.9996128678321838
    ],
    [
      0.9497365355491638,
      -0.28534650802612305,
      -0.12875515222549438,
      0.2845834195613861,
      0.9583334922790527,
      -0.024681007489562035,
      0.13043300807476044,
      -0.01320113055408001,
      0.9913691878318787
    ],
    [
      0.9984531998634338,
      0.018668292090296745,
      0.0523713044822216,
      -0.02125491015613079,
      0.9985590577125549,
      0.04927590489387512,
      -0.051375940442085266,
      -0.0503128319978714,
      0.9974112510681152
    ],
    [
      0.9896478056907654,
      -0.061099354177713394,
      0.12986135482788086,
      0.006590577773749828,
      0.9232438802719116,
      0.38415786623954773,
      -0.1433655023574829,
      -0.37932518124580383,
      0.9140889644622803
    ],
    [
      0.954121470451355,
      0.2898552119731903,
      0.07507440447807312,
      -0.280457466840744,
      0.9529589414596558,
      -0.11494779586791992,
      -0.10486103594303131,
      0.08861898630857468,
      0.9905306696891785
    ],
    [
      0.9806770086288452,
      0.039704158902168274,
      -0.19156236946582794,
      0.010984059423208237,
      0.9664694666862488,
      0.25654658675193787,
      0.19532515108585358,
      -0.25369346141815186,
      0.947358250617981
    ],
    [
      0.875781774520874,
      0.3231748342514038,
      -0.3585585355758667,
      -0.2565826177597046,
      0.9408471584320068,
      0.22129638493061066,
      0.40886616706848145,
      -0.10180748254060745,
      0.9068978428840637
    ],
    [
      0.7941230535507202,
      -0.3332954943180084,
      0.5082151889801025,
      0.2786236107349396,
      0.9428152441978455,
      0.1829434186220169,
      -0.5401272773742676,
      -0.0036788112483918667,
      0.8415753245353699
    ],
    [
      0.9928200244903564,
      -0.08561912178993225,
      -0.083533376455307,
      0.10043837875127792,
      0.9759637713432312,
      0.1934085637331009,
      0.06496607512235641,
      -0.20040982961654663,
      0.9775558114051819
    ],
    [
      0.4239036738872528,
      0.6847256422042847,
      -0.5928376317024231,
      -0.84877610206604,
      0.5287389159202576,
      0.0037814397364854813,
      0.3160455822944641,
      0.501583456993103,
      0.8053131699562073
    ],
    [
      0.5577741265296936,
      -0.6777792572975159,
      0.4790649116039276,
      0.714932382106781,
      0.6855393052101135,
      0.13750436902046204,
      -0.42161548137664795,
      0.26580268144607544,
      0.8669424057006836
    ],
    [
      0.14151300489902496,
      -0.38562333583831787,
      -0.9117394089698792,
      0.0640469491481781,
      0.9226449131965637,
      -0.3802950382232666,
      0.9878624081611633,
      -0.0045774332247674465,
      0.1552642583847046
    ],
    [
      0.25136426091194153,
      0.32393309473991394,
      0.9120764136314392,
      -0.2197464108467102,
      0.9368242621421814,
      -0.2721613943576813,
      -0.9426173567771912,
      -0.13201388716697693,
      0.3066672682762146
    ],
    [
      0.9416602849960327,
      -0.20677122473716736,
      0.26555895805358887,
      0.3084997832775116,
      0.8457093834877014,
      -0.43543481826782227,
      -0.1345503181219101,
      0.49195656180381775,
      0.8601598143577576
    ],
    [
      0.9616173505783081,
      0.2538335919380188,
      -0.10421442240476608,
      -0.27431532740592957,
      0.8802039623260498,
      -0.3872881531715393,
      -0.006576809566468,
      0.4010106027126312,
      0.9160498380661011
    ],
    [
      0.9938215613365173,
      -0.08218880742788315,
      -0.07459080219268799,
      0.08011957257986069,
      0.996323823928833,
      -0.030327240005135536,
      0.07680914551019669,
      0.024163682013750076,
      0.9967530369758606
    ],
    [
      0.9897984862327576,
      0.058063626289367676,
      0.1301061362028122,
      -0.05103173479437828,
      0.9970834851264954,
      -0.05674723535776138,
      -0.13302163779735565,
      0.049528785049915314,
      0.9898748397827148
    ]
  ],
  "root_rot": [
    -0.9402387738227844,
    -0.06486176699399948,
    -0.3342812657356262,
    0.07467146217823029,
    -0.9970706105232239,
    -0.016564641147851944,
    -0.3322276175022125,
    -0.04053599387407303,
    0.9423277974128723
  ],
  "root_trans": [
    -0.5238553285598755,
    0.594067394733429,
    2.274430274963379
  ]
}