{
  "betas": [
    -0.5686182379722595,
    0.8878047466278076,
    0.7651405334472656,
    -0.048067331314086914,
    0.4771629869937897,
    -0.09419763833284378,
    -0.1973840594291687,
    0.3704991936683655,
    -0.41743364930152893,
    0.34549129009246826
  ],
  "joints": [
    [
      0.989707887172699,
      -0.14306055009365082,
      0.00344147183932364,
      0.13814426958560944,
      0.9614191651344299,
      0.23788511753082275,
      -0.0373406745493412,
      -0.2349613904953003,
      0.9712871313095093
    ],
    [
      0.9987343549728394,
      -0.02601596526801586,
      0.043043747544288635,
      0.01937543787062168,
      0.9887875318527222,
      0.14806702733039856,
      -0.046413227915763855,
      -0.14704564213752747,
      0.9880401492118835
    ],
    [
      0.999274730682373,
      -0.03725520148873329,
      0.007885937578976154,
      0.03791287541389465,
      0.9927247166633606,
      -0.11428176611661911,
      -0.003570975037291646,
      0.1144978478550911,
      0.9934172034263611
    ],
    [
      0.9846491813659668,
      0.1618088334798813,
      -0.06545157730579376,
      -0.15106436610221863,
      0.602156400680542,
      -0.7839561700820923,
      -0.08743894845247269,
      0.7818091511726379,
      0.6173563599586487
    ],
    [
      0.9851323366165161,
      0.0561128705739975,
      0.1623748540878296,
      0.008742190897464752,
      0.927556574344635,
      -0.3735804855823517,
      -0.17157453298568726,
      0.3694457411766052,
      0.913275420665741
    ],
    [
      0.9887467622756958,
      0.03567622974514961,
      -0.14528252184391022,
      0.00017469147860538214,
      0.9708715677261353,
      0.23960043489933014,
      0.14959870278835297,
      -0.2369295358657837,
      0.9599398970603943
    ],
    [
      0.9353997111320496,
      -0.027090512216091156,
      0.35255271196365356,
      0.025852451100945473,
      0.9996320009231567,
      0.008220531046390533,
      -0.3526456356048584,
      0.001424867077730596,
      0.9357558488845825
    ],
    [
      0.9137135744094849,
      -0.3667720854282379,
      -0.1749449223279953,
      0.40509703755378723,
      0.8560414910316467,
      0.3210752606391907,
      0.0319986529648304,
      -0.36424049735069275,
      0.9307550191879272
    ],
    [
      0.9981716871261597,
      0.06044130027294159,
      0.0004990367451682687,
      -0.05983126163482666,
      0.989201545715332,
      -0.13379283249378204,
      -0.008580260910093784,
      0.13351833820343018,
      0.9910092353820801
    ],
    [
      0.9994553327560425,
      -0.01867988146841526,
      0.027205578982830048,
      -0.014828287996351719,
      0.4822796881198883,
      0.8758918046951294,
      -0.029482262209057808,
      -0.8758180737495422,
      0.4817400276660919
    ],
    [
      0.8006942868232727,
      0.29622918367385864,
      0.5207080841064453,
      -0.35553574562072754,
      0.9345415830612183,
      0.015050612390041351,
      -0.4821648597717285,
      -0.19718126952648163,
      0.8536021709442139
    ],
    [
      0.9943441152572632,
      -0.04000019654631615,
      -0.09838559478521347,
      0.029609909281134605,
      0.9940431118011475,
      -0.10488815605640411,
      0.1019950732588768,
      0.10138173401355743,
      0.9896053075790405
    ],
    [
      0.5798948407173157,
      -0.24827495217323303,
      -0.7759391069412231,
      0.6794389486312866,
      0.6729254722595215,
      0.29246190190315247,
      0.4495382606983185,
      -0.6968004703521729,
      0.5589137077331543
    ],
    [
      0.7419542670249939,
      0.2329218089580536,
      0.6286901831626892,
      -0.5110411643981934,
      0.8034575581550598,
      0.3054388165473938,
      -0.4339824914932251,
      -0.5479081869125366,
      0.7151613831520081
    ],
    [
      0.9947620630264282,
      -0.055760934948921204,
      -0.08566929399967194,
      0.06974369287490845,
      0.9829658269882202,
      0.17004095017910004,
      0.0747283548116684,
      -0.17512516677379608,
      0.9817060828208923
    ],
    [
      0.7445510625839233,
      0.14048722386360168,
      -0.6526155471801758,
      0.1520904302597046,
      0.9161973595619202,
      0.37074369192123413,
      0.6500093936920166,
      -0.37529417872428894,
      0.6607889533042908
    ],
    [
      0.8931949138641357,
      -0.014904506504535675,
      0.44942253828048706,
      -0.178227961063385,
      0.9058595299720764,
      0.3842567503452301,
      -0.4128408432006836,
      -0.4233158528804779,
      0.806452751159668
    ],
    [
      0.44928136467933655,
      -0.14084193110466003,
      -0.8822187185287476,
      0.43171173334121704,
      0.8987728357315063,
      0.07637009024620056,
      0.7821581363677979,
      -0.41517579555511475,
      0.4646050035953522
    ],
    [
      0.34698188304901123,
      0.311458021402359,
      0.8846452832221985,
      -0.5167371034622192,
      0.8506527543067932,
      -0.09681191295385361,
      -0.7826789021492004,
      -0.42353710532188416,
      0.45610299706459045
    ],
    [
      0.9301179647445679,
      -0.2698967158794403,
      0.2490711212158203,
      0.36662811040878296,
      0.6425566673278809,
      -0.6728334426879883,
      0.021553276106715202,
      0.7171308398246765,
      0.6966052055358887
    ],
    [
      0.8470975160598755,
      0.41229158639907837,
      -0.33532288670539856,
      -0.5309799313545227,
      0.6827933192253113,
      -0.5018501877784729,
      0.022047610953450203,
      0.6031658053398132,
      0.7973110675811768
    ],
    [
      0.9172028303146362,
      0.33670559525489807,
      -0.21299847960472107,
      -0.2204657793045044,
      0.8742175698280334,
      0.4325951039791107,
      0.3318641781806946,
      -0.34981855750083923,
      0.8760669231414795
    ],
    [
      0.9294753670692444,
      -0.32564881443977356,
      0.17328733205795288,
      0.24551448225975037,
      0.8967183232307434,
      0.368264764547348,
      -0.27531489729881287,
      -0.2997484505176544,
      0.9134290814399719
    ]
  ],
  "root_rot": [
    0.8837854266166687,
    -0.03719067573547363,
    0.4664120376110077,
    -0.07226257771253586,
    -0.9957250356674194,
    0.05753049999475479,
    0.4622785449028015,
    -0.08454874902963638,
    -0.8826947808265686
  ],
  "root_trans": [
    -0.1709950864315033,
    0.4827125072479248,
    2.596461534500122
  ]
}