{
  "betas": [
    -0.6816880106925964,
    0.4994220733642578,
    1.278761863708496,
    0.2879788279533386,
    0.7048991918563843,
    0.07582566142082214,
    0.09755289554595947,
    0.3174227476119995,
    0.06720246374607086,
    0.8183936476707458
  ],
  "joints": [
    [
      0.9264324307441711,
      -0.3743623197078705,
      -0.03969672694802284,
      0.36641934514045715,
      0.8725009560585022,
      0.32323217391967773,
      -0.08637052029371262,
      -0.31399840116500854,
      0.9454867839813232
    ],
    [
      0.9194144010543823,
      0.3915552496910095,
      -0.036900587379932404,
      -0.33154359459877014,
      0.8221171498298645,
      0.4628198742866516,
      0.21155615150928497,
      -0.4132890999317169,
      0.8856839537620544
    ],
    [
      0.9996387362480164,
      -0.01271627563983202,
      0.023675160482525826,
      0.02074909582734108,
      0.9250734448432922,
      -0.3792208731174469,
      -0.01707899011671543,
      0.3795751631259918,
      0.9250031113624573
    ],
    [
      0.989025354385376,
      0.14091405272483826,
      -0.044406723231077194,
      -0.14226162433624268,
      0.8271556496620178,
      -0.543668270111084,
      -0.03987922891974449,
      0.5440191626548767,
      0.8381245732307434
    ],
    [
      0.998394250869751,
      -0.0543578639626503,
      -0.015939153730869293,
      0.033241644501686096,
      0.7900477647781372,
      -0.6121433973312378,
      0.04586750641465187,
      0.6106306314468384,
      0.7905861139297485
    ],
    [
      0.9964592456817627,
      0.007644476369023323,
      -0.08372870832681656,
      -0.011187090538442135,
      0.999058187007904,
      -0.041923679411411285,
      0.08332936465740204,
      0.04271192103624344,
      0.9956063032150269
    ],
    [
      0.9958012104034424,
      -0.09128367155790329,
      -0.0068807452917099,
      0.09135391563177109,
      0.9861133694648743,
      0.1386895477771759,
      -0.005874894559383392,
      -0.1387357860803604,
      0.9903119802474976
    ],
    [
      0.9460400938987732,
      -0.30390700697898865,
      -0.1124662235379219,
      0.3121201694011688,
      0.9478759765625,
      0.06412599235773087,
      0.08711569011211395,
      -0.09576873481273651,
      0.9915841817855835
    ],
    [
      0.9989935159683228,
      0.023101190105080605,
      0.038449328392744064,
      -0.025637388229370117,
      0.9974347949028015,
      0.06683216989040375,
      -0.03680679574608803,
      -0.06775064021348953,
      0.9970231652259827
    ],
    [
      0.9906772971153259,
      -0.02927076816558838,
      0.13304780423641205,
      -0.03148451820015907,
      0.901008129119873,
      0.43265795707702637,
      -0.13254140317440033,
      -0.4328133761882782,
      0.891686737537384
    ],
    [
      0.95820152759552,
      0.28010496497154236,
      0.05823248252272606,
      -0.2702121436595917,
      0.9529373645782471,
      -0.13746197521686554,
      -0.09399568289518356,
      0.11598114669322968,
      0.9887937903404236
    ],
    [
      0.9817801713943481,
      0.04088643193244934,
      -0.1855694204568863,
      0.009800299070775509,
      0.964381992816925,
      0.26433172821998596,
      0.18976740539073944,
      -0.26133427023887634,
      0.9464104175567627
    ],
    [
      0.845328688621521,
      0.4150027334690094,
      -0.3364403247833252,
      -0.3614349365234375,
      0.9079999327659607,
      0.21189828217029572,
      0.39342615008354187,
      -0.05752241984009743,
      0.9175548553466797
    ],
    [
      0.775698184967041,
      -0.3980773985385895,
      0.48972100019454956,
      0.34980782866477966,
      0.9170668721199036,
      0.19137082993984222,
      -0.5252873301506042,
      0.022862212732434273,
      0.8506177067756653
    ],
    [
      0.9931433796882629,
      -0.09940396994352341,
      -0.06152315437793732,
      0.1120929941534996,
      0.9591430425643921,
      0.2597687542438507,
      0.03318746015429497,
      -0.26488393545150757,
      0.9637090563774109
    ],
    [
      0.46965861320495605,
      0.6998714804649353,
      -0.5381455421447754,
      -0.8505074977874756,
      0.5221526622772217,
      -0.06319542229175568,
      0.23676548898220062,
      0.4873770475387573,
      0.8404794335365295
    ],
    [
      0.5362008213996887,
      -0.6863688230514526,
      0.4913109838962555,
      0.7412589192390442,
      0.6613149642944336,
      0.11488113552331924,
      -0.40376216173171997,
      0.3025892972946167,
      0.863374650478363
    ],
    [
      0.1897808462381363,
      -0.36211878061294556,
      -0.9126079082489014,
      0.1285102665424347,
      0.9306653141975403,
      -0.3425596058368683,
      0.9733798503875732,
      -0.05226823315024376,
      0.22315843403339386
    ],
    [
      0.21324244141578674,
      0.32892388105392456,
      0.9199656248092651,
      -0.2220676839351654,
      0.9332953095436096,
      -0.28221583366394043,
      -0.951427161693573,
      -0.14411424100399017,
      0.2720615267753601
    ],
    [
      0.9218661785125732,
      -0.26143211126327515,
      0.2860350012779236,
      0.37039506435394287,
      0.8114056587219238,
      -0.4521375894546509,
      -0.11388711631298065,
      0.5227562785148621,
      0.8448405861854553
    ],
    [
      0.9299743175506592,
      0.3379729688167572,
      -0.14464445412158966,
      -0.3660794794559479,
      0.8153383731842041,
      -0.44856345653533936,
      -0.0336681567132473,
      0.4701038897037506,
      0.8819687366485596
    ],
    [
      0.9923521876335144,
      -0.06653790920972824,
      -0.10397039353847504,
      0.0645686611533165,
      0.9976663589477539,
      -0.022196488454937935,
      0.10520467907190323,
      0.01531350426375866,
      0.9943326711654663
    ],
    [
      0.9894614815711975,
      0.01849427819252014,
      0.14361070096492767,
      -0.013412324711680412,
      0.9992518424987793,
      -0.03627505898475647,
      -0.14417414367198944,
      0.03396662324666977,
      0.9889692664146423
    ]
  ],
  "root_rot": [
    -0.9339494109153748,
    -0.023080844432115555,
    -0.35665929317474365,
    0.049049749970436096,
    -0.9967477321624756,
    -0.06393835693597794,
    -0.3540235757827759,
    -0.0772092342376709,
    0.9320440888404846
  ],
  "root_trans": [
    -0.5294507741928101,
    0.6519660949707031,
    2.3298020362854004
  ]
}