{
  "betas": [
    -0.5512239336967468,
    1.0474821329116821,
    1.0371508598327637,
    -0.20856699347496033,
    0.36130309104919434,
    0.303253173828125,
    0.13050127029418945,
    0.27109530568122864,
    -0.09966006875038147,
    0.6467304229736328
  ],
  "joints": [
    [
      0.9841089844703674,
      -0.16770288348197937,
      0.05835453420877457,
      0.1744794249534607,
      0.9742985963821411,
      -0.14247533679008484,
      -0.03296121209859848,
      0.15039291977882385,
      0.9880766868591309
    ],
    [
      0.9419308304786682,
      0.24751295149326324,
      -0.22694414854049683,
      -0.1954963058233261,
      0.9536666870117188,
      0.2286943644285202,
      0.27303385734558105,
      -0.17104753851890564,
      0.9466758966445923
    ],
    [
      0.999521791934967,
      -0.009668794460594654,
      0.029373444616794586,
      0.012149158865213394,
      0.9962663650512695,
      -0.08547329902648926,
      -0.028437351807951927,
      0.0857892781496048,
      0.9959074258804321
    ],
    [
      0.9983710050582886,
      -0.002528732642531395,
      -0.05700027942657471,
      -0.007994099520146847,
      0.9829638004302979,
      -0.18362541496753693,
      0.05649354308843613,
      0.1837819367647171,
      0.9813423156738281
    ],
    [
      0.9934588670730591,
      -0.07184828072786331,
      -0.08875477313995361,
      0.03497461602091789,
      0.9313446283340454,
      -0.3624555468559265,
      0.10870308429002762,
      0.35698050260543823,
      0.927765429019928
    ],
    [
      0.9960126876831055,
      0.014376665465533733,
      -0.08804648369550705,
      0.011085323058068752,
      0.9593366980552673,
      0.28204649686813354,
      0.08852111548185349,
      -0.2818978726863861,
      0.9553521275520325
    ],
    [
      0.9821208715438843,
      -0.03005594201385975,
      0.18583664298057556,
      0.01759468764066696,
      0.9975066184997559,
      0.0683443546295166,
      -0.18742744624614716,
      -0.06385267525911331,
      0.9802008867263794
    ],
    [
      0.8575264811515808,
      -0.35381942987442017,
      -0.3734435439109802,
      0.38159358501434326,
      0.9243301153182983,
      0.00048380583757534623,
      0.34501391649246216,
      -0.14291854202747345,
      0.9276527762413025
    ],
    [
      0.9966542720794678,
      0.05095454677939415,
      0.06390571594238281,
      -0.04295888915657997,
      0.991748571395874,
      -0.12078633159399033,
      -0.06953301280736923,
      0.11763688921928406,
      0.990619421005249
    ],
    [
      0.974967360496521,
      -0.01768680289387703,
      0.22164341807365417,
      -0.1504211127758026,
      0.6816314458847046,
      0.7160670161247253,
      -0.16374407708644867,
      -0.7314817905426025,
      0.661907970905304
    ],
    [
      0.8439058661460876,
      0.4106597304344177,
      0.3452267646789551,
      -0.4104849696159363,
      0.9085800051689148,
      -0.0773596316576004,
      -0.34543463587760925,
      -0.07642614096403122,
      0.9353256225585938
    ],
    [
      0.9888105392456055,
      -0.0986054316163063,
      -0.11194067448377609,
      0.08329637348651886,
      0.9874680638313293,
      -0.1340475231409073,
      0.12375563383102417,
      0.12322334945201874,
      0.9846323132514954
    ],
    [
      0.6060830354690552,
      -0.2265777736902237,
      -0.7624473571777344,
      0.6661152243614197,
      0.6684457659721375,
      0.33086374402046204,
      0.4346883296966553,
      -0.7084086537361145,
      0.5560605525970459
    ],
    [
      0.6276522278785706,
      0.16356675326824188,
      0.7611166834831238,
      -0.5848854780197144,
      0.7443025708198547,
      0.3223704695701599,
      -0.5137719511985779,
      -0.6475026607513428,
      0.5628309845924377
    ],
    [
      0.9971731305122375,
      -0.04615940898656845,
      -0.05928906053304672,
      0.0633489340543747,
      0.940796434879303,
      0.3329998552799225,
      0.04040786623954773,
      -0.33581435680389404,
      0.9410610795021057
    ],
    [
      0.7678595781326294,
      0.2346109002828598,
      -0.5961118936538696,
      0.025681065395474434,
      0.9185048937797546,
      0.39457473158836365,
      0.6401032209396362,
      -0.3182867765426636,
      0.6992577314376831
    ],
    [
      0.8107240796089172,
      -0.11737897992134094,
      0.5735405087471008,
      -0.18909035623073578,
      0.8746795058250427,
      0.44629648327827454,
      -0.5540499687194824,
      -0.4702742397785187,
      0.6869285106658936
    ],
    [
      0.4340369701385498,
      -0.13417711853981018,
      -0.8908470273017883,
      0.488450288772583,
      0.8659375905990601,
      0.10755659639835358,
      0.7569862604141235,
      -0.4818180203437805,
      0.44138777256011963
    ],
    [
      0.5147809982299805,
      0.2497025579214096,
      0.8201519250869751,
      -0.4215420186519623,
      0.9067361950874329,
      -0.011476614512503147,
      -0.7465272545814514,
      -0.33982053399086,
      0.5720306634902954
    ],
    [
      0.9184038639068604,
      -0.2625797390937805,
      0.2959497272968292,
      0.39196622371673584,
      0.7056151032447815,
      -0.5903133749961853,
      -0.05382227152585983,
      0.6581483483314514,
      0.7509620189666748
    ],
    [
      0.8712303638458252,
      0.3614058494567871,
      -0.3321799039840698,
      -0.49086228013038635,
      0.6366726756095886,
      -0.5947286486625671,
      -0.003448509145528078,
      0.6812002062797546,
      0.7320890426635742
    ],
    [
      0.9513795375823975,
      0.21036376059055328,
      -0.2249978482723236,
      -0.14218182861804962,
      0.9479075074195862,
      0.2850538492202759,
      0.27324214577674866,
      -0.2392038106918335,
      0.9317297339439392
    ],
    [
      0.9653709530830383,
      -0.15039294958114624,
      0.21316875517368317,
      0.1076657846570015,
      0.9739542007446289,
      0.19955287873744965,
      -0.23762793838977814,
      -0.16969157755374908,
      0.9564192891120911
    ]
  ],
  "root_rot": [
    -0.9781333208084106,
    -0.047138795256614685,
    -0.20256608724594116,
    0.06564924865961075,
    -0.9941598773002625,
    -0.08565214276313782,
    -0.1973455399274826,
    -0.09707753360271454,
    0.9755155444145203
  ],
  "root_trans": [
    -0.4651344120502472,
    0.502088189125061,
    2.4413704872131348
  ]
}