{
  "betas": [
    -0.687627375125885,
    1.0370733737945557,
    1.553609013557434,
    -0.15072372555732727,
    -0.3046606183052063,
    -0.5185092687606812,
    0.26063084602355957,
    0.9825277924537659,
    0.05825410783290863,
    1.0652203559875488
  ],
  "joints": [
    [
      0.8570752739906311,
      -0.5063318610191345,
      0.095131516456604,
      0.4820757806301117,
      0.8533273339271545,
      0.19858349859714508,
      -0.18172746896743774,
      -0.12434040755033493,
      0.9754561185836792
    ],
    [
      0.9094382524490356,
      0.40476927161216736,
      -0.095308817923069,
      -0.3508750796318054,
      0.8699442148208618,
      0.346530944108963,
      0.2231784462928772,
      -0.2817070484161377,
      0.9331839680671692
    ],
    [
      0.9995362162590027,
      -0.027882151305675507,
      0.012248589657247066,
      0.0296758022159338,
      0.9820826053619385,
      -0.1860996037721634,
      -0.006840269081294537,
      0.18637676537036896,
      0.9824545383453369
    ],
    [
      0.9993250966072083,
      0.01755107007920742,
      0.03226930648088455,
      -0.011154177598655224,
      0.9819779992103577,
      -0.18866576254367828,
      -0.03499903529882431,
      0.18817849457263947,
      0.9815110564231873
    ],
    [
      0.9974584579467773,
      -0.04832163825631142,
      -0.05235924571752548,
      0.0072581046260893345,
      0.7999626994132996,
      -0.6000057458877563,
      0.07087870687246323,
      0.5981008410453796,
      0.7982802987098694
    ],
    [
      0.9967648386955261,
      0.031030841171741486,
      -0.07414191961288452,
      -0.033501096069812775,
      0.9989162683486938,
      -0.032309629023075104,
      0.07305897772312164,
      0.034688934683799744,
      0.9967241883277893
    ],
    [
      0.9753185510635376,
      0.2175939381122589,
      0.03750297427177429,
      -0.173261821269989,
      0.8594918847084045,
      -0.4808887243270874,
      -0.13687199354171753,
      0.4625219404697418,
      0.8759791254997253
    ],
    [
      0.9466744661331177,
      -0.2599549889564514,
      -0.19034399092197418,
      0.2672075629234314,
      0.9635509848594666,
      0.013022083789110184,
      0.1800210028886795,
      -0.06318902969360352,
      0.9816310405731201
    ],
    [
      0.9971637725830078,
      0.04419511929154396,
      0.060919325798749924,
      -0.044069383293390274,
      0.9990226626396179,
      -0.0034066366497427225,
      -0.061010342091321945,
      0.0007122974493540823,
      0.9981368780136108
    ],
    [
      0.9717786312103271,
      -0.17077046632766724,
      0.1627381294965744,
      0.07080018520355225,
      0.8692149519920349,
      0.48933905363082886,
      -0.22501908242702484,
      -0.4640073776245117,
      0.8567751049995422
    ],
    [
      0.9316071271896362,
      0.3537605404853821,
      0.08343610912561417,
      -0.3233308494091034,
      0.9114620089530945,
      -0.2543502748012543,
      -0.1660279631614685,
      0.20997707545757294,
      0.9635062217712402
    ],
    [
      0.9563963413238525,
      0.24621309340000153,
      0.15711528062820435,
      -0.23657149076461792,
      0.9685050249099731,
      -0.07766593247652054,
      -0.17128930985927582,
      0.03711041063070297,
      0.9845216870307922
    ],
    [
      0.9521352648735046,
      0.23449037969112396,
      -0.19609375298023224,
      -0.1920814961194992,
      0.958000659942627,
      0.21293067932128906,
      0.237788125872612,
      -0.16507281363010406,
      0.9571874737739563
    ],
    [
      0.9588149785995483,
      -0.2168501317501068,
      0.18343883752822876,
      0.21334172785282135,
      0.9762031435966492,
      0.03889324516057968,
      -0.18750758469104767,
      0.0018437332473695278,
      0.9822613596916199
    ],
    [
      0.9382891654968262,
      -0.07371816039085388,
      0.337903767824173,
      0.057733625173568726,
      0.9966961145401001,
      0.05712799355387688,
      -0.3409987688064575,
      -0.03409417346119881,
      0.9394451975822449
    ],
    [
      0.4115579128265381,
      0.6208685636520386,
      -0.6671898365020752,
      -0.7362044453620911,
      0.6580098867416382,
      0.15819613635540009,
      0.5372365117073059,
      0.42608126997947693,
      0.7278953790664673
    ],
    [
      0.5854884386062622,
      -0.7362878322601318,
      0.33923962712287903,
      0.750523567199707,
      0.6504913568496704,
      0.1165132075548172,
      -0.3064596652984619,
      0.186390221118927,
      0.933456540107727
    ],
    [
      -0.5522686243057251,
      -0.437894344329834,
      -0.7093996405601501,
      0.0372004434466362,
      0.83714759349823,
      -0.5457105040550232,
      0.8328357934951782,
      -0.3277687728404999,
      -0.44604048132896423
    ],
    [
      -0.44550803303718567,
      0.44612929224967957,
      0.7762030363082886,
      0.06508185714483261,
      0.8808412551879883,
      -0.46891671419143677,
      -0.8929092288017273,
      -0.15838943421840668,
      -0.42145678400993347
    ],
    [
      0.8967030048370361,
      -0.4097196161746979,
      0.16749192774295807,
      0.4413906931877136,
      0.8560242056846619,
      -0.2690664231777191,
      -0.033135369420051575,
      0.3152020573616028,
      0.9484459161758423
    ],
    [
      0.8073827624320984,
      0.5634161233901978,
      0.17520073056221008,
      -0.4545624256134033,
      0.783271849155426,
      -0.4240969717502594,
      -0.37617287039756775,
      0.2627689242362976,
      0.8885080218315125
    ],
    [
      0.9678027033805847,
      0.12150157988071442,
      -0.2204432636499405,
      -0.10311135649681091,
      0.990299642086029,
      0.09313739836215973,
      0.22962124645709991,
      -0.06740842014551163,
      0.9709428548812866
    ],
    [
      0.9252786636352539,
      -0.10741306841373444,
      0.36376088857650757,
      0.11592714488506317,
      0.9932565093040466,
      -0.0015839939005672932,
      -0.3611376881599426,
      0.043635398149490356,
      0.9314911365509033
    ]
  ],
  "root_rot": [
    -0.6096231937408447,
    0.03907419368624687,
    -0.791727602481842,
    0.061731718480587006,
    -0.9934108257293701,
    -0.09656073898077011,
    -0.7902839183807373,
    -0.1077403724193573,
    0.6031941771507263
  ],
  "root_trans": [
    0.4056401252746582,
    0.5161207318305969,
    2.7185065746307373
  ]
}