{
  "betas": [
    -0.6030233502388,
    1.1637979745864868,
    1.3819447755813599,
    0.21310633420944214,
    0.11365574598312378,
    -0.3946264088153839,
    -0.1577761173248291,
    0.4146081507205963,
    0.025597959756851196,
    0.20896248519420624
  ],
  "joints": [
    [
      0.8606979846954346,
      -0.5085279941558838,
      -0.024459905922412872,
      0.5063033699989319,
      0.8499116897583008,
      0.14596930146217346,
      -0.05344071239233017,
      -0.1380196064710617,
      0.9889867305755615
    ],
    [
      0.9408978223800659,
      0.3295401334762573,
      -0.07819551229476929,
      -0.28929105401039124,
      0.9020147919654846,
      0.32043713331222534,
      0.17613041400909424,
      -0.2788773477077484,
      0.9440367817878723
    ],
    [
      0.9953066110610962,
      0.029342275112867355,
      0.09221532940864563,
      -0.012007410638034344,
      0.9830049872398376,
      -0.183185875415802,
      -0.09602321684360504,
      0.18121886253356934,
      0.9787436723709106
    ],
    [
      0.9877394437789917,
      0.00010569904407020658,
      -0.156110942363739,
      -0.01888478733599186,
      0.9927367568016052,
      -0.11881541460752487,
      0.15496452152729034,
      0.1203068196773529,
      0.9805672764778137
    ],
    [
      0.9996408224105835,
      -0.020359372720122337,
      -0.01742486096918583,
      0.005467724055051804,
      0.7915099859237671,
      -0.6111317276954651,
      0.026234211400151253,
      0.610817015171051,
      0.7913370132446289
    ],
    [
      0.9951284527778625,
      -0.00522404070943594,
      -0.09844758361577988,
      0.0030431172344833612,
      0.9997469782829285,
      -0.022290518507361412,
      0.09853910654783249,
      0.021882347762584686,
      0.9948925375938416
    ],
    [
      0.9871138334274292,
      0.15993764996528625,
      -0.005126021336764097,
      -0.15894080698490143,
      0.9762405753135681,
      -0.14728257060050964,
      -0.01855180785059929,
      0.14619939029216766,
      0.9890812039375305
    ],
    [
      0.8911259174346924,
      -0.2335837334394455,
      -0.38901594281196594,
      0.32298654317855835,
      0.9286916255950928,
      0.18224050104618073,
      0.3187074363231659,
      -0.28804612159729004,
      0.9030255675315857
    ],
    [
      0.9974128007888794,
      0.011248670518398285,
      0.07100144773721695,
      -0.008131616748869419,
      0.9989967942237854,
      -0.0440385527908802,
      -0.07142558693885803,
      0.043347254395484924,
      0.9965036511421204
    ],
    [
      0.9441225528717041,
      -0.17472657561302185,
      0.27946972846984863,
      -0.03771175444126129,
      0.7850837707519531,
      0.6182405352592468,
      -0.3274301588535309,
      -0.594234049320221,
      0.734626054763794
    ],
    [
      0.8492134809494019,
      0.34160664677619934,
      0.4026677906513214,
      -0.4233258366584778,
      0.8962442874908447,
      0.1324440985918045,
      -0.31564491987228394,
      -0.28293296694755554,
      0.905713677406311
    ],
    [
      0.948417603969574,
      0.2561326324939728,
      0.18681569397449493,
      -0.23810823261737823,
      0.9645667672157288,
      -0.1136464774608612,
      -0.20930474996566772,
      0.06330197304487228,
      0.9757993817329407
    ],
    [
      0.8698837161064148,
      0.007565820589661598,
      -0.4931989908218384,
      0.13559488952159882,
      0.9576926827430725,
      0.25384795665740967,
      0.4742536246776581,
      -0.28769344091415405,
      0.832055389881134
    ],
    [
      0.8290228247642517,
      -0.23919577896595,
      0.5054766535758972,
      0.19887661933898926,
      0.9709202647209167,
      0.13327378034591675,
      -0.5226560831069946,
      -0.009959505870938301,
      0.8524855375289917
    ],
    [
      0.9215144515037537,
      -0.18425346910953522,
      0.3418504297733307,
      0.15723679959774017,
      0.9819216728210449,
      0.10538674145936966,
      -0.3550882339477539,
      -0.04336394742131233,
      0.9338264465332031
    ],
    [
      0.1603095531463623,
      0.7412100434303284,
      -0.6518501043319702,
      -0.7966658473014832,
      0.48705995082855225,
      0.3579052984714508,
      0.5827730894088745,
      0.4619310200214386,
      0.6685770750045776
    ],
    [
      0.38010531663894653,
      -0.6575595140457153,
      0.650488555431366,
      0.7848789691925049,
      0.601394534111023,
      0.14929704368114471,
      -0.48937198519706726,
      0.45380622148513794,
      0.7446978688240051
    ],
    [
      -0.5992069840431213,
      -0.35614195466041565,
      -0.717017412185669,
      0.00019057207100559026,
      0.895543098449707,
      -0.44497478008270264,
      0.80059415102005,
      -0.2667686343193054,
      -0.5365477800369263
    ],
    [
      0.4941992163658142,
      0.23759865760803223,
      0.8362500071525574,
      0.30582261085510254,
      0.8529272675514221,
      -0.4230692684650421,
      -0.8137811422348022,
      0.4648246169090271,
      0.3488529622554779
    ],
    [
      0.9465379118919373,
      -0.26287147402763367,
      0.18698826432228088,
      0.30488356947898865,
      0.9183744192123413,
      -0.25225841999053955,
      -0.10541371256113052,
      0.29578179121017456,
      0.9494214057922363
    ],
    [
      0.9669107794761658,
      0.15177734196186066,
      -0.2050544023513794,
      -0.2215908318758011,
      0.8979501724243164,
      -0.3802407383918762,
      0.12641669809818268,
      0.41309696435928345,
      0.9018701910972595
    ],
    [
      0.927972137928009,
      0.23550215363502502,
      -0.288801908493042,
      -0.14949621260166168,
      0.945164144039154,
      0.2903715968132019,
      0.3413483202457428,
      -0.22628194093704224,
      0.9122926592826843
    ],
    [
      0.8585835099220276,
      -0.33345532417297363,
      0.3894122540950775,
      0.10438117384910583,
      0.8573611378669739,
      0.5040203332901001,
      -0.5019351840019226,
      -0.39209628105163574,
      0.7709226012229919
    ]
  ],
  "root_rot": [
    0.4775891602039337,
    -0.061848390847444534,
    0.8764036297798157,
    -0.16608363389968872,
    -0.9858894944190979,
    0.020931070670485497,
    0.8627426028251648,
    -0.15555275976657867,
    -0.48112213611602783
  ],
  "root_trans": [
    -0.3604387640953064,
    0.60289466381073,
    2.429856300354004
  ]
}