{
  "betas": [
    -0.46302056312561035,
    0.5970239043235779,
    1.3124240636825562,
    0.5699386596679688,
    0.3504459857940674,
    -0.09128446131944656,
    0.023922085762023926,
    0.29533496499061584,
    -0.146222323179245,
    0.5614190101623535
  ],
  "joints": [
    [
      0.9693461656570435,
      -0.1979328989982605,
      -0.1455700844526291,
      0.2415941059589386,
      0.875698983669281,
      0.41807126998901367,
      0.04472552239894867,
      -0.4404246211051941,
      0.8966748714447021
    ],
    [
      0.9522311091423035,
      0.21770942211151123,
      -0.21414606273174286,
      -0.22010460495948792,
      0.9753910303115845,
      0.012894883751869202,
      0.2116834968328476,
      0.03485562279820442,
      0.9767165184020996
    ],
    [
      0.9892162084579468,
      -0.05020846799015999,
      0.13758783042430878,
      0.06503867357969284,
      0.9922897815704346,
      -0.10550320148468018,
      -0.13122984766960144,
      0.11331400275230408,
      0.9848546385765076
    ],
    [
      0.9996790885925293,
      0.023439886048436165,
      -0.009602689184248447,
      -0.025304138660430908,
      0.9414165019989014,
      -0.33629539608955383,
      0.0011574110249057412,
      0.33643049001693726,
      0.9417074918746948
    ],
    [
      0.998440146446228,
      -0.02258521132171154,
      0.05106063559651375,
      0.04068495333194733,
      0.9206149578094482,
      -0.38834628462791443,
      -0.03823630139231682,
      0.3898179233074188,
      0.920097827911377
    ],
    [
      0.9929378032684326,
      0.07796577364206314,
      -0.08941946178674698,
      -0.07317653298377991,
      0.9957653880119324,
      0.05564643070101738,
      0.09337931871414185,
      -0.048710040748119354,
      0.9944383502006531
    ],
    [
      0.9971178770065308,
      0.04491027817130089,
      0.061148595064878464,
      -0.03724510595202446,
      0.9919312000274658,
      -0.1211828663945198,
      -0.06609755754470825,
      0.11855609714984894,
      0.9907450079917908
    ],
    [
      0.9156707525253296,
      -0.07681558281183243,
      -0.39452067017555237,
      0.1822395771741867,
      0.9542191624641418,
      0.23718035221099854,
      0.3582400381565094,
      -0.2890763580799103,
      0.887749433517456
    ],
    [
      0.9876062870025635,
      0.09989593178033829,
      0.12105638533830643,
      -0.08662004768848419,
      0.9901084899902344,
      -0.11037273705005646,
      -0.13088473677635193,
      0.09851890057325363,
      0.9864903688430786
    ],
    [
      0.9805603623390198,
      -0.0908113420009613,
      0.17393843829631805,
      -0.02276579476892948,
      0.8278180360794067,
      0.5605344772338867,
      -0.1948922872543335,
      -0.5535978078842163,
      0.8096581697463989
    ],
    [
      0.895478367805481,
      0.19212211668491364,
      0.401506632566452,
      -0.23976212739944458,
      0.9681984782218933,
      0.07145453244447708,
      -0.3750101625919342,
      -0.16025209426879883,
      0.9130644202232361
    ],
    [
      0.9975133538246155,
      0.06233430281281471,
      -0.03288845345377922,
      -0.06667116284370422,
      0.9858848452568054,
      -0.15357756614685059,
      0.02285107783973217,
      0.15538837015628815,
      0.9875891804695129
    ],
    [
      0.9835600256919861,
      0.11909390985965729,
      -0.13574358820915222,
      -0.10043977946043015,
      0.9854862093925476,
      0.13685256242752075,
      0.15007175505161285,
      -0.12096865475177765,
      0.9812465906143188
    ],
    [
      0.9414995908737183,
      0.16340193152427673,
      0.29475143551826477,
      -0.23709245026111603,
      0.9427069425582886,
      0.23471400141716003,
      -0.23951153457164764,
      -0.2908664643764496,
      0.9262995719909668
    ],
    [
      0.9597751498222351,
      -0.20957496762275696,
      0.18684187531471252,
      0.16933341324329376,
      0.9628822803497314,
      0.2101992964744568,
      -0.22395926713943481,
      -0.17010550200939178,
      0.9596385359764099
    ],
    [
      0.7105705738067627,
      0.6386108994483948,
      -0.2954075038433075,
      -0.7031520009040833,
      0.6598858833312988,
      -0.2648168206214905,
      0.025820329785346985,
      0.39588743448257446,
      0.9179360270500183
    ],
    [
      0.9209667444229126,
      -0.10027862340211868,
      0.3765162527561188,
      -0.03372015058994293,
      0.9421775937080383,
      0.33341312408447266,
      -0.3881794214248657,
      -0.3197585940361023,
      0.8643327951431274
    ],
    [
      -0.08258657157421112,
      -0.26548507809638977,
      -0.9605712890625,
      -0.13551217317581177,
      0.9579031467437744,
      -0.2530968189239502,
      0.9873276948928833,
      0.10926669090986252,
      -0.1150863915681839
    ],
    [
      -0.21844184398651123,
      0.016457848250865936,
      0.9757111668586731,
      -0.4116641879081726,
      0.9049816727638245,
      -0.10742802917957306,
      -0.8847687840461731,
      -0.4251320958137512,
      -0.19091075658798218
    ],
    [
      0.9640300273895264,
      -0.2371561974287033,
      0.12001307308673859,
      0.26579219102859497,
      0.8616213202476501,
      -0.4323923885822296,
      -0.000861270644236356,
      0.4487377405166626,
      0.8936631083488464
    ],
    [
      0.9056339859962463,
      0.4130898416042328,
      -0.09583217650651932,
      -0.41704243421554565,
      0.8266628980636597,
      -0.3777618110179901,
      -0.07682868093252182,
      0.3820800483226776,
      0.920930027961731
    ],
    [
      0.9128420948982239,
      0.23983390629291534,
      -0.3304527997970581,
      -0.13779303431510925,
      0.9427811503410339,
      0.30360645055770874,
      0.384359747171402,
      -0.23161064088344574,
      0.8936577439308167
    ],
    [
      0.9585678577423096,
      -0.2298656553030014,
      0.1682537943124771,
      0.17633631825447083,
      0.9426891207695007,
      0.28327134251594543,
      -0.22372537851333618,
      -0.24186556041240692,
      0.9441651701927185
    ]
  ],
  "root_rot": [
    0.4221135377883911,
    -0.07841537147760391,
    0.9031451344490051,
    -0.0806199163198471,
    -0.9955516457557678,
    -0.048758260905742645,
    0.9029510021209717,
    -0.05222997069358826,
    -0.42655766010284424
  ],
  "root_trans": [
    -0.2938743233680725,
    0.5943663120269775,
    2.3325979709625244
  ]
}