{
  "betas": [
    -0.6804863214492798,
    0.8249704837799072,
    1.171729326248169,
    0.16363747417926788,
    0.08727145195007324,
    -0.49863123893737793,
    0.1561536341905594,
    0.8189720511436462,
    0.18062736093997955,
    0.9858448505401611
  ],
  "joints": [
    [
      0.9516576528549194,
      -0.29287469387054443,
      -0.09258640557527542,
      0.3071240484714508,
      0.902617335319519,
      0.3015904426574707,
      -0.004758104216307402,
      -0.31544631719589233,
      0.9489315748214722
    ],
    [
      0.917254626750946,
      0.31303492188453674,
      -0.24627839028835297,
      -0.30665791034698486,
      0.9496065378189087,
      0.06487208604812622,
      0.2541747987270355,
      0.016018999740481377,
      0.967025637626648
    ],
    [
      0.9899224042892456,
      -0.015402979217469692,
      0.14077109098434448,
      0.03449403867125511,
      0.9903532266616821,
      -0.13420391082763672,
      -0.13734596967697144,
      0.1377072036266327,
      0.9809041619300842
    ],
    [
      0.9980173707008362,
      0.0553416833281517,
      -0.02997940219938755,
      -0.06282814592123032,
      0.9043781161308289,
      -0.42208170890808105,
      0.003753996454179287,
      0.4231283664703369,
      0.9060620665550232
    ],
    [
      0.9999092817306519,
      -0.012221438810229301,
      0.005654585547745228,
      0.013455534353852272,
      0.9234593510627747,
      -0.38346004486083984,
      -0.0005353452870622277,
      0.3835013806819916,
      0.9235399961471558
    ],
    [
      0.9943053126335144,
      0.10367541015148163,
      -0.02466515637934208,
      -0.10227571427822113,
      0.993369996547699,
      0.05249457433819771,
      0.029944024980068207,
      -0.049672987312078476,
      0.9983165264129639
    ],
    [
      0.9931145310401917,
      0.03505321964621544,
      -0.11177969723939896,
      -0.026494914665818214,
      0.9966672658920288,
      0.07715112715959549,
      0.11411156505346298,
      -0.07365831732749939,
      0.9907335042953491
    ],
    [
      0.9173829555511475,
      -0.25201305747032166,
      -0.3080550730228424,
      0.3000811040401459,
      0.9464118480682373,
      0.11939799040555954,
      0.2614571452140808,
      -0.20197519659996033,
      0.9438464641571045
    ],
    [
      0.9876874685287476,
      0.08016633987426758,
      0.13433851301670074,
      -0.07208671420812607,
      0.9953446388244629,
      -0.063972607254982,
      -0.13884156942367554,
      0.05350091680884361,
      0.9888683557510376
    ],
    [
      0.9586498141288757,
      -0.2527097761631012,
      0.1308753490447998,
      0.14170919358730316,
      0.8226909637451172,
      0.550543487071991,
      -0.24679768085479736,
      -0.5092321038246155,
      0.8244838118553162
    ],
    [
      0.9319426417350769,
      0.3164721727371216,
      0.1769980937242508,
      -0.3097659945487976,
      0.9485840201377869,
      -0.06506478041410446,
      -0.18848875164985657,
      0.0058086588978767395,
      0.9820582270622253
    ],
    [
      0.9914224743843079,
      0.08729599416255951,
      0.0972675234079361,
      -0.08517634123563766,
      0.996033251285553,
      -0.02574322000145912,
      -0.09912896901369095,
      0.01723751239478588,
      0.994925320148468
    ],
    [
      0.9719650149345398,
      0.23512567579746246,
      -2.376619704591576e-05,
      -0.22798198461532593,
      0.9424591064453125,
      0.24453036487102509,
      0.05751775577664375,
      -0.23766951262950897,
      0.9696416854858398
    ],
    [
      0.9599612355232239,
      0.0194148700684309,
      0.2794593572616577,
      -0.08985712379217148,
      0.9662218689918518,
      0.241538867354393,
      -0.2653302848339081,
      -0.2569793462753296,
      0.9292801022529602
    ],
    [
      0.8609151244163513,
      -0.005200269632041454,
      0.5087220072746277,
      -0.026220114901661873,
      0.9981653094291687,
      0.05457601696252823,
      -0.5080724358558655,
      -0.06032406911253929,
      0.8591992855072021
    ],
    [
      0.6848365664482117,
      0.5406768321990967,
      -0.48853594064712524,
      -0.6863941550254822,
      0.7037367224693298,
      -0.1833513379096985,
      0.24466682970523834,
      0.4608939290046692,
      0.8530620336532593
    ],
    [
      0.7933294773101807,
      -0.3122709095478058,
      0.5226043462753296,
      0.15364226698875427,
      0.9333373308181763,
      0.3244618773460388,
      -0.58908611536026,
      -0.17711104452610016,
      0.7884220480918884
    ],
    [
      -0.3005714416503906,
      -0.2764139771461487,
      -0.9128264784812927,
      -0.03446782007813454,
      0.9596055150032043,
      -0.2792297601699829,
      0.9531362652778625,
      -0.05246535688638687,
      -0.2979573905467987
    ],
    [
      -0.2248271107673645,
      0.11772674322128296,
      0.9672605991363525,
      -0.5019986629486084,
      0.8368041515350342,
      -0.21853172779083252,
      -0.8351348042488098,
      -0.5346953868865967,
      -0.12903758883476257
    ],
    [
      0.9670572876930237,
      -0.24136368930339813,
      -0.0808938667178154,
      0.22298173606395721,
      0.9564832448959351,
      -0.18819940090179443,
      0.12279811501502991,
      0.1639617383480072,
      0.9787937998771667
    ],
    [
      0.9407287240028381,
      0.33450356125831604,
      0.05600833520293236,
      -0.2994847297668457,
      0.8967818021774292,
      -0.32571670413017273,
      -0.1591806411743164,
      0.28963738679885864,
      0.9438071250915527
    ],
    [
      0.9471925497055054,
      0.22510525584220886,
      -0.22837215662002563,
      -0.15260009467601776,
      0.9427973628044128,
      0.29638874530792236,
      0.28202733397483826,
      -0.24588759243488312,
      0.9273617267608643
    ],
    [
      0.9533397555351257,
      -0.2239566147327423,
      0.2024518847465515,
      0.18640325963497162,
      0.9641604423522949,
      0.18880775570869446,
      -0.23748087882995605,
      -0.14226023852825165,
      0.9609187245368958
    ]
  ],
  "root_rot": [
    -0.6987776756286621,
    -0.0023487533908337355,
    -0.7153350114822388,
    0.07834450900554657,
    -0.9942303895950317,
    -0.07326663285493851,
    -0.7110357880592346,
    -0.10723966360092163,
    0.6949300169944763
  ],
  "root_trans": [
    0.28713399171829224,
    0.4990144371986389,
    2.8347151279449463
  ]
}