{
  "betas": [
    -0.4573621153831482,
    1.0783365964889526,
    0.6615636348724365,
    -0.461433082818985,
    -0.08847230672836304,
    -0.6794649958610535,
    0.040482401847839355,
    0.8033350110054016,
    -0.2968761622905731,
    0.8643343448638916
  ],
  "joints": [
    [
      0.8782767653465271,
      -0.4476124346256256,
      0.16814583539962769,
      0.47787147760391235,
      0.833754301071167,
      -0.27657291293144226,
      -0.0163948442786932,
      0.3232596516609192,
      0.9461682438850403
    ],
    [
      0.7407311201095581,
      0.48794928193092346,
      0.46176066994667053,
      -0.3104771375656128,
      -0.3608914315700531,
      0.879409670829773,
      0.5957527756690979,
      -0.794772207736969,
      -0.11582642048597336
    ],
    [
      0.9837889075279236,
      -0.1638648957014084,
      -0.07285337150096893,
      0.11802901327610016,
      0.8975134491920471,
      -0.4248984158039093,
      0.13501280546188354,
      0.40941154956817627,
      0.9023045897483826
    ],
    [
      0.9680836796760559,
      -0.1044098287820816,
      -0.22784380614757538,
      -0.04060707986354828,
      0.8317384719848633,
      -0.5536807179450989,
      0.2473161220550537,
      0.5452612042427063,
      0.800952672958374
    ],
    [
      0.9483451843261719,
      -0.30912885069847107,
      -0.07127964496612549,
      0.013633368536829948,
      0.26419195532798767,
      -0.9643737077713013,
      0.3169472813606262,
      0.9135873913764954,
      0.25475963950157166
    ],
    [
      0.9733104705810547,
      -0.20249763131141663,
      -0.10798810422420502,
      0.18800602853298187,
      0.9734172821044922,
      -0.13081486523151398,
      0.13160718977451324,
      0.10702107101678848,
      0.9855080246925354
    ],
    [
      0.9723159670829773,
      -0.035806287080049515,
      0.23091048002243042,
      -0.038170188665390015,
      0.9505785703659058,
      0.30812889337539673,
      -0.2305314987897873,
      -0.3084125220775604,
      0.9228959679603577
    ],
    [
      0.9275996685028076,
      -0.3314174711704254,
      -0.17239879071712494,
      0.25169339776039124,
      0.8954553008079529,
      -0.36716511845588684,
      0.2760603427886963,
      0.2971906065940857,
      0.9140396118164062
    ],
    [
      0.9889734387397766,
      -0.14468957483768463,
      0.03156616538763046,
      0.1439853459596634,
      0.989299476146698,
      0.023556912317872047,
      -0.03463682532310486,
      -0.018752094358205795,
      0.999224066734314
    ],
    [
      0.9355021119117737,
      -0.10524681210517883,
      0.33728182315826416,
      -0.1284463107585907,
      0.7879824042320251,
      0.6021506190299988,
      -0.32914653420448303,
      -0.6066357493400574,
      0.7236406207084656
    ],
    [
      0.8684884905815125,
      0.46181008219718933,
      0.18016429245471954,
      -0.479905366897583,
      0.8743423223495483,
      0.07222383469343185,
      -0.12417157739400864,
      -0.149187371134758,
      0.9809813499450684
    ],
    [
      0.9717762470245361,
      -0.1064942255616188,
      -0.21049930155277252,
      0.009536286816000938,
      0.9093112945556641,
      -0.41600731015205383,
      0.23571175336837769,
      0.40225863456726074,
      0.8846626877784729
    ],
    [
      0.8564434051513672,
      -0.1864820271730423,
      -0.4813825190067291,
      0.365531861782074,
      0.8775226473808289,
      0.310387521982193,
      0.3645423948764801,
      -0.44179001450538635,
      0.8197135925292969
    ],
    [
      0.9453104734420776,
      -0.07646982371807098,
      0.31708112359046936,
      0.002058477606624365,
      0.973508358001709,
      0.22864218056201935,
      -0.3261653482913971,
      -0.21548515558242798,
      0.9204250574111938
    ],
    [
      0.9755897521972656,
      -0.16029579937458038,
      -0.1500997096300125,
      0.1867877095937729,
      0.9651393890380859,
      0.18334734439849854,
      0.11547733843326569,
      -0.20690856873989105,
      0.9715213775634766
    ],
    [
      0.8668135404586792,
      0.1288040429353714,
      -0.4817093312740326,
      -0.06382685154676437,
      0.9867751002311707,
      0.14899998903274536,
      0.494530588388443,
      -0.09840923547744751,
      0.8635711669921875
    ],
    [
      0.9332920908927917,
      -0.17164765298366547,
      0.3154408931732178,
      0.09869633615016937,
      0.9671501517295837,
      0.23426422476768494,
      -0.34528955817222595,
      -0.18750408291816711,
      0.9195745587348938
    ],
    [
      0.35559675097465515,
      -0.30067262053489685,
      -0.8849559426307678,
      0.3822092115879059,
      0.9108328223228455,
      -0.15588365495204926,
      0.8529168367385864,
      -0.28280654549598694,
      0.43880903720855713
    ],
    [
      0.6603783965110779,
      0.23796749114990234,
      0.7122302651405334,
      -0.41947659850120544,
      0.9035840630531311,
      0.08703593164682388,
      -0.6228482127189636,
      -0.35624054074287415,
      0.6965292096138
    ],
    [
      0.9248073101043701,
      -0.17012101411819458,
      0.34027960896492004,
      0.3541567325592041,
      0.7116473317146301,
      -0.6067381501197815,
      -0.13894014060497284,
      0.6816282272338867,
      0.718386173248291
    ],
    [
      0.9510760307312012,
      0.16840139031410217,
      -0.2590276300907135,
      -0.28510499000549316,
      0.8013952374458313,
      -0.5258145332336426,
      0.11903561651706696,
      0.5739396810531616,
      0.8101998567581177
    ],
    [
      0.9861893057823181,
      0.07896718382835388,
      -0.14558422565460205,
      -0.0682404413819313,
      0.9946725368499756,
      0.07726466655731201,
      0.15090999007225037,
      -0.0662628710269928,
      0.9863241910934448
    ],
    [
      0.9791783690452576,
      -0.11457391083240509,
      0.16757862269878387,
      0.11444257944822311,
      0.9933746457099915,
      0.010473363101482391,
      -0.16766834259033203,
      0.00892284233123064,
      0.9858031272888184
    ]
  ],
  "root_rot": [
    -0.6213449239730835,
    -0.6860519051551819,
    0.3785013258457184,
    0.4398100674152374,
    -0.7051647901535034,
    -0.5561562180519104,
    0.6484578251838684,
    -0.17909617722034454,
    0.7398831248283386
  ],
  "root_trans": [
    -0.03629021346569061,
    0.4715040326118469,
    2.729454278945923
  ]
}