{
  "betas": [
    -0.7397030591964722,
    0.9989932775497437,
    1.0933860540390015,
    0.01932758092880249,
    -0.23465019464492798,
    -0.16143423318862915,
    0.19066697359085083,
    0.7008558511734009,
    0.11001847684383392,
    0.9345429539680481
  ],
  "joints": [
    [
      0.9173644781112671,
      -0.39743831753730774,
      0.02202826552093029,
      0.36666932702064514,
      0.8652883172035217,
      0.34180375933647156,
      -0.1549067199230194,
      -0.30548152327537537,
      0.9395132064819336
    ],
    [
      0.879798412322998,
      0.43242231011390686,
      -0.1973971128463745,
      -0.40703949332237244,
      0.8998186588287354,
      0.1569877564907074,
      0.2455066293478012,
      -0.05776916444301605,
      0.9676719903945923
    ],
    [
      0.9972235560417175,
      -0.021137496456503868,
      0.07140284031629562,
      0.03454798087477684,
      0.9807536602020264,
      -0.19216866791248322,
      -0.06596662849187851,
      0.1941019594669342,
      0.9787608981132507
    ],
    [
      0.9952508211135864,
      0.07525928318500519,
      0.061741236597299576,
      -0.04931860789656639,
      0.9366633296012878,
      -0.34674128890037537,
      -0.0839262530207634,
      0.3420495390892029,
      0.935926616191864
    ],
    [
      0.9996825456619263,
      0.01636010780930519,
      0.019163351505994797,
      -0.007367034442722797,
      0.9170858860015869,
      -0.39862170815467834,
      -0.02409593015909195,
      0.3983539342880249,
      0.9169152975082397
    ],
    [
      0.9961937665939331,
      0.004236024338752031,
      -0.0870639830827713,
      -0.005444549489766359,
      0.9998920559883118,
      -0.013648021966218948,
      0.08699676394462585,
      0.014070096425712109,
      0.9961093068122864
    ],
    [
      0.9872449636459351,
      0.06673651188611984,
      0.14454661309719086,
      -0.05266609042882919,
      0.9936854243278503,
      -0.099073626101017,
      -0.15024569630622864,
      0.09019722044467926,
      0.9845256805419922
    ],
    [
      0.8813554048538208,
      -0.29931581020355225,
      -0.36554452776908875,
      0.3032003343105316,
      0.9517051577568054,
      -0.04823802411556244,
      0.36232897639274597,
      -0.06831837445497513,
      0.929543137550354
    ],
    [
      0.9981201887130737,
      0.007095897104591131,
      0.060875579714775085,
      -0.007292972411960363,
      0.9999688267707825,
      0.0030158325098454952,
      -0.0608522854745388,
      -0.003454127348959446,
      0.998140811920166
    ],
    [
      0.942264199256897,
      -0.3226412832736969,
      0.08967088907957077,
      0.23223604261875153,
      0.822525143623352,
      0.5191521048545837,
      -0.24125643074512482,
      -0.46835362911224365,
      0.8499649167060852
    ],
    [
      0.9038689732551575,
      0.34565475583076477,
      0.25207871198654175,
      -0.2955741584300995,
      0.9305452704429626,
      -0.216151162981987,
      -0.30928435921669006,
      0.12086436152458191,
      0.9432576298713684
    ],
    [
      0.9923699498176575,
      0.1178179457783699,
      0.03634161502122879,
      -0.11806979775428772,
      0.9929934740066528,
      0.00485624186694622,
      -0.03551482781767845,
      -0.009110036306083202,
      0.9993276000022888
    ],
    [
      0.9579674601554871,
      0.2145877480506897,
      -0.1903955489397049,
      -0.17119060456752777,
      0.9601700305938721,
      0.22083328664302826,
      0.23020020127296448,
      -0.17895717918872833,
      0.9565470814704895
    ],
    [
      0.9275872707366943,
      -0.3018266260623932,
      0.22018727660179138,
      0.302675724029541,
      0.9525987505912781,
      0.030708041042089462,
      -0.21901863813400269,
      0.03816095367074013,
      0.9749740958213806
    ],
    [
      0.9499695301055908,
      -0.0034294126089662313,
      0.31232383847236633,
      0.033708468079566956,
      0.9952251315116882,
      -0.09160035848617554,
      -0.31051841378211975,
      0.09754550457000732,
      0.9455491304397583
    ],
    [
      0.6487337946891785,
      0.45057350397109985,
      -0.6132927536964417,
      -0.544578492641449,
      0.8377814888954163,
      0.039452001452445984,
      0.5315813422203064,
      0.3083922266960144,
      0.7888697981834412
    ],
    [
      0.6475872993469238,
      -0.6136386394500732,
      0.451750248670578,
      0.6813963651657104,
      0.7317137718200684,
      0.017142659053206444,
      -0.34107130765914917,
      0.29671964049339294,
      0.8919796943664551
    ],
    [
      0.15379494428634644,
      -0.230396568775177,
      -0.9608665108680725,
      0.03250608965754509,
      0.9730891585350037,
      -0.2281244397163391,
      0.9875679612159729,
      0.0038503732066601515,
      0.15714548528194427
    ],
    [
      0.2062082588672638,
      0.20819838345050812,
      0.9561023116111755,
      0.11459843814373016,
      0.9652394652366638,
      -0.2349041998386383,
      -0.9717743396759033,
      0.15800702571868896,
      0.17518113553524017
    ],
    [
      0.9561741352081299,
      -0.2708607614040375,
      0.11120029538869858,
      0.2922872304916382,
      0.9054250121116638,
      -0.3078535497188568,
      -0.017298080027103424,
      0.3268640339374542,
      0.9449130892753601
    ],
    [
      0.9717327356338501,
      0.22390325367450714,
      -0.07485175877809525,
      -0.2360827773809433,
      0.9207801818847656,
      -0.3105296492576599,
      -0.0006065762718208134,
      0.31942304968833923,
      0.947611927986145
    ],
    [
      0.9675449132919312,
      0.1344962865114212,
      -0.2139337658882141,
      -0.10225261002779007,
      0.9825658202171326,
      0.15527008473873138,
      0.23108726739883423,
      -0.1283555030822754,
      0.9644291400909424
    ],
    [
      0.957535445690155,
      -0.08453559875488281,
      0.27564382553100586,
      0.04795098304748535,
      0.9894279837608337,
      0.13686901330947876,
      -0.28429996967315674,
      -0.11783954501152039,
      0.951465904712677
    ]
  ],
  "root_rot": [
    -0.3677053451538086,
    0.021987179294228554,
    -0.9296823143959045,
    0.09799402952194214,
    -0.9932382702827454,
    -0.06224860996007919,
    -0.9247647523880005,
    -0.11399246752262115,
    0.36306440830230713
  ],
  "root_trans": [
    0.3365482687950134,
    0.5242959260940552,
    2.5813608169555664
  ]
}