{
  "betas": [
    -0.7703081369400024,
    1.1798328161239624,
    1.5799494981765747,
    -0.24414876103401184,
    -0.41218048334121704,
    -0.3977290391921997,
    0.2988719046115875,
    0.7576208114624023,
    -0.01969081163406372,
    0.6948196887969971
  ],
  "joints": [
    [
      0.8611994385719299,
      -0.5082045197486877,
      -0.0079946955665946,
      0.4919655919075012,
      0.8295231461524963,
      0.26431283354759216,
      -0.12769316136837006,
      -0.2315591424703598,
      0.9644039869308472
    ],
    [
      0.8859178423881531,
      0.4491366147994995,
      -0.11587012559175491,
      -0.39064496755599976,
      0.8571483492851257,
      0.33569809794425964,
      0.25009220838546753,
      -0.25213685631752014,
      0.9348160028457642
    ],
    [
      0.9992547631263733,
      -0.0008628072682768106,
      0.03859090805053711,
      0.010757265612483025,
      0.9663681387901306,
      -0.2569374144077301,
      -0.037071336060762405,
      0.25716105103492737,
      0.9656572341918945
    ],
    [
      0.9958986043930054,
      0.08788254857063293,
      -0.021506261080503464,
      -0.08753912150859833,
      0.8758872747421265,
      -0.4745086431503296,
      -0.0228639617562294,
      0.4744451940059662,
      0.8799880743026733
    ],
    [
      0.9981009364128113,
      -0.05237895995378494,
      -0.03241875395178795,
      0.01904737390577793,
      0.7629160284996033,
      -0.646216869354248,
      0.05858096107840538,
      0.6443721652030945,
      0.7624648809432983
    ],
    [
      0.9980428814888,
      -0.011379593051970005,
      -0.06149006634950638,
      0.010715700685977936,
      0.999880850315094,
      -0.011115619912743568,
      0.06160922721028328,
      0.010434954427182674,
      0.9980459213256836
    ],
    [
      0.99204021692276,
      0.10072494298219681,
      0.07556939125061035,
      -0.09557781368494034,
      0.993034839630127,
      -0.06889496743679047,
      -0.08198249340057373,
      0.06112382188439369,
      0.9947575926780701
    ],
    [
      0.9282621741294861,
      -0.2722267806529999,
      -0.2534206211566925,
      0.30184805393218994,
      0.9494972229003906,
      0.0856897234916687,
      0.21729515492916107,
      -0.15603703260421753,
      0.9635534882545471
    ],
    [
      0.9971325993537903,
      0.011835244484245777,
      0.07474268227815628,
      -0.011579181998968124,
      0.9999254941940308,
      -0.003858346724882722,
      -0.07478278130292892,
      0.0029818243347108364,
      0.9971953630447388
    ],
    [
      0.9711935520172119,
      -0.22656023502349854,
      0.07384809851646423,
      0.1484859138727188,
      0.8177654147148132,
      0.5560680031776428,
      -0.18637332320213318,
      -0.5290842652320862,
      0.8278495073318481
    ],
    [
      0.9062623381614685,
      0.37231534719467163,
      0.20017458498477936,
      -0.3225013017654419,
      0.9151141047477722,
      -0.24198994040489197,
      -0.2732791304588318,
      0.1547498106956482,
      0.9494056105613708
    ],
    [
      0.9707949757575989,
      0.21371828019618988,
      0.10900287330150604,
      -0.21294918656349182,
      0.9768826961517334,
      -0.018785586580634117,
      -0.11049783229827881,
      -0.004975118208676577,
      0.9938639402389526
    ],
    [
      0.8937180638313293,
      0.14858318865299225,
      -0.42330965399742126,
      0.0012449370697140694,
      0.9427376985549927,
      0.3335326611995697,
      0.4486273229122162,
      -0.2986111640930176,
      0.8423567414283752
    ],
    [
      0.8876372575759888,
      -0.3249867558479309,
      0.32631832361221313,
      0.324140340089798,
      0.9441907405853271,
      0.05862511694431305,
      -0.3271591365337372,
      0.05373509228229523,
      0.9434401988983154
    ],
    [
      0.9573877453804016,
      -0.09334069490432739,
      0.2733062207698822,
      0.0784243568778038,
      0.9947969913482666,
      0.06502792984247208,
      -0.2779539227485657,
      -0.040823083370923996,
      0.9597266316413879
    ],
    [
      0.16251447796821594,
      0.6283474564552307,
      -0.7607683539390564,
      -0.6292220950126648,
      0.6599002480506897,
      0.4106229841709137,
      0.7600451707839966,
      0.41196003556251526,
      0.5026134252548218
    ],
    [
      0.5595980882644653,
      -0.6872261166572571,
      0.46321728825569153,
      0.7712944746017456,
      0.6363591551780701,
      0.012321743182837963,
      -0.3032403588294983,
      0.3503817319869995,
      0.8861591219902039
    ],
    [
      -0.540213406085968,
      -0.4404924511909485,
      -0.7170326113700867,
      0.18180955946445465,
      0.770845353603363,
      -0.6105265617370605,
      0.8216536045074463,
      -0.46017807722091675,
      -0.3363352417945862
    ],
    [
      0.14224906265735626,
      0.48141008615493774,
      0.8648753762245178,
      0.25085240602493286,
      0.8277027010917664,
      -0.5019773840904236,
      -0.9575166702270508,
      0.28836187720298767,
      -0.0030229438561946154
    ],
    [
      0.8941834568977356,
      -0.32005488872528076,
      0.31305086612701416,
      0.4062011241912842,
      0.8739969730377197,
      -0.2667020261287689,
      -0.1882462203502655,
      0.36564213037490845,
      0.9115203022956848
    ],
    [
      0.8903383016586304,
      0.35167640447616577,
      -0.2891736924648285,
      -0.4483168423175812,
      0.7879637479782104,
      -0.4220488667488098,
      0.07943374663591385,
      0.5054076910018921,
      0.8592167496681213
    ],
    [
      0.960178554058075,
      0.10709478706121445,
      -0.2580462098121643,
      -0.09592197090387344,
      0.9938379526138306,
      0.05554297938942909,
      0.26240450143814087,
      -0.028578877449035645,
      0.9645346403121948
    ],
    [
      0.9669229388237,
      -0.047906991094350815,
      0.250529408454895,
      0.03835304453969002,
      0.9983437061309814,
      0.04288196563720703,
      -0.25216883420944214,
      -0.031854983419179916,
      0.9671587944030762
    ]
  ],
  "root_rot": [
    -0.5723506808280945,
    0.02711401879787445,
    -0.8195606470108032,
    0.11089669913053513,
    -0.9877119064331055,
    -0.11012322455644608,
    -0.8124756813049316,
    -0.153915673494339,
    0.5623107552528381
  ],
  "root_trans": [
    0.34765392541885376,
    0.5423840880393982,
    2.6266539096832275
  ]
}