{
  "betas": [
    -0.5941219329833984,
    0.7130546569824219,
    1.7038747072219849,
    0.5642296075820923,
    0.4437892735004425,
    0.11520618945360184,
    -0.189138263463974,
    0.29665207862854004,
    0.08662597090005875,
    0.9541770815849304
  ],
  "joints": [
    [
      0.9838798642158508,
      -0.17786599695682526,
      0.0185528676956892,
      0.17057836055755615,
      0.9645642042160034,
      0.20129317045211792,
      -0.05369863659143448,
      -0.1948835551738739,
      0.9793553948402405
    ],
    [
      0.9776027202606201,
      0.11483550071716309,
      -0.17636826634407043,
      -0.10993290692567825,
      0.9932368993759155,
      0.03735454007983208,
      0.17946507036685944,
      -0.01712922565639019,
      0.9836152791976929
    ],
    [
      0.9955854415893555,
      -0.012456431984901428,
      0.09302926808595657,
      0.02010408416390419,
      0.9964519143104553,
      -0.08172806352376938,
      -0.09168114513158798,
      0.08323753625154495,
      0.9923034310340881
    ],
    [
      0.998537003993988,
      0.015143528580665588,
      0.05190938338637352,
      -0.01144884992390871,
      0.9974285364151001,
      -0.07074829936027527,
      -0.052847277373075485,
      0.07005048543214798,
      0.9961426854133606
    ],
    [
      0.9982998967170715,
      -0.05613848194479942,
      0.015678102150559425,
      0.05795448645949364,
      0.9847034215927124,
      -0.1643180102109909,
      -0.006213716231286526,
      0.1649472564458847,
      0.9862828254699707
    ],
    [
      0.9897241592407227,
      0.03147727623581886,
      -0.13948194682598114,
      -0.03382087126374245,
      0.9993232488632202,
      -0.01446334458887577,
      0.13893228769302368,
      0.019032124429941177,
      0.9901189804077148
    ],
    [
      0.9817595481872559,
      0.03934558853507042,
      0.18601101636886597,
      -0.01540262158960104,
      0.9915962219238281,
      -0.12845087051391602,
      -0.1895018070936203,
      0.1232428178191185,
      0.9741150736808777
    ],
    [
      0.9706705212593079,
      -0.15092317759990692,
      -0.1871386468410492,
      0.18174821138381958,
      0.9701966643333435,
      0.16026881337165833,
      0.15737301111221313,
      -0.18958033621311188,
      0.9691713452339172
    ],
    [
      0.9968094825744629,
      0.039985571056604385,
      0.06907950341701508,
      -0.03780685365200043,
      0.9987543821334839,
      -0.032564301043748856,
      -0.070295549929142,
      0.029848726466298103,
      0.9970795512199402
    ],
    [
      0.9769024848937988,
      -0.1709853559732437,
      0.1281622350215912,
      0.06780708581209183,
      0.816819965839386,
      0.5728938579559326,
      -0.20264193415641785,
      -0.5509711503982544,
      0.809547483921051
    ],
    [
      0.9355425238609314,
      0.23272648453712463,
      0.26570388674736023,
      -0.27459168434143066,
      0.9523640275001526,
      0.13267365097999573,
      -0.22217011451721191,
      -0.19708192348480225,
      0.9548817873001099
    ],
    [
      0.9306305050849915,
      0.2275276482105255,
      0.28663206100463867,
      -0.21420858800411224,
      0.9737130999565125,
      -0.07744283974170685,
      -0.2967178225517273,
      0.010671619325876236,
      0.9549055099487305
    ],
    [
      0.9698427319526672,
      0.20380021631717682,
      -0.13368090987205505,
      -0.19948041439056396,
      0.9788637757301331,
      0.04509235545992851,
      0.14004522562026978,
      -0.017065763473510742,
      0.9899980425834656
    ],
    [
      0.9914917945861816,
      -0.11651352047920227,
      0.05803992599248886,
      0.12241096049547195,
      0.9862145185470581,
      -0.11133908480405807,
      -0.044267311692237854,
      0.11749650537967682,
      0.9920861124992371
    ],
    [
      0.8429307341575623,
      -0.22405117750167847,
      0.48915112018585205,
      0.19112920761108398,
      0.9745637774467468,
      0.11702611297369003,
      -0.5029287934303284,
      -0.005153832025825977,
      0.864312469959259
    ],
    [
      0.6712966561317444,
      0.6910298466682434,
      -0.26802733540534973,
      -0.7356253862380981,
      0.6653934717178345,
      -0.1269126832485199,
      0.09064318984746933,
      0.28236374258995056,
      0.9550155401229858
    ],
    [
      0.7187423706054688,
      -0.6855077743530273,
      0.11614026129245758,
      0.6875191926956177,
      0.675854504108429,
      -0.2655900716781616,
      0.1035701334476471,
      0.27073949575424194,
      0.9570649862289429
    ],
    [
      0.9424828290939331,
      0.0472172349691391,
      -0.3309025764465332,
      -0.15210986137390137,
      0.9421120285987854,
      -0.2988099753856659,
      0.29763832688331604,
      0.3319568634033203,
      0.8951066136360168
    ],
    [
      -0.2831762731075287,
      0.248482808470726,
      0.9263193011283875,
      0.2382017821073532,
      0.9538116455078125,
      -0.183039128780365,
      -0.9290161728858948,
      0.16881859302520752,
      -0.3292858600616455
    ],
    [
      0.9892760515213013,
      -0.013133964501321316,
      0.14546635746955872,
      0.09439171850681305,
      0.8175150156021118,
      -0.5681192278862,
      -0.11145925521850586,
      0.5757575035095215,
      0.8099877834320068
    ],
    [
      0.9520741105079651,
      0.0744941234588623,
      0.29665738344192505,
      -0.06727863103151321,
      0.997138500213623,
      -0.0344732329249382,
      -0.29837656021118164,
      0.012862373143434525,
      0.954361617565155
    ],
    [
      0.9436437487602234,
      0.270020991563797,
      -0.19137710332870483,
      -0.19791840016841888,
      0.9238536953926086,
      0.32760149240493774,
      0.26526370644569397,
      -0.2712620198726654,
      0.925230860710144
    ],
    [
      0.7493806481361389,
      -0.5610923171043396,
      0.3515736162662506,
      0.27579236030578613,
      0.7472127676010132,
      0.6046582460403442,
      -0.6019694209098816,
      -0.3561578691005707,
      0.7146917581558228
    ]
  ],
  "root_rot": [
    0.6339190602302551,
    -0.06955680251121521,
    0.7702652215957642,
    -0.09754982590675354,
    -0.9951844811439514,
    -0.009585235267877579,
    0.7672227621078491,
    -0.0690629631280899,
    -0.6376516819000244
  ],
  "root_trans": [
    -0.39749711751937866,
    0.5615732669830322,
    2.243807315826416
  ]
}