{
  "betas": [
    -0.7129759192466736,
    0.7481334805488586,
    1.756097674369812,
    0.5279248952865601,
    0.3811344504356384,
    0.08919056504964828,
    -0.12024426460266113,
    0.3567240834236145,
    0.07282333076000214,
    1.0317087173461914
  ],
  "joints": [
    [
      0.9846041202545166,
      -0.17432941496372223,
      0.012811221182346344,
      0.16807053983211517,
      0.9642946720123291,
      0.20466573536396027,
      -0.04803305119276047,
      -0.19936150312423706,
      0.9787481427192688
    ],
    [
      0.9780024290084839,
      0.11529261618852615,
      -0.17383593320846558,
      -0.10824126750230789,
      0.9928893446922302,
      0.04954437538981438,
      0.17831192910671234,
      -0.029638295993208885,
      0.9835276007652283
    ],
    [
      0.9957353472709656,
      -0.018579579889774323,
      0.09036575257778168,
      0.026311123743653297,
      0.9960219860076904,
      -0.0851345956325531,
      -0.08842451870441437,
      0.08714914321899414,
      0.99226313829422
    ],
    [
      0.9989010095596313,
      0.003800187027081847,
      0.046715475618839264,
      -0.001121886889450252,
      0.9983606338500977,
      -0.057224635034799576,
      -0.046856362372636795,
      0.05710933730006218,
      0.9972677230834961
    ],
    [
      0.9985792636871338,
      -0.0520881824195385,
      0.011238070204854012,
      0.05323098972439766,
      0.9847407937049866,
      -0.16568617522716522,
      -0.0024362944532185793,
      0.16604898869991302,
      0.9861144423484802
    ],
    [
      0.989938497543335,
      0.025407401844859123,
      -0.13919854164123535,
      -0.026646753773093224,
      0.9996200799942017,
      -0.007046832703053951,
      0.1389666199684143,
      0.010685121640563011,
      0.9902394413948059
    ],
    [
      0.9847015738487244,
      0.05831332877278328,
      0.16420209407806396,
      -0.03319960832595825,
      0.9878646731376648,
      -0.15172748267650604,
      -0.17105717957019806,
      0.14395485818386078,
      0.9746878743171692
    ],
    [
      0.9696367979049683,
      -0.15005411207675934,
      -0.19310122728347778,
      0.18078026175498962,
      0.9715856909751892,
      0.15277323126792908,
      0.16469015181064606,
      -0.1830434501171112,
      0.9692120552062988
    ],
    [
      0.9968186616897583,
      0.041935838758945465,
      0.0677780881524086,
      -0.03930872306227684,
      0.9984405636787415,
      -0.039640624076128006,
      -0.06933474540710449,
      0.03685024753212929,
      0.9969126582145691
    ],
    [
      0.9776313304901123,
      -0.16498270630836487,
      0.13045187294483185,
      0.06554589420557022,
      0.8283358812332153,
      0.556384265422821,
      -0.19985173642635345,
      -0.5353881120681763,
      0.8206210732460022
    ],
    [
      0.9318658709526062,
      0.24295184016227722,
      0.2694447636604309,
      -0.2864779829978943,
      0.9484445452690125,
      0.1355850249528885,
      -0.22261279821395874,
      -0.20353703200817108,
      0.9534234404563904
    ],
    [
      0.925786018371582,
      0.24151314795017242,
      0.29084649682044983,
      -0.22560320794582367,
      0.9702742695808411,
      -0.08758468180894852,
      -0.3033536970615387,
      0.01546877808868885,
      0.9527524709701538
    ],
    [
      0.9758425354957581,
      0.1868153065443039,
      -0.1132756844162941,
      -0.18322594463825226,
      0.9821985363960266,
      0.04140385985374451,
      0.1189940869808197,
      -0.019648602232336998,
      0.9927005171775818
    ],
    [
      0.995245635509491,
      -0.09266594797372818,
      0.029987400397658348,
      0.09497712552547455,
      0.9915791749954224,
      -0.08803493529558182,
      -0.02157703973352909,
      0.09046449512243271,
      0.995665967464447
    ],
    [
      0.8426679968833923,
      -0.22204101085662842,
      0.4905184805393219,
      0.18605954945087433,
      0.9749720096588135,
      0.12170249968767166,
      -0.5052646994590759,
      -0.011289158836007118,
      0.8628905415534973
    ],
    [
      0.6672912836074829,
      0.7019076347351074,
      -0.24909448623657227,
      -0.7419278621673584,
      0.655769944190979,
      -0.13967405259609222,
      0.06531039625406265,
      0.2780134081840515,
      0.9583544135093689
    ],
    [
      0.7409839630126953,
      -0.6647378206253052,
      0.09521763026714325,
      0.6669199466705322,
      0.7118966579437256,
      -0.22004763782024384,
      0.07848886400461197,
      0.22655431926250458,
      0.9708309173583984
    ],
    [
      0.9304696321487427,
      0.039431869983673096,
      -0.3642407953739166,
      -0.16406333446502686,
      0.9337813854217529,
      -0.31801825761795044,
      0.3275811970233917,
      0.3556649088859558,
      0.875324547290802
    ],
    [
      -0.45657870173454285,
      0.2169618308544159,
      0.862822949886322,
      0.16201740503311157,
      0.9738693237304688,
      -0.15915058553218842,
      -0.8748064041137695,
      0.06712757050991058,
      -0.4797995984554291
    ],
    [
      0.9887933731079102,
      0.018173430114984512,
      0.148180291056633,
      0.06862780451774597,
      0.8261411786079407,
      -0.5592682957649231,
      -0.1325816661119461,
      0.5631700754165649,
      0.8156357407569885
    ],
    [
      0.9452701210975647,
      0.059864893555641174,
      0.3207498788833618,
      -0.06700211763381958,
      0.9976893663406372,
      0.011250355280935764,
      -0.31933528184890747,
      -0.032125554978847504,
      0.9470970034599304
    ],
    [
      0.9448701739311218,
      0.26119616627693176,
      -0.19747644662857056,
      -0.19328565895557404,
      0.9317042231559753,
      0.30751892924308777,
      0.26431241631507874,
      -0.2523961067199707,
      0.9308249950408936
    ],
    [
      0.8080342411994934,
      -0.4841494560241699,
      0.3356783986091614,
      0.23146656155586243,
      0.7848578691482544,
      0.5748229026794434,
      -0.5417600274085999,
      -0.3867782652378082,
      0.746256411075592
    ]
  ],
  "root_rot": [
    0.6321825385093689,
    -0.06889130175113678,
    0.7717508673667908,
    -0.10283944755792618,
    -0.994687557220459,
    -0.004550728015601635,
    0.7679644823074341,
    -0.07648953050374985,
    -0.635908842086792
  ],
  "root_trans": [
    -0.39878255128860474,
    0.5574555993080139,
    2.2369539737701416
  ]
}