{
  "betas": [
    -0.5846655368804932,
    0.7546094655990601,
    1.1987650394439697,
    0.5264983177185059,
    0.4532802104949951,
    -0.44766589999198914,
    -0.3875081539154053,
    0.5213648080825806,
    0.19756469130516052,
    0.5343022346496582
  ],
  "joints": [
    [
      0.8981572389602661,
      -0.4393671154975891,
      -0.01643257774412632,
      0.4311394989490509,
      0.8727789521217346,
      0.22885718941688538,
      -0.08621032536029816,
      -0.21263450384140015,
      0.973321259021759
    ],
    [
      0.9552857875823975,
      0.2768905758857727,
      -0.10373377054929733,
      -0.2405477911233902,
      0.9317715764045715,
      0.2719162702560425,
      0.17194722592830658,
      -0.23480479419231415,
      0.9567135572433472
    ],
    [
      0.9980390667915344,
      0.018230993300676346,
      0.05988053232431412,
      -0.007987401448190212,
      0.9859175086021423,
      -0.16704124212265015,
      -0.062082599848508835,
      0.16623538732528687,
      0.984129786491394
    ],
    [
      0.9964919090270996,
      0.06571726500988007,
      -0.05181828513741493,
      -0.07470690459012985,
      0.9775816798210144,
      -0.19685783982276917,
      0.037719644606113434,
      0.20003843307495117,
      0.9790617823600769
    ],
    [
      0.9992266893386841,
      -0.03892630338668823,
      -0.005545828957110643,
      0.03145681694149971,
      0.8760443329811096,
      -0.48120352625846863,
      0.023589864373207092,
      0.4806569516658783,
      0.8765913844108582
    ],
    [
      0.9882998466491699,
      0.032329361885786057,
      -0.14905792474746704,
      -0.0420897975564003,
      0.9971383810043335,
      -0.0627976730465889,
      0.14660115540027618,
      0.06833674758672714,
      0.9868324398994446
    ],
    [
      0.9891241788864136,
      0.12909023463726044,
      0.07049273699522018,
      -0.1172645166516304,
      0.9814250469207764,
      -0.15183518826961517,
      -0.08878378570079803,
      0.14191754162311554,
      0.9858889579772949
    ],
    [
      0.9397618770599365,
      -0.11838294565677643,
      -0.32067587971687317,
      0.18212567269802094,
      0.9672781825065613,
      0.17664417624473572,
      0.28927111625671387,
      -0.22440677881240845,
      0.9305717349052429
    ],
    [
      0.9974651336669922,
      0.054857172071933746,
      0.04532014578580856,
      -0.0549805611371994,
      0.998486340045929,
      0.0014798474730923772,
      -0.045170366764068604,
      -0.003967823926359415,
      0.9989714026451111
    ],
    [
      0.9744412899017334,
      -0.1848663091659546,
      0.12762697041034698,
      0.06393162906169891,
      0.7728567123413086,
      0.6313521265983582,
      -0.2153530716896057,
      -0.6070561408996582,
      0.7649223208427429
    ],
    [
      0.9203720688819885,
      0.19172154366970062,
      0.34081965684890747,
      -0.25586679577827454,
      0.9543493390083313,
      0.1541088968515396,
      -0.29571500420570374,
      -0.22904197871685028,
      0.927411675453186
    ],
    [
      0.9304431080818176,
      0.2247445434331894,
      0.28942275047302246,
      -0.22806745767593384,
      0.9733815789222717,
      -0.022660305723547935,
      -0.28681156039237976,
      -0.04492378607392311,
      0.9569330811500549
    ],
    [
      0.9286834597587585,
      0.19124343991279602,
      -0.3177626132965088,
      -0.16257727146148682,
      0.9800099730491638,
      0.11466942727565765,
      0.33334028720855713,
      -0.05483061075210571,
      0.9412108659744263
    ],
    [
      0.9398834109306335,
      -0.24623708426952362,
      0.23661473393440247,
      0.25560981035232544,
      0.9667354226112366,
      -0.0092864278703928,
      -0.22645717859268188,
      0.06920920312404633,
      0.9715592265129089
    ],
    [
      0.8899731040000916,
      -0.2002750039100647,
      0.40968018770217896,
      0.18982771039009094,
      0.979563295841217,
      0.06649213284254074,
      -0.4146243631839752,
      0.018592434003949165,
      0.9098027348518372
    ],
    [
      0.5446431040763855,
      0.6153924465179443,
      -0.5697858929634094,
      -0.7458703517913818,
      0.6660602688789368,
      0.0064152684062719345,
      0.3834596574306488,
      0.4214923679828644,
      0.8217681050300598
    ],
    [
      0.5169123411178589,
      -0.745879590511322,
      0.4200775921344757,
      0.8351719975471497,
      0.5471026301383972,
      -0.056270696222782135,
      -0.18785439431667328,
      0.37992408871650696,
      0.905741810798645
    ],
    [
      -0.3104613423347473,
      -0.27572688460350037,
      -0.909718930721283,
      -0.06530410796403885,
      0.960934042930603,
      -0.2689632177352905,
      0.9483401775360107,
      -0.024094296619296074,
      -0.3163389563560486
    ],
    [
      0.16297808289527893,
      0.3523077964782715,
      0.9215841293334961,
      0.16610033810138702,
      0.9109435677528381,
      -0.37761417031288147,
      -0.9725475907325745,
      0.21461829543113708,
      0.08994539082050323
    ],
    [
      0.9535533785820007,
      -0.2942872643470764,
      -0.06427288055419922,
      0.2603806257247925,
      0.9125590324401855,
      -0.3153378963470459,
      0.15145272016525269,
      0.2839561104774475,
      0.9468004703521729
    ],
    [
      0.9931453466415405,
      0.1061858981847763,
      -0.0488557331264019,
      -0.11640171706676483,
      0.9364997148513794,
      -0.33078521490097046,
      0.010628657415509224,
      0.33420467376708984,
      0.9424405694007874
    ],
    [
      0.9314314723014832,
      0.2364513874053955,
      -0.2766334116458893,
      -0.1215858906507492,
      0.9186705350875854,
      0.3758474290370941,
      0.34300458431243896,
      -0.3164414167404175,
      0.8844277858734131
    ],
    [
      0.8658233880996704,
      -0.3148934245109558,
      0.3888340890407562,
      0.16029056906700134,
      0.9107312560081482,
      0.38062500953674316,
      -0.47397974133491516,
      -0.2672275900840759,
      0.8390068411827087
    ]
  ],
  "root_rot": [
    0.5303911566734314,
    -0.0782066360116005,
    0.8441380262374878,
    -0.11663219332695007,
    -0.9929988384246826,
    -0.018715443089604378,
    0.839691698551178,
    -0.08852715790271759,
    -0.5357992053031921
  ],
  "root_trans": [
    -0.39748090505599976,
    0.5901894569396973,
    2.414198398590088
  ]
}