{
  "betas": [
    -0.6394488215446472,
    1.0926202535629272,
    0.8819615840911865,
    -0.04382622241973877,
    -0.23776429891586304,
    0.029058855026960373,
    0.1898365020751953,
    0.6994549036026001,
    0.2756543457508087,
    1.1720139980316162
  ],
  "joints": [
    [
      0.888708233833313,
      -0.4474511742591858,
      0.09992501884698868,
      0.42902010679244995,
      0.8884828090667725,
      0.16291117668151855,
      -0.16167645156383514,
      -0.10191068053245544,
      0.9815675616264343
    ],
    [
      0.9506499171257019,
      0.27204611897468567,
      -0.1491829752922058,
      -0.23439283668994904,
      0.944743812084198,
      0.22917048633098602,
      0.2032846361398697,
      -0.18289349973201752,
      0.9618862867355347
    ],
    [
      0.998769223690033,
      0.02595764584839344,
      0.04226486757397652,
      -0.02017962373793125,
      0.9910692572593689,
      -0.13181257247924805,
      -0.045308951288461685,
      0.13079743087291718,
      0.9903733134269714
    ],
    [
      0.9993644952774048,
      0.008555076085031033,
      0.03460310399532318,
      -0.0037548269610852003,
      0.9906361103057861,
      -0.13647691905498505,
      -0.0354466587305069,
      0.1362602561712265,
      0.9900386929512024
    ],
    [
      0.9965844750404358,
      -0.06305698305368423,
      -0.05332181230187416,
      0.03160843253135681,
      0.8878048658370972,
      -0.4591332674026489,
      0.07629092782735825,
      0.45587968826293945,
      0.8867656588554382
    ],
    [
      0.9955704212188721,
      0.03473091498017311,
      -0.08736828714609146,
      -0.04334470257163048,
      0.9941717386245728,
      -0.0987110435962677,
      0.08343075215816498,
      0.10206075757741928,
      0.9912734031677246
    ],
    [
      0.9671912789344788,
      0.1666889488697052,
      0.19171790778636932,
      -0.08856216818094254,
      0.928534209728241,
      -0.36052873730659485,
      -0.23811279237270355,
      0.33172133564949036,
      0.912832498550415
    ],
    [
      0.9455649256706238,
      -0.2561870515346527,
      -0.20068708062171936,
      0.263318806886673,
      0.964664876461029,
      0.009220229461789131,
      0.19123364984989166,
      -0.061563000082969666,
      0.9796121120452881
    ],
    [
      0.9982282519340515,
      0.034786321222782135,
      0.04827181622385979,
      -0.03894834592938423,
      0.9953458905220032,
      0.08814481645822525,
      -0.04498092457652092,
      -0.08986876159906387,
      0.9949372410774231
    ],
    [
      0.9820634126663208,
      -0.1599370688199997,
      0.09985783696174622,
      0.10459839552640915,
      0.9027639031410217,
      0.4172247052192688,
      -0.15687775611877441,
      -0.3992961347103119,
      0.9033005833625793
    ],
    [
      0.9107375741004944,
      0.3802398443222046,
      0.1611666977405548,
      -0.3343978822231293,
      0.9079709053039551,
      -0.25252097845077515,
      -0.24235321581363678,
      0.17608653008937836,
      0.9540746212005615
    ],
    [
      0.9663964509963989,
      0.20227688550949097,
      0.15862533450126648,
      -0.18906721472740173,
      0.9774048924446106,
      -0.09451541304588318,
      -0.1741594821214676,
      0.06134850159287453,
      0.982804536819458
    ],
    [
      0.9068908095359802,
      0.414461225271225,
      -0.07596734166145325,
      -0.41034916043281555,
      0.9096643328666687,
      0.06422124058008194,
      0.09572198987007141,
      -0.02706851437687874,
      0.9950400590896606
    ],
    [
      0.9395684003829956,
      -0.3324302136898041,
      0.08186155557632446,
      0.33925458788871765,
      0.9361740350723267,
      -0.09211189299821854,
      -0.04601588100194931,
      0.11431734263896942,
      0.9923779964447021
    ],
    [
      0.8972355127334595,
      -0.10172567516565323,
      0.42967477440834045,
      0.1088683009147644,
      0.9940240383148193,
      0.007999692112207413,
      -0.42792078852653503,
      0.039600349962711334,
      0.9029483795166016
    ],
    [
      0.7528910040855408,
      0.4549342095851898,
      -0.4755943715572357,
      -0.5903099775314331,
      0.7863123416900635,
      -0.18233755230903625,
      0.2910141348838806,
      0.41802841424942017,
      0.8605597019195557
    ],
    [
      0.8132064342498779,
      -0.5601476430892944,
      0.15789194405078888,
      0.5756750106811523,
      0.8140453696250916,
      -0.07699626684188843,
      -0.08540192991495132,
      0.15350832045078278,
      0.9844499230384827
    ],
    [
      -0.11520548164844513,
      -0.24094611406326294,
      -0.9636766314506531,
      -0.14854539930820465,
      0.9634062647819519,
      -0.22312022745609283,
      0.9821720719337463,
      0.11744505912065506,
      -0.14678111672401428
    ],
    [
      -0.24186459183692932,
      0.2452644407749176,
      0.9388008117675781,
      0.13644830882549286,
      0.9665095806121826,
      -0.2173500806093216,
      -0.9606682062149048,
      0.07552849501371384,
      -0.267230361700058
    ],
    [
      0.9748418927192688,
      -0.22236628830432892,
      -0.015377669595181942,
      0.20871601998806,
      0.934860110282898,
      -0.28718337416648865,
      0.07823585718870163,
      0.2767488360404968,
      0.9577522277832031
    ],
    [
      0.9443891048431396,
      0.2001674473285675,
      0.26088738441467285,
      -0.11662263423204422,
      0.9456917643547058,
      -0.30342423915863037,
      -0.3074547052383423,
      0.25612515211105347,
      0.9164450764656067
    ],
    [
      0.9766463041305542,
      0.1264992654323578,
      -0.17366622388362885,
      -0.1104484423995018,
      0.9889184832572937,
      0.09920383244752884,
      0.18429093062877655,
      -0.07770588994026184,
      0.9797952175140381
    ],
    [
      0.9409645199775696,
      -0.17511147260665894,
      0.2896926701068878,
      0.17180100083351135,
      0.984435498714447,
      0.03702988475561142,
      -0.2916680872440338,
      0.014925687573850155,
      0.9564031958580017
    ]
  ],
  "root_rot": [
    -0.6534103751182556,
    0.028100578114390373,
    -0.7564821243286133,
    0.11088419705629349,
    -0.9849793314933777,
    -0.13236449658870697,
    -0.7488387823104858,
    -0.17037025094032288,
    0.6404798030853271
  ],
  "root_trans": [
    0.44704800844192505,
    0.4868265390396118,
    2.7594051361083984
  ]
}