{
  "betas": [
    -0.6668844223022461,
    1.1784924268722534,
    0.834199070930481,
    0.1552690863609314,
    -0.17020392417907715,
    -0.10223495215177536,
    0.25197774171829224,
    0.7745903134346008,
    0.14107701182365417,
    1.0346510410308838
  ],
  "joints": [
    [
      0.8933391571044922,
      -0.44377967715263367,
      0.07074481248855591,
      0.4156571626663208,
      0.875826895236969,
      0.2452680468559265,
      -0.1708051860332489,
      -0.18970194458961487,
      0.9668706655502319
    ],
    [
      0.8907355666160583,
      0.4504411220550537,
      -0.06076926365494728,
      -0.40516921877861023,
      0.847479522228241,
      0.34295231103897095,
      0.20598052442073822,
      -0.28085798025131226,
      0.9373850226402283
    ],
    [
      0.998415470123291,
      -0.05627170205116272,
      0.0003140325134154409,
      0.05523776635527611,
      0.9789747595787048,
      -0.19635990262031555,
      0.010742075741291046,
      0.19606609642505646,
      0.9805318713188171
    ],
    [
      0.9993190765380859,
      0.03518545627593994,
      0.011113066226243973,
      -0.0306100957095623,
      0.9586908221244812,
      -0.28279808163642883,
      -0.020604385063052177,
      0.282265305519104,
      0.9591150283813477
    ],
    [
      0.999663770198822,
      0.012057863175868988,
      0.02295372076332569,
      0.0012512996327131987,
      0.8618166446685791,
      -0.5072183609008789,
      -0.02589787170290947,
      0.5070765614509583,
      0.861511766910553
    ],
    [
      0.9944384694099426,
      0.0548911951482296,
      -0.08988356590270996,
      -0.0533636175096035,
      0.9983882904052734,
      0.019312793388962746,
      0.09079881757497787,
      -0.01440887339413166,
      0.9957649111747742
    ],
    [
      0.9858024716377258,
      0.1417754888534546,
      0.08996254205703735,
      -0.09680939465761185,
      0.9176718592643738,
      -0.38536515831947327,
      -0.13719142973423004,
      0.37118467688560486,
      0.918368399143219
    ],
    [
      0.922165036201477,
      -0.3237929344177246,
      -0.2115887552499771,
      0.31505319476127625,
      0.9461252689361572,
      -0.07475640624761581,
      0.2243950515985489,
      0.002276029670611024,
      0.9744956493377686
    ],
    [
      0.9989520907402039,
      0.04102325439453125,
      0.020292336121201515,
      -0.04141418635845184,
      0.9989568591117859,
      0.01923513412475586,
      -0.01948208175599575,
      -0.020055368542671204,
      0.9996089935302734
    ],
    [
      0.973732590675354,
      -0.164781391620636,
      0.15713676810264587,
      0.04079951345920563,
      0.8052201867103577,
      0.5915705561637878,
      -0.22400954365730286,
      -0.5696203708648682,
      0.7907921671867371
    ],
    [
      0.9209962487220764,
      0.36808446049690247,
      0.12759184837341309,
      -0.33194446563720703,
      0.9129044413566589,
      -0.23752544820308685,
      -0.20390859246253967,
      0.1764066517353058,
      0.962965190410614
    ],
    [
      0.9646016359329224,
      0.1991845965385437,
      0.1728268563747406,
      -0.1836262196302414,
      0.9776972532272339,
      -0.10192897915840149,
      -0.18927501142024994,
      0.06658532470464706,
      0.9796639084815979
    ],
    [
      0.9355744123458862,
      0.34722810983657837,
      -0.06429039686918259,
      -0.33920323848724365,
      0.9342827796936035,
      0.10980390012264252,
      0.09819240123033524,
      -0.0809222012758255,
      0.9918719530105591
    ],
    [
      0.9884718060493469,
      -0.14587520062923431,
      0.04054594784975052,
      0.14571240544319153,
      0.9893025755882263,
      0.0069575379602611065,
      -0.04112713783979416,
      -0.0009692824678495526,
      0.9991535544395447
    ],
    [
      0.8922404050827026,
      0.020930664613842964,
      0.45107537508010864,
      -0.012894157320261002,
      0.9996987581253052,
      -0.020882701501250267,
      -0.45137661695480347,
      0.012816151604056358,
      0.8922415375709534
    ],
    [
      0.7650863528251648,
      0.5319550037384033,
      -0.3628590404987335,
      -0.5874365568161011,
      0.8074027299880981,
      -0.05494622141122818,
      0.2637444734573364,
      0.2551952600479126,
      0.9302226305007935
    ],
    [
      0.6633073687553406,
      -0.6766195297241211,
      0.3197019696235657,
      0.6734609603881836,
      0.7259938716888428,
      0.1392236053943634,
      -0.326303094625473,
      0.12295874953269958,
      0.9372339248657227
    ],
    [
      0.8037986755371094,
      -0.09667500108480453,
      -0.5869938135147095,
      0.05957014486193657,
      0.9948280453681946,
      -0.08227106183767319,
      0.5919114947319031,
      0.03116205520927906,
      0.8054004311561584
    ],
    [
      -0.017125770449638367,
      0.1984732747077942,
      0.9799566268920898,
      -0.17090773582458496,
      0.9650948643684387,
      -0.19845005869865417,
      -0.9851381778717041,
      -0.1708807796239853,
      0.017392626032233238
    ],
    [
      0.9859791994094849,
      -0.1653400957584381,
      -0.02253068797290325,
      0.13461433351039886,
      0.8679065108299255,
      -0.47813940048217773,
      0.09861014783382416,
      0.46840256452560425,
      0.8779948949813843
    ],
    [
      0.927169680595398,
      0.2913840413093567,
      0.23548206686973572,
      -0.2182602733373642,
      0.9309831857681274,
      -0.2926309406757355,
      -0.3044978082180023,
      0.21992215514183044,
      0.9267769455909729
    ],
    [
      0.9786471128463745,
      0.13536156713962555,
      -0.15468372404575348,
      -0.11686607450246811,
      0.9854998588562012,
      0.12301336228847504,
      0.1690920740365982,
      -0.10230939090251923,
      0.9802757501602173
    ],
    [
      0.8809674382209778,
      -0.265187531709671,
      0.39188244938850403,
      0.24590671062469482,
      0.9641586542129517,
      0.09963961690664291,
      -0.4042600095272064,
      0.008587264455854893,
      0.9146037697792053
    ]
  ],
  "root_rot": [
    -0.5884478688240051,
    0.05011788755655289,
    -0.8069803714752197,
    0.026879537850618362,
    -0.9963127374649048,
    -0.08147694170475006,
    -0.8080882430076599,
    -0.06963619589805603,
    0.584930956363678
  ],
  "root_trans": [
    0.39617833495140076,
    0.520628035068512,
    2.6770527362823486
  ]
}