{
  "betas": [
    -0.6844614744186401,
    1.1153193712234497,
    1.635237693786621,
    -0.13595065474510193,
    -0.42449307441711426,
    -0.42352771759033203,
    0.2780696749687195,
    0.6341437101364136,
    -0.11656680703163147,
    0.7049087882041931
  ],
  "joints": [
    [
      0.854619026184082,
      -0.5189552307128906,
      0.01765662245452404,
      0.5006309151649475,
      0.8325145840644836,
      0.23725129663944244,
      -0.1378221958875656,
      -0.19392003118991852,
      0.9712878465652466
    ],
    [
      0.8956629037857056,
      0.42982301115989685,
      -0.11419317871332169,
      -0.3753794729709625,
      0.8683362007141113,
      0.32416439056396484,
      0.23849137127399445,
      -0.247476264834404,
      0.9390832781791687
    ],
    [
      0.9994975924491882,
      -0.006633745040744543,
      0.030993418768048286,
      0.01324864849448204,
      0.9757692217826843,
      -0.21840091049671173,
      -0.028793606907129288,
      0.2187017947435379,
      0.9753668904304504
    ],
    [
      0.9984714388847351,
      0.05444444343447685,
      -0.009523358196020126,
      -0.054108843207359314,
      0.927707314491272,
      -0.3693663477897644,
      -0.011275062337517738,
      0.3693169951438904,
      0.9292351603507996
    ],
    [
      0.9985062479972839,
      -0.043687041848897934,
      -0.03281300887465477,
      0.014504490420222282,
      0.7909565567970276,
      -0.6117003560066223,
      0.05267704650759697,
      0.6103107333183289,
      0.790408730506897
    ],
    [
      0.9980253577232361,
      0.005514622200280428,
      -0.06257042288780212,
      -0.006196829956024885,
      0.9999234080314636,
      -0.010714150033891201,
      0.0625065490603447,
      0.011080730706453323,
      0.9979830980300903
    ],
    [
      0.9875492453575134,
      0.1522604376077652,
      0.03953959420323372,
      -0.14227919280529022,
      0.9717334508895874,
      -0.18838992714881897,
      -0.06710627675056458,
      0.18041864037513733,
      0.9812981486320496
    ],
    [
      0.9299554824829102,
      -0.28570130467414856,
      -0.23142504692077637,
      0.3109165132045746,
      0.9470452070236206,
      0.08022689074277878,
      0.19624903798103333,
      -0.14656130969524384,
      0.9695391654968262
    ],
    [
      0.9974414706230164,
      0.022220445796847343,
      0.06794717162847519,
      -0.021821362897753716,
      0.9997400045394897,
      -0.006610098294913769,
      -0.06807639449834824,
      0.005110485944896936,
      0.9976670145988464
    ],
    [
      0.9547703862190247,
      -0.2681632339954376,
      0.1284601241350174,
      0.13237513601779938,
      0.7701920866966248,
      0.6239237785339355,
      -0.26625239849090576,
      -0.578698992729187,
      0.7708547711372375
    ],
    [
      0.9035856127738953,
      0.3856359124183655,
      0.18659554421901703,
      -0.3163827061653137,
      0.8943542242050171,
      -0.3162791430950165,
      -0.28885114192962646,
      0.2267497181892395,
      0.930134117603302
    ],
    [
      0.9730735421180725,
      0.207458958029747,
      0.1004427969455719,
      -0.20116783678531647,
      0.9771043062210083,
      -0.0692727193236351,
      -0.11251432448625565,
      0.04720158502459526,
      0.9925284385681152
    ],
    [
      0.9370306134223938,
      0.127347931265831,
      -0.3252016603946686,
      -0.01977517269551754,
      0.9490028619766235,
      0.3146466612815857,
      0.34868690371513367,
      -0.28840261697769165,
      0.8917630910873413
    ],
    [
      0.9280061721801758,
      -0.2559434473514557,
      0.2707351744174957,
      0.25794854760169983,
      0.9657295942306519,
      0.0287894606590271,
      -0.2688254714012146,
      0.04311895743012428,
      0.9622232913970947
    ],
    [
      0.9498364329338074,
      -0.06049802899360657,
      0.30684006214141846,
      0.04983324557542801,
      0.9978537559509277,
      0.04248061403632164,
      -0.3087514638900757,
      -0.025058800354599953,
      0.9508126378059387
    ],
    [
      0.1776382029056549,
      0.6427934169769287,
      -0.7451586127281189,
      -0.6840704679489136,
      0.6249983906745911,
      0.37606459856033325,
      0.7074547410011292,
      0.44293758273124695,
      0.550739586353302
    ],
    [
      0.5525472164154053,
      -0.7073027491569519,
      0.44092443585395813,
      0.7884573340415955,
      0.6150878667831421,
      -0.001375639345496893,
      -0.27023428678512573,
      0.3484102189540863,
      0.8975431323051453
    ],
    [
      -0.6087278127670288,
      -0.39317360520362854,
      -0.689104437828064,
      0.15073271095752716,
      0.7954361438751221,
      -0.5869932174682617,
      0.7789287567138672,
      -0.4611896872520447,
      -0.42493999004364014
    ],
    [
      0.04054694622755051,
      0.48629316687583923,
      0.872854471206665,
      0.2738536298274994,
      0.8347126245498657,
      -0.4777646064758301,
      -0.96091628074646,
      0.25840625166893005,
      -0.09932810813188553
    ],
    [
      0.9026603698730469,
      -0.30408966541290283,
      0.30452215671539307,
      0.38664916157722473,
      0.8837506175041199,
      -0.26360440254211426,
      -0.18896228075027466,
      0.3556884527206421,
      0.9153026938438416
    ],
    [
      0.897953987121582,
      0.37831202149391174,
      -0.2248525172472,
      -0.44002071022987366,
      0.7808084487915039,
      -0.4435313045978546,
      0.007773512043058872,
      0.49721044301986694,
      0.8675951957702637
    ],
    [
      0.9442024230957031,
      0.13147379457950592,
      -0.30198752880096436,
      -0.1100049763917923,
      0.990106463432312,
      0.08710984140634537,
      0.3104524612426758,
      -0.04902918264269829,
      0.9493237137794495
    ],
    [
      0.9358327984809875,
      -0.10313395410776138,
      0.3370169997215271,
      0.07760132849216461,
      0.9930567145347595,
      0.08841092884540558,
      -0.34379515051841736,
      -0.05658486485481262,
      0.9373383522033691
    ]
  ],
  "root_rot": [
    -0.5653900504112244,
    0.028892451897263527,
    -0.8243175148963928,
    0.0977819636464119,
    -0.9899910092353821,
    -0.10176686942577362,
    -0.8190072178840637,
    -0.13814134895801544,
    0.5569059252738953
  ],
  "root_trans": [
    0.36920711398124695,
    0.536900520324707,
    2.67093563079834
  ]
}