{
  "betas": [
    -0.7466223239898682,
    0.750478982925415,
    1.5419847965240479,
    0.6665027141571045,
    0.5886579751968384,
    -0.3514825105667114,
    -0.12193882465362549,
    0.4807807207107544,
    -0.07850492000579834,
    0.6899380087852478
  ],
  "joints": [
    [
      0.9726079106330872,
      -0.22785483300685883,
      -0.04599970951676369,
      0.22786134481430054,
      0.8954145312309265,
      0.38250768184661865,
      -0.04596741124987602,
      -0.38251155614852905,
      0.9228065609931946
    ],
    [
      0.9690381288528442,
      0.17252039909362793,
      -0.17664024233818054,
      -0.1652696579694748,
      0.9847090840339661,
      0.05508241057395935,
      0.18344207108020782,
      -0.024183684960007668,
      0.9827330112457275
    ],
    [
      0.9956873655319214,
      -0.051478710025548935,
      0.07717844843864441,
      0.06030406802892685,
      0.9913269877433777,
      -0.11676506698131561,
      -0.07049817591905594,
      0.12091568857431412,
      0.9901561141014099
    ],
    [
      0.9995242953300476,
      -0.006398319266736507,
      0.030170395970344543,
      0.01029954943805933,
      0.9913312196731567,
      -0.13098202645778656,
      -0.029070788994431496,
      0.1312304586172104,
      0.9909255504608154
    ],
    [
      0.9974515438079834,
      -0.054075006395578384,
      0.046543870121240616,
      0.06595433503389359,
      0.9476431608200073,
      -0.3124459385871887,
      -0.027211464941501617,
      0.31471943855285645,
      0.9487946033477783
    ],
    [
      0.9869890809059143,
      0.08209404349327087,
      -0.13825035095214844,
      -0.07441619783639908,
      0.995431125164032,
      0.059826094657182693,
      0.14253005385398865,
      -0.04875963553786278,
      0.9885887503623962
    ],
    [
      0.9911820292472839,
      0.08589114248752594,
      0.10090066492557526,
      -0.06422698497772217,
      0.9774565696716309,
      -0.20113077759742737,
      -0.11590136587619781,
      0.1928766518831253,
      0.9743539094924927
    ],
    [
      0.953841507434845,
      -0.11691886186599731,
      -0.2766159474849701,
      0.18801221251487732,
      0.950741708278656,
      0.24645797908306122,
      0.23417474329471588,
      -0.2870890200138092,
      0.9288390874862671
    ],
    [
      0.994838297367096,
      0.08787990361452103,
      0.05073458328843117,
      -0.08312096446752548,
      0.9925287961959839,
      -0.0893164724111557,
      -0.058204662054777145,
      0.0846383348107338,
      0.9947103261947632
    ],
    [
      0.9690801501274109,
      -0.15083175897598267,
      0.19527800381183624,
      0.022357571870088577,
      0.8418322801589966,
      0.539276123046875,
      -0.24573124945163727,
      -0.5182358026504517,
      0.8191751837730408
    ],
    [
      0.9254965782165527,
      0.2018410861492157,
      0.32049378752708435,
      -0.28055986762046814,
      0.9337876439094543,
      0.22209621965885162,
      -0.25444501638412476,
      -0.29546698927879333,
      0.9208457469940186
    ],
    [
      0.9549410343170166,
      0.18177315592765808,
      0.2346191555261612,
      -0.14866632223129272,
      0.9771432876586914,
      -0.15195192396640778,
      -0.25687727332115173,
      0.11022516340017319,
      0.9601377844810486
    ],
    [
      0.9597241878509521,
      0.2647041082382202,
      -0.09413384646177292,
      -0.24907058477401733,
      0.9566721320152283,
      0.15080583095550537,
      0.1299741268157959,
      -0.12128603458404541,
      0.9840713739395142
    ],
    [
      0.9890000224113464,
      0.13529707491397858,
      0.05978010594844818,
      -0.1461620181798935,
      0.9559510946273804,
      0.2545469403266907,
      -0.02270740456879139,
      -0.2604844868183136,
      0.9652109742164612
    ],
    [
      0.8463709354400635,
      -0.17094500362873077,
      0.5044145584106445,
      0.11411599069833755,
      0.9833013415336609,
      0.14176036417484283,
      -0.5202247500419617,
      -0.0624200738966465,
      0.8517452478408813
    ],
    [
      0.7428480982780457,
      0.6295809149742126,
      -0.22760607302188873,
      -0.6659063696861267,
      0.7298732399940491,
      -0.15444670617580414,
      0.06888687610626221,
      0.26629477739334106,
      0.961426854133606
    ],
    [
      0.979301393032074,
      -0.014554847963154316,
      0.20188327133655548,
      -0.06809299439191818,
      0.9155852794647217,
      0.39631688594818115,
      -0.1906096488237381,
      -0.4018605351448059,
      0.895642876625061
    ],
    [
      0.9157871603965759,
      0.009515944868326187,
      -0.4015510380268097,
      -0.09838050603866577,
      0.9745821356773376,
      -0.20127330720424652,
      0.38942915201187134,
      0.22382831573486328,
      0.8934459686279297
    ],
    [
      -0.323898583650589,
      -0.006224765907973051,
      0.9460713863372803,
      -0.6061999201774597,
      0.769105851650238,
      -0.20247924327850342,
      -0.7263686060905457,
      -0.6390911340713501,
      -0.25288575887680054
    ],
    [
      0.9685388207435608,
      -0.062123723328113556,
      0.2409839630126953,
      0.2078588306903839,
      0.7344246506690979,
      -0.6460767984390259,
      -0.1368478536605835,
      0.6758410334587097,
      0.7242317199707031
    ],
    [
      0.8327912092208862,
      0.5032363533973694,
      -0.23067721724510193,
      -0.5518235564231873,
      0.721399188041687,
      -0.418418288230896,
      -0.044152893126010895,
      0.4757482409477234,
      0.8784725666046143
    ],
    [
      0.9400598406791687,
      0.2200835943222046,
      -0.2604815363883972,
      -0.15670818090438843,
      0.957227885723114,
      0.2432228922843933,
      0.3028695583343506,
      -0.18782450258731842,
      0.9343404173851013
    ],
    [
      0.9436416029930115,
      -0.2754566967487335,
      0.18347816169261932,
      0.21249590814113617,
      0.9292540550231934,
      0.30221229791641235,
      -0.2537442743778229,
      -0.24619172513484955,
      0.9354162216186523
    ]
  ],
  "root_rot": [
    0.5152928829193115,
    -0.08301623165607452,
    0.8529839515686035,
    -0.11313589662313461,
    -0.9931759834289551,
    -0.028314275667071342,
    0.8495137691497803,
    -0.08191294223070145,
    -0.5211686491966248
  ],
  "root_trans": [
    -0.3662687838077545,
    0.5917118191719055,
    2.287656545639038
  ]
}