{
  "betas": [
    -0.5232736468315125,
    0.8163725137710571,
    1.0261863470077515,
    -0.17212876677513123,
    0.37431392073631287,
    -0.12047188729047775,
    0.2322201132774353,
    0.7311439514160156,
    -0.1581469178199768,
    0.7568321228027344
  ],
  "joints": [
    [
      0.978478729724884,
      -0.20254434645175934,
      -0.039436060935258865,
      0.20311105251312256,
      0.9790951013565063,
      0.01089516095817089,
      0.03640490025281906,
      -0.0186705831438303,
      0.9991627335548401
    ],
    [
      0.9059404134750366,
      0.4170711934566498,
      0.072962686419487,
      -0.2567596137523651,
      0.404135525226593,
      0.8779230713844299,
      0.3366696238517761,
      -0.8140798807144165,
      0.4732097387313843
    ],
    [
      0.9984096884727478,
      -0.04877332225441933,
      0.028274165466427803,
      0.05477814003825188,
      0.9578458666801453,
      -0.2820119261741638,
      -0.013327622786164284,
      0.28311216831207275,
      0.9589943289756775
    ],
    [
      0.9898418188095093,
      0.04087080433964729,
      -0.13617168366909027,
      -0.10162869095802307,
      0.8731904625892639,
      -0.47666555643081665,
      0.09942211955785751,
      0.48566246032714844,
      0.8684740662574768
    ],
    [
      0.886669397354126,
      -0.24708247184753418,
      0.3908551335334778,
      0.2217874825000763,
      -0.5144463777542114,
      -0.8283448815345764,
      0.4057435095310211,
      0.821154773235321,
      -0.40134406089782715
    ],
    [
      0.9867565631866455,
      -0.13547885417938232,
      -0.08920234441757202,
      0.13846103847026825,
      0.9899688959121704,
      0.028110116720199585,
      0.08449921756982803,
      -0.04008888825774193,
      0.9956168532371521
    ],
    [
      0.992975652217865,
      -0.08493766188621521,
      0.08237051963806152,
      0.07623394578695297,
      0.9916931390762329,
      0.10360051691532135,
      -0.09048586338758469,
      -0.09659335762262344,
      0.9912022948265076
    ],
    [
      0.9047843813896179,
      -0.4174427390098572,
      0.08430222421884537,
      0.3737665116786957,
      0.683495819568634,
      -0.6270024180412292,
      0.20411737263202667,
      0.5988112688064575,
      0.7744424343109131
    ],
    [
      0.9953016042709351,
      -0.06937237828969955,
      0.0675421804189682,
      0.07154738903045654,
      0.9969758987426758,
      -0.03033153899013996,
      -0.0652337595820427,
      0.03502150624990463,
      0.9972551465034485
    ],
    [
      0.9420968890190125,
      0.009756592102348804,
      0.3351985514163971,
      -0.1765122413635254,
      0.8643251657485962,
      0.4709409773349762,
      -0.2851257622241974,
      -0.5028387904167175,
      0.81600022315979
    ],
    [
      0.7947196960449219,
      0.418434202671051,
      0.43969690799713135,
      -0.5438537001609802,
      0.8125531077384949,
      0.20971544086933136,
      -0.2695249915122986,
      -0.40579578280448914,
      0.8733189702033997
    ],
    [
      0.9657791256904602,
      -0.07870642840862274,
      -0.24713543057441711,
      -0.0005301865749061108,
      0.952243983745575,
      -0.30533772706985474,
      0.2593652606010437,
      0.29501983523368835,
      0.919615626335144
    ],
    [
      0.8808543086051941,
      -0.2122689038515091,
      -0.42312830686569214,
      0.3604678511619568,
      0.880149245262146,
      0.30886927247047424,
      0.30685269832611084,
      -0.4245930016040802,
      0.8517993688583374
    ],
    [
      0.9368346929550171,
      -0.09112171083688736,
      0.3376946747303009,
      0.028549280017614365,
      0.9821686744689941,
      0.1858215183019638,
      -0.34860551357269287,
      -0.16444307565689087,
      0.9227311611175537
    ],
    [
      0.9582147598266602,
      -0.2027711570262909,
      -0.20176288485527039,
      0.22491046786308289,
      0.9698917269706726,
      0.09340905398130417,
      0.17674750089645386,
      -0.1348845362663269,
      0.9749699234962463
    ],
    [
      0.9060561060905457,
      0.08280616998672485,
      -0.41497644782066345,
      -0.03280121088027954,
      0.9914596080780029,
      0.12622220814228058,
      0.42188432812690735,
      -0.10075268149375916,
      0.9010341763496399
    ],
    [
      0.9142100811004639,
      -0.19296298921108246,
      0.356349915266037,
      0.1253628432750702,
      0.9708862900733948,
      0.20411735773086548,
      -0.3853623867034912,
      -0.14193309843540192,
      0.9117844104766846
    ],
    [
      0.45670732855796814,
      -0.12474635988473892,
      -0.8808273077011108,
      0.3279917240142822,
      0.9439800977706909,
      0.03637276217341423,
      0.8269461393356323,
      -0.30551576614379883,
      0.4720383882522583
    ],
    [
      0.7831682562828064,
      0.2469785213470459,
      0.5706567764282227,
      -0.25442174077033997,
      0.9646756649017334,
      -0.06834077835083008,
      -0.5673773884773254,
      -0.09166517108678818,
      0.8183400630950928
    ],
    [
      0.9759491682052612,
      0.033367693424224854,
      0.21542906761169434,
      0.14832803606987,
      0.6225540041923523,
      -0.7683914303779602,
      -0.159755676984787,
      0.7818652391433716,
      0.602631688117981
    ],
    [
      0.9766631126403809,
      -0.06004666909575462,
      -0.2062126249074936,
      -0.11813423037528992,
      0.6516541242599487,
      -0.7492604851722717,
      0.17936985194683075,
      0.7561357617378235,
      0.6293529868125916
    ],
    [
      0.9653361439704895,
      0.07850656658411026,
      -0.24892334640026093,
      -0.04117397591471672,
      0.9875555634498596,
      0.15178516507148743,
      0.2577417492866516,
      -0.1362745463848114,
      0.9565554857254028
    ],
    [
      0.9842999577522278,
      -0.035848166793584824,
      0.1728249490261078,
      0.01825888082385063,
      0.994584858417511,
      0.10231062769889832,
      -0.1755567491054535,
      -0.09754876047372818,
      0.9796243906021118
    ]
  ],
  "root_rot": [
    -0.5773876309394836,
    -0.4278011918067932,
    0.6954205632209778,
    0.20030418038368225,
    -0.8999305367469788,
    -0.3873026371002197,
    0.7915186882019043,
    -0.08432810753583908,
    0.6052991151809692
  ],
  "root_trans": [
    -0.1657004952430725,
    0.49190500378608704,
    2.670886754989624
  ]
}