{
  "betas": [
    -0.7933230996131897,
    0.9557732343673706,
    1.312329888343811,
    0.44700002670288086,
    0.3888893723487854,
    -0.4788818359375,
    -0.09257227182388306,
    0.6015974283218384,
    -0.10236483812332153,
    0.775495171546936
  ],
  "joints": [
    [
      0.975410521030426,
      -0.21603937447071075,
      -0.04360426589846611,
      0.21347934007644653,
      0.8769487142562866,
      0.43056654930114746,
      -0.05478062108159065,
      -0.42928773164749146,
      0.9015049338340759
    ],
    [
      0.9454076886177063,
      0.28904280066490173,
      -0.15052764117717743,
      -0.27180978655815125,
      0.9541864395141602,
      0.12509086728096008,
      0.1797880381345749,
      -0.07734697312116623,
      0.9806598424911499
    ],
    [
      0.9956438541412354,
      -0.0721898078918457,
      0.05900660529732704,
      0.07933329045772552,
      0.988416850566864,
      -0.12937632203102112,
      -0.04898347705602646,
      0.13349394500255585,
      0.9898382425308228
    ],
    [
      0.9958754777908325,
      0.08007556200027466,
      0.04266250133514404,
      -0.06567607820034027,
      0.9606263637542725,
      -0.2699696123600006,
      -0.06260071694850922,
      0.2660541832447052,
      0.9619233012199402
    ],
    [
      0.997796356678009,
      -0.018368415534496307,
      0.06375747919082642,
      0.04169587418437004,
      0.9210613369941711,
      -0.38717904686927795,
      -0.051612671464681625,
      0.3889842629432678,
      0.9197975397109985
    ],
    [
      0.985946536064148,
      0.08125481754541397,
      -0.145969420671463,
      -0.08116437494754791,
      0.9966790080070496,
      0.006585146766155958,
      0.14601972699165344,
      0.005354914348572493,
      0.9892672300338745
    ],
    [
      0.9943636059761047,
      0.10547471791505814,
      -0.010780595242977142,
      -0.10409969091415405,
      0.9519679546356201,
      -0.28795886039733887,
      -0.020109601318836212,
      0.28745803236961365,
      0.9575821757316589
    ],
    [
      0.9305609464645386,
      -0.18378619849681854,
      -0.3166683316230774,
      0.22828932106494904,
      0.9674296975135803,
      0.1093791052699089,
      0.2862519919872284,
      -0.17407594621181488,
      0.9422087073326111
    ],
    [
      0.9928697347640991,
      0.10740795731544495,
      0.05170312896370888,
      -0.10264749825000763,
      0.9908808469772339,
      -0.08728478103876114,
      -0.06060671806335449,
      0.08135522156953812,
      0.9948407411575317
    ],
    [
      0.9686779379844666,
      -0.2043435275554657,
      0.1410909742116928,
      0.11172951012849808,
      0.8660799860954285,
      0.4872596263885498,
      -0.2217644453048706,
      -0.4562336802482605,
      0.8617838025093079
    ],
    [
      0.924402117729187,
      0.23960904777050018,
      0.29676294326782227,
      -0.29551658034324646,
      0.9418308138847351,
      0.1600770354270935,
      -0.2411445677280426,
      -0.2356739044189453,
      0.9414388537406921
    ],
    [
      0.9482033252716064,
      0.25271955132484436,
      0.19246646761894226,
      -0.20745141804218292,
      0.9514701962471008,
      -0.22730697691440582,
      -0.2405710071325302,
      0.17560577392578125,
      0.9546142220497131
    ],
    [
      0.9504096508026123,
      0.2919967472553253,
      -0.10704926401376724,
      -0.27489766478538513,
      0.9497143030166626,
      0.1499132215976715,
      0.14544038474559784,
      -0.11305136233568192,
      0.9828868508338928
    ],
    [
      0.9966805577278137,
      0.08061661571264267,
      0.011346716433763504,
      -0.08111049234867096,
      0.9713384509086609,
      0.22343380749225616,
      0.006990974303334951,
      -0.2236124873161316,
      0.9746530055999756
    ],
    [
      0.8677340149879456,
      -0.16389374434947968,
      0.46922972798347473,
      0.1145630031824112,
      0.9846010804176331,
      0.13204561173915863,
      -0.48364555835723877,
      -0.060824085026979446,
      0.8731480240821838
    ],
    [
      0.7742916941642761,
      0.5967799425125122,
      -0.21053767204284668,
      -0.6224149465560913,
      0.7782758474349976,
      -0.08298421651124954,
      0.11433306336402893,
      0.1952957659959793,
      0.9740572571754456
    ],
    [
      0.9877215623855591,
      -0.029778851196169853,
      0.15336012840270996,
      -0.02952469140291214,
      0.9283924698829651,
      0.37042638659477234,
      -0.15340925753116608,
      -0.37040606141090393,
      0.9161140322685242
    ],
    [
      0.9228916764259338,
      -0.0879887118935585,
      -0.3748719096183777,
      0.069124236702919,
      0.9955847859382629,
      -0.06350445747375488,
      0.37880444526672363,
      0.03269499912858009,
      0.9248990416526794
    ],
    [
      -0.501124918460846,
      -0.02476288564503193,
      0.8650206923484802,
      -0.5112921595573425,
      0.8149359226226807,
      -0.2728733718395233,
      -0.6981792449951172,
      -0.5790218710899353,
      -0.42104578018188477
    ],
    [
      0.9541083574295044,
      -0.16221493482589722,
      0.2517213523387909,
      0.28460583090782166,
      0.7526582479476929,
      -0.5937213897705078,
      -0.09314967691898346,
      0.6381158232688904,
      0.7642848491668701
    ],
    [
      0.8489413261413574,
      0.5070809721946716,
      -0.14888747036457062,
      -0.5164290070533752,
      0.7361336946487427,
      -0.4375022351741791,
      -0.11224796622991562,
      0.44830358028411865,
      0.8868055939674377
    ],
    [
      0.9436743855476379,
      0.1805517077445984,
      -0.2772717773914337,
      -0.1269856095314026,
      0.9714505672454834,
      0.20039543509483337,
      0.305537611246109,
      -0.15389852225780487,
      0.9396604895591736
    ],
    [
      0.9421448707580566,
      -0.29062438011169434,
      0.1670348197221756,
      0.21962983906269073,
      0.9116446375846863,
      0.34737130999565125,
      -0.2532309889793396,
      -0.29058822989463806,
      0.9227311015129089
    ]
  ],
  "root_rot": [
    0.45196834206581116,
    -0.1197098046541214,
    0.8839650750160217,
    -0.17499127984046936,
    -0.9835984110832214,
    -0.043730054050683975,
    0.8747014403343201,
    -0.1349215805530548,
    -0.4655035138130188
  ],
  "root_trans": [
    -0.3719998002052307,
    0.5720078945159912,
    2.3583984375
  ]
}