{
  "betas": [
    -0.8586135506629944,
    1.3306419849395752,
    1.2885591983795166,
    -0.07079249620437622,
    -0.17786580324172974,
    0.46556034684181213,
    0.344488263130188,
    0.7993773818016052,
    0.053354471921920776,
    1.1099464893341064
  ],
  "joints": [
    [
      0.9526994228363037,
      -0.30123695731163025,
      0.04025070741772652,
      0.26811832189559937,
      0.8954426646232605,
      0.3553800880908966,
      -0.14309583604335785,
      -0.3277784585952759,
      0.933854877948761
    ],
    [
      0.970081627368927,
      0.1639433205127716,
      -0.17906454205513,
      -0.1675415188074112,
      0.9858520030975342,
      -0.005054634064435959,
      0.17570248246192932,
      0.03490415960550308,
      0.9838242530822754
    ],
    [
      0.992980420589447,
      -0.06682157516479492,
      0.09759554266929626,
      0.08261343091726303,
      0.982324481010437,
      -0.16796909272670746,
      -0.08464653789997101,
      0.17485269904136658,
      0.980949342250824
    ],
    [
      0.9914725422859192,
      0.03843248263001442,
      0.12451965361833572,
      -0.007132827304303646,
      0.9700947999954224,
      -0.24262148141860962,
      -0.1301204115152359,
      0.23966436088085175,
      0.9620965123176575
    ],
    [
      0.9992251396179199,
      -0.0328766368329525,
      0.021639272570610046,
      0.036276087164878845,
      0.9825804233551025,
      -0.1822630614042282,
      -0.015270127914845943,
      0.18290682137012482,
      0.9830117225646973
    ],
    [
      0.992864191532135,
      -0.05480886995792389,
      -0.10590863227844238,
      0.06395060569047928,
      0.9943315386772156,
      0.08494183421134949,
      0.10065272450447083,
      -0.09110862761735916,
      0.9907412528991699
    ],
    [
      0.954204261302948,
      0.22123999893665314,
      0.20136313140392303,
      -0.16078926622867584,
      0.9469006657600403,
      -0.2784348726272583,
      -0.2522718012332916,
      0.23330669105052948,
      0.9391096830368042
    ],
    [
      0.89619380235672,
      -0.3430453836917877,
      -0.28134769201278687,
      0.3776690661907196,
      0.9226465225219727,
      0.07803518325090408,
      0.23281484842300415,
      -0.17619095742702484,
      0.9564276933670044
    ],
    [
      0.9962890148162842,
      -0.0830812081694603,
      0.02248988300561905,
      0.08484867960214615,
      0.9919020533561707,
      -0.09450375288724899,
      -0.014456276781857014,
      0.09606128185987473,
      0.9952704310417175
    ],
    [
      0.9420364499092102,
      -0.3285141587257385,
      0.06815976649522781,
      0.21783997118473053,
      0.7533976435661316,
      0.6204334497451782,
      -0.25517261028289795,
      -0.5696230530738831,
      0.7812915444374084
    ],
    [
      0.8597121238708496,
      0.41333356499671936,
      0.30008408427238464,
      -0.3065415322780609,
      0.8874581456184387,
      -0.34416618943214417,
      -0.40856748819351196,
      0.20389561355113983,
      0.8896624445915222
    ],
    [
      0.9810637831687927,
      0.1714305877685547,
      0.09014087915420532,
      -0.16969847679138184,
      0.9851370453834534,
      -0.02659841813147068,
      -0.09336090087890625,
      0.010797977447509766,
      0.9955737590789795
    ],
    [
      0.8998402953147888,
      -0.33961567282676697,
      -0.2737675607204437,
      0.3913479149341583,
      0.9057431817054749,
      0.16271495819091797,
      0.1927025318145752,
      -0.2535558342933655,
      0.9479321241378784
    ],
    [
      0.8287897706031799,
      0.05470386892557144,
      0.5568796396255493,
      -0.14974498748779297,
      0.9805943369865417,
      0.1265350729227066,
      -0.5391510725021362,
      -0.18826091289520264,
      0.820898175239563
    ],
    [
      0.965970516204834,
      0.029756831005215645,
      0.2569347321987152,
      -0.030958665534853935,
      0.999520480632782,
      0.0006328365416266024,
      -0.25679269433021545,
      -0.008565658703446388,
      0.9664285182952881
    ],
    [
      0.8595934510231018,
      0.4222257137298584,
      -0.2877925634384155,
      -0.43134960532188416,
      0.9015334248542786,
      0.03427921608090401,
      0.273928165435791,
      0.09467301517724991,
      0.9570791125297546
    ],
    [
      0.6949476599693298,
      -0.4316260516643524,
      0.5751057863235474,
      0.3352334499359131,
      0.9020445346832275,
      0.2719085216522217,
      -0.6361337900161743,
      0.003832510905340314,
      0.7715692520141602
    ],
    [
      -0.4564000070095062,
      -0.15397164225578308,
      -0.876351535320282,
      0.021424220874905586,
      0.9827266335487366,
      -0.1838190257549286,
      0.8895168304443359,
      -0.10267015546560287,
      -0.44521772861480713
    ],
    [
      -0.3215767741203308,
      0.16622185707092285,
      0.9321795701980591,
      -0.02642921917140484,
      0.9825119972229004,
      -0.18431425094604492,
      -0.9465145468711853,
      -0.08390796184539795,
      -0.31155991554260254
    ],
    [
      0.9924525618553162,
      0.05953933671116829,
      0.10720447450876236,
      -0.03197615593671799,
      0.9696266651153564,
      -0.24249079823493958,
      -0.11838603764772415,
      0.23723267018795013,
      0.9642122983932495
    ],
    [
      0.9553971886634827,
      0.29422396421432495,
      0.025468111038208008,
      -0.28929653763771057,
      0.9497450590133667,
      -0.11954857409000397,
      -0.0593622624874115,
      0.10684851557016373,
      0.9925017356872559
    ],
    [
      0.8678712248802185,
      0.3163897395133972,
      -0.383010596036911,
      -0.17890645563602448,
      0.9182913899421692,
      0.3531762361526489,
      0.4634566605091095,
      -0.2379884272813797,
      0.8535628318786621
    ],
    [
      0.88482666015625,
      -0.3016459047794342,
      0.35509365797042847,
      0.1448831558227539,
      0.9024845957756042,
      0.40562349557876587,
      -0.4428212344646454,
      -0.30745941400527954,
      0.8422458171844482
    ]
  ],
  "root_rot": [
    -0.16422097384929657,
    0.02367877960205078,
    -0.9861392974853516,
    0.13784484565258026,
    -0.9893516898155212,
    -0.04671110212802887,
    -0.9767447113990784,
    -0.14360515773296356,
    0.1592082977294922
  ],
  "root_trans": [
    0.5035778880119324,
    0.4676491320133209,
    2.6742162704467773
  ]
}