{
  "betas": [
    -0.36819642782211304,
    0.6991704106330872,
    0.9614474773406982,
    0.30217504501342773,
    0.2317468523979187,
    -0.07777150720357895,
    -0.012254953384399414,
    0.5559195280075073,
    0.12472476810216904,
    0.5684690475463867
  ],
  "joints": [
    [
      0.9816173315048218,
      -0.07724613696336746,
      -0.17452913522720337,
      0.1534184366464615,
      0.8633140325546265,
      0.48078227043151855,
      0.11353488266468048,
      -0.4987202286720276,
      0.8592950105667114
    ],
    [
      0.9638624787330627,
      0.15036199986934662,
      -0.21991018950939178,
      -0.1966184824705124,
      0.9585089683532715,
      -0.2064015120267868,
      0.1797509789466858,
      0.24218104779720306,
      0.9534347653388977
    ],
    [
      0.9686798453330994,
      -0.043955232948064804,
      0.24439162015914917,
      0.06347478926181793,
      0.9953411221504211,
      -0.07257324457168579,
      -0.24006308615207672,
      0.08581294864416122,
      0.9669569134712219
    ],
    [
      0.9990366697311401,
      0.04363015666604042,
      -0.004703933373093605,
      -0.04229860007762909,
      0.9288747906684875,
      -0.36797061562538147,
      -0.011685246601700783,
      0.3678151071071625,
      0.929825484752655
    ],
    [
      0.9941927790641785,
      0.00044843117939308286,
      0.10761251300573349,
      0.018633857369422913,
      0.9841685891151428,
      -0.17625251412391663,
      -0.10598789155483246,
      0.1772342175245285,
      0.9784449338912964
    ],
    [
      0.9967044591903687,
      -0.04372893646359444,
      -0.06832341104745865,
      0.05256599187850952,
      0.9896643161773682,
      0.13342134654521942,
      0.061782874166965485,
      -0.13657313585281372,
      0.9887014627456665
    ],
    [
      0.9963427186012268,
      0.05850580334663391,
      -0.0622759647667408,
      -0.05964311584830284,
      0.9980823397636414,
      -0.016561197116971016,
      0.06118761748075485,
      0.020214959979057312,
      0.9979215264320374
    ],
    [
      0.9255770444869995,
      -0.19974692165851593,
      -0.3215717673301697,
      0.30576786398887634,
      0.8952927589416504,
      0.3239705264568329,
      0.22318877279758453,
      -0.39818596839904785,
      0.8897386193275452
    ],
    [
      0.9850492477416992,
      -0.036253850907087326,
      0.1684149205684662,
      0.051747702062129974,
      0.994727611541748,
      -0.08853919059038162,
      -0.1643170714378357,
      0.0959305539727211,
      0.9817317128181458
    ],
    [
      0.9204785823822021,
      -0.13374337553977966,
      0.36719468235969543,
      -0.06677166372537613,
      0.8719720244407654,
      0.4849807918071747,
      -0.38504642248153687,
      -0.47093263268470764,
      0.7937012910842896
    ],
    [
      0.8474944829940796,
      0.346603125333786,
      0.40201911330223083,
      -0.3523595631122589,
      0.9337910413742065,
      -0.06226593255996704,
      -0.39698341488838196,
      -0.08888524770736694,
      0.9135116934776306
    ],
    [
      0.9759063124656677,
      -0.003092180471867323,
      -0.21816784143447876,
      -0.022753508761525154,
      0.9930054545402527,
      -0.11585505306720734,
      0.2170001119375229,
      0.11802776902914047,
      0.9690099358558655
    ],
    [
      0.9281038045883179,
      -0.2535640001296997,
      -0.2726328670978546,
      0.34282734990119934,
      0.8676333427429199,
      0.36011362075805664,
      0.14523351192474365,
      -0.4276888072490692,
      0.892182469367981
    ],
    [
      0.9181191921234131,
      -0.1326708197593689,
      0.3734375834465027,
      0.04729767516255379,
      0.9722471833229065,
      0.22912512719631195,
      -0.3934718668460846,
      -0.19270142912864685,
      0.8989138007164001
    ],
    [
      0.9879000782966614,
      -0.09118831157684326,
      -0.12545174360275269,
      0.09237204492092133,
      0.9957179427146912,
      0.003638963447883725,
      0.12458270788192749,
      -0.015183165669441223,
      0.9920930862426758
    ],
    [
      0.9131104350090027,
      0.10535437613725662,
      -0.3938652276992798,
      -0.06536542624235153,
      0.9913693070411682,
      0.11364098638296127,
      0.4024384617805481,
      -0.0780215933918953,
      0.9121161699295044
    ],
    [
      0.8214646577835083,
      -0.1666240394115448,
      0.5453734397888184,
      0.02995912730693817,
      0.9676494598388672,
      0.2505132853984833,
      -0.5694718956947327,
      -0.18944889307022095,
      0.7998817563056946
    ],
    [
      0.15983667969703674,
      -0.09029363840818405,
      -0.983005166053772,
      0.38138914108276367,
      0.9241315722465515,
      -0.022871926426887512,
      0.9104913473129272,
      -0.37125176191329956,
      0.18214713037014008
    ],
    [
      0.6534063220024109,
      0.2307344526052475,
      0.7209866642951965,
      -0.38748082518577576,
      0.9201328158378601,
      0.05669466033577919,
      -0.6503220200538635,
      -0.31641316413879395,
      0.690625786781311
    ],
    [
      0.9823765158653259,
      0.11405040323734283,
      0.14808392524719238,
      0.004810448735952377,
      0.7765731811523438,
      -0.6300086975097656,
      -0.18685075640678406,
      0.6196181178092957,
      0.7623386383056641
    ],
    [
      0.9796317219734192,
      0.01732037030160427,
      -0.20005427300930023,
      -0.1301787793636322,
      0.8133339881896973,
      -0.5670462250709534,
      0.1528894603252411,
      0.5815392732620239,
      0.7990224957466125
    ],
    [
      0.9376426339149475,
      0.13049477338790894,
      -0.32217612862586975,
      -0.08109643310308456,
      0.983403205871582,
      0.1623009592294693,
      0.33800843358039856,
      -0.12605296075344086,
      0.9326634407043457
    ],
    [
      0.97489994764328,
      -0.13704602420330048,
      0.17546620965003967,
      0.09426334500312805,
      0.9680525660514832,
      0.23235483467578888,
      -0.20170380175113678,
      -0.2099827080965042,
      0.9566727876663208
    ]
  ],
  "root_rot": [
    -0.2909410297870636,
    -0.07130521535873413,
    0.9540800452232361,
    -0.09176240116357803,
    -0.9905418157577515,
    -0.10201264917850494,
    0.9523302316665649,
    -0.11722835898399353,
    0.28164613246917725
  ],
  "root_trans": [
    -0.3387458920478821,
    0.5644140839576721,
    2.488659620285034
  ]
}