{
  "betas": [
    -0.5634942650794983,
    1.197892427444458,
    1.1846039295196533,
    0.09330859780311584,
    0.1836622804403305,
    -0.10118459910154343,
    0.3427540361881256,
    0.7640289068222046,
    0.16135036945343018,
    1.1097229719161987
  ],
  "joints": [
    [
      0.9121052026748657,
      -0.4095294177532196,
      0.018703768029808998,
      0.38183221220970154,
      0.8652550578117371,
      0.3248661160469055,
      -0.14922574162483215,
      -0.28917035460472107,
      0.9455751776695251
    ],
    [
      0.9523306488990784,
      0.22752970457077026,
      -0.20321568846702576,
      -0.2038002461194992,
      0.9701825380325317,
      0.13119138777256012,
      0.22700627148151398,
      -0.08352216333150864,
      0.9703052043914795
    ],
    [
      0.9983302354812622,
      -0.02551865018904209,
      0.05182166397571564,
      0.033411912620067596,
      0.9869251847267151,
      -0.15767771005630493,
      -0.047120384871959686,
      0.15914589166641235,
      0.986129879951477
    ],
    [
      0.9993498921394348,
      0.027628716081380844,
      0.023161716759204865,
      -0.019057638943195343,
      0.9501702189445496,
      -0.311148464679718,
      -0.030604206025600433,
      0.3105047643184662,
      0.9500790238380432
    ],
    [
      0.9991060495376587,
      -0.03709591552615166,
      0.020272772759199142,
      0.04227323830127716,
      0.8738017678260803,
      -0.48444128036499023,
      0.00025640884996391833,
      0.4848652184009552,
      0.8745887875556946
    ],
    [
      0.9920254349708557,
      0.10124374181032181,
      -0.07506890594959259,
      -0.09474768489599228,
      0.9918172955513,
      0.08556424081325531,
      0.08311749249696732,
      -0.07776929438114166,
      0.9935005903244019
    ],
    [
      0.9815391302108765,
      0.132900208234787,
      0.13754510879516602,
      -0.08871547132730484,
      0.9534590244293213,
      -0.28817594051361084,
      -0.16944226622581482,
      0.27065354585647583,
      0.9476476311683655
    ],
    [
      0.9402291178703308,
      -0.18520720303058624,
      -0.2857752740383148,
      0.2527362108230591,
      0.9419414401054382,
      0.22106751799583435,
      0.2282402515411377,
      -0.2800798714160919,
      0.9324493408203125
    ],
    [
      0.9961689114570618,
      0.08208955079317093,
      0.030146323144435883,
      -0.08129895478487015,
      0.9963353276252747,
      -0.026577822864055634,
      -0.0322176069021225,
      0.02402513660490513,
      0.9991920590400696
    ],
    [
      0.9772661328315735,
      -0.17605967819690704,
      0.11812659353017807,
      0.10097833722829819,
      0.8764182925224304,
      0.47084420919418335,
      -0.18642500042915344,
      -0.4482118785381317,
      0.8742721080780029
    ],
    [
      0.9216025471687317,
      0.33760517835617065,
      0.19149814546108246,
      -0.3124229907989502,
      0.9380074143409729,
      -0.15011298656463623,
      -0.23030561208724976,
      0.07851608097553253,
      0.9699456691741943
    ],
    [
      0.9607024192810059,
      0.16850009560585022,
      0.22058694064617157,
      -0.13105608522891998,
      0.975867748260498,
      -0.17466090619564056,
      -0.2446940541267395,
      0.13888788223266602,
      0.9596014618873596
    ],
    [
      0.9300063848495483,
      0.36752551794052124,
      0.0036009112372994423,
      -0.36531975865364075,
      0.9232602715492249,
      0.11887852102518082,
      0.04036631062626839,
      -0.11187329143285751,
      0.9929022789001465
    ],
    [
      0.9918210506439209,
      0.12041737139225006,
      0.0423162542283535,
      -0.1260523945093155,
      0.9761814475059509,
      0.17658016085624695,
      -0.020045027136802673,
      -0.18046997487545013,
      0.9833762049674988
    ],
    [
      0.8061056137084961,
      -0.054364413022994995,
      0.5892694592475891,
      0.01377798244357109,
      0.9972255229949951,
      0.07315344363451004,
      -0.5916114449501038,
      -0.05085045471787453,
      0.8046181201934814
    ],
    [
      0.7721542119979858,
      0.5758993625640869,
      -0.2685476839542389,
      -0.6231485605239868,
      0.7689833045005798,
      -0.14265520870685577,
      0.12435365468263626,
      0.27749690413475037,
      0.9526445865631104
    ],
    [
      0.9641968011856079,
      -0.07502934336662292,
      0.2543525993824005,
      -0.048438411206007004,
      0.8931763172149658,
      0.4470904469490051,
      -0.26072660088539124,
      -0.44340357184410095,
      0.8575634360313416
    ],
    [
      0.9339824914932251,
      -0.039879169315099716,
      -0.35508665442466736,
      -0.04150926694273949,
      0.9749150276184082,
      -0.2186727225780487,
      0.3548997640609741,
      0.21897585690021515,
      0.9088982343673706
    ],
    [
      -0.32753944396972656,
      0.0008091037743724883,
      0.944837212562561,
      -0.6400856971740723,
      0.7353731393814087,
      -0.22252331674098969,
      -0.6949880123138428,
      -0.6776618957519531,
      -0.2403458207845688
    ],
    [
      0.9912978410720825,
      -0.12551353871822357,
      0.03968566656112671,
      0.12540259957313538,
      0.8087167739868164,
      -0.5746750235557556,
      0.04003507271409035,
      0.574650764465332,
      0.8174189329147339
    ],
    [
      0.7305303812026978,
      0.6767611503601074,
      -0.09121234714984894,
      -0.6675832271575928,
      0.679653525352478,
      -0.3039798140525818,
      -0.14372895658016205,
      0.28295832872390747,
      0.9483019113540649
    ],
    [
      0.9671704173088074,
      0.178857684135437,
      -0.18053090572357178,
      -0.14888913929462433,
      0.9745088815689087,
      0.1678229421377182,
      0.20594538748264313,
      -0.13543428480625153,
      0.9691461324691772
    ],
    [
      0.9552639722824097,
      -0.2304014414548874,
      0.1854345053434372,
      0.1989559680223465,
      0.9645277261734009,
      0.17350131273269653,
      -0.21883170306682587,
      -0.12884624302387238,
      0.9672183394432068
    ]
  ],
  "root_rot": [
    -0.6578474640846252,
    0.06291394680738449,
    -0.750518798828125,
    0.07101072371006012,
    -0.9868844747543335,
    -0.14497040212154388,
    -0.7497960925102234,
    -0.14866329729557037,
    0.6447519063949585
  ],
  "root_trans": [
    0.44247469305992126,
    0.4852321147918701,
    2.8712823390960693
  ]
}