{
  "betas": [
    -0.5576733946800232,
    1.1901414394378662,
    0.881522536277771,
    -0.024220317602157593,
    0.05325844883918762,
    0.5363453030586243,
    0.22341696918010712,
    0.6420869827270508,
    -0.11119094491004944,
    0.5473384261131287
  ],
  "joints": [
    [
      0.9770630598068237,
      -0.20590656995773315,
      -0.05431655794382095,
      0.21066029369831085,
      0.8972803950309753,
      0.3879561424255371,
      -0.031145533546805382,
      -0.39049994945526123,
      0.9200758934020996
    ],
    [
      0.9355654716491699,
      0.20233602821826935,
      -0.28944307565689087,
      -0.2378898411989212,
      0.9668228030204773,
      -0.09306985884904861,
      0.2610087990760803,
      0.15592852234840393,
      0.9526597261428833
    ],
    [
      0.9815760850906372,
      -0.04827210307121277,
      0.18487390875816345,
      0.07195112109184265,
      0.9897208213806152,
      -0.1235954686999321,
      -0.17700731754302979,
      0.13462021946907043,
      0.9749594926834106
    ],
    [
      0.9975988864898682,
      0.03494520112872124,
      0.05979472026228905,
      -0.015304435044527054,
      0.9532583951950073,
      -0.30176857113838196,
      -0.06754519045352936,
      0.30012884736061096,
      0.9515043497085571
    ],
    [
      0.9969519376754761,
      -0.04661533236503601,
      0.06256045401096344,
      0.051795393228530884,
      0.9951264262199402,
      -0.083908811211586,
      -0.05834411829710007,
      0.08689339458942413,
      0.9945076704025269
    ],
    [
      0.9973706007003784,
      -0.05587061122059822,
      -0.046158116310834885,
      0.06003633514046669,
      0.9937194585800171,
      0.09443163871765137,
      0.040592264384031296,
      -0.09695447981357574,
      0.9944608211517334
    ],
    [
      0.9627935290336609,
      0.2377946972846985,
      0.1283837854862213,
      -0.20518940687179565,
      0.9524314999580383,
      -0.22532528638839722,
      -0.17585793137550354,
      0.19059871137142181,
      0.9657878279685974
    ],
    [
      0.8485478758811951,
      -0.33287742733955383,
      -0.41128963232040405,
      0.38192570209503174,
      0.9232965707778931,
      0.040695417672395706,
      0.36619576811790466,
      -0.1916140764951706,
      0.9105957746505737
    ],
    [
      0.9880648851394653,
      -0.07634105533361435,
      0.13379032909870148,
      0.08730465173721313,
      0.993116557598114,
      -0.07808546721935272,
      -0.12690827250480652,
      0.08883402496576309,
      0.9879285097122192
    ],
    [
      0.9154248833656311,
      -0.39726266264915466,
      0.06465104222297668,
      0.2754272520542145,
      0.7354287505149841,
      0.6190996170043945,
      -0.293491393327713,
      -0.5489324927330017,
      0.7826467156410217
    ],
    [
      0.796238362789154,
      0.44590479135513306,
      0.4088684618473053,
      -0.3032313585281372,
      0.8789647221565247,
      -0.36806491017341614,
      -0.5235028266906738,
      0.16908565163612366,
      0.8350777626037598
    ],
    [
      0.9706318378448486,
      0.057851262390613556,
      -0.23351027071475983,
      -0.08610808104276657,
      0.9898928999900818,
      -0.11268333345651627,
      0.22463126480579376,
      0.12948116660118103,
      0.9658030271530151
    ],
    [
      0.844455897808075,
      -0.40379491448402405,
      -0.35191473364830017,
      0.5112538933753967,
      0.8035793900489807,
      0.3047614097595215,
      0.15973035991191864,
      -0.43727532029151917,
      0.8850290775299072
    ],
    [
      0.8462383151054382,
      -0.06401173025369644,
      0.5289453864097595,
      -0.012969978153705597,
      0.9899877905845642,
      0.14055612683296204,
      -0.532646656036377,
      -0.12580439448356628,
      0.8369353413581848
    ],
    [
      0.9970113635063171,
      0.012726080603897572,
      -0.07619984447956085,
      -0.007230037357658148,
      0.9973803758621216,
      0.0719727948307991,
      0.0769161656498909,
      -0.07120676338672638,
      0.9944915771484375
    ],
    [
      0.9503272771835327,
      0.03207208961248398,
      -0.3095955550670624,
      -0.019345588982105255,
      0.9988402128219604,
      0.04409046098589897,
      0.3106505572795868,
      -0.03591104969382286,
      0.949845552444458
    ],
    [
      0.8539718389511108,
      -0.2836788594722748,
      0.43618613481521606,
      0.15464407205581665,
      0.9388008117675781,
      0.3077957034111023,
      -0.4968070387840271,
      -0.19539524614810944,
      0.8455787301063538
    ],
    [
      -0.08589468896389008,
      0.04942942410707474,
      -0.9950772523880005,
      0.1953505277633667,
      0.9802168011665344,
      0.03182866424322128,
      0.9769648313522339,
      -0.1916549652814865,
      -0.0938514843583107
    ],
    [
      0.4669104814529419,
      0.14619271457195282,
      0.872136652469635,
      -0.5878751277923584,
      0.7880675196647644,
      0.18262657523155212,
      -0.6606038212776184,
      -0.5979776978492737,
      0.4539000391960144
    ],
    [
      0.9834555983543396,
      0.016497520729899406,
      0.18039686977863312,
      0.06379503011703491,
      0.9005058407783508,
      -0.4301386773586273,
      -0.16954468190670013,
      0.434530645608902,
      0.8845550417900085
    ],
    [
      0.9688640236854553,
      0.07515005022287369,
      -0.23591309785842896,
      -0.17998076975345612,
      0.8680915236473083,
      -0.46262726187705994,
      0.1700277328491211,
      0.4906827509403229,
      0.8545882105827332
    ],
    [
      0.8908585906028748,
      0.258762001991272,
      -0.3733808696269989,
      -0.1574067920446396,
      0.9468261003494263,
      0.2806127369403839,
      0.42613863945007324,
      -0.19121357798576355,
      0.8842190504074097
    ],
    [
      0.955496072769165,
      -0.20155489444732666,
      0.2154131978750229,
      0.1258346438407898,
      0.9389060139656067,
      0.3203452527523041,
      -0.26681992411613464,
      -0.2789821922779083,
      0.9224836230278015
    ]
  ],
  "root_rot": [
    0.020706789568066597,
    0.03772665932774544,
    -0.9990735054016113,
    0.11806955933570862,
    -0.9923873543739319,
    -0.035027068108320236,
    -0.9927893877029419,
    -0.11723487079143524,
    -0.025003526359796524
  ],
  "root_trans": [
    0.4846222400665283,
    0.47461241483688354,
    2.660888671875
  ]
}