{
  "betas": [
    -0.5919930338859558,
    1.1612542867660522,
    1.1890904903411865,
    0.12033452093601227,
    0.21323718130588531,
    -0.13256168365478516,
    0.3778263330459595,
    0.7429919838905334,
    0.17159217596054077,
    1.0574791431427002
  ],
  "joints": [
    [
      0.913958728313446,
      -0.40486016869544983,
      0.027706703171133995,
      0.3728536367416382,
      0.864732027053833,
      0.3364796042442322,
      -0.16018608212471008,
      -0.29719793796539307,
      0.9412829875946045
    ],
    [
      0.9523777365684509,
      0.23317906260490417,
      -0.1964799016714096,
      -0.20405694842338562,
      0.9661963582038879,
      0.15756063163280487,
      0.2265780121088028,
      -0.10996412485837936,
      0.9677656888961792
    ],
    [
      0.9983510375022888,
      -0.03477843850851059,
      0.04567032307386398,
      0.04163232445716858,
      0.9864139556884766,
      -0.15891584753990173,
      -0.03952299803495407,
      0.1605551391839981,
      0.9862353205680847
    ],
    [
      0.9984923005104065,
      0.03534994646906853,
      0.04199393466114998,
      -0.021474113687872887,
      0.9556154012680054,
      -0.2938334047794342,
      -0.050517044961452484,
      0.29248860478401184,
      0.9549337029457092
    ],
    [
      0.999210774898529,
      -0.037294499576091766,
      0.013670955784618855,
      0.039147570729255676,
      0.8663358688354492,
      -0.49792540073394775,
      0.006726239342242479,
      0.4980676472187042,
      0.8671121001243591
    ],
    [
      0.9917728900909424,
      0.10512920469045639,
      -0.07303684949874878,
      -0.09764432162046432,
      0.9902415871620178,
      0.09943373501300812,
      0.08277752250432968,
      -0.09148404747247696,
      0.9923600554466248
    ],
    [
      0.9755226373672485,
      0.1378781944513321,
      0.17130446434020996,
      -0.07884227484464645,
      0.946524441242218,
      -0.3128504157066345,
      -0.20527911186218262,
      0.29168662428855896,
      0.9342266321182251
    ],
    [
      0.942902147769928,
      -0.17322245240211487,
      -0.2844811975955963,
      0.23952138423919678,
      0.9461542963981628,
      0.21776512265205383,
      0.23144128918647766,
      -0.27347052097320557,
      0.9336214065551758
    ],
    [
      0.9954580664634705,
      0.08892959356307983,
      0.03398209810256958,
      -0.08804608136415482,
      0.9957593679428101,
      -0.026669466868042946,
      -0.03620969504117966,
      0.02355634607374668,
      0.9990665912628174
    ],
    [
      0.980469822883606,
      -0.17306947708129883,
      0.09341275691986084,
      0.11350781470537186,
      0.8858534693717957,
      0.44986605644226074,
      -0.16060811281204224,
      -0.43047699332237244,
      0.8881973028182983
    ],
    [
      0.9270088076591492,
      0.3296727240085602,
      0.1788034439086914,
      -0.3101302981376648,
      0.9419258236885071,
      -0.1288214772939682,
      -0.21088849008083344,
      0.06396626681089401,
      0.975415050983429
    ],
    [
      0.956298291683197,
      0.20135821402072906,
      0.21201027929782867,
      -0.16216294467449188,
      0.9685969352722168,
      -0.1884758174419403,
      -0.24330367147922516,
      0.14585891366004944,
      0.958920419216156
    ],
    [
      0.93547523021698,
      0.3527704179286957,
      0.020955713465809822,
      -0.3526345491409302,
      0.9279457926750183,
      0.12068784981966019,
      0.023129332810640335,
      -0.12029019743204117,
      0.992469310760498
    ],
    [
      0.9911543130874634,
      0.1299431473016739,
      0.026982009410858154,
      -0.1327022910118103,
      0.9731655716896057,
      0.18798622488975525,
      -0.001830443274229765,
      -0.18990391492843628,
      0.9818010330200195
    ],
    [
      0.820297360420227,
      -0.052312739193439484,
      0.5695398449897766,
      0.003701121313497424,
      0.9962729215621948,
      0.08617790043354034,
      -0.5719252824783325,
      -0.06858357042074203,
      0.8174336552619934
    ],
    [
      0.7694485187530518,
      0.5788196325302124,
      -0.2700311243534088,
      -0.6265260577201843,
      0.7661800384521484,
      -0.14294490218162537,
      0.12415313720703125,
      0.27917030453681946,
      0.9521816968917847
    ],
    [
      0.9608849883079529,
      -0.06240139901638031,
      0.26982593536376953,
      -0.06813068687915802,
      0.8910822868347168,
      0.44869861006736755,
      -0.2684365510940552,
      -0.449531227350235,
      0.8519761562347412
    ],
    [
      0.9305868744850159,
      -0.04014268517494202,
      -0.36386334896087646,
      -0.04413068667054176,
      0.9744184017181396,
      -0.2203662246465683,
      0.36340123414993286,
      0.2211274802684784,
      0.9050094485282898
    ],
    [
      -0.36700597405433655,
      -0.0038502481766045094,
      0.9302105903625488,
      -0.6122142672538757,
      0.7538886070251465,
      -0.23842303454875946,
      -0.7003573179244995,
      -0.6569908857345581,
      -0.27903878688812256
    ],
    [
      0.9923859238624573,
      -0.11834264546632767,
      0.03413443639874458,
      0.11686763912439346,
      0.8172497153282166,
      -0.564309298992157,
      0.038885448127985,
      0.5640017986297607,
      0.8248575329780579
    ],
    [
      0.7472749948501587,
      0.6576787829399109,
      -0.09507223218679428,
      -0.6481377482414246,
      0.6897924542427063,
      -0.32265135645866394,
      -0.14662086963653564,
      0.30272915959358215,
      0.9417310953140259
    ],
    [
      0.9680264592170715,
      0.17342741787433624,
      -0.18123959004878998,
      -0.1432802528142929,
      0.9753190279006958,
      0.16799871623516083,
      0.20590201020240784,
      -0.1366591453552246,
      0.9689833521842957
    ],
    [
      0.9580661058425903,
      -0.22457322478294373,
      0.17797818779945374,
      0.19379393756389618,
      0.9653335809707642,
      0.17485685646533966,
      -0.2110764980316162,
      -0.13303333520889282,
      0.9683743119239807
    ]
  ],
  "root_rot": [
    -0.6640703082084656,
    0.059295691549777985,
    -0.7453151345252991,
    0.06145629286766052,
    -0.989147961139679,
    -0.13345162570476532,
    -0.7451400756835938,
    -0.1344255656003952,
    0.6532196998596191
  ],
  "root_trans": [
    0.4462965726852417,
    0.4845202565193176,
    2.862567663192749
  ]
}