{
  "betas": [
    -0.689052402973175,
    0.708731472492218,
    1.6700624227523804,
    0.5314849019050598,
    0.4217882752418518,
    0.07003220915794373,
    -0.18125534057617188,
    0.3071514368057251,
    0.09834197908639908,
    0.9140393137931824
  ],
  "joints": [
    [
      0.9828882813453674,
      -0.18326225876808167,
      0.018592407926917076,
      0.1760258823633194,
      0.9641987085342407,
      0.19833241403102875,
      -0.05427362397313118,
      -0.19166584312915802,
      0.9799585342407227
    ],
    [
      0.9790700078010559,
      0.10661052912473679,
      -0.17336665093898773,
      -0.10408852249383926,
      0.9942880272865295,
      0.0236008670181036,
      0.17489245533943176,
      -0.0050614261999726295,
      0.9845744967460632
    ],
    [
      0.9957047700881958,
      -0.00781865045428276,
      0.09225424379110336,
      0.014874020591378212,
      0.9969938397407532,
      -0.07603970170021057,
      -0.09138238430023193,
      0.07708528637886047,
      0.992827832698822
    ],
    [
      0.998512864112854,
      0.016378946602344513,
      0.051997724920511246,
      -0.013083360157907009,
      0.9979214668273926,
      -0.0630994588136673,
      -0.05292315408587456,
      0.06232532113790512,
      0.9966517090797424
    ],
    [
      0.9981706142425537,
      -0.057306841015815735,
      0.01927032135426998,
      0.059513989835977554,
      0.9874715209007263,
      -0.14614412188529968,
      -0.010653835721313953,
      0.14702361822128296,
      0.9890756011009216
    ],
    [
      0.9890134334564209,
      0.02559998631477356,
      -0.14559206366539001,
      -0.029321379959583282,
      0.9992944598197937,
      -0.023471930995583534,
      0.14488844573497772,
      0.02748301811516285,
      0.9890662431716919
    ],
    [
      0.9807496070861816,
      0.050388868898153305,
      0.18865613639354706,
      -0.026605915278196335,
      0.9916049242019653,
      -0.12653766572475433,
      -0.19344845414161682,
      0.11908239126205444,
      0.9738568067550659
    ],
    [
      0.9706405997276306,
      -0.15150468051433563,
      -0.18682391941547394,
      0.1791914403438568,
      0.9735920429229736,
      0.1414523720741272,
      0.16045962274074554,
      -0.17077665030956268,
      0.972156286239624
    ],
    [
      0.9971574544906616,
      0.039348896592855453,
      0.0642535537481308,
      -0.03794729709625244,
      0.999017596244812,
      -0.022890474647283554,
      -0.06509114056825638,
      0.020387161523103714,
      0.9976710081100464
    ],
    [
      0.9754633903503418,
      -0.1857980191707611,
      0.11811111122369766,
      0.08904896676540375,
      0.8235976099967957,
      0.5601404309272766,
      -0.20134902000427246,
      -0.5358788371086121,
      0.8199344277381897
    ],
    [
      0.9378921985626221,
      0.23356464505195618,
      0.25652626156806946,
      -0.2715931534767151,
      0.9543882012367249,
      0.1240176185965538,
      -0.21585950255393982,
      -0.18598593771457672,
      0.958547830581665
    ],
    [
      0.9312099814414978,
      0.2186325639486313,
      0.2916295528411865,
      -0.20882214605808258,
      0.9758070111274719,
      -0.06476002186536789,
      -0.29873284697532654,
      -0.0005935325752943754,
      0.9543365240097046
    ],
    [
      0.9676848649978638,
      0.21182553470134735,
      -0.13680605590343475,
      -0.2084069699048996,
      0.977263867855072,
      0.03901252895593643,
      0.14195944368839264,
      -0.009240503422915936,
      0.9898293614387512
    ],
    [
      0.9888588190078735,
      -0.14476773142814636,
      0.034648749977350235,
      0.14820386469364166,
      0.979252815246582,
      -0.13820111751556396,
      -0.01392282359302044,
      0.14179646968841553,
      0.9897978901863098
    ],
    [
      0.8441505432128906,
      -0.22941692173480988,
      0.48453864455223083,
      0.19832879304885864,
      0.9733273983001709,
      0.11532291024923325,
      -0.4980717897415161,
      -0.0012519215233623981,
      0.8671348094940186
    ],
    [
      0.6729857921600342,
      0.6830610036849976,
      -0.2837565243244171,
      -0.7311686873435974,
      0.6723096966743469,
      -0.11572420597076416,
      0.11172556132078171,
      0.2853545844554901,
      0.9518877267837524
    ],
    [
      0.6844456791877747,
      -0.7202049493789673,
      0.11330870538949966,
      0.7162243127822876,
      0.6351827383041382,
      -0.28907719254493713,
      0.13622309267520905,
      0.27901211380958557,
      0.9505763649940491
    ],
    [
      0.9368758201599121,
      0.039170295000076294,
      -0.34746137261390686,
      -0.1503133475780487,
      0.9423190355300903,
      -0.2990663945674896,
      0.31570497155189514,
      0.3324161469936371,
      0.8887237310409546
    ],
    [
      -0.18862386047840118,
      0.2836369276046753,
      0.9401974081993103,
      0.2406182438135147,
      0.9415490031242371,
      -0.2357715219259262,
      -0.952115535736084,
      0.18175648152828217,
      -0.24584682285785675
    ],
    [
      0.9895860552787781,
      -0.03488406538963318,
      0.139651358127594,
      0.10751895606517792,
      0.8241888880729675,
      -0.5560147762298584,
      -0.09570303559303284,
      0.565239667892456,
      0.8193565011024475
    ],
    [
      0.9577779173851013,
      0.15338937938213348,
      0.24317295849323273,
      -0.12696495652198792,
      0.9845069646835327,
      -0.12093733251094818,
      -0.25795599818229675,
      0.08495666831731796,
      0.9624140858650208
    ],
    [
      0.9410783052444458,
      0.2719958424568176,
      -0.20097242295742035,
      -0.1972547024488449,
      0.9241719245910645,
      0.3271036446094513,
      0.2747039198875427,
      -0.26818737387657166,
      0.9233705997467041
    ],
    [
      0.7866899967193604,
      -0.4885489046573639,
      0.37741079926490784,
      0.25261354446411133,
      0.8125641345977783,
      0.5252866148948669,
      -0.5632986426353455,
      -0.31789863109588623,
      0.7626501321792603
    ]
  ],
  "root_rot": [
    0.621515154838562,
    -0.06499086320400238,
    0.7807015776634216,
    -0.08576111495494843,
    -0.9962079524993896,
    -0.014656776562333107,
    0.7786936163902283,
    -0.057844437658786774,
    -0.6247320175170898
  ],
  "root_trans": [
    -0.39379265904426575,
    0.5569189786911011,
    2.2352099418640137
  ]
}