{
  "betas": [
    -0.7625733017921448,
    0.7880454063415527,
    0.8740866184234619,
    0.15166537463665009,
    0.36829620599746704,
    0.22753006219863892,
    -0.20682203769683838,
    0.3721868395805359,
    0.12284040451049805,
    0.4306219518184662
  ],
  "joints": [
    [
      0.9221050143241882,
      -0.37680715322494507,
      0.08796969056129456,
      0.3839246332645416,
      0.919287383556366,
      -0.08667465299367905,
      -0.04820980504155159,
      0.1136968657374382,
      0.9923450350761414
    ],
    [
      0.9922447204589844,
      0.12428746372461319,
      -0.0017605992034077644,
      -0.06665626913309097,
      0.5439965128898621,
      0.8364357352256775,
      0.10491625219583511,
      -0.8298315405845642,
      0.5480622053146362
    ],
    [
      0.9932414889335632,
      0.1156388446688652,
      -0.009952566586434841,
      -0.11400880664587021,
      0.955966591835022,
      -0.27042514085769653,
      -0.021757319569587708,
      0.26973211765289307,
      0.9626895189285278
    ],
    [
      0.9936612844467163,
      0.0017045366112142801,
      -0.11240279674530029,
      -0.04821934923529625,
      0.9096930027008057,
      -0.41247260570526123,
      0.1015489399433136,
      0.41527801752090454,
      0.9040089249610901
    ],
    [
      0.9545347094535828,
      -0.21954761445522308,
      0.20164905488491058,
      0.19931085407733917,
      -0.032986581325531006,
      -0.9793809652328491,
      0.22167246043682098,
      0.9750439524650574,
      0.01227138377726078
    ],
    [
      0.980609655380249,
      -0.1507951021194458,
      -0.12516233325004578,
      0.16358786821365356,
      0.9815376996994019,
      0.0991092100739479,
      0.10790637880563736,
      -0.11766248196363449,
      0.9871736168861389
    ],
    [
      0.9627357125282288,
      -0.13248291611671448,
      0.23577147722244263,
      0.10267578810453415,
      0.9855735301971436,
      0.13454554975032806,
      -0.25019511580467224,
      -0.10532378405332565,
      0.9624496102333069
    ],
    [
      0.9008457660675049,
      -0.43199652433395386,
      -0.043080613017082214,
      0.40972304344177246,
      0.8787948489189148,
      -0.24463580548763275,
      0.14354082942008972,
      0.2027280032634735,
      0.9686575531959534
    ],
    [
      0.9913416504859924,
      -0.0984552800655365,
      -0.08688069134950638,
      0.09735772013664246,
      0.9951077699661255,
      -0.0167913306504488,
      0.0881088450551033,
      0.008187438361346722,
      0.9960771799087524
    ],
    [
      0.8906484246253967,
      -0.10296938568353653,
      0.44287997484207153,
      -0.26395824551582336,
      0.6760038733482361,
      0.6880005598068237,
      -0.370231568813324,
      -0.7296684384346008,
      0.5749021768569946
    ],
    [
      0.8182224631309509,
      0.2661727964878082,
      0.5095723867416382,
      -0.42003899812698364,
      0.8819704055786133,
      0.21376512944698334,
      -0.39252927899360657,
      -0.3889476954936981,
      0.833450973033905
    ],
    [
      0.9982543587684631,
      -0.017827248200774193,
      -0.05630675330758095,
      0.016244640573859215,
      0.9994634389877319,
      -0.028440650552511215,
      0.056783564388751984,
      0.027476318180561066,
      0.9980083107948303
    ],
    [
      0.6975100636482239,
      -0.1498512476682663,
      -0.7007312178611755,
      0.45415690541267395,
      0.8488511443138123,
      0.27054253220558167,
      0.5542753338813782,
      -0.5069481134414673,
      0.6601381897926331
    ],
    [
      0.8306528329849243,
      -0.2552138864994049,
      0.4948553144931793,
      0.21562281250953674,
      0.9668603539466858,
      0.13670359551906586,
      -0.5133446455001831,
      -0.006851131096482277,
      0.8581552505493164
    ],
    [
      0.9898766279220581,
      -0.10745661705732346,
      -0.09272217005491257,
      0.11230261623859406,
      0.9924790263175964,
      0.0487186461687088,
      0.08678966760635376,
      -0.05863838642835617,
      0.9944994449615479
    ],
    [
      0.6791936159133911,
      0.27914127707481384,
      -0.6788049936294556,
      -0.04483788087964058,
      0.9389069080352783,
      0.3412380516529083,
      0.7325883507728577,
      -0.2013305127620697,
      0.6502156853675842
    ],
    [
      0.5380513072013855,
      -0.7118942737579346,
      0.451339453458786,
      0.7978453040122986,
      0.6028621792793274,
      -0.0002383708779234439,
      -0.27192577719688416,
      0.3602273166179657,
      0.892352283000946
    ],
    [
      0.39901846647262573,
      -0.11829539388418198,
      -0.9092802405357361,
      0.4313705861568451,
      0.8992727994918823,
      0.07230444997549057,
      0.8091376423835754,
      -0.4210875630378723,
      0.40985560417175293
    ],
    [
      0.566918671131134,
      0.3851590156555176,
      0.7281867265701294,
      0.0025774601381272078,
      0.883130669593811,
      -0.4691200852394104,
      -0.8237698078155518,
      0.2678297758102417,
      0.49967053532600403
    ],
    [
      0.8805946111679077,
      -0.3222796618938446,
      0.34740298986434937,
      0.4727652370929718,
      0.6475327610969543,
      -0.597657322883606,
      -0.03234202787280083,
      0.6905339956283569,
      0.7225764989852905
    ],
    [
      0.9621889591217041,
      0.04784640669822693,
      -0.26814746856689453,
      -0.20751160383224487,
      0.7664586901664734,
      -0.6078487038612366,
      0.17644058167934418,
      0.6405090689659119,
      0.7474067807197571
    ],
    [
      0.9662376046180725,
      0.18081024289131165,
      -0.1835552155971527,
      -0.13206253945827484,
      0.9592649340629578,
      0.24974031746387482,
      0.22123369574546814,
      -0.21706771850585938,
      0.9507561326026917
    ],
    [
      0.9674488306045532,
      -0.12421312183141708,
      0.22048549354076385,
      0.1183297261595726,
      0.9921784996986389,
      0.03974701091647148,
      -0.22369807958602905,
      -0.012363210320472717,
      0.9745800495147705
    ]
  ],
  "root_rot": [
    0.9037619829177856,
    0.3969487249851227,
    -0.16014371812343597,
    0.3771311640739441,
    -0.9154088497161865,
    -0.14070819318294525,
    -0.20245090126991272,
    0.06677152961492538,
    -0.9770134687423706
  ],
  "root_trans": [
    0.02905638888478279,
    0.5175890326499939,
    2.465991497039795
  ]
}