{
  "betas": [
    -0.25954940915107727,
    0.6593716740608215,
    0.9476827383041382,
    0.359844446182251,
    0.30600839853286743,
    -0.04677840322256088,
    -0.10836082696914673,
    0.5764341354370117,
    0.07148899137973785,
    0.5330244302749634
  ],
  "joints": [
    [
      0.9804930090904236,
      -0.09166818112134933,
      -0.17386917769908905,
      0.1697351038455963,
      0.8409433364868164,
      0.5138135552406311,
      0.09911377727985382,
      -0.5333022475242615,
      0.8400983810424805
    ],
    [
      0.9577252268791199,
      0.1492214798927307,
      -0.24595759809017181,
      -0.20682208240032196,
      0.9514128565788269,
      -0.2281186431646347,
      0.19996702671051025,
      0.2693445086479187,
      0.9420543909072876
    ],
    [
      0.9658075571060181,
      -0.044804736971855164,
      0.25535890460014343,
      0.06661885976791382,
      0.9947701096534729,
      -0.07742273807525635,
      -0.25055453181266785,
      0.0917871966958046,
      0.9637413024902344
    ],
    [
      0.9976824522018433,
      0.06778997927904129,
      0.005855381954461336,
      -0.05902300402522087,
      0.9050388932228088,
      -0.42121362686157227,
      -0.03385341539978981,
      0.4198918044567108,
      0.90694260597229
    ],
    [
      0.9941446185112,
      -0.01758767105638981,
      0.10661646723747253,
      0.032801903784275055,
      0.9892257452011108,
      -0.1426764279603958,
      -0.10295839607715607,
      0.145338237285614,
      0.9840103387832642
    ],
    [
      0.99637770652771,
      -0.05143679305911064,
      -0.06771744042634964,
      0.060629308223724365,
      0.9880703687667847,
      0.14156630635261536,
      0.05962787941098213,
      -0.14515917003154755,
      0.98760986328125
    ],
    [
      0.9973114132881165,
      0.059142373502254486,
      -0.043267037719488144,
      -0.0607629232108593,
      0.9974607229232788,
      -0.037150103598833084,
      0.04096002131700516,
      0.039679259061813354,
      0.9983726143836975
    ],
    [
      0.9138896465301514,
      -0.21333077549934387,
      -0.3453919291496277,
      0.3296348452568054,
      0.8865436315536499,
      0.3246248662471771,
      0.2369525134563446,
      -0.41052454710006714,
      0.8805242776870728
    ],
    [
      0.9827712178230286,
      -0.04813086986541748,
      0.1784493774175644,
      0.06678058952093124,
      0.9927418828010559,
      -0.10002009570598602,
      -0.17234009504318237,
      0.11021382361650467,
      0.9788523316383362
    ],
    [
      0.9171265959739685,
      -0.14180517196655273,
      0.3725185990333557,
      -0.06876316666603088,
      0.8642773628234863,
      0.49829331040382385,
      -0.3926199674606323,
      -0.48261359333992004,
      0.7829008102416992
    ],
    [
      0.8310126066207886,
      0.35792213678359985,
      0.4258047342300415,
      -0.352551132440567,
      0.9310054183006287,
      -0.09453381597995758,
      -0.4302622377872467,
      -0.07155916094779968,
      0.899863064289093
    ],
    [
      0.9733971357345581,
      0.0023331381380558014,
      -0.2291124165058136,
      -0.029211122542619705,
      0.9930521249771118,
      -0.1139926090836525,
      0.22725458443164825,
      0.11765272170305252,
      0.9667022228240967
    ],
    [
      0.8928077816963196,
      -0.2984708845615387,
      -0.33735647797584534,
      0.4171656370162964,
      0.8303982019424438,
      0.36933958530426025,
      0.16990311443805695,
      -0.47048279643058777,
      0.8658977746963501
    ],
    [
      0.8937506675720215,
      -0.13238660991191864,
      0.42858314514160156,
      0.028298858553171158,
      0.9701935648918152,
      0.24067328870296478,
      -0.44767051935195923,
      -0.20297349989414215,
      0.8708575367927551
    ],
    [
      0.9853520393371582,
      -0.08702204376459122,
      -0.1466575711965561,
      0.09023229777812958,
      0.9958021640777588,
      0.015368083491921425,
      0.14470456540584564,
      -0.028376223519444466,
      0.9890679121017456
    ],
    [
      0.9209860563278198,
      0.06113601475954056,
      -0.3847687840461731,
      -0.020968183875083923,
      0.9939578771591187,
      0.10774048417806625,
      0.3890308141708374,
      -0.09115956723690033,
      0.9167032837867737
    ],
    [
      0.8002530336380005,
      -0.16570809483528137,
      0.5763123631477356,
      0.02075137570500374,
      0.9681381583213806,
      0.2495555877685547,
      -0.5993033051490784,
      -0.18774832785129547,
      0.7781941890716553
    ],
    [
      0.233474999666214,
      -0.043750762939453125,
      -0.9713780879974365,
      0.3562223017215729,
      0.9333844184875488,
      0.0435800701379776,
      0.9047624468803406,
      -0.3562013804912567,
      0.2335069179534912
    ],
    [
      0.7475963234901428,
      0.22773301601409912,
      0.6238888502120972,
      -0.3775416314601898,
      0.9185574650764465,
      0.1171087846159935,
      -0.5464082360267639,
      -0.32309412956237793,
      0.7726888656616211
    ],
    [
      0.9723202586174011,
      0.1448669731616974,
      0.18332141637802124,
      0.0029287897050380707,
      0.7769738435745239,
      -0.6295260787010193,
      -0.23363350331783295,
      0.6126379370689392,
      0.7550431489944458
    ],
    [
      0.9739388823509216,
      -0.019915472716093063,
      -0.22593453526496887,
      -0.11726628243923187,
      0.8084504008293152,
      -0.5767638087272644,
      0.1941434144973755,
      0.5882272124290466,
      0.785045862197876
    ],
    [
      0.9111300110816956,
      0.1561930924654007,
      -0.38137367367744446,
      -0.08574724942445755,
      0.9769929647445679,
      0.19527475535869598,
      0.403099924325943,
      -0.14521892368793488,
      0.9035607576370239
    ],
    [
      0.9724190831184387,
      -0.1413300633430481,
      0.18554504215717316,
      0.08945155143737793,
      0.9606589078903198,
      0.26293131709098816,
      -0.21540559828281403,
      -0.23908212780952454,
      0.9468052387237549
    ]
  ],
  "root_rot": [
    -0.30133333802223206,
    -0.07099255919456482,
    0.9508723616600037,
    -0.07564574480056763,
    -0.9923015236854553,
    -0.09805796295404434,
    0.950513482093811,
    -0.10147759318351746,
    0.2936432361602783
  ],
  "root_trans": [
    -0.33807986974716187,
    0.5761652588844299,
    2.5213897228240967
  ]
}