{
  "betas": [
    -0.47677522897720337,
    1.0755467414855957,
    0.9404081106185913,
    -0.38950422406196594,
    -0.0746462345123291,
    -0.7581624388694763,
    0.1348244547843933,
    0.8610535264015198,
    -0.23870447278022766,
    1.025275468826294
  ],
  "joints": [
    [
      0.8985921740531921,
      -0.42453262209892273,
      0.11092390865087509,
      0.4386120140552521,
      0.8619707226753235,
      -0.2542164623737335,
      0.012310022488236427,
      0.27708950638771057,
      0.9607652425765991
    ],
    [
      0.8240318298339844,
      0.411782830953598,
      0.3891097903251648,
      -0.2718818187713623,
      -0.3151332437992096,
      0.9092696309089661,
      0.49704304337501526,
      -0.855059027671814,
      -0.14772355556488037
    ],
    [
      0.9887686371803284,
      -0.1296391487121582,
      -0.07436629384756088,
      0.08739408850669861,
      0.9051735401153564,
      -0.415960431098938,
      0.12123917043209076,
      0.40478941798210144,
      0.9063369035720825
    ],
    [
      0.9675625562667847,
      -0.11144135892391205,
      -0.22672319412231445,
      -0.04437744617462158,
      0.8085177540779114,
      -0.5867960453033447,
      0.24870310723781586,
      0.5778233408927917,
      0.7773460149765015
    ],
    [
      0.9408710598945618,
      -0.311490535736084,
      0.13317394256591797,
      0.07883118093013763,
      -0.18100933730602264,
      -0.9803169369697571,
      0.32946518063545227,
      0.9328500628471375,
      -0.14575128257274628
    ],
    [
      0.9712046980857849,
      -0.20884498953819275,
      -0.1146533414721489,
      0.19741760194301605,
      0.9748474359512329,
      -0.10343443602323532,
      0.1333712786436081,
      0.07782140374183655,
      0.9880061149597168
    ],
    [
      0.9833599925041199,
      -0.07109210640192032,
      0.16717949509620667,
      0.010280460119247437,
      0.9405521154403687,
      0.33949384093284607,
      -0.18137633800506592,
      -0.3321259915828705,
      0.9256321787834167
    ],
    [
      0.9532315731048584,
      -0.297909677028656,
      -0.050985854119062424,
      0.27338358759880066,
      0.9217967987060547,
      -0.2748672664165497,
      0.1288842111825943,
      0.24807339906692505,
      0.96012943983078
    ],
    [
      0.9907947182655334,
      -0.13528384268283844,
      0.004915077239274979,
      0.13515429198741913,
      0.9906045794487,
      0.02087998576462269,
      -0.0076936217956244946,
      -0.020023485645651817,
      0.9997699856758118
    ],
    [
      0.914359450340271,
      -0.12012871354818344,
      0.386672705411911,
      -0.1291010081768036,
      0.8186376094818115,
      0.5596117377281189,
      -0.38377028703689575,
      -0.5616061687469482,
      0.7330203056335449
    ],
    [
      0.8584415912628174,
      0.43282225728034973,
      0.27521443367004395,
      -0.4848812520503998,
      0.8597636818885803,
      0.16030153632164001,
      -0.1672372967004776,
      -0.27105578780174255,
      0.9479243159294128
    ],
    [
      0.9819519519805908,
      -0.08282244205474854,
      -0.1700320541858673,
      0.009738653898239136,
      0.919967532157898,
      -0.3918735682964325,
      0.18887989223003387,
      0.3831450939178467,
      0.9041705131530762
    ],
    [
      0.8622977137565613,
      -0.20892848074436188,
      -0.4612933397293091,
      0.37775906920433044,
      0.8720463514328003,
      0.31118044257164,
      0.33725473284721375,
      -0.4425879120826721,
      0.8308882117271423
    ],
    [
      0.9587752819061279,
      -0.10717027634382248,
      0.2631814777851105,
      0.051566049456596375,
      0.9763959646224976,
      0.20974262058734894,
      -0.279447466135025,
      -0.18752482533454895,
      0.9416706562042236
    ],
    [
      0.9734810590744019,
      -0.16732802987098694,
      -0.15600013732910156,
      0.19387198984622955,
      0.9654211401939392,
      0.1742861121892929,
      0.12144287675619125,
      -0.1999082714319229,
      0.9722594022750854
    ],
    [
      0.8684382438659668,
      0.07352899760007858,
      -0.4903148114681244,
      0.011885324493050575,
      0.9855700731277466,
      0.16885007917881012,
      0.49565500020980835,
      -0.1524634063243866,
      0.8550328016281128
    ],
    [
      0.9135165810585022,
      -0.2887696921825409,
      0.2865300476551056,
      0.24221067130565643,
      0.9519900679588318,
      0.18721376359462738,
      -0.32683539390563965,
      -0.10162224620580673,
      0.9396018385887146
    ],
    [
      0.3729706108570099,
      -0.26730266213417053,
      -0.8885055184364319,
      0.40180444717407227,
      0.9096848368644714,
      -0.10500770062208176,
      0.83632892370224,
      -0.31784072518348694,
      0.44668909907341003
    ],
    [
      0.5261439681053162,
      0.2758593261241913,
      0.8044092655181885,
      -0.35580214858055115,
      0.930558979511261,
      -0.08639910817146301,
      -0.7723842859268188,
      -0.240752175450325,
      0.5877593159675598
    ],
    [
      0.9466584920883179,
      -0.083720363676548,
      0.3111729025840759,
      0.28725817799568176,
      0.6568182110786438,
      -0.6971889734268188,
      -0.14601515233516693,
      0.7493868470191956,
      0.6458318829536438
    ],
    [
      0.9654064774513245,
      0.10133185237646103,
      -0.2402544915676117,
      -0.22068913280963898,
      0.8082752227783203,
      -0.5458822250366211,
      0.13887649774551392,
      0.5800197720527649,
      0.8026769757270813
    ],
    [
      0.9905683994293213,
      0.04955004155635834,
      -0.12774579226970673,
      -0.03956872969865799,
      0.9960473775863647,
      0.07952232658863068,
      0.13118122518062592,
      -0.07371756434440613,
      0.9886136651039124
    ],
    [
      0.9833642840385437,
      -0.09905879944562912,
      0.15225648880004883,
      0.09974950551986694,
      0.9950076937675476,
      0.003114258637651801,
      -0.1518048793077469,
      0.01212505903095007,
      0.9883360862731934
    ]
  ],
  "root_rot": [
    -0.6521384716033936,
    -0.6601882576942444,
    0.3726483881473541,
    0.43771788477897644,
    -0.7292462587356567,
    -0.5259305238723755,
    0.6189656257629395,
    -0.17986465990543365,
    0.764545738697052
  ],
  "root_trans": [
    -0.024232789874076843,
    0.4789612293243408,
    2.728314161300659
  ]
}