{
  "betas": [
    -0.20978331565856934,
    0.9728102684020996,
    1.2557494640350342,
    0.4523589611053467,
    0.38928064703941345,
    -0.013521973043680191,
    0.2969987988471985,
    0.5916762351989746,
    -0.009896010160446167,
    0.8614823222160339
  ],
  "joints": [
    [
      0.9245272874832153,
      -0.38086456060409546,
      0.013836858794093132,
      0.3502703607082367,
      0.863449215888977,
      0.36299604177474976,
      -0.1501997709274292,
      -0.3307531177997589,
      0.9316879510879517
    ],
    [
      0.9362503290176392,
      0.29317277669906616,
      -0.19361074268817902,
      -0.25620636343955994,
      0.9468026161193848,
      0.19473856687545776,
      0.2404032051563263,
      -0.1327197402715683,
      0.9615569710731506
    ],
    [
      0.997819185256958,
      -0.05806376785039902,
      0.03139209747314453,
      0.06272158771753311,
      0.9822311997413635,
      -0.17688386142253876,
      -0.020563751459121704,
      0.17846707999706268,
      0.9837309718132019
    ],
    [
      0.9977539777755737,
      0.0500422865152359,
      0.04452957585453987,
      -0.034473441541194916,
      0.9535703659057617,
      -0.2991909682750702,
      -0.05743428319692612,
      0.29698386788368225,
      0.9531537294387817
    ],
    [
      0.9991926550865173,
      -0.037550896406173706,
      0.014282609336078167,
      0.03982013836503029,
      0.8784878253936768,
      -0.47610247135162354,
      0.005330976564437151,
      0.4762868285179138,
      0.8792738914489746
    ],
    [
      0.9913417100906372,
      0.11400602757930756,
      -0.06514811515808105,
      -0.1048891693353653,
      0.9860259294509888,
      0.12942658364772797,
      0.07899313420057297,
      -0.12147264182567596,
      0.9894466400146484
    ],
    [
      0.9914517998695374,
      0.08488840609788895,
      0.09908168762922287,
      -0.05224330723285675,
      0.9541580080986023,
      -0.294708788394928,
      -0.11955693364143372,
      0.2870132327079773,
      0.950436532497406
    ],
    [
      0.9378917217254639,
      -0.21047040820121765,
      -0.2757924497127533,
      0.26714733242988586,
      0.9453237652778625,
      0.1870703399181366,
      0.2213403731584549,
      -0.24912890791893005,
      0.9428379535675049
    ],
    [
      0.9946190714836121,
      0.09903067350387573,
      0.030427176505327225,
      -0.09711547195911407,
      0.993520975112915,
      -0.059031154960393906,
      -0.036075931042432785,
      0.05575856193900108,
      0.9977923035621643
    ],
    [
      0.9800463914871216,
      -0.16782158613204956,
      0.10651278495788574,
      0.08468835055828094,
      0.8373415470123291,
      0.5400805473327637,
      -0.17982476949691772,
      -0.520283579826355,
      0.8348460793495178
    ],
    [
      0.9288912415504456,
      0.3115786910057068,
      0.20019957423210144,
      -0.28589242696762085,
      0.9468896985054016,
      -0.14719174802303314,
      -0.23542872071266174,
      0.0794895812869072,
      0.9686355590820312
    ],
    [
      0.963945209980011,
      0.19884538650512695,
      0.17683371901512146,
      -0.16059741377830505,
      0.9645906090736389,
      -0.20922084152698517,
      -0.21217475831508636,
      0.17327839136123657,
      0.9617465734481812
    ],
    [
      0.9468201994895935,
      0.3206399381160736,
      0.026860099285840988,
      -0.32093727588653564,
      0.9351173043251038,
      0.15018251538276672,
      0.023037169128656387,
      -0.15081624686717987,
      0.9882932901382446
    ],
    [
      0.9867175817489624,
      0.15663433074951172,
      0.04306050390005112,
      -0.16232894361019135,
      0.960774302482605,
      0.22486037015914917,
      -0.006150573957711458,
      -0.22886362671852112,
      0.9734391570091248
    ],
    [
      0.8337593674659729,
      0.011486999690532684,
      0.5520084500312805,
      -0.04608309268951416,
      0.9977428317070007,
      0.04884188994765282,
      -0.5502014756202698,
      -0.0661606416106224,
      0.832406759262085
    ],
    [
      0.7431392073631287,
      0.6090925335884094,
      -0.2770386040210724,
      -0.6587912440299988,
      0.7385186553001404,
      -0.1434720754623413,
      0.11721041798591614,
      0.289130300283432,
      0.9500870108604431
    ],
    [
      0.9475134015083313,
      -0.07609838992357254,
      0.31052762269973755,
      -0.060103777796030045,
      0.9115468263626099,
      0.40677982568740845,
      -0.31401580572128296,
      -0.4040932059288025,
      0.859129011631012
    ],
    [
      0.9286339282989502,
      -0.05841425061225891,
      -0.3663697838783264,
      -0.013003543950617313,
      0.9817949533462524,
      -0.18949802219867706,
      0.3707694113254547,
      0.1807384043931961,
      0.9109684824943542
    ],
    [
      -0.4574523866176605,
      -0.01522116083651781,
      0.8891038298606873,
      -0.5409552454948425,
      0.7983249425888062,
      -0.2646595239639282,
      -0.705765426158905,
      -0.6020344495773315,
      -0.37342962622642517
    ],
    [
      0.9885802268981934,
      -0.12932009994983673,
      0.07736535370349884,
      0.15046991407871246,
      0.8190169334411621,
      -0.5536876916885376,
      0.00823940895497799,
      0.5590059161186218,
      0.8291227221488953
    ],
    [
      0.7929004430770874,
      0.5961046814918518,
      -0.12636522948741913,
      -0.5988786816596985,
      0.7240508198738098,
      -0.3421911299228668,
      -0.11248688399791718,
      0.34700092673301697,
      0.9310945868492126
    ],
    [
      0.9472214579582214,
      0.21647042036056519,
      -0.2364571988582611,
      -0.15704280138015747,
      0.956354558467865,
      0.24642139673233032,
      0.27947986125946045,
      -0.19628174602985382,
      0.9398747086524963
    ],
    [
      0.9297022819519043,
      -0.3047116696834564,
      0.20689234137535095,
      0.23386767506599426,
      0.9223528504371643,
      0.30752402544021606,
      -0.28453391790390015,
      -0.23752036690711975,
      0.9287757873535156
    ]
  ],
  "root_rot": [
    -0.6487798690795898,
    0.07146865129470825,
    -0.7576126456260681,
    0.030357494950294495,
    -0.9923567771911621,
    -0.11960957944393158,
    -0.7603703737258911,
    -0.100599505007267,
    0.6416515111923218
  ],
  "root_trans": [
    0.46077239513397217,
    0.5091648101806641,
    2.900358200073242
  ]
}