{
  "betas": [
    0.06479260325431824,
    0.5765603184700012,
    0.6787844896316528,
    0.10847978293895721,
    0.11405304074287415,
    0.2406667172908783,
    0.020872145891189575,
    0.5621041059494019,
    0.06818154454231262,
    0.5965464115142822
  ],
  "joints": [
    [
      0.9773287773132324,
      -0.08150507509708405,
      -0.19541098177433014,
      0.1775978058576584,
      0.8180570602416992,
      0.5470298528671265,
      0.11527162045240402,
      -0.5693325400352478,
      0.8139858245849609
    ],
    [
      0.9590266346931458,
      0.15639925003051758,
      -0.23623520135879517,
      -0.2270500361919403,
      0.923003613948822,
      -0.31066492199897766,
      0.16945816576480865,
      0.3515731692314148,
      0.9206954836845398
    ],
    [
      0.9663980603218079,
      -0.024344567209482193,
      0.25589483976364136,
      0.037095073610544205,
      0.9982926845550537,
      -0.045118510723114014,
      -0.25435957312583923,
      0.05309487506747246,
      0.9656511545181274
    ],
    [
      0.996396005153656,
      0.08445926010608673,
      -0.007857055403292179,
      -0.0727439597249031,
      0.803180992603302,
      -0.5912770628929138,
      -0.04362819343805313,
      0.5897175669670105,
      0.8064302206039429
    ],
    [
      0.9917380213737488,
      0.002258142689242959,
      0.12826010584831238,
      0.028032086789608,
      0.9718657732009888,
      -0.2338615506887436,
      -0.1251796931028366,
      0.23552477359771729,
      0.9637729525566101
    ],
    [
      0.9964301586151123,
      -0.03464684262871742,
      -0.07698395848274231,
      0.046101395040750504,
      0.9872438907623291,
      0.15239441394805908,
      0.07072196900844574,
      -0.15539945662021637,
      0.9853168725967407
    ],
    [
      0.9996466040611267,
      0.02590245008468628,
      -0.005975835956633091,
      -0.025708992034196854,
      0.9992056488990784,
      0.030450114980340004,
      0.006759820971637964,
      -0.030285721644759178,
      0.9995184540748596
    ],
    [
      0.8915671110153198,
      -0.30993759632110596,
      -0.3302222192287445,
      0.4044889211654663,
      0.8729118704795837,
      0.27278849482536316,
      0.2037074714899063,
      -0.37678050994873047,
      0.9036258459091187
    ],
    [
      0.9861878752708435,
      -0.03126983344554901,
      0.16265177726745605,
      0.04624095559120178,
      0.9949498176574707,
      -0.08908822387456894,
      -0.1590445637702942,
      0.09537890553474426,
      0.9826533794403076
    ],
    [
      0.9123564958572388,
      -0.16659902036190033,
      0.3739658296108246,
      -0.05233379453420639,
      0.8585014343261719,
      0.510133683681488,
      -0.4060380160808563,
      -0.4849947690963745,
      0.7745406031608582
    ],
    [
      0.8269978761672974,
      0.4283796548843384,
      0.36409518122673035,
      -0.4163866341114044,
      0.9018464684486389,
      -0.11530433595180511,
      -0.3777519762516022,
      -0.05624793842434883,
      0.9241966605186462
    ],
    [
      0.9655967950820923,
      -0.037124212831258774,
      -0.25738048553466797,
      -0.0127097861841321,
      0.9818367958068848,
      -0.1893012374639511,
      0.25973328948020935,
      0.18605990707874298,
      0.9475865960121155
    ],
    [
      0.8693699240684509,
      -0.26469534635543823,
      -0.4172915816307068,
      0.42133966088294983,
      0.8382771611213684,
      0.3460696339607239,
      0.25820302963256836,
      -0.476684033870697,
      0.8402996063232422
    ],
    [
      0.8988552689552307,
      -0.11550906300544739,
      0.4227491617202759,
      0.029500406235456467,
      0.9783995151519775,
      0.20460695028305054,
      -0.43725156784057617,
      -0.17144076526165009,
      0.8828471302986145
    ],
    [
      0.9670265316963196,
      -0.12024074792861938,
      -0.224503293633461,
      0.1369161605834961,
      0.9887521862983704,
      0.06019185855984688,
      0.2147406041622162,
      -0.08894526213407516,
      0.9726125001907349
    ],
    [
      0.8778459429740906,
      0.1425572782754898,
      -0.4572351276874542,
      -0.07748670130968094,
      0.9843714237213135,
      0.15814165771007538,
      0.472633421421051,
      -0.10339436680078506,
      0.8751727342605591
    ],
    [
      0.8593005537986755,
      -0.18806740641593933,
      0.4756397604942322,
      0.07268302142620087,
      0.9654075503349304,
      0.25041040778160095,
      -0.5062803030014038,
      -0.18060685694217682,
      0.8432445526123047
    ],
    [
      0.27138546109199524,
      -0.10850563645362854,
      -0.9563349485397339,
      0.38007432222366333,
      0.9249513745307922,
      0.002911335090175271,
      0.8842474222183228,
      -0.3642684519290924,
      0.2922585606575012
    ],
    [
      0.8312093019485474,
      0.23067958652973175,
      0.505843997001648,
      -0.3079541027545929,
      0.9485607743263245,
      0.07346280664205551,
      -0.46287739276885986,
      -0.21683968603610992,
      0.8594912886619568
    ],
    [
      0.9589771628379822,
      0.0810001790523529,
      0.2716646194458008,
      0.10854456573724747,
      0.780360758304596,
      -0.6158368587493896,
      -0.2618793249130249,
      0.6200612783432007,
      0.7395560145378113
    ],
    [
      0.9796846508979797,
      -0.08420202881097794,
      -0.18201091885566711,
      -0.05437777191400528,
      0.7620493769645691,
      -0.6452315449714661,
      0.19303113222122192,
      0.6420208215713501,
      0.7419893741607666
    ],
    [
      0.9256691932678223,
      0.13690534234046936,
      -0.3526947498321533,
      -0.07792744040489197,
      0.9812361001968384,
      0.17636050283908844,
      0.3702215254306793,
      -0.135766863822937,
      0.9189687371253967
    ],
    [
      0.9739077091217041,
      -0.13923613727092743,
      0.17921267449855804,
      0.09790924191474915,
      0.9701879024505615,
      0.22169600427150726,
      -0.20473811030387878,
      -0.19836485385894775,
      0.9585059881210327
    ]
  ],
  "root_rot": [
    -0.41701003909111023,
    -0.060798902064561844,
    0.906866192817688,
    -0.033963654190301895,
    -0.9960209727287292,
    -0.0823938250541687,
    0.9082671403884888,
    -0.06515953689813614,
    0.4132857918739319
  ],
  "root_trans": [
    -0.26482295989990234,
    0.5891231894493103,
    2.6114554405212402
  ]
}