{
  "betas": [
    -0.7677666544914246,
    1.0978366136550903,
    1.6666697263717651,
    -0.18723884224891663,
    -0.4123544692993164,
    -0.5030483603477478,
    0.3100941777229309,
    0.7929516434669495,
    -0.10741662979125977,
    0.9088219404220581
  ],
  "joints": [
    [
      0.8455234169960022,
      -0.5315297245979309,
      0.050659798085689545,
      0.5091017484664917,
      0.8311569094657898,
      0.2235925942659378,
      -0.1609523445367813,
      -0.1632617712020874,
      0.973365306854248
    ],
    [
      0.9055497050285339,
      0.4103386402130127,
      -0.10771194845438004,
      -0.3586660325527191,
      0.8760944604873657,
      0.3222065567970276,
      0.2265796661376953,
      -0.25314146280288696,
      0.9405215978622437
    ],
    [
      0.9997348785400391,
      -0.012131419032812119,
      0.019569024443626404,
      0.015713661909103394,
      0.9807175993919373,
      -0.19479769468307495,
      -0.016828512772917747,
      0.1950535625219345,
      0.9806482195854187
    ],
    [
      0.9992957711219788,
      0.036742642521858215,
      0.007615706417709589,
      -0.03303414583206177,
      0.9576920866966248,
      -0.28589269518852234,
      -0.017797959968447685,
      0.28543975949287415,
      0.9582313895225525
    ],
    [
      0.9980946183204651,
      -0.04756942763924599,
      -0.039295654743909836,
      0.013790915720164776,
      0.7927539944648743,
      -0.6093857288360596,
      0.060139913111925125,
      0.6076827645301819,
      0.7918995022773743
    ],
    [
      0.9973068833351135,
      0.019654592499136925,
      -0.07065913081169128,
      -0.020908860489726067,
      0.9996358752250671,
      -0.017055269330739975,
      0.0702981948852539,
      0.018486738204956055,
      0.9973546862602234
    ],
    [
      0.9803106784820557,
      0.19338323175907135,
      0.03992251679301262,
      -0.16917504370212555,
      0.9268074035644531,
      -0.3352726399898529,
      -0.10183660686016083,
      0.32191747426986694,
      0.9412748217582703
    ],
    [
      0.936593770980835,
      -0.2805386483669281,
      -0.20997652411460876,
      0.2994542121887207,
      0.951973557472229,
      0.06382418423891068,
      0.1819869428873062,
      -0.12265568971633911,
      0.9756209850311279
    ],
    [
      0.9976337552070618,
      0.03281883895397186,
      0.06041425094008446,
      -0.03299602121114731,
      0.999453604221344,
      0.0019372565438970923,
      -0.06031766161322594,
      -0.0039261020720005035,
      0.9981715679168701
    ],
    [
      0.9509807229042053,
      -0.25151923298835754,
      0.17992697656154633,
      0.09971458464860916,
      0.8001337647438049,
      0.5914753079414368,
      -0.2927330434322357,
      -0.544540286064148,
      0.785991907119751
    ],
    [
      0.9097235202789307,
      0.3968239426612854,
      0.12220486253499985,
      -0.3426475524902344,
      0.8837088346481323,
      -0.3188282251358032,
      -0.23451218008995056,
      0.24817229807376862,
      0.9399014711380005
    ],
    [
      0.9677449464797974,
      0.22271546721458435,
      0.11776109039783478,
      -0.2088550180196762,
      0.9706342816352844,
      -0.11936801671981812,
      -0.140888050198555,
      0.09092278778553009,
      0.985841691493988
    ],
    [
      0.9624722599983215,
      0.13909322023391724,
      -0.23302417993545532,
      -0.07925241440534592,
      0.9652944803237915,
      0.2488483488559723,
      0.2595500946044922,
      -0.22104190289974213,
      0.9400926232337952
    ],
    [
      0.9459518194198608,
      -0.2021273523569107,
      0.2536134123802185,
      0.20159611105918884,
      0.9790579080581665,
      0.028366653248667717,
      -0.2540358901023865,
      0.024293994531035423,
      0.9668896794319153
    ],
    [
      0.9498332738876343,
      -0.05236896127462387,
      0.30834120512008667,
      0.04013316333293915,
      0.9981396794319153,
      0.04589633271098137,
      -0.3101711571216583,
      -0.031219154596328735,
      0.9501680135726929
    ],
    [
      0.2791827917098999,
      0.6456086039543152,
      -0.7108069062232971,
      -0.7488206028938293,
      0.6097645163536072,
      0.25972089171409607,
      0.601102888584137,
      0.4597572088241577,
      0.6536808013916016
    ],
    [
      0.5232676863670349,
      -0.718204915523529,
      0.45866402983665466,
      0.8011440634727478,
      0.5980494022369385,
      0.02247656136751175,
      -0.2904464900493622,
      0.3556946814060211,
      0.888325572013855
    ],
    [
      -0.6119210720062256,
      -0.41991978883743286,
      -0.6702388525009155,
      0.023204771801829338,
      0.8375212550163269,
      -0.5459118485450745,
      0.7905784845352173,
      -0.3496076762676239,
      -0.5027527809143066
    ],
    [
      -0.02633790858089924,
      0.46850067377090454,
      0.8830704689025879,
      0.3575899302959442,
      0.8293403387069702,
      -0.42932969331741333,
      -0.9335072636604309,
      0.3044694662094116,
      -0.18937420845031738
    ],
    [
      0.8867347240447998,
      -0.3902343213558197,
      0.24782794713974,
      0.44614073634147644,
      0.8628231287002563,
      -0.2376861870288849,
      -0.12107837200164795,
      0.321330726146698,
      0.9391946792602539
    ],
    [
      0.8933652639389038,
      0.44911879301071167,
      0.013809786178171635,
      -0.398918092250824,
      0.8069034218788147,
      -0.4356273114681244,
      -0.20679159462451935,
      0.38366538286209106,
      0.9000210762023926
    ],
    [
      0.9379067420959473,
      0.15737362205982208,
      -0.3091350197792053,
      -0.12553638219833374,
      0.9847511053085327,
      0.12044063955545425,
      0.32337522506713867,
      -0.07415439933538437,
      0.9433608055114746
    ],
    [
      0.8845938444137573,
      -0.18469539284706116,
      0.42823055386543274,
      0.1376590132713318,
      0.9807307124137878,
      0.13862653076648712,
      -0.4455825090408325,
      -0.06367837637662888,
      0.8929733633995056
    ]
  ],
  "root_rot": [
    -0.5718792676925659,
    0.033607117831707,
    -0.8196491003036499,
    0.08596749603748322,
    -0.9912037253379822,
    -0.10062175244092941,
    -0.8158208727836609,
    -0.12800666689872742,
    0.5639597177505493
  ],
  "root_trans": [
    0.38550376892089844,
    0.521678626537323,
    2.682178497314453
  ]
}