{
  "betas": [
    -0.7350752949714661,
    1.0792481899261475,
    1.381565809249878,
    0.09015694260597229,
    -0.3143336772918701,
    -0.15276485681533813,
    0.13799159228801727,
    0.759732723236084,
    0.22302575409412384,
    1.2265279293060303
  ],
  "joints": [
    [
      0.9526289701461792,
      -0.30409714579582214,
      0.00479067862033844,
      0.28596407175064087,
      0.9009653329849243,
      0.326322078704834,
      -0.10354983806610107,
      -0.30949389934539795,
      0.9452465176582336
    ],
    [
      0.9733202457427979,
      0.12512730062007904,
      -0.19233019649982452,
      -0.13889966905117035,
      0.9884978532791138,
      -0.059823133051395416,
      0.18263249099254608,
      0.08494166284799576,
      0.9795051217079163
    ],
    [
      0.9959829449653625,
      -0.012133745476603508,
      0.088717520236969,
      0.021589577198028564,
      0.9940874576568604,
      -0.10641469806432724,
      -0.08690175414085388,
      0.10790259391069412,
      0.9903560876846313
    ],
    [
      0.9946179389953613,
      0.022313624620437622,
      0.10117977857589722,
      -0.004542010370641947,
      0.9849860072135925,
      -0.1725746989250183,
      -0.10351142287254333,
      0.17118632793426514,
      0.9797860980033875
    ],
    [
      0.9999229311943054,
      -0.012239034287631512,
      0.002113610040396452,
      0.012414786033332348,
      0.9899396896362305,
      -0.14094436168670654,
      -0.0003673206956591457,
      0.1409597247838974,
      0.9900153279304504
    ],
    [
      0.9933519959449768,
      -0.009918617084622383,
      -0.11468882858753204,
      0.006518130656331778,
      0.9995290040969849,
      -0.029986750334501266,
      0.11493224650621414,
      0.029039839282631874,
      0.9929487705230713
    ],
    [
      0.9809545874595642,
      0.18862950801849365,
      0.04633679613471031,
      -0.1705603450536728,
      0.9506524205207825,
      -0.25917020440101624,
      -0.09293732792139053,
      0.24633097648620605,
      0.9647195935249329
    ],
    [
      0.9512995481491089,
      -0.2612362802028656,
      -0.16366054117679596,
      0.28238219022750854,
      0.9514198899269104,
      0.12272117286920547,
      0.12365067005157471,
      -0.16295941174030304,
      0.9788537621498108
    ],
    [
      0.9989156126976013,
      0.007324857637286186,
      0.04597692936658859,
      -0.007634536828845739,
      0.9999493360519409,
      0.006563474889844656,
      -0.045926522463560104,
      -0.0069073704071342945,
      0.9989209175109863
    ],
    [
      0.8959441781044006,
      -0.42886537313461304,
      0.11557900905609131,
      0.2978484630584717,
      0.7731412649154663,
      0.5599454045295715,
      -0.32950010895729065,
      -0.46725478768348694,
      0.8204283118247986
    ],
    [
      0.9332612752914429,
      0.3022516369819641,
      0.19408094882965088,
      -0.23831099271774292,
      0.925286591053009,
      -0.2950468957424164,
      -0.2687588930130005,
      0.2291042059659958,
      0.9355640411376953
    ],
    [
      0.991618812084198,
      0.1291588693857193,
      0.00317184766754508,
      -0.12886857986450195,
      0.990545392036438,
      -0.0470409169793129,
      -0.009217609651386738,
      0.04623790830373764,
      0.9988879561424255
    ],
    [
      0.977157711982727,
      0.19757398962974548,
      -0.07827721536159515,
      -0.18085670471191406,
      0.9665428996086121,
      0.1818946748971939,
      0.11159594357013702,
      -0.16358281672000885,
      0.9801974296569824
    ],
    [
      0.9510990381240845,
      -0.2974276542663574,
      0.083350770175457,
      0.30489397048950195,
      0.947224497795105,
      -0.09902270883321762,
      -0.049499791115522385,
      0.1195935532450676,
      0.9915882349014282
    ],
    [
      0.980453372001648,
      -0.047746073454618454,
      0.19087035953998566,
      0.0609087236225605,
      0.9961088299751282,
      -0.06369706988334656,
      -0.18708635866641998,
      0.07407768070697784,
      0.9795464277267456
    ],
    [
      0.5685933232307434,
      0.6029586791992188,
      -0.5595913529396057,
      -0.625308632850647,
      0.7588005661964417,
      0.18223847448825836,
      0.5345004796981812,
      0.2462977021932602,
      0.8084841966629028
    ],
    [
      0.6058480143547058,
      -0.7770103812217712,
      0.17088906466960907,
      0.7955792546272278,
      0.5920730829238892,
      -0.12846440076828003,
      -0.0013606465654447675,
      0.21378569304943085,
      0.9768796563148499
    ],
    [
      -0.07769511640071869,
      -0.3140704929828644,
      -0.9462152719497681,
      0.41571855545043945,
      0.8524320125579834,
      -0.3170769512653351,
      0.9061686396598816,
      -0.41799452900886536,
      0.06433512270450592
    ],
    [
      0.36976534128189087,
      0.30729836225509644,
      0.8768358826637268,
      0.0668652206659317,
      0.9324739575386047,
      -0.3549947440624237,
      -0.9267160296440125,
      0.18989460170269012,
      0.3242489695549011
    ],
    [
      0.9468380212783813,
      -0.2755279242992401,
      0.16607847809791565,
      0.3169046640396118,
      0.8876996636390686,
      -0.3340069055557251,
      -0.05539960414171219,
      0.368881493806839,
      0.9278239011764526
    ],
    [
      0.965299665927887,
      0.09015374630689621,
      0.2450895607471466,
      0.00909335631877184,
      0.9263467192649841,
      -0.37656211853027344,
      -0.26098641753196716,
      0.36572396755218506,
      0.8933823704719543
    ],
    [
      0.9749241471290588,
      0.13513512909412384,
      -0.17680896818637848,
      -0.12830203771591187,
      0.9904951453208923,
      0.0495784692466259,
      0.18182820081710815,
      -0.02565029449760914,
      0.9829957485198975
    ],
    [
      0.8416483998298645,
      -0.27466464042663574,
      0.4649595022201538,
      0.20826290547847748,
      0.9594796299934387,
      0.18980363011360168,
      -0.4982515275478363,
      -0.06291410326957703,
      0.8647469282150269
    ]
  ],
  "root_rot": [
    -0.08416064083576202,
    0.04529562219977379,
    -0.9954221844673157,
    0.1301914006471634,
    -0.9899032115936279,
    -0.056051868945360184,
    -0.9879105091094971,
    -0.13431276381015778,
    0.07741378992795944
  ],
  "root_trans": [
    0.5144582986831665,
    0.4764763116836548,
    2.7026901245117188
  ]
}