{
  "betas": [
    0.09643229842185974,
    0.46630561351776123,
    0.6618199348449707,
    0.22075985372066498,
    0.1279037594795227,
    0.3060521185398102,
    -0.021645426750183105,
    0.4582619369029999,
    0.03162813186645508,
    0.4800263047218323
  ],
  "joints": [
    [
      0.9784253835678101,
      -0.0309787355363369,
      -0.20426471531391144,
      0.1343706101179123,
      0.8464323878288269,
      0.5152638554573059,
      0.15693403780460358,
      -0.5315943956375122,
      0.8323335647583008
    ],
    [
      0.9779805541038513,
      0.12682302296161652,
      -0.16574041545391083,
      -0.16974341869354248,
      0.945411205291748,
      -0.2781811058521271,
      0.12141308933496475,
      0.3001890778541565,
      0.9461211562156677
    ],
    [
      0.9719072580337524,
      -0.01161884143948555,
      0.23507730662822723,
      0.020390009507536888,
      0.9991822242736816,
      -0.03491555154323578,
      -0.2344793975353241,
      0.038727905601263046,
      0.9713493585586548
    ],
    [
      0.9980656504631042,
      0.05751097947359085,
      -0.023610854521393776,
      -0.060051605105400085,
      0.793565034866333,
      -0.6055148839950562,
      -0.016087017953395844,
      0.6057614684104919,
      0.7954836487770081
    ],
    [
      0.9926347732543945,
      0.03141997009515762,
      0.11699981987476349,
      0.01911977119743824,
      0.9130455255508423,
      -0.40740928053855896,
      -0.11962694674730301,
      0.40664565563201904,
      0.9057199954986572
    ],
    [
      0.996208131313324,
      -0.0344710648059845,
      -0.07988234609365463,
      0.04633668437600136,
      0.987322986125946,
      0.15180981159210205,
      0.07363663613796234,
      -0.15493564307689667,
      0.9851764440536499
    ],
    [
      0.9999097585678101,
      -0.003870216431096196,
      0.012865622527897358,
      0.0035190233029425144,
      0.9996235966682434,
      0.027208412066102028,
      -0.012966081500053406,
      -0.027160681784152985,
      0.999547004699707
    ],
    [
      0.860477089881897,
      -0.42491933703422546,
      -0.281110018491745,
      0.453533411026001,
      0.8902190923690796,
      0.04263012856245041,
      0.23213516175746918,
      -0.16417501866817474,
      0.9587282538414001
    ],
    [
      0.9896849989891052,
      -0.030955513939261436,
      0.13987629115581512,
      0.04492679983377457,
      0.9941858649253845,
      -0.0978567972779274,
      -0.13603384792804718,
      0.10313159972429276,
      0.985321581363678
    ],
    [
      0.9000550508499146,
      -0.13202956318855286,
      0.41529396176338196,
      -0.12261862307786942,
      0.8377630114555359,
      0.5320881605148315,
      -0.4181692600250244,
      -0.5298314690589905,
      0.7378435730934143
    ],
    [
      0.7833300828933716,
      0.4762526750564575,
      0.3994714021682739,
      -0.4936901926994324,
      0.8671497106552124,
      -0.06573700159788132,
      -0.37770894169807434,
      -0.14572131633758545,
      0.9143857359886169
    ],
    [
      0.9682964086532593,
      -0.04033905267715454,
      -0.24652573466300964,
      -0.016170086339116096,
      0.9746842980384827,
      -0.22300007939338684,
      0.24928036332130432,
      0.21991649270057678,
      0.9431310296058655
    ],
    [
      0.8641390800476074,
      -0.2569305896759033,
      -0.43272438645362854,
      0.41804441809654236,
      0.8451974987983704,
      0.3329865038394928,
      0.28018319606781006,
      -0.4686446189880371,
      0.8377766013145447
    ],
    [
      0.9144902229309082,
      -0.10123509913682938,
      0.3917384147644043,
      0.02502579800784588,
      0.9804913997650146,
      0.1949624866247177,
      -0.40383318066596985,
      -0.16848774254322052,
      0.8991832733154297
    ],
    [
      0.9649830460548401,
      -0.14541123807430267,
      -0.21831907331943512,
      0.15887190401554108,
      0.9862582087516785,
      0.04532672092318535,
      0.20872795581817627,
      -0.07842428982257843,
      0.9748241901397705
    ],
    [
      0.8724495768547058,
      0.15605250000953674,
      -0.46311911940574646,
      -0.08773037046194077,
      0.9822641611099243,
      0.16571204364299774,
      0.48076510429382324,
      -0.1039457768201828,
      0.87066650390625
    ],
    [
      0.8822476863861084,
      -0.1746569722890854,
      0.43718865513801575,
      0.07423723489046097,
      0.9686306715011597,
      0.23715713620185852,
      -0.46489545702934265,
      -0.17677564918994904,
      0.8675382137298584
    ],
    [
      0.47239720821380615,
      -0.08590181916952133,
      -0.8771896362304688,
      0.3119085133075714,
      0.9471296668052673,
      0.07522264868021011,
      0.8243505954742432,
      -0.30913788080215454,
      0.47421491146087646
    ],
    [
      0.8539052605628967,
      0.2095486968755722,
      0.4763772189617157,
      -0.2731074094772339,
      0.959617555141449,
      0.06742822378873825,
      -0.4430104196071625,
      -0.1876794695854187,
      0.8766517639160156
    ],
    [
      0.9577630162239075,
      0.08420057594776154,
      0.2749551236629486,
      0.12262098491191864,
      0.745292603969574,
      -0.6553648114204407,
      -0.26010408997535706,
      0.6613994240760803,
      0.7034889459609985
    ],
    [
      0.9816896319389343,
      -0.04682669788599014,
      -0.1846422702074051,
      -0.09142128378152847,
      0.7345649003982544,
      -0.6723515391349792,
      0.1671156883239746,
      0.6769207119941711,
      0.716833770275116
    ],
    [
      0.929431676864624,
      0.1524614840745926,
      -0.3360242247581482,
      -0.08276207000017166,
      0.9735805988311768,
      0.21281754970550537,
      0.35959312319755554,
      -0.16998931765556335,
      0.9174946546554565
    ],
    [
      0.9743703603744507,
      -0.14114230871200562,
      0.17516081035137177,
      0.0972195565700531,
      0.966408371925354,
      0.2379143238067627,
      -0.20285664498806,
      -0.2147875875234604,
      0.9553614854812622
    ]
  ],
  "root_rot": [
    -0.4612084925174713,
    -0.07871421426534653,
    0.8837934136390686,
    -0.028520824387669563,
    -0.9942273497581482,
    -0.1034335270524025,
    0.8868333101272583,
    -0.07291093468666077,
    0.45630109310150146
  ],
  "root_trans": [
    -0.24549627304077148,
    0.5854573845863342,
    2.6407470703125
  ]
}