{
  "betas": [
    -0.7995768189430237,
    0.8664026260375977,
    1.4351564645767212,
    0.42446720600128174,
    0.3208271861076355,
    0.05841492488980293,
    -0.22997254133224487,
    0.2846163511276245,
    0.21138915419578552,
    0.8380367755889893
  ],
  "joints": [
    [
      0.9846876263618469,
      -0.17271409928798676,
      -0.023665396496653557,
      0.17297890782356262,
      0.9511674046516418,
      0.2556536793708801,
      -0.02164524793624878,
      -0.25583264231681824,
      0.9664786458015442
    ],
    [
      0.9816240072250366,
      0.07445450872182846,
      -0.17570103704929352,
      -0.08162330836057663,
      0.9960857033729553,
      -0.03392305597662926,
      0.17248758673667908,
      0.04764098674058914,
      0.9838588833808899
    ],
    [
      0.993478000164032,
      0.011034908704459667,
      0.11348888278007507,
      -0.001614582957699895,
      0.9965677857398987,
      -0.08276569098234177,
      -0.11401266604661942,
      0.08204265683889389,
      0.9900859594345093
    ],
    [
      0.9989643096923828,
      0.007071660831570625,
      0.04494746774435043,
      -0.005110160913318396,
      0.9990357756614685,
      -0.04360522702336311,
      -0.045212484896183014,
      0.04333037883043289,
      0.9980372190475464
    ],
    [
      0.9970698952674866,
      -0.07538019865751266,
      0.013020160607993603,
      0.07624921202659607,
      0.9930182695388794,
      -0.09000421315431595,
      -0.0061447215266525745,
      0.09073325991630554,
      0.9958562850952148
    ],
    [
      0.9875560402870178,
      0.008451196365058422,
      -0.15703999996185303,
      -0.014738166704773903,
      0.9991338849067688,
      -0.03891295567154884,
      0.15657512843608856,
      0.040743209421634674,
      0.9868252873420715
    ],
    [
      0.9883360862731934,
      0.09425131976604462,
      0.11961787194013596,
      -0.06886772811412811,
      0.977179765701294,
      -0.2009400576353073,
      -0.13582703471183777,
      0.19035851955413818,
      0.9722728729248047
    ],
    [
      0.9663162231445312,
      -0.15261070430278778,
      -0.2072269469499588,
      0.1653807908296585,
      0.9851721525192261,
      0.04566173255443573,
      0.19718575477600098,
      -0.07839503139257431,
      0.977226734161377
    ],
    [
      0.9973437190055847,
      0.036150287836790085,
      0.06323419511318207,
      -0.03589315712451935,
      0.9993420839309692,
      -0.005197858903557062,
      -0.06338050216436386,
      0.002914377022534609,
      0.9979851245880127
    ],
    [
      0.9611943960189819,
      -0.23846375942230225,
      0.13870972394943237,
      0.1317647248506546,
      0.8385865688323975,
      0.5285930037498474,
      -0.2423703968524933,
      -0.48980358242988586,
      0.8374658226966858
    ],
    [
      0.9306343793869019,
      0.23671890795230865,
      0.27907681465148926,
      -0.2734140455722809,
      0.9566531777381897,
      0.10029707103967667,
      -0.24323749542236328,
      -0.16964340209960938,
      0.9550166130065918
    ],
    [
      0.949626088142395,
      0.18726614117622375,
      0.2512802183628082,
      -0.18205130100250244,
      0.9823014140129089,
      -0.04405900835990906,
      -0.25508370995521545,
      -0.003906309604644775,
      0.9669110774993896
    ],
    [
      0.950713574886322,
      0.25180473923683167,
      -0.1809365600347519,
      -0.24732698500156403,
      0.9677780866622925,
      0.04727602005004883,
      0.1870107501745224,
      -0.00019546049588825554,
      0.9823578596115112
    ],
    [
      0.9820515513420105,
      -0.1869126856327057,
      0.025266893208026886,
      0.1885458379983902,
      0.9692870378494263,
      -0.15790225565433502,
      0.005023060366511345,
      0.15983211994171143,
      0.9871314764022827
    ],
    [
      0.8668158650398254,
      -0.20097023248672485,
      0.45633450150489807,
      0.20293423533439636,
      0.9781440496444702,
      0.045298364013433456,
      -0.4554644823074341,
      0.05334055796265602,
      0.8886545300483704
    ],
    [
      0.6864217519760132,
      0.624565601348877,
      -0.37248218059539795,
      -0.6921326518058777,
      0.7182562947273254,
      -0.07113554328680038,
      0.22310885787010193,
      0.3066360652446747,
      0.9253090023994446
    ],
    [
      0.6619240045547485,
      -0.7457447052001953,
      0.07564052939414978,
      0.7241894602775574,
      0.6102082133293152,
      -0.3212405741214752,
      0.19340696930885315,
      0.2674148976802826,
      0.9439719319343567
    ],
    [
      0.8975026607513428,
      0.023069873452186584,
      -0.4404051601886749,
      -0.16121871769428253,
      0.9466736316680908,
      -0.27895811200141907,
      0.4104844033718109,
      0.3213672339916229,
      0.8533614277839661
    ],
    [
      -0.10535237193107605,
      0.3059993088245392,
      0.9461845755577087,
      0.24681304395198822,
      0.9297540783882141,
      -0.27320438623428345,
      -0.9633193612098694,
      0.2047479748725891,
      -0.1734764128923416
    ],
    [
      0.9918438196182251,
      -0.07971290498971939,
      0.09945694357156754,
      0.1226092278957367,
      0.8098971843719482,
      -0.5736144781112671,
      -0.034825410693883896,
      0.58113032579422,
      0.8130650520324707
    ],
    [
      0.9584468603134155,
      0.1885361522436142,
      0.21408818662166595,
      -0.15247569978237152,
      0.9728479385375977,
      -0.1741206794977188,
      -0.24110330641269684,
      0.13424217700958252,
      0.9611702561378479
    ],
    [
      0.9490165114402771,
      0.2564125657081604,
      -0.18335823714733124,
      -0.18950745463371277,
      0.9289039373397827,
      0.3181580603122711,
      0.25190186500549316,
      -0.26718950271606445,
      0.9301372766494751
    ],
    [
      0.7357754111289978,
      -0.610512912273407,
      0.29310154914855957,
      0.3135847747325897,
      0.6907381415367126,
      0.6515714526176453,
      -0.6002492308616638,
      -0.38749808073043823,
      0.6996756792068481
    ]
  ],
  "root_rot": [
    0.5226584076881409,
    -0.04475853592157364,
    0.8513664603233337,
    -0.07574853301048279,
    -0.9971094131469727,
    -0.00591818243265152,
    0.8491703271865845,
    -0.061396580189466476,
    -0.5245380401611328
  ],
  "root_trans": [
    -0.40381544828414917,
    0.5431120991706848,
    2.2282607555389404
  ]
}