{
  "betas": [
    -0.35978949069976807,
    0.5921993255615234,
    1.477280855178833,
    0.8427340388298035,
    0.6574863195419312,
    -0.2769092321395874,
    -0.15162140130996704,
    0.40516722202301025,
    -0.07837548851966858,
    0.6854205131530762
  ],
  "joints": [
    [
      0.9750000238418579,
      -0.21267634630203247,
      -0.06437080353498459,
      0.22012487053871155,
      0.8849175572395325,
      0.4104461073875427,
      -0.03032933734357357,
      -0.4143546521663666,
      0.9096099734306335
    ],
    [
      0.9660577178001404,
      0.18597348034381866,
      -0.17929399013519287,
      -0.17724475264549255,
      0.9821047782897949,
      0.06367609649896622,
      0.1879275143146515,
      -0.0297358650714159,
      0.9817327260971069
    ],
    [
      0.9943922162055969,
      -0.059286050498485565,
      0.08757428079843521,
      0.06992333382368088,
      0.9898315668106079,
      -0.12387222051620483,
      -0.0793398842215538,
      0.129301056265831,
      0.9884262681007385
    ],
    [
      0.9990769624710083,
      0.0015481957234442234,
      0.04292823374271393,
      0.006359552498906851,
      0.9830068945884705,
      -0.18345864117145538,
      -0.04248277097940445,
      0.18356230854988098,
      0.9820896983146667
    ],
    [
      0.9975250363349915,
      -0.05155475437641144,
      0.04780932515859604,
      0.06501052528619766,
      0.9352892637252808,
      -0.3478613793849945,
      -0.026781639084219933,
      0.3501085937023163,
      0.9363260865211487
    ],
    [
      0.9891246557235718,
      0.07756200432777405,
      -0.12496641278266907,
      -0.06822555512189865,
      0.9946677088737488,
      0.0773397833108902,
      0.1302986890077591,
      -0.06797277927398682,
      0.9891420602798462
    ],
    [
      0.9937734603881836,
      0.0526706725358963,
      0.09818485379219055,
      -0.031360600143671036,
      0.9778114557266235,
      -0.20712637901306152,
      -0.10691575706005096,
      0.20275752246379852,
      0.9733748435974121
    ],
    [
      0.948493480682373,
      -0.09336187690496445,
      -0.302727073431015,
      0.16872361302375793,
      0.9576564431190491,
      0.2332947552204132,
      0.2681277096271515,
      -0.2723557651042938,
      0.9240832328796387
    ],
    [
      0.9949580430984497,
      0.08104290813207626,
      0.05908176302909851,
      -0.07427003234624863,
      0.991264283657074,
      -0.10899114608764648,
      -0.06739860028028488,
      0.10405360162258148,
      0.992285430431366
    ],
    [
      0.9674594402313232,
      -0.12535512447357178,
      0.21979162096977234,
      -0.015966812148690224,
      0.8366748094558716,
      0.5474671721458435,
      -0.25252193212509155,
      -0.5331616401672363,
      0.8074474334716797
    ],
    [
      0.9341267347335815,
      0.1933664083480835,
      0.3000277876853943,
      -0.2649412751197815,
      0.9388838410377502,
      0.21978002786636353,
      -0.23919318616390228,
      -0.28479212522506714,
      0.928267240524292
    ],
    [
      0.9658891558647156,
      0.173386350274086,
      0.19234144687652588,
      -0.13967804610729218,
      0.9742785096168518,
      -0.17683705687522888,
      -0.21805529296398163,
      0.14393913745880127,
      0.965263307094574
    ],
    [
      0.9585988521575928,
      0.2604493498802185,
      -0.11512771993875504,
      -0.2405170351266861,
      0.9569795727729797,
      0.1623009443283081,
      0.15244606137275696,
      -0.12789131700992584,
      0.9800020456314087
    ],
    [
      0.9852604269981384,
      0.1266113668680191,
      0.11502819508314133,
      -0.15316449105739594,
      0.9523895978927612,
      0.2636185884475708,
      -0.0761745348572731,
      -0.2773512005805969,
      0.9577441215515137
    ],
    [
      0.8560360670089722,
      -0.17714865505695343,
      0.48561370372772217,
      0.10353977233171463,
      0.9791671633720398,
      0.17467458546161652,
      -0.5064403414726257,
      -0.09924741089344025,
      0.8565443158149719
    ],
    [
      0.7537352442741394,
      0.6177754402160645,
      -0.2241351455450058,
      -0.6558713316917419,
      0.7286321520805359,
      -0.19730187952518463,
      0.04142378643155098,
      0.2957172095775604,
      0.9543769359588623
    ],
    [
      0.9718746542930603,
      -0.004712839610874653,
      0.23545145988464355,
      -0.08769697695970535,
      0.9206483960151672,
      0.3804152309894562,
      -0.2185608297586441,
      -0.3903643488883972,
      0.8943415284156799
    ],
    [
      0.8721416592597961,
      0.035114798694849014,
      -0.48799166083335876,
      -0.16626234352588654,
      0.9593336582183838,
      -0.2281135618686676,
      0.46013665199279785,
      0.28008198738098145,
      0.8425131440162659
    ],
    [
      -0.37227410078048706,
      -0.024747254326939583,
      0.9277927875518799,
      -0.592338502407074,
      0.7759225368499756,
      -0.21697765588760376,
      -0.7145257592201233,
      -0.6303425431251526,
      -0.30351462960243225
    ],
    [
      0.9786990880966187,
      -0.01440628245472908,
      0.2047940492630005,
      0.15313073992729187,
      0.7156559228897095,
      -0.681459903717041,
      -0.13674473762512207,
      0.6983044147491455,
      0.7026178240776062
    ],
    [
      0.8286280632019043,
      0.511989176273346,
      -0.22636830806732178,
      -0.558109700679779,
      0.7241741418838501,
      -0.4050745368003845,
      -0.04346368834376335,
      0.461994469165802,
      0.8858171701431274
    ],
    [
      0.947277843952179,
      0.22013773024082184,
      -0.23281772434711456,
      -0.16211889684200287,
      0.956039309501648,
      0.24434863030910492,
      0.2763732671737671,
      -0.19372187554836273,
      0.9413233399391174
    ],
    [
      0.9379668831825256,
      -0.29207316040992737,
      0.18684613704681396,
      0.23050734400749207,
      0.9278382658958435,
      0.2932276725769043,
      -0.25900694727897644,
      -0.23196841776371002,
      0.9376065731048584
    ]
  ],
  "root_rot": [
    0.47484809160232544,
    -0.07536633312702179,
    0.8768348097801208,
    -0.10091180354356766,
    -0.9944177865982056,
    -0.0308243241161108,
    0.8742631673812866,
    -0.07384610921144485,
    -0.4798027276992798
  ],
  "root_trans": [
    -0.35783034563064575,
    0.6007490754127502,
    2.3354902267456055
  ]
}