{
  "betas": [
    -0.5450746417045593,
    0.7898609638214111,
    1.4846631288528442,
    0.5111461281776428,
    0.469963014125824,
    -0.017941493541002274,
    0.016948342323303223,
    0.4277458190917969,
    -0.18708214163780212,
    0.7227389812469482
  ],
  "joints": [
    [
      0.9807342886924744,
      -0.16156291961669922,
      -0.10980720072984695,
      0.19411307573318481,
      0.8690680861473083,
      0.4550173580646515,
      0.021915996447205544,
      -0.4675661623477936,
      0.883686363697052
    ],
    [
      0.9622207880020142,
      0.2088891863822937,
      -0.17463228106498718,
      -0.19893042743206024,
      0.9772979021072388,
      0.07290718704462051,
      0.18589729070663452,
      -0.03541313484311104,
      0.9819307923316956
    ],
    [
      0.9919441342353821,
      -0.06539435684680939,
      0.10849206149578094,
      0.07914750277996063,
      0.9886454939842224,
      -0.1277335286140442,
      -0.09890712797641754,
      0.13529138267040253,
      0.9858568906784058
    ],
    [
      0.9993700385093689,
      0.02385745383799076,
      0.02627362310886383,
      -0.01465273555368185,
      0.9516616463661194,
      -0.30679863691329956,
      -0.03232303261756897,
      0.3062204122543335,
      0.9514117240905762
    ],
    [
      0.9985823631286621,
      -0.021106919273734093,
      0.04886508733034134,
      0.040488727390766144,
      0.8971354365348816,
      -0.4398961663246155,
      -0.03455375134944916,
      0.4412510097026825,
      0.8967182040214539
    ],
    [
      0.9915512800216675,
      0.07415153086185455,
      -0.10643142461776733,
      -0.06736548244953156,
      0.9955428838729858,
      0.06600217521190643,
      0.11085120588541031,
      -0.058274731040000916,
      0.9921270608901978
    ],
    [
      0.9958337545394897,
      0.025612732395529747,
      0.087517149746418,
      -0.010385217145085335,
      0.9853543043136597,
      -0.1702030599117279,
      -0.09059476107358932,
      0.16858504712581635,
      0.9815150499343872
    ],
    [
      0.9221146106719971,
      -0.10741061717271805,
      -0.37170881032943726,
      0.2028065025806427,
      0.9523237347602844,
      0.2279234081506729,
      0.32950571179389954,
      -0.28555649518966675,
      0.8999351859092712
    ],
    [
      0.9909785389900208,
      0.09510748833417892,
      0.09442513436079025,
      -0.08499643951654434,
      0.9907402992248535,
      -0.10587413609027863,
      -0.10362020134925842,
      0.09689319878816605,
      0.9898861646652222
    ],
    [
      0.9750434756278992,
      -0.12954460084438324,
      0.18030080199241638,
      0.003221372840926051,
      0.8202844262123108,
      0.5719466805458069,
      -0.22199057042598724,
      -0.5570920705795288,
      0.8002302646636963
    ],
    [
      0.8877995610237122,
      0.2634744942188263,
      0.3773500621318817,
      -0.32342633605003357,
      0.9404922127723694,
      0.10425888001918793,
      -0.32742518186569214,
      -0.21460594236850739,
      0.9201831817626953
    ],
    [
      0.9833982586860657,
      0.15498439967632294,
      0.09438026696443558,
      -0.1402757614850998,
      0.9792278409004211,
      -0.14640867710113525,
      -0.1151108518242836,
      0.1307387799024582,
      0.9847115278244019
    ],
    [
      0.974433183670044,
      0.17587046325206757,
      -0.13981957733631134,
      -0.15821002423763275,
      0.9789706468582153,
      0.1287868767976761,
      0.15952906012535095,
      -0.10337335616350174,
      0.9817659258842468
    ],
    [
      0.9676275849342346,
      0.1603422462940216,
      0.1949031800031662,
      -0.20638792216777802,
      0.9471946358680725,
      0.2454107105731964,
      -0.14526152610778809,
      -0.2776918113231659,
      0.9496243596076965
    ],
    [
      0.9169450402259827,
      -0.1815558224916458,
      0.35531556606292725,
      0.1385217308998108,
      0.9799448847770691,
      0.14324694871902466,
      -0.37419700622558594,
      -0.08213066309690475,
      0.9237050414085388
    ],
    [
      0.7366746664047241,
      0.6334264278411865,
      -0.2368149310350418,
      -0.6759476661682129,
      0.7001450061798096,
      -0.22998200356960297,
      0.020128095522522926,
      0.32949644327163696,
      0.9439421892166138
    ],
    [
      0.9542065262794495,
      -0.022464603185653687,
      0.2983040511608124,
      -0.09356910735368729,
      0.9247291684150696,
      0.368945449590683,
      -0.2841387093067169,
      -0.37996217608451843,
      0.880280613899231
    ],
    [
      0.4475589990615845,
      -0.18572278320789337,
      -0.874755859375,
      -0.20020370185375214,
      0.9325568079948425,
      -0.3004266619682312,
      0.8715556859970093,
      0.3095880448818207,
      0.3801918029785156
    ],
    [
      -0.37473398447036743,
      -0.0485900454223156,
      0.9258581399917603,
      -0.5034406781196594,
      0.8492375612258911,
      -0.15919481217861176,
      -0.7785382866859436,
      -0.525770366191864,
      -0.34270039200782776
    ],
    [
      0.9802885055541992,
      -0.13144631683826447,
      0.1474999040365219,
      0.18966977298259735,
      0.8351333737373352,
      -0.516311526298523,
      -0.05531485378742218,
      0.5341105461120605,
      0.8436030149459839
    ],
    [
      0.8955569863319397,
      0.44133180379867554,
      -0.05660327151417732,
      -0.42637869715690613,
      0.814845621585846,
      -0.39271849393844604,
      -0.12719622254371643,
      0.37583622336387634,
      0.9179151654243469
    ],
    [
      0.9110777974128723,
      0.25785738229751587,
      -0.321631520986557,
      -0.1750570386648178,
      0.9483779668807983,
      0.2644507586956024,
      0.373218834400177,
      -0.18463134765625,
      0.9091858863830566
    ],
    [
      0.9469366669654846,
      -0.27899932861328125,
      0.15959417819976807,
      0.22325946390628815,
      0.9281353950500488,
      0.29785892367362976,
      -0.23122744262218475,
      -0.2464226335287094,
      0.9411746859550476
    ]
  ],
  "root_rot": [
    0.40814802050590515,
    -0.08039681613445282,
    0.9093687534332275,
    -0.09840653836727142,
    -0.9941850900650024,
    -0.04372800514101982,
    0.9075964689254761,
    -0.07164034247398376,
    -0.41368624567985535
  ],
  "root_trans": [
    -0.3242425322532654,
    0.5811061263084412,
    2.3140082359313965
  ]
}