{
  "betas": [
    -0.722861111164093,
    1.1285443305969238,
    1.0044623613357544,
    -0.0033611655235290527,
    -0.31189364194869995,
    -0.3196638524532318,
    -0.06512904167175293,
    0.8174609541893005,
    0.3990306556224823,
    0.9015418887138367
  ],
  "joints": [
    [
      0.9535453915596008,
      -0.30083826184272766,
      0.01573195867240429,
      0.28303954005241394,
      0.9125646352767944,
      0.2951515018939972,
      -0.10314930230379105,
      -0.27698761224746704,
      0.9553209543228149
    ],
    [
      0.9658649563789368,
      0.17081128060817719,
      -0.19475175440311432,
      -0.18181641399860382,
      0.9825196862220764,
      -0.03997226431965828,
      0.18451973795890808,
      0.07401688396930695,
      0.9800376296043396
    ],
    [
      0.9968878030776978,
      -0.023991698399186134,
      0.0750940665602684,
      0.03238075599074364,
      0.9931159019470215,
      -0.11257144808769226,
      -0.07187632471323013,
      0.11465270817279816,
      0.990801990032196
    ],
    [
      0.9938574433326721,
      0.027120668441057205,
      0.10729290544986725,
      -0.005474776960909367,
      0.9803687334060669,
      -0.1970967799425125,
      -0.1105320081114769,
      0.1952987164258957,
      0.9744952321052551
    ],
    [
      0.999358594417572,
      -0.03503067418932915,
      0.007427752949297428,
      0.03573713079094887,
      0.988827109336853,
      -0.1447199285030365,
      -0.002275127684697509,
      0.14489257335662842,
      0.9894447922706604
    ],
    [
      0.9938008189201355,
      -0.008632701821625233,
      -0.11083880066871643,
      0.004351259209215641,
      0.9992371201515198,
      -0.03881174325942993,
      0.11108928918838501,
      0.03808886185288429,
      0.9930802583694458
    ],
    [
      0.9649853110313416,
      0.22932277619838715,
      0.12733574211597443,
      -0.1973414421081543,
      0.954515814781189,
      -0.2235082983970642,
      -0.1727995127439499,
      0.19055360555648804,
      0.9663486480712891
    ],
    [
      0.9516363143920898,
      -0.26657870411872864,
      -0.15272288024425507,
      0.28237125277519226,
      0.9547976851463318,
      0.09288695454597473,
      0.12105774879455566,
      -0.1315191239118576,
      0.9838942885398865
    ],
    [
      0.999673068523407,
      -0.002253964776173234,
      0.025468099862337112,
      0.002610321855172515,
      0.9998990297317505,
      -0.01396784745156765,
      -0.025434046983718872,
      0.014029761776328087,
      0.9995779991149902
    ],
    [
      0.8829330801963806,
      -0.46931618452072144,
      -0.01309575978666544,
      0.42406487464904785,
      0.7852096557617188,
      0.45123687386512756,
      -0.2014898657798767,
      -0.40396541357040405,
      0.8923080563545227
    ],
    [
      0.9135419726371765,
      0.32408007979393005,
      0.24579094350337982,
      -0.25772538781166077,
      0.9287051558494568,
      -0.26661643385887146,
      -0.31467241048812866,
      0.18021872639656067,
      0.9319347739219666
    ],
    [
      0.9949944019317627,
      0.0976572036743164,
      0.021194063127040863,
      -0.09734011441469193,
      0.9951303005218506,
      -0.015512097626924515,
      -0.022605720907449722,
      0.013371418230235577,
      0.9996550679206848
    ],
    [
      0.9772074818611145,
      0.20294103026390076,
      -0.06229231879115105,
      -0.1912316530942917,
      0.9689444899559021,
      0.15677042305469513,
      0.09217295795679092,
      -0.1412849873304367,
      0.9856685400009155
    ],
    [
      0.9348339438438416,
      -0.2945824861526489,
      0.1982591301202774,
      0.2974328398704529,
      0.9546096324920654,
      0.015943482518196106,
      -0.19395673274993896,
      0.044064268469810486,
      0.9800199866294861
    ],
    [
      0.9690760374069214,
      -0.0022939841728657484,
      0.24675144255161285,
      0.02838253229856491,
      0.9943563938140869,
      -0.1022234782576561,
      -0.24512439966201782,
      0.1060657650232315,
      0.9636720418930054
    ],
    [
      0.6205605864524841,
      0.6297075152397156,
      -0.46730393171310425,
      -0.657482385635376,
      0.7425937056541443,
      0.1275598406791687,
      0.42734235525131226,
      0.2280854731798172,
      0.8748459815979004
    ],
    [
      0.48391860723495483,
      -0.7027237415313721,
      0.5215381979942322,
      0.767091691493988,
      0.6274556517601013,
      0.1336776614189148,
      -0.4211805462837219,
      0.3353785276412964,
      0.8426910042762756
    ],
    [
      -0.04985911399126053,
      -0.3111133873462677,
      -0.9490640163421631,
      0.3654882609844208,
      0.8786505460739136,
      -0.3072320222854614,
      0.9294795989990234,
      -0.3621900975704193,
      0.0698995515704155
    ],
    [
      -0.4263686537742615,
      0.37485846877098083,
      0.8232198357582092,
      0.021917853504419327,
      0.9141024351119995,
      -0.4048905670642853,
      -0.904283881187439,
      -0.1545894294977188,
      -0.39796072244644165
    ],
    [
      0.9452438354492188,
      -0.28056204319000244,
      0.1667303889989853,
      0.318905770778656,
      0.9026125073432922,
      -0.2891187369823456,
      -0.06937720626592636,
      0.32645899057388306,
      0.9426617622375488
    ],
    [
      0.9083694219589233,
      0.3849230706691742,
      -0.16339921951293945,
      -0.4161740839481354,
      0.8702831864356995,
      -0.26345086097717285,
      0.04079526290297508,
      0.3073132038116455,
      0.9507336616516113
    ],
    [
      0.974915087223053,
      0.07646733522415161,
      -0.20902931690216064,
      -0.0742698535323143,
      0.997069239616394,
      0.018353555351495743,
      0.20982015132904053,
      -0.0023685828782618046,
      0.9777370691299438
    ],
    [
      0.9484037160873413,
      -0.17838554084300995,
      0.26212406158447266,
      0.11225955188274384,
      0.9620876908302307,
      0.24856609106063843,
      -0.2965269386768341,
      -0.2063150703907013,
      0.9324730038642883
    ]
  ],
  "root_rot": [
    -0.16783303022384644,
    0.060908667743206024,
    -0.9839320182800293,
    0.11905189603567123,
    -0.9895322918891907,
    -0.08156248182058334,
    -0.9786004424095154,
    -0.13082784414291382,
    0.15882490575313568
  ],
  "root_trans": [
    0.5173636078834534,
    0.4725360572338104,
    2.7020111083984375
  ]
}