{
  "betas": [
    -0.4211730360984802,
    1.6155648231506348,
    1.3295788764953613,
    -0.229731947183609,
    -0.10542416572570801,
    0.130376398563385,
    0.1917945146560669,
    0.27770358324050903,
    0.038943082094192505,
    0.2253241240978241
  ],
  "joints": [
    [
      0.8576996922492981,
      -0.4965853691101074,
      -0.13324470818042755,
      0.48684564232826233,
      0.7010716199874878,
      0.5210372805595398,
      -0.16532541811466217,
      -0.5117631554603577,
      0.843069314956665
    ],
    [
      0.8808038830757141,
      0.44198426604270935,
      -0.16980725526809692,
      -0.39111125469207764,
      0.8813079595565796,
      0.26519471406936646,
      0.2668643891811371,
      -0.16717098653316498,
      0.9491245150566101
    ],
    [
      0.9868526458740234,
      0.06988120824098587,
      0.14573371410369873,
      -0.021085433661937714,
      0.9496544003486633,
      -0.31258919835090637,
      -0.1602407544851303,
      0.30540668964385986,
      0.9386424422264099
    ],
    [
      0.975424587726593,
      0.21507158875465393,
      -0.04786473512649536,
      -0.19701926410198212,
      0.7541263103485107,
      -0.6264798045158386,
      -0.09864196181297302,
      0.6205140948295593,
      0.7779666185379028
    ],
    [
      0.9992823004722595,
      -0.0378495529294014,
      0.0015245696995407343,
      0.03143360838294029,
      0.8060885667800903,
      -0.5909594297409058,
      0.021138610318303108,
      0.5905832052230835,
      0.806699812412262
    ],
    [
      0.9916585683822632,
      -0.06786122173070908,
      -0.10958175361156464,
      0.07520714402198792,
      0.9950892925262451,
      0.06435226649045944,
      0.10467660427093506,
      -0.07205680012702942,
      0.9918924570083618
    ],
    [
      0.9999567866325378,
      0.001987661700695753,
      -0.0090796435251832,
      -0.0017269517993554473,
      0.9995885491371155,
      0.028631336987018585,
      0.009132817387580872,
      -0.02861442044377327,
      0.9995487928390503
    ],
    [
      0.806305468082428,
      -0.2975059449672699,
      -0.5112354159355164,
      0.44847291707992554,
      0.8710330128669739,
      0.20043344795703888,
      0.38567277789115906,
      -0.3908858299255371,
      0.8357420563697815
    ],
    [
      0.9952842593193054,
      -0.03291412070393562,
      0.09124676883220673,
      0.035889238119125366,
      0.9988699555397034,
      -0.031158115714788437,
      -0.09011810272932053,
      0.03428595885634422,
      0.9953408241271973
    ],
    [
      0.9445498585700989,
      -0.02351733297109604,
      0.3275248408317566,
      -0.16990305483341217,
      0.8185343146324158,
      0.5487573146820068,
      -0.28099560737609863,
      -0.5739760994911194,
      0.7691507935523987
    ],
    [
      0.7267416715621948,
      0.4712296426296234,
      0.49978917837142944,
      -0.5039937496185303,
      0.8601638674736023,
      -0.0781560093164444,
      -0.4667300581932068,
      -0.1950913667678833,
      0.8626137375831604
    ],
    [
      0.9797070026397705,
      0.1771240383386612,
      0.09381458163261414,
      -0.18008896708488464,
      0.983355700969696,
      0.02407420054078102,
      -0.08798898011445999,
      -0.04048063978552818,
      0.9952985644340515
    ],
    [
      0.6751337051391602,
      0.03339351341128349,
      -0.7369393110275269,
      0.3163566291332245,
      0.889346182346344,
      0.3301241397857666,
      0.6664180755615234,
      -0.4560135304927826,
      0.5898633003234863
    ],
    [
      0.7524121999740601,
      -0.32004469633102417,
      0.5757145285606384,
      0.26892125606536865,
      0.9471206068992615,
      0.17505423724651337,
      -0.6012961864471436,
      0.023108895868062973,
      0.7986919283866882
    ],
    [
      0.9610717296600342,
      -0.24203206598758698,
      0.13327209651470184,
      0.23536968231201172,
      0.969802975654602,
      0.06390121579170227,
      -0.14471381902694702,
      -0.03004544973373413,
      0.9890172481536865
    ],
    [
      0.17086492478847504,
      0.6740264892578125,
      -0.7186747789382935,
      -0.56146639585495,
      0.6659934520721436,
      0.49112948775291443,
      0.8096670508384705,
      0.3195948898792267,
      0.4922381341457367
    ],
    [
      0.44255805015563965,
      -0.6646722555160522,
      0.6019578576087952,
      0.7253914475440979,
      0.660002589225769,
      0.19545820355415344,
      -0.5272093415260315,
      0.35015344619750977,
      0.7742370367050171
    ],
    [
      -0.38609710335731506,
      -0.36479219794273376,
      -0.8472636342048645,
      0.12721149623394012,
      0.888653039932251,
      -0.44058266282081604,
      0.9136444330215454,
      -0.2778894007205963,
      -0.2967005968093872
    ],
    [
      0.872060239315033,
      0.02543935738503933,
      0.488737016916275,
      0.1349538266658783,
      0.9474284648895264,
      -0.2901149392127991,
      -0.47042375802993774,
      0.3189546465873718,
      0.8227815628051758
    ],
    [
      0.9354739785194397,
      -0.23813356459140778,
      0.2611144483089447,
      0.310737282037735,
      0.9061878323554993,
      -0.2868204414844513,
      -0.16831716895103455,
      0.34945109486579895,
      0.9217121005058289
    ],
    [
      0.9054988622665405,
      0.2549288868904114,
      -0.3392390012741089,
      -0.3776903450489044,
      0.8486061096191406,
      -0.3704289495944977,
      0.1934472918510437,
      0.46355026960372925,
      0.8646960258483887
    ],
    [
      0.9257947206497192,
      0.2725558876991272,
      -0.2619490623474121,
      -0.1927606165409088,
      0.9364480376243591,
      0.29310142993927,
      0.32518821954727173,
      -0.22085830569267273,
      0.9194967150688171
    ],
    [
      0.8988183736801147,
      -0.3005466163158417,
      0.31905674934387207,
      0.15848535299301147,
      0.9014960527420044,
      0.4027247130870819,
      -0.4086659848690033,
      -0.3114105761051178,
      0.8579134345054626
    ]
  ],
  "root_rot": [
    0.2479894906282425,
    -0.009142870083451271,
    0.9687196016311646,
    -0.09871931374073029,
    -0.9949886202812195,
    0.015881067141890526,
    0.9637197256088257,
    -0.09956967085599899,
    -0.24764929711818695
  ],
  "root_trans": [
    -0.2910761833190918,
    0.612421452999115,
    2.5894758701324463
  ]
}