{
  "betas": [
    0.12334632873535156,
    0.49322617053985596,
    0.83930504322052,
    0.20328208804130554,
    0.15592586994171143,
    0.19682595133781433,
    0.05146050453186035,
    0.5199708938598633,
    0.04841403663158417,
    0.5784419775009155
  ],
  "joints": [
    [
      0.9766497611999512,
      -0.10037602484226227,
      -0.1899467259645462,
      0.19255803525447845,
      0.8010652661323547,
      0.5667590498924255,
      0.09527068585157394,
      -0.5901009440422058,
      0.8016884326934814
    ],
    [
      0.9545702338218689,
      0.16683340072631836,
      -0.24690541625022888,
      -0.2392692118883133,
      0.9229945540428162,
      -0.3013826012611389,
      0.17761163413524628,
      0.34676772356033325,
      0.920981228351593
    ],
    [
      0.9665829539299011,
      -0.026951132342219353,
      0.25493335723876953,
      0.0443807989358902,
      0.9970347881317139,
      -0.0628654882311821,
      -0.2524830996990204,
      0.07207885384559631,
      0.9649129509925842
    ],
    [
      0.9953746795654297,
      0.09606624394655228,
      -0.0007126035052351654,
      -0.07919377088546753,
      0.8163090944290161,
      -0.5721606016159058,
      -0.054383620619773865,
      0.5695706605911255,
      0.8201412558555603
    ],
    [
      0.9902349710464478,
      -0.009280150756239891,
      0.13909898698329926,
      0.032519400119781494,
      0.9856321811676025,
      -0.16574551165103912,
      -0.13556230068206787,
      0.16865043342113495,
      0.9763092398643494
    ],
    [
      0.9960588812828064,
      -0.035881608724594116,
      -0.08111277967691422,
      0.04934929683804512,
      0.9840904474258423,
      0.17067676782608032,
      0.07369816303253174,
      -0.17400695383548737,
      0.9819827675819397
    ],
    [
      0.9995071291923523,
      0.01646965555846691,
      -0.026724623516201973,
      -0.01573052443563938,
      0.9994943141937256,
      0.02763555385172367,
      0.027166254818439484,
      -0.027201542630791664,
      0.9992607831954956
    ],
    [
      0.8967685103416443,
      -0.31278958916664124,
      -0.31300002336502075,
      0.41195669770240784,
      0.8483818769454956,
      0.33247533440589905,
      0.16154873371124268,
      -0.42709583044052124,
      0.8896579146385193
    ],
    [
      0.9874839782714844,
      -0.0331808365881443,
      0.15418988466262817,
      0.04909880831837654,
      0.993714451789856,
      -0.100603386759758,
      -0.14988259971141815,
      0.10691476613283157,
      0.9829062223434448
    ],
    [
      0.899766206741333,
      -0.12968772649765015,
      0.416655570268631,
      -0.10226313024759293,
      0.8655614852905273,
      0.4902505874633789,
      -0.424220472574234,
      -0.48371943831443787,
      0.7655407190322876
    ],
    [
      0.8324652314186096,
      0.4159358739852905,
      0.3660588264465332,
      -0.408005028963089,
      0.9071612358093262,
      -0.10290946066379547,
      -0.3748781085014343,
      -0.06368529051542282,
      0.9248841404914856
    ],
    [
      0.9720617532730103,
      -0.0365213043987751,
      -0.23186670243740082,
      -0.009070521220564842,
      0.9812390804290771,
      -0.19258147478103638,
      0.23454998433589935,
      0.18930423259735107,
      0.9534937143325806
    ],
    [
      0.8731276988983154,
      -0.28622886538505554,
      -0.39461514353752136,
      0.4309947192668915,
      0.8314985632896423,
      0.35050493478775024,
      0.22779729962348938,
      -0.47611260414123535,
      0.8493675589561462
    ],
    [
      0.910121500492096,
      -0.0947653204202652,
      0.40335893630981445,
      0.004337766673415899,
      0.9756197929382324,
      0.2194250226020813,
      -0.4143187701702118,
      -0.19795376062393188,
      0.8883436322212219
    ],
    [
      0.9771464467048645,
      -0.11007535457611084,
      -0.18184693157672882,
      0.12318355590105057,
      0.9904200434684753,
      0.062401529401540756,
      0.1732359677553177,
      -0.0833759754896164,
      0.9813448786735535
    ],
    [
      0.8885940909385681,
      0.14155398309230804,
      -0.4363061785697937,
      -0.08493398129940033,
      0.9855189919471741,
      0.14676004648208618,
      0.45076248049736023,
      -0.09335288405418396,
      0.8877490758895874
    ],
    [
      0.8345699310302734,
      -0.21785232424736023,
      0.505997359752655,
      0.09131024032831192,
      0.9604857563972473,
      0.26292482018470764,
      -0.5432820916175842,
      -0.17322641611099243,
      0.8214846849441528
    ],
    [
      0.30984193086624146,
      -0.10281329602003098,
      -0.9452128410339355,
      0.360212117433548,
      0.932722270488739,
      0.016623327508568764,
      0.8799120187759399,
      -0.3456277847290039,
      0.32603105902671814
    ],
    [
      0.803045928478241,
      0.24881410598754883,
      0.541487455368042,
      -0.3431859612464905,
      0.9359487295150757,
      0.07888797670602798,
      -0.4871760606765747,
      -0.2491815835237503,
      0.8369992971420288
    ],
    [
      0.9536545276641846,
      0.0767512395977974,
      0.2909504473209381,
      0.1215820387005806,
      0.7861911654472351,
      -0.605905294418335,
      -0.27524664998054504,
      0.6131988167762756,
      0.7404232025146484
    ],
    [
      0.9729901552200317,
      -0.058094918727874756,
      -0.2234170287847519,
      -0.09252884238958359,
      0.7885225415229797,
      -0.6080054640769958,
      0.21149136126041412,
      0.612255871295929,
      0.7618492245674133
    ],
    [
      0.9199058413505554,
      0.13986775279045105,
      -0.36634713411331177,
      -0.08010999858379364,
      0.9815543293952942,
      0.17358984053134918,
      0.3838692605495453,
      -0.13033823668956757,
      0.914142370223999
    ],
    [
      0.9723396301269531,
      -0.14575210213661194,
      0.18251609802246094,
      0.10243014246225357,
      0.968350350856781,
      0.22760875523090363,
      -0.209913969039917,
      -0.2026178389787674,
      0.9564948081970215
    ]
  ],
  "root_rot": [
    -0.3934537172317505,
    -0.05142408236861229,
    0.9179051518440247,
    -0.03540433943271637,
    -0.9968461990356445,
    -0.07102245092391968,
    0.9186624884605408,
    -0.060441870242357254,
    0.3903922140598297
  ],
  "root_trans": [
    -0.28631681203842163,
    0.5965344309806824,
    2.6125879287719727
  ]
}