{
  "betas": [
    -0.5133180022239685,
    0.8428375720977783,
    0.7723320722579956,
    -0.48863354325294495,
    0.2044132500886917,
    -0.6683884859085083,
    0.19043013453483582,
    0.7325890064239502,
    -0.33083394169807434,
    0.9381066560745239
  ],
  "joints": [
    [
      0.8991169929504395,
      -0.4189058542251587,
      0.126911923289299,
      0.43629390001296997,
      0.8810045123100281,
      -0.18297195434570312,
      -0.035161953419446945,
      0.21988406777381897,
      0.9748921990394592
    ],
    [
      0.7527992129325867,
      0.5933834910392761,
      0.2849375307559967,
      -0.287823885679245,
      -0.09256845712661743,
      0.9531991481781006,
      0.5919888019561768,
      -0.799579381942749,
      0.1011044830083847
    ],
    [
      0.9929777979850769,
      -0.11649928241968155,
      -0.020564747974276543,
      0.09755682200193405,
      0.9047229290008545,
      -0.4146794378757477,
      0.06691524386405945,
      0.4097612798213959,
      0.9097350835800171
    ],
    [
      0.9726147055625916,
      -0.01893438957631588,
      -0.23165102303028107,
      -0.10576513409614563,
      0.851448655128479,
      -0.5136623382568359,
      0.20696482062339783,
      0.5240960717201233,
      0.8261289000511169
    ],
    [
      0.8590254187583923,
      -0.4178057610988617,
      0.29582706093788147,
      0.19457972049713135,
      -0.26802223920822144,
      -0.9435585737228394,
      0.4735124409198761,
      0.8681027889251709,
      -0.14894139766693115
    ],
    [
      0.9778613448143005,
      -0.18699459731578827,
      -0.09391572326421738,
      0.177450492978096,
      0.9788896441459656,
      -0.10142169892787933,
      0.1108984425663948,
      0.08251097053289413,
      0.9904006123542786
    ],
    [
      0.9981847405433655,
      -0.006829218007624149,
      0.059837549924850464,
      -0.006892079953104258,
      0.9740703105926514,
      0.22614049911499023,
      -0.05983034148812294,
      -0.22614242136478424,
      0.9722550511360168
    ],
    [
      0.9279903769493103,
      -0.3725769519805908,
      0.004498394671827555,
      0.3164806365966797,
      0.7817825078964233,
      -0.53726726770401,
      0.19665662944316864,
      0.5000025033950806,
      0.8434000611305237
    ],
    [
      0.9931852221488953,
      -0.10902642458677292,
      0.04118543118238449,
      0.10904166102409363,
      0.9940353631973267,
      0.001882617943920195,
      -0.04114503413438797,
      0.0026211405638605356,
      0.9991496801376343
    ],
    [
      0.9072672128677368,
      0.0050999997183680534,
      0.4205237329006195,
      -0.1750490963459015,
      0.9137702584266663,
      0.36658114194869995,
      -0.3823925256729126,
      -0.4061993360519409,
      0.8299265503883362
    ],
    [
      0.8516115546226501,
      0.4192262291908264,
      0.3146539330482483,
      -0.49572038650512695,
      0.8392202854156494,
      0.2235410511493683,
      -0.17034970223903656,
      -0.3463505208492279,
      0.9225086569786072
    ],
    [
      0.966732382774353,
      -0.13153277337551117,
      -0.21938012540340424,
      0.028977882117033005,
      0.9084529280662537,
      -0.41698160767555237,
      0.25414323806762695,
      0.3967524468898773,
      0.882042407989502
    ],
    [
      0.8622329831123352,
      -0.1895623505115509,
      -0.46970248222351074,
      0.362075537443161,
      0.8791409730911255,
      0.30985888838768005,
      0.35419708490371704,
      -0.43723833560943604,
      0.8266602158546448
    ],
    [
      0.9336791038513184,
      -0.08408106118440628,
      0.34810012578964233,
      0.008106500841677189,
      0.9767593145370483,
      0.21418578922748566,
      -0.35801899433135986,
      -0.19715893268585205,
      0.9126613736152649
    ],
    [
      0.9512849450111389,
      -0.21316562592983246,
      -0.22274965047836304,
      0.259807825088501,
      0.9432361721992493,
      0.20689493417739868,
      0.16600261628627777,
      -0.2546881437301636,
      0.9526684880256653
    ],
    [
      0.9101625084877014,
      0.09686388820409775,
      -0.402767539024353,
      -0.042539745569229126,
      0.9889925122261047,
      0.14171864092350006,
      0.41206151247024536,
      -0.11185339093208313,
      0.9042644500732422
    ],
    [
      0.946723222732544,
      -0.125207781791687,
      0.29671236872673035,
      0.060434360057115555,
      0.9740317463874817,
      0.21819700300693512,
      -0.31632721424102783,
      -0.1886405348777771,
      0.9297053217887878
    ],
    [
      0.4448092579841614,
      -0.25192901492118835,
      -0.8594629764556885,
      0.3419385850429535,
      0.9347010850906372,
      -0.09701510518789291,
      0.8277818560600281,
      -0.2507303059101105,
      0.5019079446792603
    ],
    [
      0.7818046808242798,
      0.23479719460010529,
      0.5776259303092957,
      -0.28441140055656433,
      0.9586905837059021,
      -0.004749965388327837,
      -0.5548797845840454,
      -0.16056984663009644,
      0.8162878155708313
    ],
    [
      0.9590120911598206,
      -0.02684946358203888,
      0.28209009766578674,
      0.2324400395154953,
      0.6439197063446045,
      -0.7289299964904785,
      -0.16207201778888702,
      0.7646217942237854,
      0.6237676739692688
    ],
    [
      0.9654565453529358,
      0.00013399399176705629,
      -0.2605639100074768,
      -0.19936005771160126,
      0.644279420375824,
      -0.7383491396903992,
      0.16777707636356354,
      0.7647901177406311,
      0.6220505237579346
    ],
    [
      0.9862453937530518,
      0.06148701533675194,
      -0.1534251719713211,
      -0.04714951291680336,
      0.9943216443061829,
      0.09540081769227982,
      0.1584198921918869,
      -0.08685470372438431,
      0.9835442304611206
    ],
    [
      0.9880272150039673,
      -0.04229101538658142,
      0.14837034046649933,
      0.037035975605249405,
      0.9985909461975098,
      0.03800531476736069,
      -0.14976856112480164,
      -0.032055240124464035,
      0.9882013201713562
    ]
  ],
  "root_rot": [
    -0.6115216016769409,
    -0.6373890042304993,
    0.4688032567501068,
    0.38073864579200745,
    -0.756443202495575,
    -0.5318192839622498,
    0.6935988068580627,
    -0.14672750234603882,
    0.7052599787712097
  ],
  "root_trans": [
    -0.11719553172588348,
    0.46012401580810547,
    2.6581060886383057
  ]
}