{
  "betas": [
    -0.7428408265113831,
    1.1141306161880493,
    1.3664491176605225,
    0.06213563680648804,
    -0.3185824751853943,
    -0.16155371069908142,
    0.13063475489616394,
    0.7727012038230896,
    0.26675212383270264,
    1.241706132888794
  ],
  "joints": [
    [
      0.954534113407135,
      -0.2980283796787262,
      0.006612451747059822,
      0.27982378005981445,
      0.9034347534179688,
      0.3248143494129181,
      -0.10277779400348663,
      -0.3081960380077362,
      0.9457547068595886
    ],
    [
      0.9727765917778015,
      0.12465973943471909,
      -0.19536004960536957,
      -0.13981951773166656,
      0.9879896640777588,
      -0.06577915698289871,
      0.1848137080669403,
      0.09130357950925827,
      0.9785230755805969
    ],
    [
      0.9959833025932312,
      -0.013690262101590633,
      0.08848615735769272,
      0.022841336205601692,
      0.9943932890892029,
      -0.10324876010417938,
      -0.08657653629779816,
      0.10485518723726273,
      0.9907118082046509
    ],
    [
      0.9941226840019226,
      0.025079773738980293,
      0.10531433671712875,
      -0.00634643342345953,
      0.9846238493919373,
      -0.17457275092601776,
      -0.10807324200868607,
      0.17287836968898773,
      0.9789960980415344
    ],
    [
      0.9998974800109863,
      -0.014139878563582897,
      0.0022425118368119,
      0.014313077554106712,
      0.9907821416854858,
      -0.13470658659934998,
      -0.00031710724579170346,
      0.13472488522529602,
      0.990882933139801
    ],
    [
      0.9930337071418762,
      -0.009344714693725109,
      -0.11745993047952652,
      0.005239910911768675,
      0.9993663430213928,
      -0.03520670533180237,
      0.11771448701620102,
      0.03434596210718155,
      0.9924534559249878
    ],
    [
      0.9811732769012451,
      0.18578988313674927,
      0.05273467302322388,
      -0.16598957777023315,
      0.9508267641067505,
      -0.2614878714084625,
      -0.09872335195541382,
      0.24781155586242676,
      0.963765025138855
    ],
    [
      0.9528312683105469,
      -0.25583362579345703,
      -0.1632845103740692,
      0.27696505188941956,
      0.9529611468315125,
      0.12310687452554703,
      0.1241089329123497,
      -0.16252417862415314,
      0.9788681268692017
    ],
    [
      0.9989100098609924,
      0.00886580254882574,
      0.04582624137401581,
      -0.009206574410200119,
      0.9999315142631531,
      0.007230379153043032,
      -0.04575899615883827,
      -0.007644401863217354,
      0.9989232420921326
    ],
    [
      0.9011026620864868,
      -0.4188392758369446,
      0.1121944934129715,
      0.29784587025642395,
      0.7859368920326233,
      0.5418404936790466,
      -0.3151218593120575,
      -0.45483726263046265,
      0.8329593539237976
    ],
    [
      0.9363990426063538,
      0.2967585623264313,
      0.18732625246047974,
      -0.23666135966777802,
      0.9281365871429443,
      -0.2873219847679138,
      -0.2591295838356018,
      0.22471515834331512,
      0.9393374919891357
    ],
    [
      0.9916704297065735,
      0.12879136204719543,
      0.0015999801689758897,
      -0.12865319848060608,
      0.9910494089126587,
      -0.03563062846660614,
      -0.006174576003104448,
      0.03512800112366676,
      0.9993638396263123
    ],
    [
      0.9740754961967468,
      0.2118176370859146,
      -0.0794377252459526,
      -0.19514022767543793,
      0.9643718600273132,
      0.17862600088119507,
      0.11444362998008728,
      -0.15849369764328003,
      0.9807051420211792
    ],
    [
      0.9505487084388733,
      -0.30037200450897217,
      0.07895421236753464,
      0.3071974515914917,
      0.9467135071754456,
      -0.09676344692707062,
      -0.045681990683078766,
      0.11623290926218033,
      0.9921708106994629
    ],
    [
      0.9809173345565796,
      -0.05301646888256073,
      0.18705710768699646,
      0.06623079627752304,
      0.995677649974823,
      -0.06511180847883224,
      -0.18279656767845154,
      0.07625824958086014,
      0.98018878698349
    ],
    [
      0.5599051713943481,
      0.6061704754829407,
      -0.5648571848869324,
      -0.6289515495300293,
      0.7547420263290405,
      0.18650582432746887,
      0.5393757820129395,
      0.25084221363067627,
      0.8038358092308044
    ],
    [
      0.6000358462333679,
      -0.7812389135360718,
      0.17211271822452545,
      0.7999283075332642,
      0.5882291197776794,
      -0.11874876916408539,
      -0.008470556698739529,
      0.2089313417673111,
      0.9778937101364136
    ],
    [
      -0.0884992927312851,
      -0.32169029116630554,
      -0.9426999092102051,
      0.41702377796173096,
      0.8475098609924316,
      -0.3283568322658539,
      0.9045766592025757,
      -0.4221876561641693,
      0.059148479253053665
    ],
    [
      0.3702641427516937,
      0.31316131353378296,
      0.8745481371879578,
      0.046856895089149475,
      0.9339662194252014,
      -0.3542760908603668,
      -0.9277439713478088,
      0.17215433716773987,
      0.3311404287815094
    ],
    [
      0.949429988861084,
      -0.26486632227897644,
      0.16860727965831757,
      0.3078373074531555,
      0.8909462690353394,
      -0.3338426649570465,
      -0.06179633364081383,
      0.36886388063430786,
      0.927426815032959
    ],
    [
      0.9659588932991028,
      0.07899851351976395,
      0.24633866548538208,
      0.01874932087957859,
      0.9283498525619507,
      -0.3712345361709595,
      -0.2580154538154602,
      0.36321595311164856,
      0.8952666521072388
    ],
    [
      0.9789576530456543,
      0.12403839081525803,
      -0.1620379239320755,
      -0.1188141480088234,
      0.9920454621315002,
      0.04158095270395279,
      0.165906623005867,
      -0.02145359478890896,
      0.985908031463623
    ],
    [
      0.8610233664512634,
      -0.23604628443717957,
      0.4504672884941101,
      0.18798042833805084,
      0.9707483053207397,
      0.1493692547082901,
      -0.47254839539527893,
      -0.043931398540735245,
      0.8802090287208557
    ]
  ],
  "root_rot": [
    -0.0797228291630745,
    0.04595227539539337,
    -0.9957574009895325,
    0.1301020383834839,
    -0.9899123311042786,
    -0.05609883740544319,
    -0.9882903695106506,
    -0.13402241468429565,
    0.07294012606143951
  ],
  "root_trans": [
    0.5120184421539307,
    0.4757381081581116,
    2.701298475265503
  ]
}