{
  "betas": [
    -0.59419846534729,
    1.319897174835205,
    0.871279239654541,
    0.019253253936767578,
    0.18487341701984406,
    0.6789366006851196,
    0.10571324825286865,
    0.6708554029464722,
    -0.09854736924171448,
    0.439054012298584
  ],
  "joints": [
    [
      0.9838665723800659,
      -0.1239878460764885,
      -0.12897157669067383,
      0.1739010214805603,
      0.8320839405059814,
      0.5266828536987305,
      0.04201290383934975,
      -0.5406138896942139,
      0.8402211666107178
    ],
    [
      0.9478576183319092,
      0.09426919370889664,
      -0.3044328987598419,
      -0.15577174723148346,
      0.9704084396362305,
      -0.18450626730918884,
      0.27803102135658264,
      0.22230768203735352,
      0.9344934821128845
    ],
    [
      0.973070502281189,
      -0.013026844710111618,
      0.23013924062252045,
      0.046281684190034866,
      0.9891116619110107,
      -0.1396995186805725,
      -0.2258135974407196,
      0.14658871293067932,
      0.9630782604217529
    ],
    [
      0.9983085989952087,
      0.04109331965446472,
      0.04112626239657402,
      -0.020906079560518265,
      0.9138112664222717,
      -0.4056006371974945,
      -0.054249126464128494,
      0.40405479073524475,
      0.9131247401237488
    ],
    [
      0.9977043271064758,
      -0.03892260044813156,
      0.055416349321603775,
      0.04468492418527603,
      0.9932696223258972,
      -0.10685854405164719,
      -0.05088416114449501,
      0.10908952355384827,
      0.9927286505699158
    ],
    [
      0.9984479546546936,
      -0.027708936482667923,
      -0.04830959439277649,
      0.03558531403541565,
      0.9846835732460022,
      0.1706811636686325,
      0.04284026473760605,
      -0.1721353828907013,
      0.9841413497924805
    ],
    [
      0.9699826836585999,
      0.193333238363266,
      0.1474987417459488,
      -0.17852675914764404,
      0.9780027866363525,
      -0.10788276046514511,
      -0.1651115119457245,
      0.07831192761659622,
      0.9831609129905701
    ],
    [
      0.8269925713539124,
      -0.20653089880943298,
      -0.5229036808013916,
      0.3450283408164978,
      0.9207783341407776,
      0.1819966584444046,
      0.44389042258262634,
      -0.33092647790908813,
      0.8327358365058899
    ],
    [
      0.9846400022506714,
      -0.04427824914455414,
      0.16888868808746338,
      0.05252969264984131,
      0.9976181983947754,
      -0.04470432549715042,
      -0.16650700569152832,
      0.052889347076416016,
      0.9846206903457642
    ],
    [
      0.910680890083313,
      -0.4102773666381836,
      0.04829913377761841,
      0.28129759430885315,
      0.7014768123626709,
      0.654829740524292,
      -0.3025425374507904,
      -0.5827544927597046,
      0.7542315721511841
    ],
    [
      0.7555065155029297,
      0.4180472195148468,
      0.504426896572113,
      -0.30903109908103943,
      0.9063138961791992,
      -0.28826186060905457,
      -0.5776761770248413,
      0.06190011650323868,
      0.8139156699180603
    ],
    [
      0.9628418684005737,
      0.08838281035423279,
      -0.2551940381526947,
      -0.09080944955348969,
      0.9958657026290894,
      0.002281641587615013,
      0.25434061884880066,
      0.020977169275283813,
      0.9668871760368347
    ],
    [
      0.8045376539230347,
      -0.4233795404434204,
      -0.4164960980415344,
      0.5635517239570618,
      0.7655439376831055,
      0.3104061782360077,
      0.18742641806602478,
      -0.4844505190849304,
      0.854505181312561
    ],
    [
      0.8652917742729187,
      -0.05856572464108467,
      0.4978354573249817,
      -0.009249206632375717,
      0.9911168813705444,
      0.13267183303833008,
      -0.5011831521987915,
      -0.11940443515777588,
      0.8570635914802551
    ],
    [
      0.9896762371063232,
      -0.028818517923355103,
      -0.1403941959142685,
      0.030918264761567116,
      0.9994400143623352,
      0.012797442264854908,
      0.13994675874710083,
      -0.01700606755912304,
      0.990013062953949
    ],
    [
      0.9135405421257019,
      0.008494244888424873,
      -0.4066590368747711,
      0.03995324298739433,
      0.9930731654167175,
      0.11049646884202957,
      0.404780775308609,
      -0.11719037592411041,
      0.9068732261657715
    ],
    [
      0.9209046959877014,
      -0.2005813717842102,
      0.3342180550098419,
      0.10395035147666931,
      0.9527615904808044,
      0.28537625074386597,
      -0.3756713271141052,
      -0.2280622273683548,
      0.8982531428337097
    ],
    [
      -0.06575415283441544,
      0.023040881380438805,
      -0.9975697994232178,
      0.2570195198059082,
      0.9663912057876587,
      0.0053794807754457,
      0.9641667008399963,
      -0.25604116916656494,
      -0.06946618854999542
    ],
    [
      0.7170593738555908,
      0.17378534376621246,
      0.6749996542930603,
      -0.4598747491836548,
      0.8456846475601196,
      0.2707999646663666,
      -0.5237758159637451,
      -0.5045949220657349,
      0.6863256096839905
    ],
    [
      0.9823172092437744,
      0.03779463842511177,
      0.18337000906467438,
      0.05201224237680435,
      0.8857713937759399,
      -0.461198091506958,
      -0.17985473573207855,
      0.46258026361465454,
      0.8681427240371704
    ],
    [
      0.9851601719856262,
      -0.01338362880051136,
      -0.1711145043373108,
      -0.09219920635223389,
      0.7996367812156677,
      -0.5933635830879211,
      0.14477086067199707,
      0.600334882736206,
      0.7865363359451294
    ],
    [
      0.8791286945343018,
      0.30234718322753906,
      -0.368400514125824,
      -0.19983284175395966,
      0.9356212615966797,
      0.2909976840019226,
      0.43266570568084717,
      -0.18220588564872742,
      0.8829503655433655
    ],
    [
      0.9579451084136963,
      -0.2012978494167328,
      0.20450039207935333,
      0.13727472722530365,
      0.9473042488098145,
      0.28943079710006714,
      -0.25198593735694885,
      -0.24918606877326965,
      0.9350985884666443
    ]
  ],
  "root_rot": [
    0.24277560412883759,
    -0.006657384801656008,
    -0.9700596332550049,
    0.1537981778383255,
    -0.9870649576187134,
    0.045264966785907745,
    -0.9578132033348083,
    -0.1601826399564743,
    -0.2386114001274109
  ],
  "root_trans": [
    0.41895633935928345,
    0.495769739151001,
    2.626047134399414
  ]
}