{
  "betas": [
    -0.5775602459907532,
    0.8636540174484253,
    0.9903707504272461,
    0.46901026368141174,
    0.4589774012565613,
    -0.2538745403289795,
    -0.5262325406074524,
    0.5224059820175171,
    0.33898812532424927,
    0.4776614308357239
  ],
  "joints": [
    [
      0.8997192978858948,
      -0.4354478120803833,
      -0.029838139191269875,
      0.42690736055374146,
      0.8637199997901917,
      0.2678391635417938,
      -0.09085817635059357,
      -0.25371819734573364,
      0.9630014300346375
    ],
    [
      0.9707620739936829,
      0.20039363205432892,
      -0.13214890658855438,
      -0.17629165947437286,
      0.9688182473182678,
      0.17410454154014587,
      0.16291771829128265,
      -0.14571735262870789,
      0.9758197069168091
    ],
    [
      0.9968918561935425,
      0.030725790187716484,
      0.07254418730735779,
      -0.019169745966792107,
      0.9877402186393738,
      -0.1549253761768341,
      -0.07641500979661942,
      0.1530531644821167,
      0.9852591753005981
    ],
    [
      0.9967156052589417,
      0.07380466163158417,
      -0.03332830220460892,
      -0.08019741624593735,
      0.9567105770111084,
      -0.27977365255355835,
      0.011236953549087048,
      0.28152763843536377,
      0.9594873189926147
    ],
    [
      0.9990313053131104,
      -0.043461017310619354,
      0.006894575897604227,
      0.04266836494207382,
      0.9184178113937378,
      -0.3933041989803314,
      0.010761299170553684,
      0.39321741461753845,
      0.9193825721740723
    ],
    [
      0.986311674118042,
      0.029335087165236473,
      -0.1622616946697235,
      -0.04068022593855858,
      0.9969204068183899,
      -0.0670437440276146,
      0.15979525446891785,
      0.07272686064243317,
      0.9844675660133362
    ],
    [
      0.9807499647140503,
      0.14277169108390808,
      0.13321344554424286,
      -0.12207555025815964,
      0.9807544350624084,
      -0.15237508714199066,
      -0.1524045467376709,
      0.13317975401878357,
      0.9793038368225098
    ],
    [
      0.9500313401222229,
      -0.09731791168451309,
      -0.2965966761112213,
      0.16165179014205933,
      0.9662113189697266,
      0.20075945556163788,
      0.26703760027885437,
      -0.2386731654405594,
      0.9336626529693604
    ],
    [
      0.9978594183921814,
      0.052938979119062424,
      0.03839316964149475,
      -0.05392247438430786,
      0.9982308745384216,
      0.025049477815628052,
      -0.03699915483593941,
      -0.02706611342728138,
      0.9989486932754517
    ],
    [
      0.9801116585731506,
      -0.19350259006023407,
      0.04402035474777222,
      0.11581886559724808,
      0.7378953695297241,
      0.6649032831192017,
      -0.161142960190773,
      -0.6465811133384705,
      0.7456310987472534
    ],
    [
      0.9009642004966736,
      0.19104768335819244,
      0.38956934213638306,
      -0.245470330119133,
      0.9647803902626038,
      0.09456834942102432,
      -0.3577817678451538,
      -0.18083040416240692,
      0.9161291122436523
    ],
    [
      0.9404202699661255,
      0.18458792567253113,
      0.28554674983024597,
      -0.19695651531219482,
      0.9802981615066528,
      0.014956139959394932,
      -0.2771602272987366,
      -0.07030534744262695,
      0.9582480788230896
    ],
    [
      0.9182875156402588,
      0.255166232585907,
      -0.30271804332733154,
      -0.24557209014892578,
      0.9668451547622681,
      0.07003366202116013,
      0.3105517029762268,
      0.01002806331962347,
      0.9505035281181335
    ],
    [
      0.951958954334259,
      -0.2381131947040558,
      0.19255207479000092,
      0.2539709508419037,
      0.9652228951454163,
      -0.061996955424547195,
      -0.17109335958957672,
      0.10792119055986404,
      0.9793264269828796
    ],
    [
      0.8684779405593872,
      -0.21364298462867737,
      0.4473284184932709,
      0.20711246132850647,
      0.976212739944458,
      0.06413277238607407,
      -0.4503892660140991,
      0.03694939613342285,
      0.8920673727989197
    ],
    [
      0.6298075914382935,
      0.5806058049201965,
      -0.5159837603569031,
      -0.7031772136688232,
      0.7083756923675537,
      -0.06120200455188751,
      0.3299761414527893,
      0.4013735055923462,
      0.8544091582298279
    ],
    [
      0.5867590308189392,
      -0.7461174726486206,
      0.31467851996421814,
      0.8058229684829712,
      0.5762938261032104,
      -0.13614237308502197,
      -0.0797690823674202,
      0.33345797657966614,
      0.9393842220306396
    ],
    [
      -0.15327468514442444,
      -0.22723159193992615,
      -0.9617030024528503,
      -0.07492158561944962,
      0.9730737805366516,
      -0.2179774045944214,
      0.985339343547821,
      0.038641899824142456,
      -0.16617213189601898
    ],
    [
      0.016918890178203583,
      0.3516916036605835,
      0.9359630942344666,
      0.1879289448261261,
      0.9182949066162109,
      -0.34844982624053955,
      -0.9820368885993958,
      0.18178993463516235,
      -0.05055650323629379
    ],
    [
      0.9467529654502869,
      -0.30798986554145813,
      -0.0938136875629425,
      0.25913867354393005,
      0.901871383190155,
      -0.34565189480781555,
      0.19106513261795044,
      0.30293622612953186,
      0.9336615204811096
    ],
    [
      0.9898766279220581,
      0.14089058339595795,
      -0.01714768260717392,
      -0.13952168822288513,
      0.943787157535553,
      -0.2996656000614166,
      -0.02603628858923912,
      0.29902446269989014,
      0.9538901448249817
    ],
    [
      0.9350551962852478,
      0.22096361219882965,
      -0.27721258997917175,
      -0.10953085124492645,
      0.9237927794456482,
      0.3668923079967499,
      0.3371568024158478,
      -0.3127012252807617,
      0.8879995942115784
    ],
    [
      0.8677183389663696,
      -0.3196331560611725,
      0.3806566298007965,
      0.17180918157100677,
      0.9114892482757568,
      0.3737230598926544,
      -0.46641871333122253,
      -0.25888603925704956,
      0.8458318710327148
    ]
  ],
  "root_rot": [
    0.5285809636116028,
    -0.0681079849600792,
    0.8461461663246155,
    -0.09739109128713608,
    -0.9950599074363708,
    -0.019254878163337708,
    0.8432775735855103,
    -0.07222934812307358,
    -0.532602846622467
  ],
  "root_trans": [
    -0.3972325623035431,
    0.5834170579910278,
    2.36608624458313
  ]
}