{
  "betas": [
    -0.30112189054489136,
    1.531976342201233,
    1.0595060586929321,
    -0.2700212299823761,
    -0.16382074356079102,
    0.1356196403503418,
    0.14743724465370178,
    0.28764691948890686,
    -0.029500171542167664,
    0.14491011202335358
  ],
  "joints": [
    [
      0.885680615901947,
      -0.43940669298171997,
      -0.14997228980064392,
      0.4447569251060486,
      0.7102141976356506,
      0.5456987023353577,
      -0.1332712024450302,
      -0.550015926361084,
      0.8244521021842957
    ],
    [
      0.8285512328147888,
      0.5165992975234985,
      -0.21593527495861053,
      -0.4726003408432007,
      0.8520554304122925,
      0.2250564843416214,
      0.30025285482406616,
      -0.08441973477602005,
      0.9501165747642517
    ],
    [
      0.9830507040023804,
      0.04018274322152138,
      0.17887623608112335,
      0.013486232608556747,
      0.9571918845176697,
      -0.2891398072242737,
      -0.18283730745315552,
      0.28665146231651306,
      0.940426230430603
    ],
    [
      0.9774608016014099,
      0.20866712927818298,
      -0.032069090753793716,
      -0.17875149846076965,
      0.7371819615364075,
      -0.6516215205192566,
      -0.11233125627040863,
      0.6426668763160706,
      0.7578660249710083
    ],
    [
      0.9996705651283264,
      -0.016988210380077362,
      0.019241483882069588,
      0.02383536286652088,
      0.8925551176071167,
      -0.4503079652786255,
      -0.009524157270789146,
      0.4506182074546814,
      0.8926659822463989
    ],
    [
      0.9934737086296082,
      -0.0686095729470253,
      -0.09111881256103516,
      0.07356227189302444,
      0.9959260821342468,
      0.05215302109718323,
      0.08716940134763718,
      -0.05851556733250618,
      0.9944734573364258
    ],
    [
      0.9987775087356567,
      0.027459226548671722,
      -0.04110202193260193,
      -0.025801701471209526,
      0.998853325843811,
      0.0403275229036808,
      0.04216225445270538,
      -0.03921772539615631,
      0.9983407258987427
    ],
    [
      0.7546007633209229,
      -0.36582350730895996,
      -0.5447482466697693,
      0.4611719846725464,
      0.8862349390983582,
      0.04368104413151741,
      0.4667953848838806,
      -0.28418439626693726,
      0.8374611139297485
    ],
    [
      0.9903504848480225,
      -0.04194057732820511,
      0.13208678364753723,
      0.04503445327281952,
      0.9987745881080627,
      -0.02052210085093975,
      -0.13106422126293182,
      0.026272527873516083,
      0.9910256862640381
    ],
    [
      0.9384362697601318,
      -0.07909361273050308,
      0.33627602458000183,
      -0.10742587596178055,
      0.8583571314811707,
      0.5016798973083496,
      -0.3283245861530304,
      -0.5069193840026855,
      0.7970167398452759
    ],
    [
      0.7261354327201843,
      0.49203404784202576,
      0.48023930191993713,
      -0.49810734391212463,
      0.857933759689331,
      -0.12585225701332092,
      -0.473937064409256,
      -0.14782492816448212,
      0.868061900138855
    ],
    [
      0.9888405203819275,
      0.1470324844121933,
      -0.023996248841285706,
      -0.14729589223861694,
      0.9890459179878235,
      -0.009596127085387707,
      0.02232244983315468,
      0.013023588806390762,
      0.9996659755706787
    ],
    [
      0.7744656205177307,
      -0.021484499797225,
      -0.6322511434555054,
      0.2972196042537689,
      0.8946070671081543,
      0.33367466926574707,
      0.5584474205970764,
      -0.4463369846343994,
      0.699228048324585
    ],
    [
      0.755349338054657,
      -0.326831579208374,
      0.5680038928985596,
      0.29088541865348816,
      0.9439049363136292,
      0.156297966837883,
      -0.5872249007225037,
      0.04716450721025467,
      0.8080484867095947
    ],
    [
      0.9628718495368958,
      -0.24658776819705963,
      0.10987392067909241,
      0.23711074888706207,
      0.9670712351799011,
      0.09247554838657379,
      -0.12905924022197723,
      -0.06298981606960297,
      0.9896342754364014
    ],
    [
      0.17117901146411896,
      0.6990776658058167,
      -0.6942535042762756,
      -0.643951416015625,
      0.6126977205276489,
      0.45817887783050537,
      0.7456703186035156,
      0.36863499879837036,
      0.5550530552864075
    ],
    [
      0.5293498635292053,
      -0.5954881310462952,
      0.6043033599853516,
      0.6599414348602295,
      0.7366353273391724,
      0.1478027105331421,
      -0.5331659913063049,
      0.32056552171707153,
      0.7829250693321228
    ],
    [
      -0.5307487845420837,
      -0.34414610266685486,
      -0.7745122313499451,
      0.09374360740184784,
      0.884402334690094,
      -0.4572140872478485,
      0.8423287868499756,
      -0.31527140736579895,
      -0.4371339678764343
    ],
    [
      0.8985778093338013,
      -0.0646945983171463,
      0.4340188801288605,
      0.16865156590938568,
      0.9640213251113892,
      -0.20547382533550262,
      -0.4051104187965393,
      0.25783219933509827,
      0.8771589994430542
    ],
    [
      0.9148125648498535,
      -0.24613018333911896,
      0.3202154040336609,
      0.3360758125782013,
      0.9036191701889038,
      -0.26556628942489624,
      -0.22398890554904938,
      0.3505600094795227,
      0.9093605875968933
    ],
    [
      0.946486234664917,
      0.1396484375,
      -0.2909677028656006,
      -0.27024319767951965,
      0.8357887268066406,
      -0.4779391288757324,
      0.17644406855106354,
      0.5309948325157166,
      0.8288015723228455
    ],
    [
      0.8812639117240906,
      0.27896907925605774,
      -0.3815101981163025,
      -0.1773218810558319,
      0.9434097409248352,
      0.2802410125732422,
      0.4380990266799927,
      -0.17931623756885529,
      0.8808602690696716
    ],
    [
      0.9090160727500916,
      -0.2962857782840729,
      0.29309481382369995,
      0.1369093507528305,
      0.8765332102775574,
      0.4614601135253906,
      -0.3936313986778259,
      -0.37934720516204834,
      0.8373470902442932
    ]
  ],
  "root_rot": [
    0.16445352137088776,
    0.025243766605854034,
    0.9860617518424988,
    -0.08469530940055847,
    -0.9956191778182983,
    0.039613764733076096,
    0.9827419519424438,
    -0.09002943336963654,
    -0.16159504652023315
  ],
  "root_trans": [
    -0.25781840085983276,
    0.5917316675186157,
    2.650416851043701
  ]
}