{
  "betas": [
    -0.6171098351478577,
    1.069264531135559,
    0.5950114727020264,
    -0.815812349319458,
    0.2404542863368988,
    0.08742944151163101,
    0.2473345398902893,
    0.4495805501937866,
    -0.663237452507019,
    0.5425575375556946
  ],
  "joints": [
    [
      0.8188050985336304,
      -0.5477014183998108,
      0.1719924956560135,
      0.5609588623046875,
      0.827018141746521,
      -0.03696099668741226,
      -0.12199732661247253,
      0.1267445832490921,
      0.9844046235084534
    ],
    [
      0.650088369846344,
      0.6526468396186829,
      0.38914942741394043,
      -0.41826146841049194,
      -0.1202157735824585,
      0.9003363847732544,
      0.6343835592269897,
      -0.748064398765564,
      0.194826140999794
    ],
    [
      0.9904495477676392,
      -0.13456419110298157,
      -0.030035967007279396,
      0.10578961670398712,
      0.8814112544059753,
      -0.46035075187683105,
      0.08842074126005173,
      0.452776700258255,
      0.8872288465499878
    ],
    [
      0.986225962638855,
      0.010736469179391861,
      -0.16505442559719086,
      -0.08844532817602158,
      0.8774750232696533,
      -0.4713968336582184,
      0.1397700309753418,
      0.4795021414756775,
      0.8663382530212402
    ],
    [
      0.8990889191627502,
      -0.3220958411693573,
      0.2964681386947632,
      0.31518086791038513,
      0.006284250877797604,
      -0.9490107893943787,
      0.30380937457084656,
      0.9466861486434937,
      0.10716854780912399
    ],
    [
      0.9753916263580322,
      -0.20655536651611328,
      -0.07710975408554077,
      0.20336611568927765,
      0.9779629111289978,
      -0.04723016172647476,
      0.08516613394021988,
      0.03038639947772026,
      0.9959031939506531
    ],
    [
      0.9879416227340698,
      0.06931772083044052,
      0.1384425163269043,
      -0.08836200088262558,
      0.986687183380127,
      0.13653017580509186,
      -0.1271355003118515,
      -0.14711691439151764,
      0.9809144139289856
    ],
    [
      0.8527163863182068,
      -0.5185607075691223,
      -0.06300383806228638,
      0.4633760154247284,
      0.8065677881240845,
      -0.36705729365348816,
      0.2411583513021469,
      0.2838013172149658,
      0.9280621409416199
    ],
    [
      0.9889388084411621,
      -0.14791348576545715,
      0.011028802953660488,
      0.14780192077159882,
      0.9889630079269409,
      0.01033018622547388,
      -0.012435052543878555,
      -0.008585844188928604,
      0.9998857975006104
    ],
    [
      0.9389316439628601,
      -0.11616065353155136,
      0.3239043653011322,
      -0.06882023811340332,
      0.8588895201683044,
      0.5075159668922424,
      -0.33715149760246277,
      -0.4988139867782593,
      0.7984443306922913
    ],
    [
      0.7787414789199829,
      0.43132150173187256,
      0.4555475115776062,
      -0.47386789321899414,
      0.8802847266197205,
      -0.02341163344681263,
      -0.41110938787460327,
      -0.19763772189617157,
      0.8899036645889282
    ],
    [
      0.9388046264648438,
      -0.14108026027679443,
      -0.31423282623291016,
      -0.007787615526467562,
      0.9033470749855042,
      -0.42883968353271484,
      0.3443620800971985,
      0.4050437808036804,
      0.8469677567481995
    ],
    [
      0.7343800663948059,
      -0.3066932260990143,
      -0.605495810508728,
      0.5705767273902893,
      0.7621017694473267,
      0.3060115873813629,
      0.3675977289676666,
      -0.5702106356620789,
      0.7346643805503845
    ],
    [
      0.900902271270752,
      -0.058976706117391586,
      0.4299962520599365,
      -0.008212601765990257,
      0.9882308840751648,
      0.15274865925312042,
      -0.4339442253112793,
      -0.14114302396774292,
      0.889815092086792
    ],
    [
      0.9445265531539917,
      -0.10177681595087051,
      -0.3122677206993103,
      0.16661018133163452,
      0.9678359627723694,
      0.18850645422935486,
      0.28303831815719604,
      -0.23007632791996002,
      0.9311038255691528
    ],
    [
      0.8452451229095459,
      0.024478625506162643,
      -0.5338178277015686,
      0.05997079238295555,
      0.9882944822311401,
      0.14027653634548187,
      0.5310029983520508,
      -0.15058153867721558,
      0.8338831067085266
    ],
    [
      0.9635570645332336,
      -0.012602042406797409,
      0.2672058045864105,
      -0.05820665508508682,
      0.9650788307189941,
      0.2554113566875458,
      -0.2610933482646942,
      -0.26165658235549927,
      0.9291750192642212
    ],
    [
      -0.021619191393256187,
      -0.19694794714450836,
      -0.9801754951477051,
      0.22960324585437775,
      0.9532219767570496,
      -0.19659636914730072,
      0.9730441570281982,
      -0.22930173575878143,
      0.024611998349428177
    ],
    [
      0.8374183177947998,
      0.16582733392715454,
      0.5207991600036621,
      -0.3216564953327179,
      0.9199056029319763,
      0.2243005335330963,
      -0.4418909251689911,
      -0.35535183548927307,
      0.8236852288246155
    ],
    [
      0.943240761756897,
      -0.21793778240680695,
      0.2505992352962494,
      0.32224178314208984,
      0.7831563949584961,
      -0.5318141579627991,
      -0.08035598695278168,
      0.5823823809623718,
      0.808933675289154
    ],
    [
      0.9485757350921631,
      0.16432936489582062,
      -0.2705550193786621,
      -0.3116566836833954,
      0.634524405002594,
      -0.7072828412055969,
      0.05544634908437729,
      0.7552315592765808,
      0.6531087756156921
    ],
    [
      0.9198417663574219,
      0.1940520703792572,
      -0.34093227982521057,
      -0.16015440225601196,
      0.979120135307312,
      0.12519672513008118,
      0.35810837149620056,
      -0.06055938079953194,
      0.931713879108429
    ],
    [
      0.979132890701294,
      -0.09497779607772827,
      0.1796606034040451,
      0.08630753308534622,
      0.9947218298912048,
      0.05549310892820358,
      -0.1839829385280609,
      -0.03882906585931778,
      0.9821621775627136
    ]
  ],
  "root_rot": [
    0.6157361268997192,
    0.6564189195632935,
    -0.43587061762809753,
    0.5704799890518188,
    -0.7529519200325012,
    -0.3280487656593323,
    -0.5435270667076111,
    -0.046663954854011536,
    -0.8380935788154602
  ],
  "root_trans": [
    0.1816476285457611,
    0.4354590177536011,
    2.495575428009033
  ]
}