{
  "betas": [
    -0.44782203435897827,
    0.8787009716033936,
    1.4444468021392822,
    0.6262979507446289,
    0.5600416660308838,
    -0.17326605319976807,
    -0.10698816180229187,
    0.4242461919784546,
    -0.009386882185935974,
    0.6479101181030273
  ],
  "joints": [
    [
      0.9799768328666687,
      -0.1795395463705063,
      -0.08608660846948624,
      0.19901727139949799,
      0.8699389100074768,
      0.4512189030647278,
      -0.0061215427704155445,
      -0.45931681990623474,
      0.8882514238357544
    ],
    [
      0.968127429485321,
      0.18626628816127777,
      -0.16743429005146027,
      -0.1725156307220459,
      0.9805729985237122,
      0.09335372596979141,
      0.18157020211219788,
      -0.061493270099163055,
      0.9814534783363342
    ],
    [
      0.9936231374740601,
      -0.0601239874958992,
      0.09538447856903076,
      0.07346663624048233,
      0.9869650602340698,
      -0.14318762719631195,
      -0.08553212881088257,
      0.14928211271762848,
      0.9850884079933167
    ],
    [
      0.9991433620452881,
      0.008106808178126812,
      0.040582191199064255,
      0.0016672243364155293,
      0.9719439148902893,
      -0.23520685732364655,
      -0.04135040193796158,
      0.2350730150938034,
      0.9710977673530579
    ],
    [
      0.9983806610107422,
      -0.03675887733697891,
      0.043414290994405746,
      0.05115702003240585,
      0.913945734500885,
      -0.4025992453098297,
      -0.024879207834601402,
      0.4041682779788971,
      0.9143462181091309
    ],
    [
      0.9902864098548889,
      0.06701350957155228,
      -0.12182802706956863,
      -0.05710145831108093,
      0.9949030876159668,
      0.08311023563146591,
      0.1267765909433365,
      -0.07534638047218323,
      0.9890655875205994
    ],
    [
      0.9937685132026672,
      0.0654493123292923,
      0.09022504091262817,
      -0.04386190325021744,
      0.9737706184387207,
      -0.22326436638832092,
      -0.10247098654508591,
      0.21791565418243408,
      0.9705733060836792
    ],
    [
      0.9289948344230652,
      -0.12202832847833633,
      -0.34939637780189514,
      0.1899612843990326,
      0.9674508571624756,
      0.16719307005405426,
      0.3176215589046478,
      -0.2216932624578476,
      0.9219375252723694
    ],
    [
      0.9947006702423096,
      0.07796765863895416,
      0.06701981276273727,
      -0.07025952637195587,
      0.9913845658302307,
      -0.11054536700248718,
      -0.0750613734126091,
      0.1052507683634758,
      0.9916088581085205
    ],
    [
      0.9726459980010986,
      -0.1508467197418213,
      0.17664946615695953,
      0.028282487764954567,
      0.8317062258720398,
      0.5544952154159546,
      -0.2305642068386078,
      -0.5343315005302429,
      0.8132220506668091
    ],
    [
      0.9114750623703003,
      0.23149454593658447,
      0.3400346040725708,
      -0.3109883666038513,
      0.9288622736930847,
      0.20124907791614532,
      -0.26925721764564514,
      -0.28918030858039856,
      0.9186269044876099
    ],
    [
      0.9731835126876831,
      0.17454564571380615,
      0.14982548356056213,
      -0.1507287323474884,
      0.9758906364440918,
      -0.15785521268844604,
      -0.17376622557640076,
      0.1310390830039978,
      0.9760296940803528
    ],
    [
      0.9677842259407043,
      0.22674940526485443,
      -0.10944565385580063,
      -0.21055395901203156,
      0.9672108888626099,
      0.14202189445495605,
      0.13806040585041046,
      -0.11440233886241913,
      0.9837944507598877
    ],
    [
      0.982347846031189,
      0.14624378085136414,
      0.11664242297410965,
      -0.17148832976818085,
      0.9531415700912476,
      0.2492247372865677,
      -0.07472916692495346,
      -0.2648282051086426,
      0.9613956809043884
    ],
    [
      0.8798041939735413,
      -0.19319650530815125,
      0.43430355191230774,
      0.12355875223875046,
      0.9752205014228821,
      0.1835160106420517,
      -0.45899641513824463,
      -0.10779615491628647,
      0.8818742036819458
    ],
    [
      0.7251051664352417,
      0.6493210196495056,
      -0.22935721278190613,
      -0.6864382028579712,
      0.7081230282783508,
      -0.16542187333106995,
      0.05500123277306557,
      0.277387797832489,
      0.9591824412345886
    ],
    [
      0.9749705195426941,
      -0.0065280417911708355,
      0.2222384661436081,
      -0.08302846550941467,
      0.9165642261505127,
      0.39117303490638733,
      -0.2062494158744812,
      -0.3998342752456665,
      0.8930810689926147
    ],
    [
      0.8448140025138855,
      -0.01679922826588154,
      -0.5347961187362671,
      -0.14153985679149628,
      0.9568852186203003,
      -0.2536475956439972,
      0.5159996151924133,
      0.28998002409935,
      0.8060122728347778
    ],
    [
      -0.35854628682136536,
      -0.02315482310950756,
      0.9332247972488403,
      -0.5739909410476685,
      0.7938520908355713,
      -0.2008313685655594,
      -0.7361922860145569,
      -0.6076698899269104,
      -0.29792338609695435
    ],
    [
      0.9774823784828186,
      -0.04882945865392685,
      0.20528970658779144,
      0.17318207025527954,
      0.7414838075637817,
      -0.6482357978820801,
      -0.1205659881234169,
      0.6691915392875671,
      0.7332437634468079
    ],
    [
      0.8436522483825684,
      0.5054917931556702,
      -0.18091148138046265,
      -0.5322203636169434,
      0.7430599927902222,
      -0.40571337938308716,
      -0.0706566795706749,
      0.43856576085090637,
      0.8959172368049622
    ],
    [
      0.9571003913879395,
      0.19955028593540192,
      -0.21009157598018646,
      -0.15196746587753296,
      0.9630370736122131,
      0.22240860760211945,
      0.24670764803886414,
      -0.18094030022621155,
      0.9520483016967773
    ],
    [
      0.9452571868896484,
      -0.28232309222221375,
      0.1636539250612259,
      0.2308811992406845,
      0.933013916015625,
      0.2760053277015686,
      -0.2306140810251236,
      -0.22311139106750488,
      0.9471212029457092
    ]
  ],
  "root_rot": [
    0.4401452839374542,
    -0.06933338940143585,
    0.8952457308769226,
    -0.10251420736312866,
    -0.9943755865097046,
    -0.026609761640429497,
    0.8920553922653198,
    -0.08006325364112854,
    -0.44477736949920654
  ],
  "root_trans": [
    -0.3499298691749573,
    0.5873807668685913,
    2.329881429672241
  ]
}