{
  "betas": [
    -0.7509914040565491,
    1.1090575456619263,
    1.1334681510925293,
    0.034365564584732056,
    -0.3488541841506958,
    -0.29409366846084595,
    0.011058002710342407,
    0.8076523542404175,
    0.3254314959049225,
    1.0355044603347778
  ],
  "joints": [
    [
      0.9521837830543518,
      -0.3052386939525604,
      0.013242046348750591,
      0.2872753143310547,
      0.90921950340271,
      0.3013184368610382,
      -0.10401397198438644,
      -0.28310641646385193,
      0.9534316062927246
    ],
    [
      0.9721555709838867,
      0.14339250326156616,
      -0.18534347414970398,
      -0.15573644638061523,
      0.9863337278366089,
      -0.05377683788537979,
      0.17509931325912476,
      0.08114417642354965,
      0.9812012910842896
    ],
    [
      0.9965240359306335,
      -0.011962403543293476,
      0.08244187384843826,
      0.021254822611808777,
      0.9933929443359375,
      -0.11277742683887482,
      -0.08054808527231216,
      0.11413770914077759,
      0.9901942014694214
    ],
    [
      0.9947222471237183,
      0.022664237767457962,
      0.10006999224424362,
      -0.0034200658556073904,
      0.9820808172225952,
      -0.18842920660972595,
      -0.10254742950201035,
      0.18709246814250946,
      0.97697514295578
    ],
    [
      0.9996325969696045,
      -0.02517387457191944,
      0.010053608566522598,
      0.026297206059098244,
      0.9905855059623718,
      -0.1343456506729126,
      -0.006576958112418652,
      0.13456065952777863,
      0.9908835887908936
    ],
    [
      0.993382453918457,
      -0.013493794947862625,
      -0.11405764520168304,
      0.010186048224568367,
      0.9995118379592896,
      -0.029533950611948967,
      0.11440050601959229,
      0.02817671373486519,
      0.9930349588394165
    ],
    [
      0.9688940048217773,
      0.22132651507854462,
      0.1107204332947731,
      -0.1919507533311844,
      0.9544890522956848,
      -0.22826670110225677,
      -0.15620289742946625,
      0.1999133676290512,
      0.9672825336456299
    ],
    [
      0.9544920325279236,
      -0.2596421241760254,
      -0.14673422276973724,
      0.2759772837162018,
      0.9554619193077087,
      0.1045428067445755,
      0.11305523663759232,
      -0.1402805894613266,
      0.9836361408233643
    ],
    [
      0.9996941685676575,
      0.003100964240729809,
      0.024535538628697395,
      -0.0028124379459768534,
      0.9999266266822815,
      -0.01178519893437624,
      -0.024570282548666,
      0.011712589301168919,
      0.999629557132721
    ],
    [
      0.8880227208137512,
      -0.4592820405960083,
      0.021809974685311317,
      0.39063116908073425,
      0.7786070704460144,
      0.49109920859336853,
      -0.24253442883491516,
      -0.4275875985622406,
      0.8708306550979614
    ],
    [
      0.9191874265670776,
      0.3169816732406616,
      0.2337031215429306,
      -0.24582473933696747,
      0.9254342317581177,
      -0.2883431315422058,
      -0.3076763451099396,
      0.20759136974811554,
      0.9285694360733032
    ],
    [
      0.9934026598930359,
      0.11047713458538055,
      0.030756192281842232,
      -0.1095588207244873,
      0.9935244917869568,
      -0.03009866178035736,
      -0.03388224542140961,
      0.02653048001229763,
      0.9990736246109009
    ],
    [
      0.9832854866981506,
      0.174062579870224,
      -0.0534030981361866,
      -0.1629648208618164,
      0.9721922278404236,
      0.16818031668663025,
      0.08119198679924011,
      -0.15666642785072327,
      0.9843086004257202
    ],
    [
      0.957333505153656,
      -0.2662622928619385,
      0.112324558198452,
      0.2711503207683563,
      0.9620546698570251,
      -0.030468929558992386,
      -0.09994963556528091,
      0.0596257708966732,
      0.9932042956352234
    ],
    [
      0.9702388048171997,
      -0.021855784580111504,
      0.24116173386573792,
      0.045336682349443436,
      0.9947031736373901,
      -0.09225092083215714,
      -0.23786811530590057,
      0.10043889284133911,
      0.9660905003547668
    ],
    [
      0.6301271915435791,
      0.6033654808998108,
      -0.4887636601924896,
      -0.6230879426002502,
      0.7685162425041199,
      0.14541079103946686,
      0.463358610868454,
      0.21291542053222656,
      0.8602127432823181
    ],
    [
      0.5327052474021912,
      -0.7349556088447571,
      0.4196014106273651,
      0.7934481501579285,
      0.6061961054801941,
      0.05446404218673706,
      -0.29438936710357666,
      0.3039186894893646,
      0.9060730338096619
    ],
    [
      -0.053924303501844406,
      -0.3016490638256073,
      -0.9518927931785583,
      0.374105840921402,
      0.8777455687522888,
      -0.2993451654911041,
      0.9258168935775757,
      -0.37225061655044556,
      0.06551685929298401
    ],
    [
      -0.4037095606327057,
      0.35481521487236023,
      0.8432822227478027,
      0.03699848800897598,
      0.92731112241745,
      -0.3724583685398102,
      -0.9141388535499573,
      -0.1191648542881012,
      -0.38749200105667114
    ],
    [
      0.9405227899551392,
      -0.2912611663341522,
      0.17488212883472443,
      0.33280450105667114,
      0.8933128118515015,
      -0.30204859375953674,
      -0.0682494193315506,
      0.3422851860523224,
      0.9371140599250793
    ],
    [
      0.9518667459487915,
      0.28999632596969604,
      -0.09925603121519089,
      -0.3062620460987091,
      0.9129180908203125,
      -0.2697853446006775,
      0.012375879101455212,
      0.2871980667114258,
      0.957791268825531
    ],
    [
      0.9777779579162598,
      0.08713874965906143,
      -0.190675288438797,
      -0.08445990830659866,
      0.9961807131767273,
      0.022147124633193016,
      0.19187693297863007,
      -0.005550553556531668,
      0.9814032912254333
    ],
    [
      0.9324744939804077,
      -0.18361598253250122,
      0.3110891580581665,
      0.11730842292308807,
      0.9684267044067383,
      0.21997393667697906,
      -0.34165772795677185,
      -0.16862672567367554,
      0.9245728850364685
    ]
  ],
  "root_rot": [
    -0.14975816011428833,
    0.056332942098379135,
    -0.9871166348457336,
    0.13143190741539001,
    -0.9883810877799988,
    -0.07634500414133072,
    -0.9799480438232422,
    -0.1411719024181366,
    0.14061418175697327
  ],
  "root_trans": [
    0.5167935490608215,
    0.47280120849609375,
    2.7002334594726562
  ]
}