{
  "betas": [
    -0.4936128854751587,
    1.2115507125854492,
    0.6759556531906128,
    -0.7105386257171631,
    0.2116360366344452,
    0.25565555691719055,
    0.09489676356315613,
    0.5367299318313599,
    -0.37937691807746887,
    0.4178045392036438
  ],
  "joints": [
    [
      0.9365912675857544,
      -0.346755713224411,
      0.0505698062479496,
      0.3498843312263489,
      0.9333651661872864,
      -0.08006520569324493,
      -0.019437028095126152,
      0.09268195182085037,
      0.9955060482025146
    ],
    [
      0.9078614711761475,
      0.40087780356407166,
      0.12281889468431473,
      -0.2707938849925995,
      0.3369974195957184,
      0.9017224311828613,
      0.3200908601284027,
      -0.8518977165222168,
      0.41450223326683044
    ],
    [
      0.996911346912384,
      -0.07633008807897568,
      -0.01847291737794876,
      0.06723736226558685,
      0.9511100053787231,
      -0.3014446794986725,
      0.04057906195521355,
      0.2992716133594513,
      0.9533045887947083
    ],
    [
      0.9875073432922363,
      -0.0028532971628010273,
      -0.1575469970703125,
      -0.04395664483308792,
      0.9551567435264587,
      -0.29281967878341675,
      0.15131758153438568,
      0.296086847782135,
      0.9430989027023315
    ],
    [
      0.9048283696174622,
      -0.2246367633342743,
      0.3616960942745209,
      0.23575995862483978,
      -0.44304609298706055,
      -0.8649436235427856,
      0.35454612970352173,
      0.8678988814353943,
      -0.34792032837867737
    ],
    [
      0.9866200089454651,
      -0.14857883751392365,
      -0.06712184101343155,
      0.14860740303993225,
      0.9888855814933777,
      -0.004595114383846521,
      0.06705856323242188,
      -0.005441172048449516,
      0.9977341890335083
    ],
    [
      0.9940933585166931,
      0.06852062046527863,
      0.08416236191987991,
      -0.07496629655361176,
      0.9942876100540161,
      0.07597562670707703,
      -0.07847569137811661,
      -0.08183620870113373,
      0.9935514330863953
    ],
    [
      0.7951305508613586,
      -0.5439526438713074,
      -0.26810985803604126,
      0.3921171724796295,
      0.7984047532081604,
      -0.4569396376609802,
      0.4626137614250183,
      0.2581961750984192,
      0.8481292128562927
    ],
    [
      0.9957870841026306,
      -0.08713670819997787,
      0.028553016483783722,
      0.08800340443849564,
      0.9956485629081726,
      -0.030649054795503616,
      -0.025758111849427223,
      0.033032696694135666,
      0.9991223216056824
    ],
    [
      0.9235223531723022,
      -0.20500315725803375,
      0.32416075468063354,
      0.011271700263023376,
      0.8593124747276306,
      0.5113268494606018,
      -0.3833789527416229,
      -0.46856793761253357,
      0.7959049940109253
    ],
    [
      0.7203338146209717,
      0.32658204436302185,
      0.6119341254234314,
      -0.47430261969566345,
      0.8756461143493652,
      0.09099980443716049,
      -0.5061188340187073,
      -0.35579216480255127,
      0.785656213760376
    ],
    [
      0.9636720418930054,
      -0.0028574164025485516,
      -0.26707300543785095,
      -0.10060720145702362,
      0.9224063754081726,
      -0.37288698554039,
      0.24741533398628235,
      0.38621023297309875,
      0.888609766960144
    ],
    [
      0.7670646905899048,
      -0.3500022292137146,
      -0.5376896858215332,
      0.552879810333252,
      0.7857890129089355,
      0.2772354781627655,
      0.32547760009765625,
      -0.5099353194236755,
      0.7962601780891418
    ],
    [
      0.8970054984092712,
      -0.03987449035048485,
      0.4402170181274414,
      -0.006115328520536423,
      0.9947080016136169,
      0.10256069153547287,
      -0.4419769048690796,
      -0.09468959271907806,
      0.8920146822929382
    ],
    [
      0.9711382389068604,
      -0.14055611193180084,
      -0.1927032619714737,
      0.15570543706417084,
      0.9856101870536804,
      0.06579004973173141,
      0.18068312108516693,
      -0.09389617294073105,
      0.9790490865707397
    ],
    [
      0.8588951826095581,
      0.0884893536567688,
      -0.5044488310813904,
      0.01500692218542099,
      0.9801892042160034,
      0.19749398529529572,
      0.5119314193725586,
      -0.17719683051109314,
      0.8405518531799316
    ],
    [
      0.9410536885261536,
      -0.14834272861480713,
      0.3039940893650055,
      0.06813538074493408,
      0.9634160995483398,
      0.2592047154903412,
      -0.33132389187812805,
      -0.22321279346942902,
      0.9167336821556091
    ],
    [
      -0.012617787346243858,
      -0.11887326091527939,
      -0.9928293228149414,
      0.2514273524284363,
      0.9606299996376038,
      -0.11821334809064865,
      0.9677939414978027,
      -0.2511160373687744,
      0.017766963690519333
    ],
    [
      0.8556547164916992,
      0.18496805429458618,
      0.4833649694919586,
      -0.29637840390205383,
      0.9407714605331421,
      0.16464759409427643,
      -0.4242814779281616,
      -0.2841404378414154,
      0.8597960472106934
    ],
    [
      0.9549426436424255,
      -0.14930501580238342,
      0.2565006911754608,
      0.2769521176815033,
      0.7589576840400696,
      -0.5893052816390991,
      -0.10668694227933884,
      0.6337911486625671,
      0.7661113739013672
    ],
    [
      0.9661927223205566,
      0.12498266249895096,
      -0.22550177574157715,
      -0.251644492149353,
      0.6474589109420776,
      -0.7193552851676941,
      0.0560961551964283,
      0.7517820596694946,
      0.6570212841033936
    ],
    [
      0.916396975517273,
      0.1700863391160965,
      -0.3623356819152832,
      -0.14235055446624756,
      0.9845330715179443,
      0.10213186591863632,
      0.37410271167755127,
      -0.04201465845108032,
      0.9264349937438965
    ],
    [
      0.9859248995780945,
      -0.07833860069513321,
      0.14769943058490753,
      0.06379684060811996,
      0.9928642511367798,
      0.10074994713068008,
      -0.154538094997406,
      -0.089909128844738,
      0.9838873147964478
    ]
  ],
  "root_rot": [
    0.5826296806335449,
    0.4823010563850403,
    -0.6541622281074524,
    0.400656521320343,
    -0.8707327246665955,
    -0.28512945771217346,
    -0.7071187496185303,
    -0.09596946090459824,
    -0.7005518078804016
  ],
  "root_trans": [
    0.23761126399040222,
    0.4395112693309784,
    2.5670382976531982
  ]
}