{
  "betas": [
    -0.4841698408126831,
    1.0972427129745483,
    0.6967322826385498,
    -0.8297194242477417,
    0.2537221908569336,
    0.14907893538475037,
    0.18403619527816772,
    0.5293523073196411,
    -0.5195471048355103,
    0.5267931222915649
  ],
  "joints": [
    [
      0.8790294528007507,
      -0.4573928117752075,
      0.1345323920249939,
      0.4707428812980652,
      0.877368152141571,
      -0.0928773358464241,
      -0.07555301487445831,
      0.14497210085391998,
      0.9865468740463257
    ],
    [
      0.8007552623748779,
      0.55076003074646,
      0.23548750579357147,
      -0.3239138126373291,
      0.0674542561173439,
      0.9436787962913513,
      0.5038559436798096,
      -0.8319334387779236,
      0.2324131429195404
    ],
    [
      0.9936181306838989,
      -0.1078348159790039,
      -0.0330851674079895,
      0.08593134582042694,
      0.9136766195297241,
      -0.3972541093826294,
      0.07306697219610214,
      0.39187583327293396,
      0.9171120524406433
    ],
    [
      0.9846961498260498,
      0.012920387089252472,
      -0.17380066215991974,
      -0.07698335498571396,
      0.9269295930862427,
      -0.3672533631324768,
      0.15635591745376587,
      0.37501269578933716,
      0.9137386679649353
    ],
    [
      0.8685160279273987,
      -0.30054566264152527,
      0.3941473960876465,
      0.296902596950531,
      -0.32129842042922974,
      -0.8992308974266052,
      0.39689886569976807,
      0.8980198502540588,
      -0.1898200362920761
    ],
    [
      0.9806154370307922,
      -0.17956632375717163,
      -0.0784168615937233,
      0.17820052802562714,
      0.9836980700492859,
      -0.02413851208984852,
      0.0814729854464531,
      0.009696673601865768,
      0.9966283440589905
    ],
    [
      0.9928128123283386,
      0.07069077342748642,
      0.09656846523284912,
      -0.07841817289590836,
      0.9938080310821533,
      0.07871600985527039,
      -0.09040601551532745,
      -0.08572299033403397,
      0.9922087788581848
    ],
    [
      0.8263985514640808,
      -0.5603429675102234,
      -0.05550946667790413,
      0.4750734865665436,
      0.7467536330223083,
      -0.4654720723628998,
      0.3022758662700653,
      0.3582943379878998,
      0.8833202123641968
    ],
    [
      0.9931211471557617,
      -0.11686937510967255,
      0.007204451132565737,
      0.1169717013835907,
      0.9930070042610168,
      -0.015958113595843315,
      -0.005289056338369846,
      0.0166910570114851,
      0.9998466372489929
    ],
    [
      0.9295613765716553,
      -0.13131928443908691,
      0.3444865345954895,
      -0.04826848581433296,
      0.8830152750015259,
      0.46685561537742615,
      -0.3654940128326416,
      -0.4505987763404846,
      0.81447833776474
    ],
    [
      0.74626225233078,
      0.37019670009613037,
      0.5532152056694031,
      -0.4742417633533478,
      0.8788807988166809,
      0.05160738527774811,
      -0.46710532903671265,
      -0.300870418548584,
      0.8314383029937744
    ],
    [
      0.9635612368583679,
      -0.04683035984635353,
      -0.26335668563842773,
      -0.06329578161239624,
      0.9166751503944397,
      -0.3945886790752411,
      0.2598912715911865,
      0.3968797028064728,
      0.8803084492683411
    ],
    [
      0.7513175010681152,
      -0.336609810590744,
      -0.567640483379364,
      0.5649149417877197,
      0.7726961970329285,
      0.2895025312900543,
      0.3411642014980316,
      -0.538176953792572,
      0.7706961035728455
    ],
    [
      0.9061650633811951,
      -0.04193146526813507,
      0.42084044218063354,
      -0.012223011814057827,
      0.9920606017112732,
      0.12516531348228455,
      -0.42274758219718933,
      -0.11856436729431152,
      0.8984581232070923
    ],
    [
      0.9640581607818604,
      -0.1293175369501114,
      -0.23209640383720398,
      0.1636658012866974,
      0.9771856069564819,
      0.135358065366745,
      0.2092970907688141,
      -0.1684793084859848,
      0.9632286429405212
    ],
    [
      0.859875500202179,
      0.047068238258361816,
      -0.5083293318748474,
      0.04857372120022774,
      0.9836795926094055,
      0.17324866354465485,
      0.5081876516342163,
      -0.17366370558738708,
      0.8435556888580322
    ],
    [
      0.9516888856887817,
      -0.10782068967819214,
      0.2875117361545563,
      0.03242016211152077,
      0.9663737416267395,
      0.2550893723964691,
      -0.305347740650177,
      -0.23344452679157257,
      0.9231827259063721
    ],
    [
      -0.005400903057307005,
      -0.15813787281513214,
      -0.9874022603034973,
      0.2380441427230835,
      0.9588285684585571,
      -0.15486370027065277,
      0.9712393283843994,
      -0.2358817458152771,
      0.03246525302529335
    ],
    [
      0.8257864117622375,
      0.18722178041934967,
      0.5320007801055908,
      -0.3123760521411896,
      0.9372192621231079,
      0.15505251288414001,
      -0.46957212686538696,
      -0.2942245602607727,
      0.8324265480041504
    ],
    [
      0.9488053321838379,
      -0.1940533071756363,
      0.2492222785949707,
      0.30792444944381714,
      0.7440302968025208,
      -0.5929599404335022,
      -0.07036308944225311,
      0.6393451690673828,
      0.7656936645507812
    ],
    [
      0.9569883346557617,
      0.13254638016223907,
      -0.2580791115760803,
      -0.28253552317619324,
      0.6279191374778748,
      -0.7251834869384766,
      0.06593232601881027,
      0.7669086456298828,
      0.6383603811264038
    ],
    [
      0.9337525963783264,
      0.162511944770813,
      -0.3188982605934143,
      -0.13619309663772583,
      0.9852797389030457,
      0.10332153737545013,
      0.33099493384361267,
      -0.05304499715566635,
      0.942140519618988
    ],
    [
      0.9856254458427429,
      -0.0731891542673111,
      0.15226873755455017,
      0.06508035212755203,
      0.9962174296379089,
      0.05757899582386017,
      -0.15590693056583405,
      -0.04684162884950638,
      0.9866604208946228
    ]
  ],
  "root_rot": [
    0.5906907916069031,
    0.5810471773147583,
    -0.559882640838623,
    0.48691076040267944,
    -0.8099756836891174,
    -0.3268904983997345,
    -0.6434300541877747,
    -0.07952165603637695,
    -0.7613633275032043
  ],
  "root_trans": [
    0.21073035895824432,
    0.4359791576862335,
    2.5487539768218994
  ]
}