{
  "betas": [
    -0.7529681324958801,
    0.7444040775299072,
    1.1430079936981201,
    0.48754292726516724,
    0.2126844823360443,
    -0.24803507328033447,
    -0.175032377243042,
    0.4663677215576172,
    -0.028136223554611206,
    0.5216155052185059
  ],
  "joints": [
    [
      0.9509068727493286,
      -0.2085731029510498,
      -0.22863365709781647,
      0.2768213152885437,
      0.9035536050796509,
      0.32704856991767883,
      0.13836924731731415,
      -0.37428340315818787,
      0.9169328212738037
    ],
    [
      0.9394988417625427,
      0.27420809864997864,
      -0.20530885457992554,
      -0.2824620306491852,
      0.9592101573944092,
      -0.011444066651165485,
      0.193796306848526,
      0.06874365359544754,
      0.9786301851272583
    ],
    [
      0.9828454256057739,
      -0.05538753420114517,
      0.17591789364814758,
      0.07158631086349487,
      0.9936233758926392,
      -0.08710838854312897,
      -0.16997143626213074,
      0.09820739179849625,
      0.9805431962013245
    ],
    [
      0.9918980002403259,
      -0.0360846146941185,
      -0.12180443853139877,
      0.0010625337017700076,
      0.9611331224441528,
      -0.27608343958854675,
      0.12703263759613037,
      0.27371716499328613,
      0.9533843398094177
    ],
    [
      0.9976904988288879,
      0.012109953910112381,
      0.06683484464883804,
      0.006295825354754925,
      0.9632545113563538,
      -0.2685163915157318,
      -0.06763069331645966,
      0.2683170735836029,
      0.9609536528587341
    ],
    [
      0.9945606589317322,
      0.08473747223615646,
      -0.06057003512978554,
      -0.08150483667850494,
      0.9952096343040466,
      0.053988173604011536,
      0.0648547038435936,
      -0.04875776171684265,
      0.9967028498649597
    ],
    [
      0.962478518486023,
      0.21496787667274475,
      -0.16560156643390656,
      -0.22917266190052032,
      0.9707306027412415,
      -0.07184619456529617,
      0.14530989527702332,
      0.10710177570581436,
      0.9835721254348755
    ],
    [
      0.9281335473060608,
      -0.17379598319530487,
      -0.3291853070259094,
      0.234405517578125,
      0.9598398208618164,
      0.15414826571941376,
      0.28917476534843445,
      -0.22023305296897888,
      0.9315983057022095
    ],
    [
      0.9774330258369446,
      0.10437463968992233,
      0.18365919589996338,
      -0.08720046281814575,
      0.9912348985671997,
      -0.09924455732107162,
      -0.1924080103635788,
      0.08098973333835602,
      0.9779672622680664
    ],
    [
      0.9330306649208069,
      -0.2600261867046356,
      0.24867697060108185,
      0.08959980309009552,
      0.837306022644043,
      0.5393427610397339,
      -0.34846192598342896,
      -0.48094189167022705,
      0.8045305013656616
    ],
    [
      0.9217085838317871,
      0.217071533203125,
      0.3214549720287323,
      -0.2537364661693573,
      0.9642513394355774,
      0.07640108466148376,
      -0.29337891936302185,
      -0.15198436379432678,
      0.9438377022743225
    ],
    [
      0.9992960095405579,
      0.02786397375166416,
      -0.025123795494437218,
      -0.0286366306245327,
      0.999110996723175,
      -0.030937418341636658,
      0.024239422753453255,
      0.0316350944340229,
      0.9992055892944336
    ],
    [
      0.9498644471168518,
      0.16520686447620392,
      -0.2654506266117096,
      -0.10993887484073639,
      0.9712653756141663,
      0.21108511090278625,
      0.2926957607269287,
      -0.171318918466568,
      0.9407331347465515
    ],
    [
      0.837609052658081,
      0.06504330784082413,
      0.5423840284347534,
      -0.26009801030158997,
      0.9206027984619141,
      0.29127222299575806,
      -0.48037493228912354,
      -0.38504526019096375,
      0.7880228757858276
    ],
    [
      0.9396539926528931,
      -0.07745584100484848,
      0.3332429528236389,
      0.07268129289150238,
      0.9969953298568726,
      0.026790767908096313,
      -0.33431676030158997,
      -0.0009535230346955359,
      0.9424602389335632
    ],
    [
      0.5583763718605042,
      0.6703758835792542,
      -0.4886839687824249,
      -0.7972348928451538,
      0.5965209603309631,
      -0.09262414276599884,
      0.22941723465919495,
      0.44131508469581604,
      0.8675302863121033
    ],
    [
      0.718487024307251,
      -0.2628045082092285,
      0.6439799666404724,
      0.03718748688697815,
      0.9390602707862854,
      0.3417351543903351,
      -0.694545567035675,
      -0.221584290266037,
      0.6844756603240967
    ],
    [
      -0.454755574464798,
      -0.3519009053707123,
      -0.8181461095809937,
      -0.0021814610809087753,
      0.9190665483474731,
      -0.3940962553024292,
      0.8906136155128479,
      -0.17743270099163055,
      -0.4187183082103729
    ],
    [
      0.057248085737228394,
      0.18346162140369415,
      0.9813583493232727,
      -0.3221682608127594,
      0.9337785243988037,
      -0.1557728499174118,
      -0.9449498057365417,
      -0.30724483728408813,
      0.11256254464387894
    ],
    [
      0.8926429748535156,
      -0.4485075771808624,
      0.04504971206188202,
      0.4347729980945587,
      0.8302810788154602,
      -0.34872010350227356,
      0.1189996749162674,
      0.3308689594268799,
      0.9361435770988464
    ],
    [
      0.9060476422309875,
      0.3783721923828125,
      -0.18950478732585907,
      -0.4231663942337036,
      0.8071491122245789,
      -0.4116315245628357,
      -0.0027913032099604607,
      0.45314985513687134,
      0.8914299607276917
    ],
    [
      0.8895517587661743,
      0.3469488024711609,
      -0.2971939146518707,
      -0.19674068689346313,
      0.878077507019043,
      0.4362030327320099,
      0.41229936480522156,
      -0.32955503463745117,
      0.8493543267250061
    ],
    [
      0.9488672614097595,
      -0.20689542591571808,
      0.238422229886055,
      0.13291627168655396,
      0.9469135403633118,
      0.29272517561912537,
      -0.2863287329673767,
      -0.24606715142726898,
      0.9259950518608093
    ]
  ],
  "root_rot": [
    0.5161066055297852,
    -0.04295741394162178,
    0.855446457862854,
    -0.08576048910617828,
    -0.996314287185669,
    0.0017095920629799366,
    0.8522201180458069,
    -0.07424583286046982,
    -0.5178884267807007
  ],
  "root_trans": [
    -0.22741033136844635,
    0.5819448232650757,
    2.338310480117798
  ]
}