{
  "betas": [
    -0.35871440172195435,
    1.6177233457565308,
    1.3063571453094482,
    -0.30799010396003723,
    -0.10147976875305176,
    0.10202891379594803,
    0.2107943296432495,
    0.3330878019332886,
    0.030383557081222534,
    0.22653332352638245
  ],
  "joints": [
    [
      0.8631395697593689,
      -0.4852226674556732,
      -0.13981789350509644,
      0.47734013199806213,
      0.6936925649642944,
      0.5393857955932617,
      -0.16473159193992615,
      -0.532305896282196,
      0.830369770526886
    ],
    [
      0.8714249730110168,
      0.46062639355659485,
      -0.16864743828773499,
      -0.40862613916397095,
      0.8718752861022949,
      0.2699227035045624,
      0.27137303352355957,
      -0.1663036048412323,
      0.9479978680610657
    ],
    [
      0.9866068959236145,
      0.06354010850191116,
      0.1502314805984497,
      -0.012424778193235397,
      0.947608470916748,
      -0.3191926181316376,
      -0.16264213621616364,
      0.3130510449409485,
      0.9357064962387085
    ],
    [
      0.9738261699676514,
      0.2240343689918518,
      -0.038357362151145935,
      -0.1947316974401474,
      0.7353116273880005,
      -0.649150550365448,
      -0.11722744256258011,
      0.6396291255950928,
      0.7596923112869263
    ],
    [
      0.9994121193885803,
      -0.03412335738539696,
      0.003324486082419753,
      0.03005889058113098,
      0.8254556655883789,
      -0.5636659860610962,
      0.016489960253238678,
      0.5634345412254333,
      0.8259961009025574
    ],
    [
      0.991068422794342,
      -0.0764135792851448,
      -0.10929082334041595,
      0.08383582532405853,
      0.9943568706512451,
      0.06500713527202606,
      0.10370665788650513,
      -0.07358899712562561,
      0.9918819069862366
    ],
    [
      0.9999175667762756,
      0.00949280709028244,
      -0.008644361048936844,
      -0.009205672889947891,
      0.9994237422943115,
      0.03267058730125427,
      0.008949516341090202,
      -0.03258831799030304,
      0.9994287490844727
    ],
    [
      0.8000879883766174,
      -0.30824026465415955,
      -0.514633059501648,
      0.4504894018173218,
      0.875232994556427,
      0.17614322900772095,
      0.39612942934036255,
      -0.3727668225765228,
      0.8391223549842834
    ],
    [
      0.9946323037147522,
      -0.04288781061768532,
      0.0941663458943367,
      0.04547494649887085,
      0.9986399412155151,
      -0.025501325726509094,
      -0.09294456988573074,
      0.029646649956703186,
      0.9952298402786255
    ],
    [
      0.9473900198936462,
      -0.052517712116241455,
      0.315743625164032,
      -0.13061583042144775,
      0.8371456861495972,
      0.5311558842658997,
      -0.29221850633621216,
      -0.5444529056549072,
      0.7862437963485718
    ],
    [
      0.740771472454071,
      0.4742712676525116,
      0.475735604763031,
      -0.4861743152141571,
      0.8672212362289429,
      -0.10752621293067932,
      -0.46356460452079773,
      -0.15163807570934296,
      0.8729912638664246
    ],
    [
      0.9754824638366699,
      0.1855122148990631,
      0.11840283870697021,
      -0.1905442625284195,
      0.9811372756958008,
      0.03259755298495293,
      -0.1101221889257431,
      -0.054359320551157,
      0.9924305081367493
    ],
    [
      0.6932595372200012,
      0.03419322147965431,
      -0.7198764085769653,
      0.30564844608306885,
      0.8906428217887878,
      0.3366517424583435,
      0.6526640057563782,
      -0.4534161388874054,
      0.6069955229759216
    ],
    [
      0.7519152164459229,
      -0.3374830484390259,
      0.5663290619850159,
      0.29438310861587524,
      0.9405158162117004,
      0.1696133315563202,
      -0.589883029460907,
      0.03918285667896271,
      0.8065374493598938
    ],
    [
      0.9491948485374451,
      -0.26389366388320923,
      0.1714334338903427,
      0.2479763627052307,
      0.9626349210739136,
      0.10881990194320679,
      -0.19374467432498932,
      -0.060779839754104614,
      0.9791675209999084
    ],
    [
      0.15752704441547394,
      0.6782934069633484,
      -0.7177070379257202,
      -0.5805140733718872,
      0.6515482068061829,
      0.4883526861667633,
      0.7988670468330383,
      0.3397102952003479,
      0.4963953197002411
    ],
    [
      0.4631788730621338,
      -0.6472907066345215,
      0.6053760647773743,
      0.7111331224441528,
      0.6790885329246521,
      0.18201224505901337,
      -0.5289187431335449,
      0.3461987376213074,
      0.7748492956161499
    ],
    [
      -0.3812088072299957,
      -0.37018799781799316,
      -0.8471367955207825,
      0.11518795788288116,
      0.8901703357696533,
      -0.44082728028297424,
      0.9172848463058472,
      -0.2656272053718567,
      -0.296699583530426
    ],
    [
      0.8777173161506653,
      0.01994609832763672,
      0.47876325249671936,
      0.1161424070596695,
      0.9604856371879578,
      -0.2529393136501312,
      -0.46489036083221436,
      0.27761393785476685,
      0.8407182693481445
    ],
    [
      0.9370744228363037,
      -0.2286788821220398,
      0.2638133764266968,
      0.30090197920799255,
      0.9122068881988525,
      -0.2780947685241699,
      -0.17705796658992767,
      0.3399774432182312,
      0.9236156940460205
    ],
    [
      0.9302172064781189,
      0.18761780858039856,
      -0.31542912125587463,
      -0.3119657337665558,
      0.8569319844245911,
      -0.4102986454963684,
      0.19332194328308105,
      0.4800699055194855,
      0.8556631803512573
    ],
    [
      0.9223840236663818,
      0.26162189245224,
      -0.2841860055923462,
      -0.1806928664445877,
      0.9424899220466614,
      0.2811812460422516,
      0.34140557050704956,
      -0.20800672471523285,
      0.916610836982727
    ],
    [
      0.9140353202819824,
      -0.27582964301109314,
      0.2974179685115814,
      0.1438823789358139,
      0.9060062170028687,
      0.39805856347084045,
      -0.3792588710784912,
      -0.321046382188797,
      0.8678086996078491
    ]
  ],
  "root_rot": [
    0.23257996141910553,
    0.007123433519154787,
    0.9725512266159058,
    -0.08866214007139206,
    -0.9956541061401367,
    0.02849568799138069,
    0.9685274958610535,
    -0.09285600483417511,
    -0.23093761503696442
  ],
  "root_trans": [
    -0.281910240650177,
    0.6053667068481445,
    2.609422206878662
  ]
}