{
  "betas": [
    -0.4835361838340759,
    1.0604710578918457,
    1.3073567152023315,
    0.2768324911594391,
    0.2415235936641693,
    -0.08975795656442642,
    0.4281868636608124,
    0.629831075668335,
    -0.010738164186477661,
    0.9410690069198608
  ],
  "joints": [
    [
      0.9233031272888184,
      -0.38368216156959534,
      0.017302440479397774,
      0.3508010506629944,
      0.8608047366142273,
      0.3687191903591156,
      -0.15636499226093292,
      -0.33436983823776245,
      0.9293798208236694
    ],
    [
      0.9250485301017761,
      0.356227844953537,
      -0.13185985386371613,
      -0.30948367714881897,
      0.9080912470817566,
      0.2821173369884491,
      0.2202388048171997,
      -0.2201637327671051,
      0.950275182723999
    ],
    [
      0.9963927268981934,
      -0.08442296087741852,
      0.008610683493316174,
      0.08455642312765121,
      0.9791045188903809,
      -0.18494457006454468,
      0.0071828123182058334,
      0.1850055456161499,
      0.982711136341095
    ],
    [
      0.9967333078384399,
      0.06668902933597565,
      0.04555467143654823,
      -0.04584452137351036,
      0.9315645694732666,
      -0.36067408323287964,
      -0.06649012863636017,
      0.35740745067596436,
      0.9315787553787231
    ],
    [
      0.9996354579925537,
      -0.014491519890725613,
      0.022781670093536377,
      0.024349382147192955,
      0.8484426736831665,
      -0.5287269949913025,
      -0.01166688185185194,
      0.5290889739990234,
      0.8484862446784973
    ],
    [
      0.990811824798584,
      0.1145164743065834,
      -0.07195728272199631,
      -0.10580749809741974,
      0.9877155423164368,
      0.11499014496803284,
      0.0842415988445282,
      -0.10631997883319855,
      0.9907569289207458
    ],
    [
      0.987625777721405,
      0.0868382677435875,
      0.13059239089488983,
      -0.04973353445529938,
      0.9631481170654297,
      -0.2643338441848755,
      -0.14873410761356354,
      0.25456809997558594,
      0.9555487036705017
    ],
    [
      0.9386647939682007,
      -0.2222049981355667,
      -0.2636916935443878,
      0.25953546166419983,
      0.9587458968162537,
      0.11596363037824631,
      0.22704564034938812,
      -0.17728832364082336,
      0.957611083984375
    ],
    [
      0.9940324425697327,
      0.10431906580924988,
      0.03189157322049141,
      -0.10270114988088608,
      0.9935172200202942,
      -0.048743970692157745,
      -0.03676975518465042,
      0.04517778381705284,
      0.9983020424842834
    ],
    [
      0.979863703250885,
      -0.18958742916584015,
      0.06264001131057739,
      0.12473160028457642,
      0.826189398765564,
      0.5494117140769958,
      -0.1559140533208847,
      -0.5305353403091431,
      0.8332005739212036
    ],
    [
      0.9376710057258606,
      0.29940658807754517,
      0.17643356323242188,
      -0.2801052927970886,
      0.9516292214393616,
      -0.12626518309116364,
      -0.2057039439678192,
      0.06897522509098053,
      0.9761804938316345
    ],
    [
      0.955599308013916,
      0.23814892768859863,
      0.17353682219982147,
      -0.20007236301898956,
      0.9567392468452454,
      -0.21123702824115753,
      -0.21633534133434296,
      0.16713804006576538,
      0.961906373500824
    ],
    [
      0.9532713294029236,
      0.301357239484787,
      0.02139207348227501,
      -0.3013887405395508,
      0.9436823725700378,
      0.136485755443573,
      0.020943647250533104,
      -0.1365552842617035,
      0.9904110431671143
    ],
    [
      0.9831685423851013,
      0.1790996789932251,
      0.03609621897339821,
      -0.18267618119716644,
      0.9604062438011169,
      0.2103552669286728,
      0.0030075276736170053,
      -0.21340860426425934,
      0.9769584536552429
    ],
    [
      0.8447341322898865,
      -0.009954182431101799,
      0.5350937247276306,
      -0.04380704089999199,
      0.9951858520507812,
      0.08766981959342957,
      -0.5333904027938843,
      -0.09749855846166611,
      0.8402314186096191
    ],
    [
      0.7282053828239441,
      0.6195746064186096,
      -0.29299187660217285,
      -0.6703921556472778,
      0.732785701751709,
      -0.11661667376756668,
      0.14244753122329712,
      0.2813403308391571,
      0.948976457118988
    ],
    [
      0.9535766839981079,
      -0.07299663126468658,
      0.2921695411205292,
      -0.0474354587495327,
      0.9216594696044922,
      0.38508936762809753,
      -0.29739099740982056,
      -0.38107141852378845,
      0.8754103779792786
    ],
    [
      0.9159407615661621,
      -0.07540193200111389,
      -0.3941662907600403,
      -0.004054995719343424,
      0.9804014563560486,
      -0.19696839153766632,
      0.401293009519577,
      0.1820097267627716,
      0.8976839184761047
    ],
    [
      -0.47932660579681396,
      -0.0519401915371418,
      0.8760982751846313,
      -0.453026682138443,
      0.8696162104606628,
      -0.19630183279514313,
      -0.7516733407974243,
      -0.4909885823726654,
      -0.44036048650741577
    ],
    [
      0.990001380443573,
      -0.11538074910640717,
      0.08114489167928696,
      0.14046747982501984,
      0.8589609265327454,
      -0.49239712953567505,
      -0.012887178920209408,
      0.4988721013069153,
      0.8665797710418701
    ],
    [
      0.8625515103340149,
      0.5058982968330383,
      -0.008473754860460758,
      -0.4789019823074341,
      0.8108896613121033,
      -0.33631962537765503,
      -0.16327226161956787,
      0.29415109753608704,
      0.9417098164558411
    ],
    [
      0.9529038667678833,
      0.18839751183986664,
      -0.23765656352043152,
      -0.14191670715808868,
      0.9695528149604797,
      0.19956688582897186,
      0.268018513917923,
      -0.1564406156539917,
      0.9506273865699768
    ],
    [
      0.9300870299339294,
      -0.2823485732078552,
      0.23498374223709106,
      0.22517573833465576,
      0.9436376690864563,
      0.24257723987102509,
      -0.2902308702468872,
      -0.17270530760288239,
      0.9412432312965393
    ]
  ],
  "root_rot": [
    -0.6243329644203186,
    0.07131282240152359,
    -0.7778964042663574,
    0.0139238266274333,
    -0.9946500658988953,
    -0.1023586243391037,
    -0.7810342311859131,
    -0.07473715394735336,
    0.619999885559082
  ],
  "root_trans": [
    0.44139301776885986,
    0.5061883926391602,
    2.795254945755005
  ]
}