{
  "betas": [
    -0.41700536012649536,
    1.3549107313156128,
    1.2193537950515747,
    -0.17172446846961975,
    -0.17808198928833008,
    -0.002483174204826355,
    0.18594452738761902,
    0.3878312110900879,
    0.05379590392112732,
    0.34829944372177124
  ],
  "joints": [
    [
      0.9161033630371094,
      -0.3763531446456909,
      -0.13824906945228577,
      0.387256383895874,
      0.7412484288215637,
      0.5482546091079712,
      -0.10386047512292862,
      -0.5557958483695984,
      0.8248053193092346
    ],
    [
      0.8220736384391785,
      0.5365110635757446,
      -0.19065891206264496,
      -0.515791118144989,
      0.8435305953025818,
      0.1497187316417694,
      0.24115237593650818,
      -0.024739643558859825,
      0.9701719284057617
    ],
    [
      0.9833745360374451,
      -0.00396021269261837,
      0.18154579401016235,
      0.04414024204015732,
      0.9749891757965088,
      -0.21782507002353668,
      -0.17614254355430603,
      0.22221709787845612,
      0.9589543342590332
    ],
    [
      0.9831612706184387,
      0.1825597882270813,
      -0.00810894276946783,
      -0.14901602268218994,
      0.7752490639686584,
      -0.6138265132904053,
      -0.10577359795570374,
      0.604698896408081,
      0.7893992066383362
    ],
    [
      0.9985390901565552,
      0.01801464520394802,
      0.05094248428940773,
      0.006045812275260687,
      0.8996182680130005,
      -0.436635285615921,
      -0.05369462072849274,
      0.4363054037094116,
      0.8981950879096985
    ],
    [
      0.9921600222587585,
      -0.07692860066890717,
      -0.0984916016459465,
      0.08136855065822601,
      0.9958037734031677,
      0.04187988117337227,
      0.09485655277967453,
      -0.04956565424799919,
      0.9942562580108643
    ],
    [
      0.9965920448303223,
      0.04479844495654106,
      -0.0692639946937561,
      -0.0447072871029377,
      0.9989960193634033,
      0.002866768976673484,
      0.06932287663221359,
      0.00023960460384842008,
      0.9975942969322205
    ],
    [
      0.7365803122520447,
      -0.42687082290649414,
      -0.5246244072914124,
      0.45823490619659424,
      0.8854791522026062,
      -0.07711892575025558,
      0.4974638521671295,
      -0.1835969239473343,
      0.8478336334228516
    ],
    [
      0.9920023679733276,
      -0.05480926111340523,
      0.11369812488555908,
      0.059401508420705795,
      0.9975332617759705,
      -0.03740058094263077,
      -0.11136776953935623,
      0.04385530576109886,
      0.9928110837936401
    ],
    [
      0.9260948300361633,
      -0.10536841303110123,
      0.3622785806655884,
      -0.07934945076704025,
      0.8843397498130798,
      0.4600509703159332,
      -0.3688521981239319,
      -0.45479750633239746,
      0.8106215596199036
    ],
    [
      0.7666980624198914,
      0.46457552909851074,
      0.4431068003177643,
      -0.4762019217014313,
      0.8744226098060608,
      -0.09282692521810532,
      -0.4305877089500427,
      -0.1398380845785141,
      0.8916499018669128
    ],
    [
      0.9916025400161743,
      0.10983902961015701,
      -0.06826220452785492,
      -0.11793147027492523,
      0.9846386313438416,
      -0.12875980138778687,
      0.05307074263691902,
      0.13572882115840912,
      0.989323616027832
    ],
    [
      0.8524165749549866,
      -0.0952092856168747,
      -0.5141217112541199,
      0.2808494567871094,
      0.9127663373947144,
      0.2966163158416748,
      0.441032350063324,
      -0.39723145961761475,
      0.8047966361045837
    ],
    [
      0.8186159729957581,
      -0.2675000727176666,
      0.5082436203956604,
      0.2288525253534317,
      0.9635534286499023,
      0.1385325789451599,
      -0.5267773866653442,
      0.002907840069383383,
      0.8499982953071594
    ],
    [
      0.9718530774116516,
      -0.18629199266433716,
      0.14421170949935913,
      0.1835242360830307,
      0.9824816584587097,
      0.03238225728273392,
      -0.1477179080247879,
      -0.005004453007131815,
      0.9890168905258179
    ],
    [
      0.26774927973747253,
      0.6970995664596558,
      -0.6651034355163574,
      -0.6892611980438232,
      0.6209261417388916,
      0.37332257628440857,
      0.673223078250885,
      0.35847318172454834,
      0.646736204624176
    ],
    [
      0.4931962788105011,
      -0.6066986918449402,
      0.6234374046325684,
      0.6528360247612,
      0.7317869663238525,
      0.19568586349487305,
      -0.5749456882476807,
      0.31049084663391113,
      0.7569893598556519
    ],
    [
      -0.5865957140922546,
      -0.3397054672241211,
      -0.7351908087730408,
      0.02946620061993599,
      0.8982245326042175,
      -0.4385480582714081,
      0.8093436360359192,
      -0.2789137363433838,
      -0.5168848037719727
    ],
    [
      0.9000858068466187,
      -0.10312463343143463,
      0.423333078622818,
      0.22725944221019745,
      0.9400740265846252,
      -0.2541927695274353,
      -0.3717508912086487,
      0.32500171661376953,
      0.8695833086967468
    ],
    [
      0.9214414954185486,
      -0.26390019059181213,
      0.2851354777812958,
      0.34191712737083435,
      0.8993271589279175,
      -0.2725861966609955,
      -0.18449456989765167,
      0.34866493940353394,
      0.9189093708992004
    ],
    [
      0.9534769058227539,
      0.029943114146590233,
      -0.29997518658638,
      -0.18843494355678558,
      0.8359109163284302,
      -0.515504777431488,
      0.23531673848628998,
      0.5480477809906006,
      0.8026641011238098
    ],
    [
      0.8397417068481445,
      0.29496926069259644,
      -0.45588043332099915,
      -0.16962847113609314,
      0.9400696158409119,
      0.29579585790634155,
      0.5158100724220276,
      -0.17106182873249054,
      0.8394508361816406
    ],
    [
      0.9119473695755005,
      -0.2902058959007263,
      0.2900561988353729,
      0.11768890172243118,
      0.8622291684150696,
      0.49265623092651367,
      -0.39306673407554626,
      -0.4151401221752167,
      0.820461630821228
    ]
  ],
  "root_rot": [
    0.031198449432849884,
    0.005453585181385279,
    0.9994984269142151,
    -0.09167419373989105,
    -0.9957545399665833,
    0.008294685743749142,
    0.9953002333641052,
    -0.0918869823217392,
    -0.03056604415178299
  ],
  "root_trans": [
    -0.2560489773750305,
    0.5765098333358765,
    2.6444127559661865
  ]
}