{
  "betas": [
    -0.8614923357963562,
    0.8695299625396729,
    1.210073709487915,
    -0.08959341049194336,
    0.26792943477630615,
    0.03721584752202034,
    -0.10493996739387512,
    0.5283502340316772,
    0.04909959435462952,
    0.558500349521637
  ],
  "joints": [
    [
      0.8893014788627625,
      -0.42655453085899353,
      0.16490614414215088,
      0.4476259648799896,
      0.8857439756393433,
      -0.12283539772033691,
      -0.093668632209301,
      0.18305398523807526,
      0.9786303043365479
    ],
    [
      0.989535927772522,
      0.13237331807613373,
      -0.057410676032304764,
      0.0014047231525182724,
      0.3890356421470642,
      0.9212216734886169,
      0.14427995681762695,
      -0.9116625785827637,
      0.38477879762649536
    ],
    [
      0.9941883683204651,
      0.1010354533791542,
      -0.03716500848531723,
      -0.10749422013759613,
      0.9504868984222412,
      -0.2915812134742737,
      0.005864805541932583,
      0.29388171434402466,
      0.9558237195014954
    ],
    [
      0.9912909865379333,
      -0.015003115870058537,
      -0.13083182275295258,
      -0.03160626068711281,
      0.9373450875282288,
      -0.34696558117866516,
      0.12784016132354736,
      0.34807902574539185,
      0.9287075400352478
    ],
    [
      0.9300708174705505,
      -0.2897583246231079,
      0.22585029900074005,
      0.19174322485923767,
      -0.1415255069732666,
      -0.9711874127388,
      0.31337323784828186,
      0.9465783834457397,
      -0.07606954872608185
    ],
    [
      0.9753564596176147,
      -0.18039968609809875,
      -0.1270265132188797,
      0.19047239422798157,
      0.9790405631065369,
      0.07210975140333176,
      0.11135553568601608,
      -0.09452775120735168,
      0.9892746806144714
    ],
    [
      0.9538143277168274,
      -0.07266555726528168,
      0.2914753556251526,
      0.042101915925741196,
      0.9930616021156311,
      0.1097998395562172,
      -0.29743167757987976,
      -0.09245698899030685,
      0.9502557516098022
    ],
    [
      0.8958907723426819,
      -0.4421291947364807,
      -0.04360641539096832,
      0.40260618925094604,
      0.8494468331336975,
      -0.34109872579574585,
      0.18785104155540466,
      0.2880309820175171,
      0.9390155076980591
    ],
    [
      0.9843584895133972,
      -0.1251022070646286,
      -0.12404758483171463,
      0.120252825319767,
      0.9916831254959106,
      -0.0458681583404541,
      0.12875409424304962,
      0.030233638361096382,
      0.9912155866622925
    ],
    [
      0.8867822885513306,
      -0.17648683488368988,
      0.4271644651889801,
      -0.19703982770442963,
      0.6916670203208923,
      0.694817841053009,
      -0.4180818498134613,
      -0.7003206014633179,
      0.5785831212997437
    ],
    [
      0.7819757461547852,
      0.2764529585838318,
      0.5586480498313904,
      -0.43898022174835205,
      0.8805420398712158,
      0.1787232607603073,
      -0.44250455498695374,
      -0.38499271869659424,
      0.8099198937416077
    ],
    [
      0.9991428852081299,
      -0.037297312170267105,
      -0.017956707626581192,
      0.03480742871761322,
      0.9917683005332947,
      -0.12322384119033813,
      0.022404810413718224,
      0.1224931925535202,
      0.9922164678573608
    ],
    [
      0.7643449306488037,
      -0.27740928530693054,
      -0.5820832252502441,
      0.504770040512085,
      0.8191361427307129,
      0.27243950963020325,
      0.4012281000614166,
      -0.5020559430122375,
      0.7661304473876953
    ],
    [
      0.915317952632904,
      -0.18001119792461395,
      0.3602624535560608,
      0.15960490703582764,
      0.9834380149841309,
      0.08588350564241409,
      -0.3697557747364044,
      -0.021111054345965385,
      0.9288891553878784
    ],
    [
      0.9898298382759094,
      -0.14150601625442505,
      0.014591461978852749,
      0.1397053599357605,
      0.9862906336784363,
      0.08782564103603363,
      -0.026819275692105293,
      -0.08489394187927246,
      0.9960290193557739
    ],
    [
      0.7569916248321533,
      0.23703236877918243,
      -0.6089166402816772,
      -0.04374680668115616,
      0.948178768157959,
      0.31471163034439087,
      0.6519585847854614,
      -0.21159590780735016,
      0.7281327843666077
    ],
    [
      0.5689345598220825,
      -0.7255381941795349,
      0.3871794044971466,
      0.77336186170578,
      0.6321333646774292,
      0.048154838383197784,
      -0.27968716621398926,
      0.27203282713890076,
      0.9207460880279541
    ],
    [
      0.3097858130931854,
      -0.0965140163898468,
      -0.945895254611969,
      0.39583855867385864,
      0.9176138639450073,
      0.036010969430208206,
      0.8644908666610718,
      -0.38557755947113037,
      0.32246771454811096
    ],
    [
      0.43945473432540894,
      0.41055768728256226,
      0.7989504337310791,
      -0.07745259255170822,
      0.9034438729286194,
      -0.42165178060531616,
      -0.8949192762374878,
      0.12341608852148056,
      0.4288214445114136
    ],
    [
      0.8625676035881042,
      -0.33648884296417236,
      0.3778257966041565,
      0.5024188756942749,
      0.6576496362686157,
      -0.5613129138946533,
      -0.05960146337747574,
      0.6739972233772278,
      0.7363256216049194
    ],
    [
      0.9176117181777954,
      0.2057010680437088,
      -0.34011155366897583,
      -0.3690497577190399,
      0.7586999535560608,
      -0.5368210077285767,
      0.14761793613433838,
      0.6181113123893738,
      0.772105872631073
    ],
    [
      0.9552497863769531,
      0.19103001058101654,
      -0.2258438616991043,
      -0.14023320376873016,
      0.9647117257118225,
      0.22285819053649902,
      0.26044684648513794,
      -0.18121442198753357,
      0.9483294486999512
    ],
    [
      0.9559650421142578,
      -0.11327922344207764,
      0.27073708176612854,
      0.09663791954517365,
      0.992559552192688,
      0.07407154142856598,
      -0.2771134674549103,
      -0.04464634135365486,
      0.9597992897033691
    ]
  ],
  "root_rot": [
    0.8398032784461975,
    0.4787190854549408,
    -0.25604385137557983,
    0.4425715506076813,
    -0.8768441677093506,
    -0.18781541287899017,
    -0.3144213855266571,
    0.044410280883312225,
    -0.948244035243988
  ],
  "root_trans": [
    0.03878378868103027,
    0.4975733160972595,
    2.470242500305176
  ]
}