{
  "betas": [
    -0.8564271330833435,
    1.2394688129425049,
    1.6635912656784058,
    -0.23187479376792908,
    -0.27945631742477417,
    -0.005945954471826553,
    0.3506905734539032,
    0.45667001605033875,
    -0.02066299319267273,
    0.3915298581123352
  ],
  "joints": [
    [
      0.93302983045578,
      -0.34557148814201355,
      -0.10017756372690201,
      0.3548029065132141,
      0.837455153465271,
      0.41567254066467285,
      -0.05975037440657616,
      -0.42337822914123535,
      0.9039804339408875
    ],
    [
      0.8498548269271851,
      0.46162086725234985,
      -0.2542693018913269,
      -0.42613843083381653,
      0.8857847452163696,
      0.18382439017295837,
      0.3100850582122803,
      -0.04787012189626694,
      0.9495028257369995
    ],
    [
      0.9868406653404236,
      -0.015569407492876053,
      0.16094429790973663,
      0.05474734678864479,
      0.9687371253967285,
      -0.241973415017128,
      -0.15214532613754272,
      0.2476004809141159,
      0.9568415880203247
    ],
    [
      0.992487907409668,
      0.12109865248203278,
      0.017404796555638313,
      -0.08883938193321228,
      0.8111754059791565,
      -0.5780156850814819,
      -0.08411525934934616,
      0.5721272826194763,
      0.8158401250839233
    ],
    [
      0.9989827275276184,
      -0.041065048426389694,
      -0.018633754923939705,
      0.027473436668515205,
      0.8818989396095276,
      -0.47063717246055603,
      0.035759828984737396,
      0.4696464538574219,
      0.8821300268173218
    ],
    [
      0.9993657469749451,
      0.023164158686995506,
      -0.027048228308558464,
      -0.02201542630791664,
      0.9988741278648376,
      0.04202217236161232,
      0.02799118123948574,
      -0.04140004143118858,
      0.9987505674362183
    ],
    [
      0.9991881847381592,
      0.02739717997610569,
      0.02953515388071537,
      -0.028493443503975868,
      0.9988956451416016,
      0.037358157336711884,
      -0.02847902663052082,
      -0.038169387727975845,
      0.9988653659820557
    ],
    [
      0.843296229839325,
      -0.3191225826740265,
      -0.43244922161102295,
      0.3158668577671051,
      0.9452870488166809,
      -0.08161218464374542,
      0.43483293056488037,
      -0.06777313351631165,
      0.8979572653770447
    ],
    [
      0.9830163717269897,
      0.013613092713057995,
      0.18301236629486084,
      -0.0032642618753015995,
      0.9983842372894287,
      -0.056729912757873535,
      -0.18348892033100128,
      0.05516903102397919,
      0.9814724922180176
    ],
    [
      0.9512709975242615,
      -0.30772221088409424,
      0.019763652235269547,
      0.23022565245628357,
      0.7514179944992065,
      0.6183584332466125,
      -0.2051333785057068,
      -0.583676278591156,
      0.7856476902961731
    ],
    [
      0.8762618899345398,
      0.2844492197036743,
      0.38891351222991943,
      -0.21269281208515167,
      0.9526023864746094,
      -0.21750955283641815,
      -0.43235039710998535,
      0.10787621885538101,
      0.8952294588088989
    ],
    [
      0.9862579703330994,
      0.13312405347824097,
      -0.09784255921840668,
      -0.13340069353580475,
      0.9910551905632019,
      0.00373839377425611,
      0.09746503829956055,
      0.009365244768559933,
      0.9951949119567871
    ],
    [
      0.8819339871406555,
      0.002495987107977271,
      -0.4713662564754486,
      0.1931835263967514,
      0.9102345108985901,
      0.36626940965652466,
      0.4299680292606354,
      -0.41408565640449524,
      0.8022845387458801
    ],
    [
      0.7441030144691467,
      -0.30283698439598083,
      0.5954833626747131,
      0.26132693886756897,
      0.9522747993469238,
      0.157737135887146,
      -0.6148324012756348,
      0.03824317455291748,
      0.7877300381660461
    ],
    [
      0.991331934928894,
      -0.018180912360548973,
      0.1301172971725464,
      0.022914616391062737,
      0.9991254210472107,
      -0.03497592732310295,
      -0.12936760485172272,
      0.037654340267181396,
      0.9908815622329712
    ],
    [
      0.21391598880290985,
      0.6338886022567749,
      -0.7432531714439392,
      -0.6333949565887451,
      0.6692505478858948,
      0.38847729563713074,
      0.7436738610267639,
      0.38767126202583313,
      0.5446652173995972
    ],
    [
      0.3925994038581848,
      -0.7189483046531677,
      0.5735669136047363,
      0.7619713544845581,
      0.6035029888153076,
      0.23491230607032776,
      -0.5150391459465027,
      0.34481513500213623,
      0.7847529053688049
    ],
    [
      -0.6277040839195251,
      -0.3483635485172272,
      -0.6961540579795837,
      0.1585450917482376,
      0.818325400352478,
      -0.5524555444717407,
      0.7621358633041382,
      -0.457150399684906,
      -0.4584348797798157
    ],
    [
      0.9272651672363281,
      0.022151516750454903,
      0.373749315738678,
      0.07511340081691742,
      0.9669466018676758,
      -0.24366417527198792,
      -0.366793155670166,
      0.25401487946510315,
      0.8949519991874695
    ],
    [
      0.8762401342391968,
      -0.35155171155929565,
      0.3295673131942749,
      0.4395396113395691,
      0.8634184002876282,
      -0.24761566519737244,
      -0.19750478863716125,
      0.36182868480682373,
      0.9110827445983887
    ],
    [
      0.8780596852302551,
      0.2983090579509735,
      -0.3741963803768158,
      -0.456768274307251,
      0.755659818649292,
      -0.4694049656391144,
      0.14273738861083984,
      0.5830866098403931,
      0.7997725605964661
    ],
    [
      0.9285609126091003,
      0.13064564764499664,
      -0.34742817282676697,
      -0.10860557854175568,
      0.9906752705574036,
      0.08226313441991806,
      0.3549358546733856,
      -0.038653694093227386,
      0.9340911507606506
    ],
    [
      0.9773772954940796,
      -0.08842974156141281,
      0.19213007390499115,
      0.05711374059319496,
      0.9850021004676819,
      0.16281579434871674,
      -0.20364625751972198,
      -0.1481591761112213,
      0.9677692651748657
    ]
  ],
  "root_rot": [
    -0.375529944896698,
    -0.0017518859822303057,
    -0.9268085956573486,
    0.12978670001029968,
    -0.9902440905570984,
    -0.050715964287519455,
    -0.9176778793334961,
    -0.13933278620243073,
    0.37209367752075195
  ],
  "root_trans": [
    0.28167158365249634,
    0.5435768365859985,
    2.534884452819824
  ]
}