{
  "betas": [
    -0.2720865309238434,
    1.221874713897705,
    1.110883355140686,
    -0.11689752340316772,
    -0.11794149875640869,
    0.15278023481369019,
    0.1093306690454483,
    0.3171398639678955,
    0.04495662450790405,
    0.28516045212745667
  ],
  "joints": [
    [
      0.9163679480552673,
      -0.3801362216472626,
      -0.1255636364221573,
      0.38674426078796387,
      0.7595489025115967,
      0.5229860544204712,
      -0.10343419760465622,
      -0.527808666229248,
      0.8430417776107788
    ],
    [
      0.8032723665237427,
      0.5585848689079285,
      -0.20672792196273804,
      -0.5341825485229492,
      0.8291577696800232,
      0.16476164758205414,
      0.2634434103965759,
      -0.021918021142482758,
      0.964425802230835
    ],
    [
      0.9805440902709961,
      -0.004869984928518534,
      0.1962382197380066,
      0.04790801554918289,
      0.9753995537757874,
      -0.21517598628997803,
      -0.19036272168159485,
      0.22039096057415009,
      0.9566555619239807
    ],
    [
      0.9841063022613525,
      0.17711883783340454,
      -0.012796728871762753,
      -0.15186381340026855,
      0.8020514249801636,
      -0.5776252150535583,
      -0.09204467386007309,
      0.5703879594802856,
      0.8162018060684204
    ],
    [
      0.9989646077156067,
      0.0086594233289361,
      0.04466204717755318,
      0.011678577400743961,
      0.9000077247619629,
      -0.4357174336910248,
      -0.04396924749016762,
      0.4357878863811493,
      0.8989747166633606
    ],
    [
      0.9949787855148315,
      -0.06296834349632263,
      -0.07779611647129059,
      0.06618048995733261,
      0.9970285296440125,
      0.03942284360527992,
      0.07508256286382675,
      -0.04437347874045372,
      0.996189534664154
    ],
    [
      0.9949401617050171,
      0.03500937297940254,
      -0.09417217969894409,
      -0.032318513840436935,
      0.9990288019180298,
      0.02994925156235695,
      0.09512922167778015,
      -0.026754207909107208,
      0.9951053261756897
    ],
    [
      0.7363677620887756,
      -0.4004116654396057,
      -0.5453742742538452,
      0.45406031608581543,
      0.8900545835494995,
      -0.040399473160505295,
      0.5015892386436462,
      -0.21788394451141357,
      0.8372185230255127
    ],
    [
      0.9883623123168945,
      -0.047386232763528824,
      0.14454923570156097,
      0.053157441318035126,
      0.9979252219200134,
      -0.03632601723074913,
      -0.1425279676914215,
      0.043587133288383484,
      0.9888306260108948
    ],
    [
      0.9237291216850281,
      -0.07011103630065918,
      0.37657514214515686,
      -0.1167319044470787,
      0.8848183751106262,
      0.4510765075683594,
      -0.36482611298561096,
      -0.460630863904953,
      0.8091483116149902
    ],
    [
      0.7561347484588623,
      0.466587096452713,
      0.45886462926864624,
      -0.47437620162963867,
      0.8738164901733398,
      -0.10682705789804459,
      -0.4508075714111328,
      -0.13689880073070526,
      0.8820608258247375
    ],
    [
      0.9899736642837524,
      0.100201815366745,
      -0.0995580330491066,
      -0.11315930634737015,
      0.9844433665275574,
      -0.13441121578216553,
      0.08454098552465439,
      0.1443294733762741,
      0.9859117865562439
    ],
    [
      0.8735044598579407,
      -0.060795027762651443,
      -0.48300501704216003,
      0.23348814249038696,
      0.9229254722595215,
      0.3060912787914276,
      0.4271688163280487,
      -0.3801480531692505,
      0.8203744292259216
    ],
    [
      0.7976088523864746,
      -0.303580641746521,
      0.521209180355072,
      0.28319287300109863,
      0.9514259696006775,
      0.1207909807562828,
      -0.532561719417572,
      0.05125877261161804,
      0.8448376655578613
    ],
    [
      0.9702526926994324,
      -0.1964370161294937,
      0.1415000855922699,
      0.1906059980392456,
      0.9801923036575317,
      0.05378137528896332,
      -0.1492619514465332,
      -0.025210754945874214,
      0.9884762763977051
    ],
    [
      0.352510541677475,
      0.6659861207008362,
      -0.6574183702468872,
      -0.6715090870857239,
      0.6693084239959717,
      0.31796514987945557,
      0.6517760157585144,
      0.32937631011009216,
      0.6831539869308472
    ],
    [
      0.5564545392990112,
      -0.5789936184883118,
      0.5959234237670898,
      0.638494610786438,
      0.7569296360015869,
      0.1392197608947754,
      -0.5316795110702515,
      0.30302438139915466,
      0.7908812165260315
    ],
    [
      -0.6563348770141602,
      -0.29752373695373535,
      -0.6933282017707825,
      0.09336846321821213,
      0.8798664808273315,
      -0.4659583866596222,
      0.7486699819564819,
      -0.3705597519874573,
      -0.5497077107429504
    ],
    [
      0.9032730460166931,
      -0.11908101290464401,
      0.41221046447753906,
      0.22817736864089966,
      0.9469180703163147,
      -0.22645345330238342,
      -0.36336326599121094,
      0.29860639572143555,
      0.8824971318244934
    ],
    [
      0.8803306221961975,
      -0.3363419473171234,
      0.33450284600257874,
      0.43285486102104187,
      0.8580405712127686,
      -0.2764110863208771,
      -0.19404837489128113,
      0.3881242871284485,
      0.9009466171264648
    ],
    [
      0.9419974684715271,
      0.14531953632831573,
      -0.30252790451049805,
      -0.29011523723602295,
      0.8057767748832703,
      -0.5162915587425232,
      0.16874267160892487,
      0.5741131901741028,
      0.8011990785598755
    ],
    [
      0.8344323635101318,
      0.301553338766098,
      -0.4612896740436554,
      -0.17148150503635406,
      0.93753582239151,
      0.3026890754699707,
      0.5237525105476379,
      -0.17347092926502228,
      0.8340210318565369
    ],
    [
      0.9122336506843567,
      -0.2863134741783142,
      0.29300928115844727,
      0.11444341391324997,
      0.8648590445518494,
      0.48879602551460266,
      -0.3933606743812561,
      -0.4123631715774536,
      0.8217202425003052
    ]
  ],
  "root_rot": [
    0.040531523525714874,
    -0.002642235718667507,
    0.9991747140884399,
    -0.11225990206003189,
    -0.993677020072937,
    0.0019261258421465755,
    0.9928518533706665,
    -0.1122453361749649,
    -0.04057186096906662
  ],
  "root_trans": [
    -0.25971055030822754,
    0.5811654329299927,
    2.643571138381958
  ]
}