{
  "betas": [
    -0.8933127522468567,
    1.116729736328125,
    1.3247345685958862,
    -0.18200036883354187,
    -0.06158250570297241,
    -0.13889455795288086,
    0.37959739565849304,
    0.5528408288955688,
    0.00670093297958374,
    0.7636145353317261
  ],
  "joints": [
    [
      0.9423759579658508,
      -0.302420049905777,
      -0.14307242631912231,
      0.3260507881641388,
      0.9260140657424927,
      0.19023366272449493,
      0.07495660334825516,
      -0.22592048346996307,
      0.9712576866149902
    ],
    [
      0.9101748466491699,
      0.3738998770713806,
      -0.1782711297273636,
      -0.3591524064540863,
      0.9267634749412537,
      0.1100863441824913,
      0.20637643337249756,
      -0.0361713171005249,
      0.9778038263320923
    ],
    [
      0.9888335466384888,
      -0.020463667809963226,
      0.14761249721050262,
      0.04270033910870552,
      0.9879013299942017,
      -0.1490892618894577,
      -0.14277568459510803,
      0.15372757613658905,
      0.9777438044548035
    ],
    [
      0.98983234167099,
      0.05819683149456978,
      -0.12978823482990265,
      -0.10973400622606277,
      0.8930031061172485,
      -0.43646755814552307,
      0.09050026535987854,
      0.4462719261646271,
      0.8903095126152039
    ],
    [
      0.9979915618896484,
      0.03435330092906952,
      0.05322229117155075,
      -0.01423206739127636,
      0.940295934677124,
      -0.34006020426750183,
      -0.061726897954940796,
      0.33861976861953735,
      0.9388962984085083
    ],
    [
      0.997104823589325,
      0.07577161490917206,
      -0.006379780359566212,
      -0.07497560977935791,
      0.9936716556549072,
      0.08363775908946991,
      0.012676777318120003,
      -0.08291728049516678,
      0.9964758157730103
    ],
    [
      0.9645434021949768,
      0.12663093209266663,
      -0.23156121373176575,
      -0.106687031686306,
      0.9895731210708618,
      0.09676187485456467,
      0.24139980971813202,
      -0.06862645596265793,
      0.9679961204528809
    ],
    [
      0.8884914517402649,
      -0.4196001887321472,
      -0.18579167127609253,
      0.41465386748313904,
      0.9075342416763306,
      -0.06666141003370285,
      0.19658344984054565,
      -0.017811136320233345,
      0.9803252220153809
    ],
    [
      0.9855156540870667,
      0.08481404185295105,
      0.14685145020484924,
      -0.07288911193609238,
      0.9937307834625244,
      -0.08477243036031723,
      -0.15312069654464722,
      0.07284069061279297,
      0.985519289970398
    ],
    [
      0.9703670740127563,
      -0.236426442861557,
      -0.049902766942977905,
      0.2147136926651001,
      0.7489314079284668,
      0.6268969774246216,
      -0.11084127426147461,
      -0.6190349459648132,
      0.7775023579597473
    ],
    [
      0.8981292247772217,
      0.41404834389686584,
      0.14808021485805511,
      -0.39790865778923035,
      0.908577561378479,
      -0.12710413336753845,
      -0.1871696263551712,
      0.05523354932665825,
      0.9807735085487366
    ],
    [
      0.9894833564758301,
      0.1021602526307106,
      0.10240111500024796,
      -0.10910975188016891,
      0.991920530796051,
      0.06472034007310867,
      -0.09496191889047623,
      -0.07521265745162964,
      0.9926355481147766
    ],
    [
      0.9667919874191284,
      0.04450082406401634,
      -0.2516602873802185,
      0.02598172426223755,
      0.9625064730644226,
      0.2700118124485016,
      0.25424036383628845,
      -0.26758381724357605,
      0.9293873310089111
    ],
    [
      0.8399325609207153,
      -0.03876933455467224,
      0.541304349899292,
      -0.14654703438282013,
      0.944186270236969,
      0.29501909017562866,
      -0.5225298404693604,
      -0.32712265849113464,
      0.7873712778091431
    ],
    [
      0.9039149880409241,
      0.030658917501568794,
      0.42661190032958984,
      -0.03748708218336105,
      0.9992681741714478,
      0.007615023758262396,
      -0.42606616020202637,
      -0.022875769063830376,
      0.9044027924537659
    ],
    [
      0.48787379264831543,
      0.6746713519096375,
      -0.5538933277130127,
      -0.7575584053993225,
      0.6424979567527771,
      0.11533264815807343,
      0.43368691205978394,
      0.36333879828453064,
      0.8245608806610107
    ],
    [
      0.4787802994251251,
      -0.5911661386489868,
      0.6490699648857117,
      0.4089154899120331,
      0.804384171962738,
      0.4309920072555542,
      -0.7768896222114563,
      0.05906429886817932,
      0.6268602609634399
    ],
    [
      -0.46674680709838867,
      -0.3756959140300751,
      -0.800624668598175,
      0.06813929975032806,
      0.887316107749939,
      -0.45609986782073975,
      0.8817620873451233,
      -0.2674371600151062,
      -0.38855230808258057
    ],
    [
      -0.08513812720775604,
      0.34105467796325684,
      0.9361801147460938,
      -0.2795800268650055,
      0.8936662673950195,
      -0.35099226236343384,
      -0.9563401341438293,
      -0.29162007570266724,
      0.0192670039832592
    ],
    [
      0.9639267325401306,
      -0.18558739125728607,
      0.19079440832138062,
      0.22486597299575806,
      0.9513393640518188,
      -0.21068619191646576,
      -0.1424095332622528,
      0.24598924815654755,
      0.9587537050247192
    ],
    [
      0.9393934607505798,
      0.2338511198759079,
      -0.2507059872150421,
      -0.32599377632141113,
      0.8356847167015076,
      -0.4419942796230316,
      0.10615035146474838,
      0.4969351589679718,
      0.8612707853317261
    ],
    [
      0.9621407389640808,
      0.0562225803732872,
      -0.2666914761066437,
      -0.03313165158033371,
      0.9953625202178955,
      0.09030871093273163,
      0.27053210139274597,
      -0.07805375754833221,
      0.9595415592193604
    ],
    [
      0.9892355799674988,
      -0.03897148370742798,
      0.14104700088500977,
      0.02671576291322708,
      0.9957829117774963,
      0.08776465803384781,
      -0.14387251436710358,
      -0.08305173367261887,
      0.9861050248146057
    ]
  ],
  "root_rot": [
    -0.8669388890266418,
    -0.03052356466650963,
    -0.4974789619445801,
    0.089372918009758,
    -0.9914655089378357,
    -0.09491417557001114,
    -0.4903360903263092,
    -0.12674593925476074,
    0.8622679710388184
  ],
  "root_trans": [
    0.20121395587921143,
    0.47700390219688416,
    2.794275999069214
  ]
}