{
  "betas": [
    -0.6176993250846863,
    1.075502634048462,
    1.4456408023834229,
    0.2708858847618103,
    0.20998753607273102,
    -0.481362521648407,
    -0.18387794494628906,
    0.4735642671585083,
    0.03862176835536957,
    0.3574597239494324
  ],
  "joints": [
    [
      0.8833613991737366,
      -0.4684794545173645,
      -0.014128834940493107,
      0.4665399193763733,
      0.8760190010070801,
      0.12219347059726715,
      -0.04486800357699394,
      -0.11453266441822052,
      0.9924057126045227
    ],
    [
      0.9503278136253357,
      0.3050984740257263,
      -0.061577796936035156,
      -0.27106449007987976,
      0.9085054993629456,
      0.3180280029773712,
      0.15297362208366394,
      -0.2855393588542938,
      0.946079432964325
    ],
    [
      0.9976486563682556,
      0.013397160917520523,
      0.06721426546573639,
      -0.0014758663019165397,
      0.984680712223053,
      -0.17436081171035767,
      -0.06852053105831146,
      0.1738516092300415,
      0.9823851585388184
    ],
    [
      0.9892803430557251,
      -0.00396983465179801,
      -0.14597466588020325,
      -0.01266853790730238,
      0.9935284852981567,
      -0.11287502944469452,
      0.14547806978225708,
      0.11351434141397476,
      0.98282790184021
    ],
    [
      0.9999009370803833,
      0.0026119169779121876,
      -0.013826841488480568,
      -0.010024026036262512,
      0.821824312210083,
      -0.569652795791626,
      0.009875349700450897,
      0.569735050201416,
      0.8217690587043762
    ],
    [
      0.9928365349769592,
      0.02361002005636692,
      -0.11712484061717987,
      -0.029339499771595,
      0.9984432458877563,
      -0.04743698239326477,
      0.11582251638174057,
      0.05053354799747467,
      0.9919836521148682
    ],
    [
      0.9835091233253479,
      0.1778552383184433,
      0.03282548859715462,
      -0.17206040024757385,
      0.9760431051254272,
      -0.1331736147403717,
      -0.055724721401929855,
      0.12532947957515717,
      0.9905491471290588
    ],
    [
      0.9111668467521667,
      -0.19861212372779846,
      -0.3610100746154785,
      0.2791474461555481,
      0.9420022964477539,
      0.1863018125295639,
      0.3030705451965332,
      -0.27052706480026245,
      0.9137633442878723
    ],
    [
      0.9973205327987671,
      0.0381958894431591,
      0.062392596155405045,
      -0.035851649940013885,
      0.9986240863800049,
      -0.03826985880732536,
      -0.06376849859952927,
      0.035930436104536057,
      0.9973176717758179
    ],
    [
      0.9532983899116516,
      -0.21735495328903198,
      0.20971162617206573,
      0.029905913397669792,
      0.7588571310043335,
      0.6505700945854187,
      -0.3005458116531372,
      -0.6139158010482788,
      0.7299174666404724
    ],
    [
      0.8845750689506531,
      0.29654115438461304,
      0.35998648405075073,
      -0.3733234703540802,
      0.9128393530845642,
      0.16538994014263153,
      -0.2795649468898773,
      -0.2806912064552307,
      0.9181807041168213
    ],
    [
      0.9349753856658936,
      0.2555482089519501,
      0.24600033462047577,
      -0.24296614527702332,
      0.9666684865951538,
      -0.08074380457401276,
      -0.2584346830844879,
      0.015723710879683495,
      0.9659007787704468
    ],
    [
      0.9097479581832886,
      0.026871545240283012,
      -0.41429057717323303,
      0.05754999816417694,
      0.9801062941551208,
      0.18994630873203278,
      0.41115298867225647,
      -0.19664566218852997,
      0.8901032209396362
    ],
    [
      0.8728818893432617,
      -0.18652160465717316,
      0.4508735239505768,
      0.15641342103481293,
      0.9822502732276917,
      0.10353342443704605,
      -0.4621818959712982,
      -0.019849779084324837,
      0.8865629434585571
    ],
    [
      0.9076672196388245,
      -0.19092468917369843,
      0.3737485706806183,
      0.15664099156856537,
      0.9802943468093872,
      0.12036032974720001,
      -0.3893633782863617,
      -0.0507027767598629,
      0.9196876883506775
    ],
    [
      0.28718021512031555,
      0.7327873110771179,
      -0.6168875694274902,
      -0.8212425708770752,
      0.5198470950126648,
      0.23520119488239288,
      0.49303963780403137,
      0.4390692710876465,
      0.7510859370231628
    ],
    [
      0.38414761424064636,
      -0.687023401260376,
      0.616789698600769,
      0.8152139186859131,
      0.5660070776939392,
      0.12272842228412628,
      -0.43342462182044983,
      0.45566970109939575,
      0.7775013446807861
    ],
    [
      -0.5704213976860046,
      -0.3448609411716461,
      -0.7454464435577393,
      -0.0011755676241591573,
      0.9079262018203735,
      -0.4191283881664276,
      0.8213514089584351,
      -0.2382034957408905,
      -0.5183059573173523
    ],
    [
      0.3452323377132416,
      0.3308640122413635,
      0.8782616853713989,
      0.34671279788017273,
      0.8246368169784546,
      -0.4469500482082367,
      -0.872126579284668,
      0.45880621671676636,
      0.16997650265693665
    ],
    [
      0.9487988948822021,
      -0.3036274015903473,
      0.08712650090456009,
      0.3158271610736847,
      0.9067624807357788,
      -0.2793474793434143,
      0.005814509000629187,
      0.29256153106689453,
      0.956229031085968
    ],
    [
      0.9693524837493896,
      0.16864749789237976,
      -0.17864423990249634,
      -0.22850863635540009,
      0.8859723210334778,
      -0.40353044867515564,
      0.09021945297718048,
      0.4319849908351898,
      0.8973568677902222
    ],
    [
      0.9267730712890625,
      0.2300359457731247,
      -0.2969430387020111,
      -0.14290812611579895,
      0.9470234513282776,
      0.287617564201355,
      0.3473743796348572,
      -0.224120631814003,
      0.9105498194694519
    ],
    [
      0.8591232299804688,
      -0.2993926405906677,
      0.4150557518005371,
      0.10386410355567932,
      0.8961471915245056,
      0.4314306974411011,
      -0.5011182427406311,
      -0.3275427520275116,
      0.8009970188140869
    ]
  ],
  "root_rot": [
    0.5385697484016418,
    -0.07528174668550491,
    0.8392110466957092,
    -0.1599138230085373,
    -0.9870305061340332,
    0.014083907008171082,
    0.8272666335105896,
    -0.1417866200208664,
    -0.5436233878135681
  ],
  "root_trans": [
    -0.373603492975235,
    0.5959763526916504,
    2.4244980812072754
  ]
}