{
  "betas": [
    -0.02749541401863098,
    0.6427584886550903,
    0.9604784250259399,
    0.3273079991340637,
    0.2443973869085312,
    0.06182429566979408,
    -0.030370891094207764,
    0.5546764135360718,
    0.07804998755455017,
    0.5643601417541504
  ],
  "joints": [
    [
      0.9768432378768921,
      -0.09835023432970047,
      -0.19001170992851257,
      0.18798770010471344,
      0.8185991644859314,
      0.5427301526069641,
      0.10216578096151352,
      -0.5658822059631348,
      0.818131685256958
    ],
    [
      0.9496861696243286,
      0.16433905065059662,
      -0.2666248083114624,
      -0.23374615609645844,
      0.9385040402412415,
      -0.2541123032569885,
      0.20846784114837646,
      0.3036494851112366,
      0.9296979308128357
    ],
    [
      0.9629455804824829,
      -0.03616887703537941,
      0.2672594487667084,
      0.05874576419591904,
      0.9953014850616455,
      -0.0769665464758873,
      -0.2632199227809906,
      0.08981495350599289,
      0.9605459570884705
    ],
    [
      0.9968710541725159,
      0.07904278486967087,
      -0.0005309730186127126,
      -0.06889089941978455,
      0.8655049800872803,
      -0.4961402118206024,
      -0.03875673934817314,
      0.49462443590164185,
      0.8682422041893005
    ],
    [
      0.9935328960418701,
      -0.021323107182979584,
      0.11152429133653641,
      0.03583740070462227,
      0.9908913373947144,
      -0.12980809807777405,
      -0.10774053633213043,
      0.1329653561115265,
      0.9852473139762878
    ],
    [
      0.9969261288642883,
      -0.04328181594610214,
      -0.06530743837356567,
      0.053392451256513596,
      0.9853423833847046,
      0.16201725602149963,
      0.057337790727615356,
      -0.1650061458349228,
      0.9846245050430298
    ],
    [
      0.9977419376373291,
      0.0466802604496479,
      -0.04829041287302971,
      -0.04790307208895683,
      0.9985519051551819,
      -0.024481937289237976,
      0.047077663242816925,
      0.02673991397023201,
      0.9985332489013672
    ],
    [
      0.9054456353187561,
      -0.2658078670501709,
      -0.33092957735061646,
      0.37130260467529297,
      0.873779833316803,
      0.314075231552124,
      0.2056758999824524,
      -0.40725305676460266,
      0.8898552656173706
    ],
    [
      0.9816397428512573,
      -0.039921656250953674,
      0.18652008473873138,
      0.060941532254219055,
      0.9922423362731934,
      -0.1083565503358841,
      -0.180747389793396,
      0.1177339106798172,
      0.976457417011261
    ],
    [
      0.9073287844657898,
      -0.1521775871515274,
      0.3919138014316559,
      -0.0808774009346962,
      0.8516017198562622,
      0.5179125666618347,
      -0.4125691056251526,
      -0.501613974571228,
      0.7603750228881836
    ],
    [
      0.8371052742004395,
      0.378081351518631,
      0.3953596353530884,
      -0.37247785925865173,
      0.9232439398765564,
      -0.09423857927322388,
      -0.4006432294845581,
      -0.06837509572505951,
      0.913679301738739
    ],
    [
      0.966858983039856,
      -0.032796166837215424,
      -0.2531958818435669,
      -0.005258412566035986,
      0.9889468550682068,
      -0.14817695319652557,
      0.25525692105293274,
      0.1445976197719574,
      0.9559996724128723
    ],
    [
      0.876134991645813,
      -0.3001123070716858,
      -0.37725338339805603,
      0.44140422344207764,
      0.8140095472335815,
      0.37755903601646423,
      0.19377772510051727,
      -0.497313916683197,
      0.8456531167030334
    ],
    [
      0.885768473148346,
      -0.11139751225709915,
      0.4505605101585388,
      0.00012620474444702268,
      0.9708269834518433,
      0.23978115618228912,
      -0.4641273021697998,
      -0.21233372390270233,
      0.8599420189857483
    ],
    [
      0.9844341278076172,
      -0.07271938771009445,
      -0.16000407934188843,
      0.07973646372556686,
      0.9960963129997253,
      0.037872690707445145,
      0.15662537515163422,
      -0.050041329115629196,
      0.9863895773887634
    ],
    [
      0.897707998752594,
      0.11365950852632523,
      -0.42567819356918335,
      -0.06375283002853394,
      0.9894943833351135,
      0.1297554075717926,
      0.43595409393310547,
      -0.08934428542852402,
      0.8955231308937073
    ],
    [
      0.7847793102264404,
      -0.22097545862197876,
      0.5790435075759888,
      0.07035378366708755,
      0.9600028991699219,
      0.27100709080696106,
      -0.6157693266868591,
      -0.1719428449869156,
      0.7689368724822998
    ],
    [
      0.22768905758857727,
      -0.05929996073246002,
      -0.9719266295433044,
      0.36963874101638794,
      0.9286933541297913,
      0.029931500554084778,
      0.9008467793464661,
      -0.366076797246933,
      0.23337288200855255
    ],
    [
      0.7934008836746216,
      0.25912824273109436,
      0.5507882237434387,
      -0.38291046023368835,
      0.9158676862716675,
      0.12068948149681091,
      -0.4731750786304474,
      -0.30665773153305054,
      0.8258731365203857
    ],
    [
      0.9657475352287292,
      0.10836397856473923,
      0.23577304184436798,
      0.060419969260692596,
      0.7897399067878723,
      -0.6104590892791748,
      -0.25235116481781006,
      0.6037947535514832,
      0.7561420202255249
    ],
    [
      0.9701762199401855,
      -0.03916995972394943,
      -0.23921477794647217,
      -0.10566136986017227,
      0.8198323845863342,
      -0.562770426273346,
      0.2181597501039505,
      0.5712623596191406,
      0.7912431359291077
    ],
    [
      0.9131278991699219,
      0.1526770144701004,
      -0.3780043125152588,
      -0.08544577658176422,
      0.9783042073249817,
      0.1887323558330536,
      0.39861828088760376,
      -0.1400378942489624,
      0.9063624739646912
    ],
    [
      0.9723520278930664,
      -0.14041192829608917,
      0.18659038841724396,
      0.09082166105508804,
      0.9635153412818909,
      0.25177308917045593,
      -0.2151346355676651,
      -0.22786563634872437,
      0.9496285319328308
    ]
  ],
  "root_rot": [
    -0.3205254077911377,
    -0.05676208809018135,
    0.9455377459526062,
    -0.0697619616985321,
    -0.9940776228904724,
    -0.08332444727420807,
    0.9446675777435303,
    -0.09267016500234604,
    0.31466731429100037
  ],
  "root_trans": [
    -0.31882837414741516,
    0.5899084806442261,
    2.5679430961608887
  ]
}