{
  "betas": [
    -0.6846672892570496,
    1.1894960403442383,
    1.2968902587890625,
    0.08351022005081177,
    0.13186052441596985,
    -0.3031086027622223,
    0.364174485206604,
    0.9198049902915955,
    0.21136291325092316,
    1.3083398342132568
  ],
  "joints": [
    [
      0.9288479685783386,
      -0.36769431829452515,
      0.04519255459308624,
      0.3347310423851013,
      0.8852644562721252,
      0.32289621233940125,
      -0.15873447060585022,
      -0.2847941219806671,
      0.9453548192977905
    ],
    [
      0.9595240354537964,
      0.17747613787651062,
      -0.21866841614246368,
      -0.16943489015102386,
      0.9839972257614136,
      0.05514812842011452,
      0.22495657205581665,
      -0.01586589217185974,
      0.9742396473884583
    ],
    [
      0.9978517293930054,
      -0.013598705641925335,
      0.06408620625734329,
      0.021786270663142204,
      0.9914250373840332,
      -0.1288478672504425,
      -0.06178450584411621,
      0.12996725738048553,
      0.9895914793014526
    ],
    [
      0.9981474280357361,
      0.02613407000899315,
      0.05494270101189613,
      -0.01101511437445879,
      0.9657460451126099,
      -0.2592550218105316,
      -0.05983608961105347,
      0.2581695318222046,
      0.9642447829246521
    ],
    [
      0.9996169209480286,
      -0.026271672919392586,
      0.008703618310391903,
      0.02721872180700302,
      0.876301646232605,
      -0.48099327087402344,
      0.005009504500776529,
      0.4810459315776825,
      0.8766810297966003
    ],
    [
      0.9910072088241577,
      0.10356877744197845,
      -0.0847243070602417,
      -0.1005467027425766,
      0.9941596984863281,
      0.039202120155096054,
      0.08828961104154587,
      -0.030330831184983253,
      0.9956329464912415
    ],
    [
      0.9796890020370483,
      0.13075017929077148,
      0.15203231573104858,
      -0.08803334832191467,
      0.9616536498069763,
      -0.25975465774536133,
      -0.1801653951406479,
      0.24109488725662231,
      0.9536318778991699
    ],
    [
      0.9332476854324341,
      -0.1342257857322693,
      -0.33321502804756165,
      0.22281897068023682,
      0.9438697695732117,
      0.24384737014770508,
      0.28178098797798157,
      -0.3018166124820709,
      0.9107723236083984
    ],
    [
      0.9956962466239929,
      0.0873342752456665,
      0.03100970759987831,
      -0.08676086366176605,
      0.9960405826568604,
      -0.019382178783416748,
      -0.032579656690359116,
      0.016608336940407753,
      0.9993310570716858
    ],
    [
      0.9696112871170044,
      -0.2265557497739792,
      0.09233895689249039,
      0.16725285351276398,
      0.8892943263053894,
      0.4256548285484314,
      -0.1785510778427124,
      -0.39727577567100525,
      0.9001619219779968
    ],
    [
      0.9232664704322815,
      0.3272867202758789,
      0.20115290582180023,
      -0.31298550963401794,
      0.9444648027420044,
      -0.10013159364461899,
      -0.22275356948375702,
      0.029490191489458084,
      0.974428653717041
    ],
    [
      0.9689793586730957,
      0.14751796424388885,
      0.19828645884990692,
      -0.11250349134206772,
      0.9776574373245239,
      -0.1775636523962021,
      -0.22005006670951843,
      0.1497475802898407,
      0.9639261364936829
    ],
    [
      0.9123125672340393,
      0.4089982211589813,
      -0.020154297351837158,
      -0.40428057312965393,
      0.9074338674545288,
      0.11454690992832184,
      0.06513817608356476,
      -0.09635459631681442,
      0.9932133555412292
    ],
    [
      0.9930016398429871,
      0.0996902734041214,
      0.0633215680718422,
      -0.10896269977092743,
      0.9801470637321472,
      0.16564670205116272,
      -0.045551083981990814,
      -0.17138712108135223,
      0.9841501712799072
    ],
    [
      0.8154209852218628,
      -0.08406282216310501,
      0.5727320909500122,
      0.04948558285832405,
      0.9959004521369934,
      0.07571886479854584,
      -0.576749324798584,
      -0.0334007702767849,
      0.8162380456924438
    ],
    [
      0.7798547148704529,
      0.5617396235466003,
      -0.276179701089859,
      -0.6108627319335938,
      0.779283344745636,
      -0.13987211883068085,
      0.13665051758289337,
      0.27778780460357666,
      0.9508735537528992
    ],
    [
      0.9694904088973999,
      -0.022751132026314735,
      0.2440711408853531,
      -0.09290508925914764,
      0.8872972130775452,
      0.4517437219619751,
      -0.2268413007259369,
      -0.4606366455554962,
      0.8581124544143677
    ],
    [
      0.917908787727356,
      -0.06884722411632538,
      -0.39077305793762207,
      -0.02457762323319912,
      0.9730759859085083,
      -0.22917041182518005,
      0.39602962136268616,
      0.21996180713176727,
      0.8915029168128967
    ],
    [
      -0.22562003135681152,
      -0.021798312664031982,
      0.9739715456962585,
      -0.6833889484405518,
      0.716055691242218,
      -0.14228078722953796,
      -0.6943163275718689,
      -0.6977027654647827,
      -0.17645323276519775
    ],
    [
      0.9971041083335876,
      -0.07112379372119904,
      0.026922082528471947,
      0.0729026347398758,
      0.793186604976654,
      -0.6045992970466614,
      0.021647166460752487,
      0.6048111319541931,
      0.7960747480392456
    ],
    [
      0.7644380927085876,
      0.643027126789093,
      -0.04637455940246582,
      -0.6229330897331238,
      0.7181857228279114,
      -0.3101027011871338,
      -0.16609889268875122,
      0.2659425437450409,
      0.949571430683136
    ],
    [
      0.9677370190620422,
      0.1850443184375763,
      -0.17100779712200165,
      -0.15847496688365936,
      0.9746633768081665,
      0.1578514128923416,
      0.19588452577590942,
      -0.12565819919109344,
      0.9725427031517029
    ],
    [
      0.9628987312316895,
      -0.20063024759292603,
      0.18048174679279327,
      0.17938728630542755,
      0.9755015969276428,
      0.12734487652778625,
      -0.20160949230194092,
      -0.09024409204721451,
      0.9752997756004333
    ]
  ],
  "root_rot": [
    -0.5810491442680359,
    0.06021199747920036,
    -0.8116381168365479,
    0.08719511330127716,
    -0.9869140982627869,
    -0.13563768565654755,
    -0.8091840744018555,
    -0.14958304166793823,
    0.5681954026222229
  ],
  "root_trans": [
    0.4144311249256134,
    0.4748309254646301,
    2.8653998374938965
  ]
}