{
  "betas": [
    -0.7312244772911072,
    1.0853594541549683,
    1.3633127212524414,
    0.06222200393676758,
    -0.3097561001777649,
    -0.16459950804710388,
    0.13649645447731018,
    0.7855057120323181,
    0.2654128968715668,
    1.257413387298584
  ],
  "joints": [
    [
      0.9527216553688049,
      -0.3038197159767151,
      0.0038736213464289904,
      0.2862815260887146,
      0.9018509387969971,
      0.32358595728874207,
      -0.10180521011352539,
      -0.30717840790748596,
      0.9461908936500549
    ],
    [
      0.973214328289032,
      0.12400273233652115,
      -0.1935904622077942,
      -0.13840827345848083,
      0.9883885383605957,
      -0.0626995787024498,
      0.18356767296791077,
      0.08781465142965317,
      0.9790769219398499
    ],
    [
      0.9960036277770996,
      -0.011609649285674095,
      0.0885547399520874,
      0.02083979919552803,
      0.9943557977676392,
      -0.10403051972389221,
      -0.08684714883565903,
      0.10546024143695831,
      0.990623950958252
    ],
    [
      0.9946370720863342,
      0.023919297382235527,
      0.10062291473150253,
      -0.006042897701263428,
      0.9846678972244263,
      -0.17433488368988037,
      -0.10325011610984802,
      0.17279188334941864,
      0.9795317649841309
    ],
    [
      0.9998854398727417,
      -0.014765603467822075,
      0.0033456215169280767,
      0.015083265490829945,
      0.9906136393547058,
      -0.13585682213306427,
      -0.0013082103105261922,
      0.13589170575141907,
      0.9907228946685791
    ],
    [
      0.9932563900947571,
      -0.00986952893435955,
      -0.11551742255687714,
      0.006182320881634951,
      0.9994612336158752,
      -0.032233912497758865,
      0.11577332019805908,
      0.031302377581596375,
      0.9927822947502136
    ],
    [
      0.9808744192123413,
      0.18769210577011108,
      0.05154746398329735,
      -0.16779261827468872,
      0.9495986700057983,
      -0.26477915048599243,
      -0.09864635765552521,
      0.25106579065322876,
      0.9629303812980652
    ],
    [
      0.9531795978546143,
      -0.257284551858902,
      -0.15891294181346893,
      0.2777721583843231,
      0.9526419639587402,
      0.12375754117965698,
      0.11954623460769653,
      -0.1621047407388687,
      0.9795053601264954
    ],
    [
      0.998860776424408,
      0.008028973825275898,
      0.04704044759273529,
      -0.00853842031210661,
      0.9999070167541504,
      0.010639154352247715,
      -0.04695064574480057,
      -0.011028684675693512,
      0.9988364577293396
    ],
    [
      0.9009121060371399,
      -0.4175204336643219,
      0.11846555769443512,
      0.29309260845184326,
      0.786619246006012,
      0.5434398651123047,
      -0.3200845420360565,
      -0.45487019419670105,
      0.8310469388961792
    ],
    [
      0.9379093647003174,
      0.2954149842262268,
      0.18181286752223969,
      -0.23547840118408203,
      0.9270958304405212,
      -0.2916216254234314,
      -0.25470736622810364,
      0.23070167005062103,
      0.9390957355499268
    ],
    [
      0.9911028742790222,
      0.13309340178966522,
      0.0011498790699988604,
      -0.1329384595155716,
      0.9902985692024231,
      -0.04044945165514946,
      -0.006522278301417828,
      0.03993670269846916,
      0.9991809725761414
    ],
    [
      0.9754193425178528,
      0.20899638533592224,
      -0.06983993202447891,
      -0.19386279582977295,
      0.964576005935669,
      0.17891444265842438,
      0.10475839674472809,
      -0.16097724437713623,
      0.9813827276229858
    ],
    [
      0.9470937848091125,
      -0.31221717596054077,
      0.07439012080430984,
      0.3187280595302582,
      0.9421737790107727,
      -0.10354211181402206,
      -0.03776079788804054,
      0.12177429348230362,
      0.9918392896652222
    ],
    [
      0.9815053343772888,
      -0.05362297222018242,
      0.1837712824344635,
      0.06603848189115524,
      0.9958818554878235,
      -0.062115125358104706,
      -0.17968368530273438,
      0.07310230284929276,
      0.981004536151886
    ],
    [
      0.5757248997688293,
      0.5945152640342712,
      -0.5613309144973755,
      -0.6171329617500305,
      0.7663092017173767,
      0.17865346372127533,
      0.536365270614624,
      0.2435605525970459,
      0.8080782294273376
    ],
    [
      0.6136536598205566,
      -0.7720810770988464,
      0.16528773307800293,
      0.789567232131958,
      0.5991021394729614,
      -0.13289153575897217,
      0.0035787932574748993,
      0.21205514669418335,
      0.9772511124610901
    ],
    [
      -0.08254691958427429,
      -0.31447499990463257,
      -0.9456698894500732,
      0.4215293526649475,
      0.8488284349441528,
      -0.31906619668006897,
      0.903049886226654,
      -0.4249655604362488,
      0.06249227374792099
    ],
    [
      0.41262081265449524,
      0.30084046721458435,
      0.8597900867462158,
      0.057775333523750305,
      0.9333438873291016,
      -0.3543038070201874,
      -0.909068763256073,
      0.19586780667304993,
      0.36773595213890076
    ],
    [
      0.9504023790359497,
      -0.26626908779144287,
      0.16073580086231232,
      0.306240439414978,
      0.8914150595664978,
      -0.33405980467796326,
      -0.054332513362169266,
      0.36671507358551025,
      0.9287453293800354
    ],
    [
      0.9685843586921692,
      0.07224142551422119,
      0.23796123266220093,
      0.025360291823744774,
      0.9231954216957092,
      -0.3834933340549469,
      -0.2473888099193573,
      0.3774804174900055,
      0.8923605680465698
    ],
    [
      0.9789354801177979,
      0.12553854286670685,
      -0.16101348400115967,
      -0.12071199715137482,
      0.9919031858444214,
      0.03945521265268326,
      0.1646629422903061,
      -0.019187849014997482,
      0.9861632585525513
    ],
    [
      0.8670805096626282,
      -0.2326253205537796,
      0.44051870703697205,
      0.18795029819011688,
      0.9716870784759521,
      0.14317427575588226,
      -0.46135231852531433,
      -0.04134799912571907,
      0.8862529397010803
    ]
  ],
  "root_rot": [
    -0.08770979940891266,
    0.04398268833756447,
    -0.9951745867729187,
    0.1303989291191101,
    -0.9899213910102844,
    -0.05524323508143425,
    -0.9875742793083191,
    -0.13461507856845856,
    0.08109050989151001
  ],
  "root_trans": [
    0.5117812156677246,
    0.4760012626647949,
    2.704014539718628
  ]
}