{
  "betas": [
    -0.8517917990684509,
    1.270372986793518,
    1.7852553129196167,
    -0.22492465376853943,
    -0.2603154182434082,
    -0.09999320656061172,
    0.34071677923202515,
    0.4454374313354492,
    -0.08759087324142456,
    0.3475908935070038
  ],
  "joints": [
    [
      0.9149827361106873,
      -0.3943944275379181,
      -0.08520282059907913,
      0.3947463035583496,
      0.8312349319458008,
      0.39143815636634827,
      -0.08355747163295746,
      -0.3917926847934723,
      0.9162513613700867
    ],
    [
      0.8453600406646729,
      0.492634117603302,
      -0.20658673346042633,
      -0.440166711807251,
      0.8614890575408936,
      0.2531599700450897,
      0.302687406539917,
      -0.12307870388031006,
      0.9451095461845398
    ],
    [
      0.9902923107147217,
      -0.016590721905231476,
      0.1380060613155365,
      0.05376323685050011,
      0.9612947702407837,
      -0.27022552490234375,
      -0.12818127870559692,
      0.2750220000743866,
      0.9528548121452332
    ],
    [
      0.9902432560920715,
      0.1391053944826126,
      -0.008242487907409668,
      -0.11462093144655228,
      0.7794533967971802,
      -0.6158850789070129,
      -0.07924830913543701,
      0.6108208298683167,
      0.7877928614616394
    ],
    [
      0.9984621405601501,
      -0.05314793437719345,
      -0.015767009928822517,
      0.034673433750867844,
      0.8206158876419067,
      -0.5704272389411926,
      0.04325569421052933,
      0.5690033435821533,
      0.8211967349052429
    ],
    [
      0.9994069337844849,
      0.022915784269571304,
      -0.02570447139441967,
      -0.021869618445634842,
      0.9989495277404785,
      0.04026797041296959,
      0.026600243523716927,
      -0.03968193754553795,
      0.9988582730293274
    ],
    [
      0.9995344877243042,
      0.01055842638015747,
      0.02862495183944702,
      -0.012188265100121498,
      0.9982782602310181,
      0.05737505480647087,
      -0.027969880029559135,
      -0.05769723281264305,
      0.9979422092437744
    ],
    [
      0.8678869605064392,
      -0.30382853746414185,
      -0.3930146098136902,
      0.3183898329734802,
      0.9475039839744568,
      -0.02939430996775627,
      0.3813137710094452,
      -0.09962091594934464,
      0.9190622568130493
    ],
    [
      0.9845214486122131,
      0.017184985801577568,
      0.17441970109939575,
      -0.007833804935216904,
      0.9985014200210571,
      -0.05416065454483032,
      -0.17508909106254578,
      0.05195595696568489,
      0.9831807017326355
    ],
    [
      0.9662012457847595,
      -0.25457146763801575,
      0.0406012237071991,
      0.17281098663806915,
      0.7564869523048401,
      0.6307644248008728,
      -0.19128894805908203,
      -0.6024290919303894,
      0.7749114036560059
    ],
    [
      0.8759459257125854,
      0.2996280789375305,
      0.37807634472846985,
      -0.22844871878623962,
      0.9479182958602905,
      -0.22195056080818176,
      -0.42488813400268555,
      0.10804565250873566,
      0.8987748026847839
    ],
    [
      0.988135576248169,
      0.13802652060985565,
      -0.06735553592443466,
      -0.13760189712047577,
      0.9904273748397827,
      0.01092576514929533,
      0.06821881234645844,
      -0.0015278877690434456,
      0.9976692199707031
    ],
    [
      0.8588264584541321,
      0.03693358600139618,
      -0.510933518409729,
      0.1867760419845581,
      0.9061617255210876,
      0.37945449352264404,
      0.4770030081272125,
      -0.4213156998157501,
      0.7713373303413391
    ],
    [
      0.7267351150512695,
      -0.3011714816093445,
      0.6173749566078186,
      0.2459733635187149,
      0.9532595872879028,
      0.17548026144504547,
      -0.6413682103157043,
      0.024330127984285355,
      0.7668473720550537
    ],
    [
      0.9856405258178711,
      -0.0188207495957613,
      0.16780546307563782,
      0.022279828786849976,
      0.9995758533477783,
      -0.01875462755560875,
      -0.16738130152225494,
      0.02222399413585663,
      0.9856417775154114
    ],
    [
      0.16567794978618622,
      0.6502388119697571,
      -0.7414447069168091,
      -0.6308906674385071,
      0.6477434039115906,
      0.42708954215049744,
      0.7579761743545532,
      0.3970111906528473,
      0.5175464153289795
    ],
    [
      0.3949078619480133,
      -0.6967851519584656,
      0.598780632019043,
      0.7507147192955017,
      0.6204444766044617,
      0.22688338160514832,
      -0.529599130153656,
      0.3599154055118561,
      0.7681052684783936
    ],
    [
      -0.6079256534576416,
      -0.3470623791217804,
      -0.714124858379364,
      0.2050376981496811,
      0.8002811074256897,
      -0.5634801983833313,
      0.7670632600784302,
      -0.48897653818130493,
      -0.4153505563735962
    ],
    [
      0.9022806882858276,
      -0.005248993635177612,
      0.4311172366142273,
      0.16093367338180542,
      0.9317554831504822,
      -0.32547202706336975,
      -0.39998748898506165,
      0.36304840445518494,
      0.8415496945381165
    ],
    [
      0.8815228343009949,
      -0.31801801919937134,
      0.3489728569984436,
      0.41328033804893494,
      0.8771249651908875,
      -0.2446449100971222,
      -0.228291317820549,
      0.3598836660385132,
      0.9046362638473511
    ],
    [
      0.8629459142684937,
      0.29161322116851807,
      -0.41265735030174255,
      -0.4765703082084656,
      0.7411373853683472,
      -0.4728594720363617,
      0.16794374585151672,
      0.6047123670578003,
      0.7785356640815735
    ],
    [
      0.9342120289802551,
      0.12030574679374695,
      -0.33581894636154175,
      -0.1015244647860527,
      0.9921508431434631,
      0.0730038657784462,
      0.34196582436561584,
      -0.0341072604060173,
      0.9390932321548462
    ],
    [
      0.9781590700149536,
      -0.07285197824239731,
      0.19467277824878693,
      0.04431016743183136,
      0.9881225824356079,
      0.1471407115459442,
      -0.20308005809783936,
      -0.13530102372169495,
      0.9697691202163696
    ]
  ],
  "root_rot": [
    -0.4489370286464691,
    0.01699964888393879,
    -0.8934018015861511,
    0.1247774288058281,
    -0.9888305068016052,
    -0.08151649683713913,
    -0.8848085999488831,
    -0.14807213842868805,
    0.4418014585971832
  ],
  "root_trans": [
    0.28846681118011475,
    0.5507267713546753,
    2.5354273319244385
  ]
}