{
  "betas": [
    -0.79608553647995,
    1.1186351776123047,
    1.1838101148605347,
    -0.32422998547554016,
    0.328738272190094,
    -0.22180312871932983,
    -0.02835145592689514,
    0.5721856355667114,
    -0.17808672785758972,
    0.7730488777160645
  ],
  "joints": [
    [
      0.8493329286575317,
      -0.5062102675437927,
      0.14961527287960052,
      0.525280237197876,
      0.8384998440742493,
      -0.14490880072116852,
      -0.052098073065280914,
      0.20166577398777008,
      0.9780677556991577
    ],
    [
      0.9321463704109192,
      0.35426273941993713,
      0.07484007626771927,
      -0.056223899126052856,
      -0.06256914883852005,
      0.9964556694030762,
      0.35768982768058777,
      -0.9330503344535828,
      -0.03840557485818863
    ],
    [
      0.9961299300193787,
      0.0022404834162443876,
      -0.08786461502313614,
      -0.04088544845581055,
      0.896744430065155,
      -0.44065621495246887,
      0.0778048187494278,
      0.4425432085990906,
      0.8933655619621277
    ],
    [
      0.9834460020065308,
      -0.05591863766312599,
      -0.17235691845417023,
      -0.04850611835718155,
      0.8352351188659668,
      -0.5477493405342102,
      0.17458797991275787,
      0.5470423698425293,
      0.8186962604522705
    ],
    [
      0.8998833894729614,
      -0.3686556816101074,
      0.23302973806858063,
      0.19636684656143188,
      -0.13460344076156616,
      -0.9712476134300232,
      0.38942253589630127,
      0.9197689294815063,
      -0.04873564466834068
    ],
    [
      0.9715074300765991,
      -0.20137415826320648,
      -0.12498670816421509,
      0.20403458178043365,
      0.9789248108863831,
      0.008728758431971073,
      0.12059482932090759,
      -0.03398166596889496,
      0.9921200275421143
    ],
    [
      0.9666322469711304,
      -0.05155793949961662,
      0.2509259283542633,
      -0.00556995440274477,
      0.975074827671051,
      0.22180619835853577,
      -0.2561074495315552,
      -0.21580268442630768,
      0.9422516226768494
    ],
    [
      0.9196829199790955,
      -0.3909502327442169,
      0.036623675376176834,
      0.3450932204723358,
      0.7602471709251404,
      -0.5503951907157898,
      0.1873341053724289,
      0.5188276171684265,
      0.834100604057312
    ],
    [
      0.9870203137397766,
      -0.12199734896421432,
      -0.10443885624408722,
      0.11936070770025253,
      0.9923619627952576,
      -0.031157584860920906,
      0.10744228959083557,
      0.01828727312386036,
      0.9940431118011475
    ],
    [
      0.8925274014472961,
      -0.1170845553278923,
      0.4355296194553375,
      -0.18553388118743896,
      0.7848832011222839,
      0.5912153124809265,
      -0.4110620617866516,
      -0.6084813475608826,
      0.6788066029548645
    ],
    [
      0.7920436263084412,
      0.3707447648048401,
      0.4849899113178253,
      -0.4901372790336609,
      0.8598048090934753,
      0.14318224787712097,
      -0.36391258239746094,
      -0.35111820697784424,
      0.8627187609672546
    ],
    [
      0.9957820177078247,
      -0.04552911967039108,
      -0.07965685427188873,
      0.0240663792937994,
      0.9674058556556702,
      -0.2520845830440521,
      0.08853770047426224,
      0.24910426139831543,
      0.9644210934638977
    ],
    [
      0.7871811389923096,
      -0.3390076458454132,
      -0.5151888132095337,
      0.5319197773933411,
      0.7959582805633545,
      0.2889837324619293,
      0.3121011555194855,
      -0.5015217065811157,
      0.806888222694397
    ],
    [
      0.9710579514503479,
      -0.15057189762592316,
      0.18540360033512115,
      0.1422838568687439,
      0.9881657361984253,
      0.057302795350551605,
      -0.19183769822120667,
      -0.029264403507113457,
      0.9809901714324951
    ],
    [
      0.9818136692047119,
      -0.17953768372535706,
      -0.061710480600595474,
      0.18716557323932648,
      0.9698230624198914,
      0.15624429285526276,
      0.03179650753736496,
      -0.1649528443813324,
      0.9857888221740723
    ],
    [
      0.7938014268875122,
      0.11775700747966766,
      -0.5966678261756897,
      0.0401427187025547,
      0.9687917232513428,
      0.2446039915084839,
      0.6068507432937622,
      -0.21811886131763458,
      0.7643011808395386
    ],
    [
      0.8364555239677429,
      -0.5397034287452698,
      0.09519682824611664,
      0.540343165397644,
      0.8411787748336792,
      0.021156709641218185,
      -0.09149589389562607,
      0.033742304891347885,
      0.9952337145805359
    ],
    [
      0.2591574490070343,
      -0.12912775576114655,
      -0.9571642279624939,
      0.34583842754364014,
      0.9377182722091675,
      -0.03286673501133919,
      0.90179443359375,
      -0.32250648736953735,
      0.2876740097999573
    ],
    [
      0.175216406583786,
      0.36305370926856995,
      0.9151453971862793,
      -0.26071399450302124,
      0.9134516716003418,
      -0.31246471405029297,
      -0.9493826627731323,
      -0.18384230136871338,
      0.25470489263534546
    ],
    [
      0.8534690737724304,
      -0.34237682819366455,
      0.39289769530296326,
      0.5198415517807007,
      0.612561047077179,
      -0.595427393913269,
      -0.036813296377658844,
      0.7124234437942505,
      0.7007836103439331
    ],
    [
      0.8472057580947876,
      0.26162394881248474,
      -0.462380051612854,
      -0.4982689321041107,
      0.693243145942688,
      -0.5207130908966064,
      0.18431074917316437,
      0.6715407371520996,
      0.7176786661148071
    ],
    [
      0.9587129950523376,
      0.21016117930412292,
      -0.19157674908638,
      -0.16370940208435059,
      0.9587258100509644,
      0.2324739396572113,
      0.23252655565738678,
      -0.19151286780834198,
      0.95354825258255
    ],
    [
      0.9496548175811768,
      -0.14434631168842316,
      0.2780645787715912,
      0.13545137643814087,
      0.9894682168960571,
      0.0510457307100296,
      -0.2825043201446533,
      -0.010811585932970047,
      0.959205150604248
    ]
  ],
  "root_rot": [
    0.774332582950592,
    0.6001743674278259,
    -0.20049893856048584,
    0.5271536111831665,
    -0.7871107459068298,
    -0.3202587962150574,
    -0.35002601146698,
    0.1422930657863617,
    -0.9258695840835571
  ],
  "root_trans": [
    0.06064968183636665,
    0.48706090450286865,
    2.4810237884521484
  ]
}