{
  "betas": [
    -0.7917149662971497,
    0.8353847861289978,
    1.510223627090454,
    0.47458624839782715,
    0.33690810203552246,
    0.028207313269376755,
    -0.21712684631347656,
    0.30170565843582153,
    0.14786779880523682,
    0.802890419960022
  ],
  "joints": [
    [
      0.9812188148498535,
      -0.18776379525661469,
      -0.04420843720436096,
      0.19242793321609497,
      0.9367856979370117,
      0.2922396659851074,
      -0.013458196073770523,
      -0.2952579855918884,
      0.9553227424621582
    ],
    [
      0.9825952053070068,
      0.06569904834032059,
      -0.17375348508358002,
      -0.07098763436079025,
      0.997178852558136,
      -0.02439320832490921,
      0.17166069149971008,
      0.036302998661994934,
      0.984486997127533
    ],
    [
      0.9932275414466858,
      0.015266847796738148,
      0.11517798900604248,
      -0.004395554773509502,
      0.9955571889877319,
      -0.09405644237995148,
      -0.11610221117734909,
      0.0929131805896759,
      0.9888819456100464
    ],
    [
      0.9988037943840027,
      0.017971375957131386,
      0.04547683894634247,
      -0.012651483528316021,
      0.9933225512504578,
      -0.11467497795820236,
      -0.04723403602838516,
      0.11396244168281555,
      0.9923617243766785
    ],
    [
      0.9966824650764465,
      -0.08074335008859634,
      0.010218944400548935,
      0.08138693869113922,
      0.9883493185043335,
      -0.12861467897891998,
      0.0002848925068974495,
      0.12901969254016876,
      0.9916418790817261
    ],
    [
      0.9875582456588745,
      0.006506037898361683,
      -0.15711861848831177,
      -0.01295088417828083,
      0.9991145730018616,
      -0.040030207484960556,
      0.15671904385089874,
      0.04156699404120445,
      0.9867680668830872
    ],
    [
      0.986741840839386,
      0.10349465161561966,
      0.12501788139343262,
      -0.07645333558320999,
      0.9758875966072083,
      -0.20444640517234802,
      -0.14316250383853912,
      0.19217777252197266,
      0.9708616137504578
    ],
    [
      0.9668882489204407,
      -0.14172227680683136,
      -0.21223042905330658,
      0.15949682891368866,
      0.9847821593284607,
      0.06902890652418137,
      0.1992177814245224,
      -0.10059332102537155,
      0.9747785329818726
    ],
    [
      0.9972838163375854,
      0.038494762033224106,
      0.0627942830324173,
      -0.03795527666807175,
      0.9992318153381348,
      -0.009762121364474297,
      -0.06312182545661926,
      0.007352232001721859,
      0.9979788064956665
    ],
    [
      0.9620484113693237,
      -0.247883602976799,
      0.11408974230289459,
      0.14068345725536346,
      0.8088054060935974,
      0.5710008144378662,
      -0.2338181734085083,
      -0.5332799553871155,
      0.8129830956459045
    ],
    [
      0.9203547239303589,
      0.23778976500034332,
      0.3104887008666992,
      -0.27376875281333923,
      0.9586846828460693,
      0.07729427516460419,
      -0.27928096055984497,
      -0.1561402678489685,
      0.947429358959198
    ],
    [
      0.9545584321022034,
      0.18675343692302704,
      0.23225267231464386,
      -0.1813376098871231,
      0.9824066758155823,
      -0.04465171694755554,
      -0.2365054339170456,
      0.0005065302830189466,
      0.9716299772262573
    ],
    [
      0.9589210748672485,
      0.23078376054763794,
      -0.1649521440267563,
      -0.22589081525802612,
      0.9729647636413574,
      0.048092760145664215,
      0.1715916395187378,
      -0.008855991996824741,
      0.9851283431053162
    ],
    [
      0.9824886918067932,
      -0.18535234034061432,
      0.018986668437719345,
      0.18608877062797546,
      0.9710496664047241,
      -0.1497783064842224,
      0.009324760176241398,
      0.15068869292736053,
      0.9885373115539551
    ],
    [
      0.8788304924964905,
      -0.2172011286020279,
      0.4248301684856415,
      0.21913392841815948,
      0.9746567606925964,
      0.04499439522624016,
      -0.42383643984794617,
      0.053552258759737015,
      0.9041542410850525
    ],
    [
      0.6787980198860168,
      0.6274518966674805,
      -0.38149353861808777,
      -0.7000417709350586,
      0.7098127603530884,
      -0.07814966887235641,
      0.2217538207769394,
      0.3201092481613159,
      0.9210620522499084
    ],
    [
      0.6703899502754211,
      -0.7389942407608032,
      0.06681989133358002,
      0.7154042720794678,
      0.6198291182518005,
      -0.32250380516052246,
      0.1969115436077118,
      0.26400652527809143,
      0.9442068338394165
    ],
    [
      0.8024014234542847,
      -0.033456675708293915,
      -0.5958460569381714,
      -0.16065306961536407,
      0.9494608044624329,
      -0.2696569859981537,
      0.5747542381286621,
      0.3120976984500885,
      0.7564737796783447
    ],
    [
      -0.11442655324935913,
      0.2954467236995697,
      0.9484819173812866,
      0.24361726641654968,
      0.9339452385902405,
      -0.26152822375297546,
      -0.9630976915359497,
      0.20114077627658844,
      -0.17884406447410583
    ],
    [
      0.9930681586265564,
      -0.08528715372085571,
      0.08088088780641556,
      0.11565547436475754,
      0.8317418098449707,
      -0.5429819226264954,
      -0.020962625741958618,
      0.5485723614692688,
      0.8358402252197266
    ],
    [
      0.9536835551261902,
      0.1879572719335556,
      0.23486115038394928,
      -0.14893251657485962,
      0.9733778834342957,
      -0.1742260903120041,
      -0.2613556683063507,
      0.131178081035614,
      0.9562874436378479
    ],
    [
      0.9388214349746704,
      0.26234129071235657,
      -0.22313998639583588,
      -0.1768702268600464,
      0.9231905937194824,
      0.3412274122238159,
      0.29551875591278076,
      -0.2808847725391388,
      0.9131115078926086
    ],
    [
      0.7550709843635559,
      -0.5937975645065308,
      0.2779788672924042,
      0.30213046073913574,
      0.6914067268371582,
      0.6562574505805969,
      -0.5818805694580078,
      -0.4115350842475891,
      0.7014654874801636
    ]
  ],
  "root_rot": [
    0.49492600560188293,
    -0.04568425938487053,
    0.867733359336853,
    -0.06982525438070297,
    -0.9974784851074219,
    -0.01268908753991127,
    0.8661251664161682,
    -0.054309532046318054,
    -0.49686795473098755
  ],
  "root_trans": [
    -0.4067206382751465,
    0.5471686124801636,
    2.223803997039795
  ]
}