{
  "betas": [
    -0.8789066672325134,
    1.2393304109573364,
    1.7649747133255005,
    -0.2284124195575714,
    -0.25900590419769287,
    -0.049834273755550385,
    0.3784126937389374,
    0.4499971866607666,
    -0.0481468141078949,
    0.40498802065849304
  ],
  "joints": [
    [
      0.9235267639160156,
      -0.37180840969085693,
      -0.0941108912229538,
      0.3761789798736572,
      0.830298662185669,
      0.4112098515033722,
      -0.0747511237859726,
      -0.41516581177711487,
      0.906669557094574
    ],
    [
      0.8477666974067688,
      0.47931551933288574,
      -0.22704243659973145,
      -0.4347923994064331,
      0.873238742351532,
      0.220022052526474,
      0.30372223258018494,
      -0.08781103789806366,
      0.9487054347991943
    ],
    [
      0.9878010153770447,
      -0.016636932268738747,
      0.15483079850673676,
      0.05693541094660759,
      0.9640218019485474,
      -0.25965428352355957,
      -0.14494040608406067,
      0.26530206203460693,
      0.9532089233398438
    ],
    [
      0.9909220337867737,
      0.13437646627426147,
      0.004065911751240492,
      -0.10482539981603622,
      0.7912349104881287,
      -0.6024608016014099,
      -0.08417364954948425,
      0.5965654850006104,
      0.7981382012367249
    ],
    [
      0.9986909031867981,
      -0.04889758303761482,
      -0.015016035176813602,
      0.03375808894634247,
      0.850612998008728,
      -0.5247074365615845,
      0.03842976316809654,
      0.523513674736023,
      0.8511501550674438
    ],
    [
      0.999363362789154,
      0.026425570249557495,
      -0.023967530578374863,
      -0.025282476097345352,
      0.9985840916633606,
      0.04680381342768669,
      0.02517041377723217,
      -0.04616806283593178,
      0.9986164569854736
    ],
    [
      0.999057948589325,
      0.011751382611691952,
      0.041775114834308624,
      -0.013635204173624516,
      0.9988894462585449,
      0.04509952291846275,
      -0.041198741644620895,
      -0.045626647770404816,
      0.9981086850166321
    ],
    [
      0.8604431748390198,
      -0.305941641330719,
      -0.4074767529964447,
      0.3128300607204437,
      0.948411762714386,
      -0.051502738147974014,
      0.40221256017684937,
      -0.0831557884812355,
      0.9117621779441833
    ],
    [
      0.9832013845443726,
      0.017887085676193237,
      0.18164554238319397,
      -0.008125834167003632,
      0.9984893798828125,
      -0.05434064194560051,
      -0.18234314024448395,
      0.05195176973938942,
      0.9818614721298218
    ],
    [
      0.9616792798042297,
      -0.2722712755203247,
      0.03226877748966217,
      0.19431079924106598,
      0.7598443627357483,
      0.6203868389129639,
      -0.1934327632188797,
      -0.5903429985046387,
      0.7836318016052246
    ],
    [
      0.883409857749939,
      0.288565456867218,
      0.36921143531799316,
      -0.2188638597726822,
      0.9507651329040527,
      -0.21941787004470825,
      -0.41434982419013977,
      0.1130288764834404,
      0.9030718207359314
    ],
    [
      0.9879902601242065,
      0.12694065272808075,
      -0.08809870481491089,
      -0.12596330046653748,
      0.9918962121009827,
      0.016588596627116203,
      0.08949053287506104,
      -0.005292166955769062,
      0.9959736466407776
    ],
    [
      0.8871148824691772,
      0.007316365838050842,
      -0.46149060130119324,
      0.1878679245710373,
      0.9075723886489868,
      0.3755234479904175,
      0.4215836524963379,
      -0.4198317527770996,
      0.8037464618682861
    ],
    [
      0.7345788478851318,
      -0.2985646426677704,
      0.6093055009841919,
      0.2451442927122116,
      0.9541113972663879,
      0.17197629809379578,
      -0.6326912641525269,
      0.023037610575556755,
      0.7740614414215088
    ],
    [
      0.9890260100364685,
      -0.012602691538631916,
      0.1472030133008957,
      0.018022902309894562,
      0.999205470085144,
      -0.03554574400186539,
      -0.14663811028003693,
      0.03780869022011757,
      0.9884673357009888
    ],
    [
      0.21990860998630524,
      0.627949595451355,
      -0.7465382218360901,
      -0.6244617104530334,
      0.6785465478897095,
      0.3868100643157959,
      0.7494582533836365,
      0.38112175464630127,
      0.5413486957550049
    ],
    [
      0.37489214539527893,
      -0.7084720134735107,
      0.5979325175285339,
      0.7582316994667053,
      0.6054272651672363,
      0.24195559322834015,
      -0.5334233641624451,
      0.362664133310318,
      0.7641558647155762
    ],
    [
      -0.6437205672264099,
      -0.3241189122200012,
      -0.6932321190834045,
      0.19537107646465302,
      0.8062525987625122,
      -0.5583787560462952,
      0.7399013042449951,
      -0.494877427816391,
      -0.45567792654037476
    ],
    [
      0.9186819791793823,
      -0.0019082340877503157,
      0.39499351382255554,
      0.12721845507621765,
      0.9481329917907715,
      -0.2913062572479248,
      -0.3739504814147949,
      0.31786826252937317,
      0.8712754845619202
    ],
    [
      0.8824848532676697,
      -0.3339921534061432,
      0.3311642110347748,
      0.42269787192344666,
      0.8719637393951416,
      -0.24699345231056213,
      -0.206269308924675,
      0.357950359582901,
      0.9106725454330444
    ],
    [
      0.8693438768386841,
      0.28688839077949524,
      -0.40241310000419617,
      -0.4625800549983978,
      0.7589712738990784,
      -0.45823827385902405,
      0.1739567667245865,
      0.584514856338501,
      0.7925158739089966
    ],
    [
      0.9357656240463257,
      0.12149010598659515,
      -0.33103305101394653,
      -0.10437314212322235,
      0.992136538028717,
      0.06907463073730469,
      0.33682188391685486,
      -0.03008670173585415,
      0.941087543964386
    ],
    [
      0.9780481457710266,
      -0.07348868995904922,
      0.19499054551124573,
      0.04386789724230766,
      0.9873917698860168,
      0.15209566056728363,
      -0.20370936393737793,
      -0.14020304381847382,
      0.9689404964447021
    ]
  ],
  "root_rot": [
    -0.4090341031551361,
    0.005361141171306372,
    -0.9125033617019653,
    0.12685754895210266,
    -0.989938497543335,
    -0.06268060207366943,
    -0.9036583304405212,
    -0.1413964331150055,
    0.4042384922504425
  ],
  "root_trans": [
    0.2836216390132904,
    0.5487712621688843,
    2.532620906829834
  ]
}