{
  "betas": [
    -0.00304567813873291,
    0.5938342809677124,
    0.8798055648803711,
    0.21947601437568665,
    0.17832033336162567,
    0.047202009707689285,
    0.014304518699645996,
    0.6153758764266968,
    0.061674609780311584,
    0.594348669052124
  ],
  "joints": [
    [
      0.9784088730812073,
      -0.09158363193273544,
      -0.18528014421463013,
      0.18127287924289703,
      0.8108782172203064,
      0.5564321279525757,
      0.09927956759929657,
      -0.5780043005943298,
      0.8099720478057861
    ],
    [
      0.9519506096839905,
      0.1626778542995453,
      -0.25947266817092896,
      -0.2358057051897049,
      0.9299615025520325,
      -0.28207677602767944,
      0.19541193544864655,
      0.3297082483768463,
      0.9236378073692322
    ],
    [
      0.9645065665245056,
      -0.038005173206329346,
      0.26130929589271545,
      0.057607416063547134,
      0.9960366487503052,
      -0.0677672028541565,
      -0.2576981484889984,
      0.080415278673172,
      0.9628732800483704
    ],
    [
      0.9961169362068176,
      0.08795283734798431,
      0.003908516373485327,
      -0.0727725401520729,
      0.8475527763366699,
      -0.5256980657577515,
      -0.04954930767416954,
      0.5233723521232605,
      0.8506622314453125
    ],
    [
      0.9919511675834656,
      -0.014674365520477295,
      0.1257672756910324,
      0.030892375856637955,
      0.9912940263748169,
      -0.1279912292957306,
      -0.12279417365789413,
      0.130846306681633,
      0.9837685823440552
    ],
    [
      0.99665766954422,
      -0.0375719852745533,
      -0.07253860682249069,
      0.04915066808462143,
      0.9850515127182007,
      0.16509898006916046,
      0.0652511715888977,
      -0.16811248660087585,
      0.9836058616638184
    ],
    [
      0.9984479546546936,
      0.03929780423641205,
      -0.03946397081017494,
      -0.03950965777039528,
      0.9992085695266724,
      -0.004602512810379267,
      0.03925187140703201,
      0.006154577247798443,
      0.9992104172706604
    ],
    [
      0.9041554927825928,
      -0.28632426261901855,
      -0.3170509338378906,
      0.38547849655151367,
      0.866706907749176,
      0.316584050655365,
      0.1841445416212082,
      -0.40845751762390137,
      0.8940096497535706
    ],
    [
      0.9837719798088074,
      -0.03459567204117775,
      0.17605602741241455,
      0.05201423540711403,
      0.9940882325172424,
      -0.09530480951070786,
      -0.17171810567378998,
      0.10291562974452972,
      0.9797556400299072
    ],
    [
      0.902168869972229,
      -0.14455047249794006,
      0.40644371509552,
      -0.08719088137149811,
      0.8616400361061096,
      0.49997416138648987,
      -0.42247968912124634,
      -0.4864993095397949,
      0.7647413611412048
    ],
    [
      0.8402320146560669,
      0.4032030403614044,
      0.36254310607910156,
      -0.3979837894439697,
      0.912697970867157,
      -0.09268936514854431,
      -0.36826497316360474,
      -0.06640569865703583,
      0.9273463487625122
    ],
    [
      0.9662463068962097,
      -0.0403267964720726,
      -0.2544440031051636,
      -0.00035115162609145045,
      0.9874651432037354,
      -0.15783677995204926,
      0.2576196491718292,
      0.152598574757576,
      0.954120397567749
    ],
    [
      0.8890653252601624,
      -0.268804132938385,
      -0.37054985761642456,
      0.4076409339904785,
      0.8332006335258484,
      0.37363821268081665,
      0.20830687880516052,
      -0.4832400381565094,
      0.8503453731536865
    ],
    [
      0.898086667060852,
      -0.1096344068646431,
      0.4259350001811981,
      0.008427384309470654,
      0.9725452661514282,
      0.23256109654903412,
      -0.43973779678344727,
      -0.20527049899101257,
      0.8743538856506348
    ],
    [
      0.9827728867530823,
      -0.08296090364456177,
      -0.1651514768600464,
      0.09127861261367798,
      0.9948785305023193,
      0.043415434658527374,
      0.1607038676738739,
      -0.05774230882525444,
      0.9853122234344482
    ],
    [
      0.8868099451065063,
      0.13009999692440033,
      -0.4434434473514557,
      -0.08123310655355453,
      0.9884986877441406,
      0.1275593489408493,
      0.4549387991428375,
      -0.07709861546754837,
      0.887178897857666
    ],
    [
      0.8060914874076843,
      -0.203237384557724,
      0.5557976961135864,
      0.06321419030427933,
      0.9633766412734985,
      0.26059436798095703,
      -0.5884050130844116,
      -0.17492860555648804,
      0.7894172072410583
    ],
    [
      0.2509973347187042,
      -0.08817477524280548,
      -0.963963508605957,
      0.37135782837867737,
      0.9284151792526245,
      0.011771206744015217,
      0.8939204812049866,
      -0.3609299063682556,
      0.265774130821228
    ],
    [
      0.816569447517395,
      0.24245807528495789,
      0.5238589644432068,
      -0.34687671065330505,
      0.9314879179000854,
      0.10957564413547516,
      -0.4614008069038391,
      -0.2711906433105469,
      0.844727635383606
    ],
    [
      0.9605858325958252,
      0.07879333943128586,
      0.2665828466415405,
      0.10162222385406494,
      0.7930757999420166,
      -0.6005860567092896,
      -0.2587426006793976,
      0.6040052771568298,
      0.7538102269172668
    ],
    [
      0.9713432192802429,
      -0.04707718268036842,
      -0.23297250270843506,
      -0.10085628181695938,
      0.8059275150299072,
      -0.5833598971366882,
      0.21522188186645508,
      0.5901393890380859,
      0.7780842185020447
    ],
    [
      0.9215893745422363,
      0.13701266050338745,
      -0.3631812334060669,
      -0.08066915720701218,
      0.9828088879585266,
      0.16606976091861725,
      0.37969139218330383,
      -0.12375058978796005,
      0.9167989492416382
    ],
    [
      0.972836434841156,
      -0.14248786866664886,
      0.1824459731578827,
      0.09800494462251663,
      0.9675168395042419,
      0.23303698003292084,
      -0.20972448587417603,
      -0.20882625877857208,
      0.9552001357078552
    ]
  ],
  "root_rot": [
    -0.3590918183326721,
    -0.04874451085925102,
    0.9320284724235535,
    -0.057861022651195526,
    -0.9955515265464783,
    -0.07435941696166992,
    0.9315069317817688,
    -0.08062998205423355,
    0.35467401146888733
  ],
  "root_trans": [
    -0.30322831869125366,
    0.5882688760757446,
    2.5826592445373535
  ]
}