{
  "betas": [
    -0.5797985792160034,
    1.1526036262512207,
    0.9444313049316406,
    0.06247106194496155,
    0.28880590200424194,
    0.6047576069831848,
    -0.008018016815185547,
    0.6685914993286133,
    -0.12837612628936768,
    0.4234623908996582
  ],
  "joints": [
    [
      0.9884361624717712,
      -0.06772198528051376,
      -0.13567505776882172,
      0.12546977400779724,
      0.867712676525116,
      0.4809698760509491,
      0.08515473455190659,
      -0.492431104183197,
      0.866175651550293
    ],
    [
      0.9470875263214111,
      0.1541663259267807,
      -0.28152787685394287,
      -0.20917238295078278,
      0.9617205262184143,
      -0.17703261971473694,
      0.24345865845680237,
      0.22655324637889862,
      0.9430808424949646
    ],
    [
      0.9753384590148926,
      -0.007767000701278448,
      0.22057762742042542,
      0.028695739805698395,
      0.9953604936599731,
      -0.0918366014957428,
      -0.21884098649024963,
      0.09590141475200653,
      0.9710362553596497
    ],
    [
      0.9984107613563538,
      0.0560334250330925,
      -0.0060231988318264484,
      -0.05077236145734787,
      0.8479506373405457,
      -0.5276381969451904,
      -0.024458011612296104,
      0.5271053910255432,
      0.8494479656219482
    ],
    [
      0.9959207773208618,
      -0.04386456683278084,
      0.07885269820690155,
      0.07118381559848785,
      0.9189682006835938,
      -0.3878535032272339,
      -0.05545009672641754,
      0.39188438653945923,
      0.9183419942855835
    ],
    [
      0.9986294507980347,
      -0.023520415648818016,
      -0.0467546321451664,
      0.030950265005230904,
      0.9857815504074097,
      0.16515697538852692,
      0.042205289006233215,
      -0.1663776934146881,
      0.9851584434509277
    ],
    [
      0.9778190851211548,
      0.09142152220010757,
      0.18844585120677948,
      -0.10439637303352356,
      0.9927184581756592,
      0.06009633094072342,
      -0.1815795600414276,
      -0.07843640446662903,
      0.9802431464195251
    ],
    [
      0.8061326146125793,
      -0.3017147183418274,
      -0.5090367197990417,
      0.36871594190597534,
      0.928945004940033,
      0.03331318497657776,
      0.4628160297870636,
      -0.21454483270645142,
      0.8600999116897583
    ],
    [
      0.9846189618110657,
      -0.037899889051914215,
      0.17055553197860718,
      0.047689296305179596,
      0.9974192976951599,
      -0.05366990342736244,
      -0.16808129847049713,
      0.06097806990146637,
      0.9838853478431702
    ],
    [
      0.9191477298736572,
      -0.38445940613746643,
      0.08578138798475266,
      0.23453058302402496,
      0.7090774774551392,
      0.6649845242500305,
      -0.3164852559566498,
      -0.5911006331443787,
      0.7419144511222839
    ],
    [
      0.7259858250617981,
      0.3914579749107361,
      0.5654247999191284,
      -0.3449310064315796,
      0.9185584783554077,
      -0.193061962723732,
      -0.5949513912200928,
      -0.0548722967505455,
      0.8018864393234253
    ],
    [
      0.9423104524612427,
      0.029284365475177765,
      -0.33345669507980347,
      -0.04152184724807739,
      0.9986981153488159,
      -0.029629716649651527,
      0.33215492963790894,
      0.04176613315939903,
      0.9422996044158936
    ],
    [
      0.7899034023284912,
      -0.42161649465560913,
      -0.4452999532222748,
      0.5748429298400879,
      0.7619736790657043,
      0.2982477843761444,
      0.21356061100959778,
      -0.4915645122528076,
      0.8442488312721252
    ],
    [
      0.8555103540420532,
      -0.048688795417547226,
      0.5154914259910583,
      -0.020891807973384857,
      0.9915125370025635,
      0.12832164764404297,
      -0.5173640251159668,
      -0.12055005133152008,
      0.8472320437431335
    ],
    [
      0.9819064140319824,
      -0.03750183805823326,
      -0.1856163740158081,
      0.036814626306295395,
      0.9992964863777161,
      -0.007148848846554756,
      0.18575391173362732,
      0.00018610279948916286,
      0.982596218585968
    ],
    [
      0.8943642973899841,
      0.025196174159646034,
      -0.44662919640541077,
      0.030652150511741638,
      0.9926141500473022,
      0.11737759411334991,
      0.44628798961639404,
      -0.11866846680641174,
      0.8869863152503967
    ],
    [
      0.9187344908714294,
      -0.1802702099084854,
      0.3513253927230835,
      0.08887435495853424,
      0.9612831473350525,
      0.2608373463153839,
      -0.3847443759441376,
      -0.20841644704341888,
      0.8991853594779968
    ],
    [
      -0.009823734872043133,
      0.023576106876134872,
      -0.9996738433837891,
      0.23313988745212555,
      0.9722241759300232,
      0.020637691020965576,
      0.9723936319351196,
      -0.23286108672618866,
      -0.015047403052449226
    ],
    [
      0.8508989214897156,
      0.1341351866722107,
      0.5079161524772644,
      -0.29671961069107056,
      0.9205732345581055,
      0.2539733052253723,
      -0.4335072338581085,
      -0.3668142557144165,
      0.8231152892112732
    ],
    [
      0.9819390773773193,
      0.029135143384337425,
      0.18694086372852325,
      0.069817915558815,
      0.8625345230102539,
      -0.5011583566665649,
      -0.1758442521095276,
      0.5051587224006653,
      0.8449221849441528
    ],
    [
      0.9886555075645447,
      0.0062136161141097546,
      -0.15007266402244568,
      -0.10635510087013245,
      0.7344841957092285,
      -0.6702399253845215,
      0.10606134682893753,
      0.6785973310470581,
      0.7268127202987671
    ],
    [
      0.8874607086181641,
      0.2943698465824127,
      -0.35462629795074463,
      -0.1941518485546112,
      0.9366263747215271,
      0.2916094958782196,
      0.4179933965206146,
      -0.1899406462907791,
      0.8883715271949768
    ],
    [
      0.9641141891479492,
      -0.1751803755760193,
      0.19948872923851013,
      0.11721332371234894,
      0.9550719261169434,
      0.27221038937568665,
      -0.23821204900741577,
      -0.23905915021896362,
      0.9413318634033203
    ]
  ],
  "root_rot": [
    0.3060878813266754,
    0.03871843218803406,
    -0.9512156248092651,
    0.16580083966255188,
    -0.9860706925392151,
    0.013215214014053345,
    -0.9374541640281677,
    -0.16175736486911774,
    -0.30824384093284607
  ],
  "root_trans": [
    0.3527699112892151,
    0.5196946859359741,
    2.598639965057373
  ]
}