{
  "betas": [
    -0.9622699618339539,
    1.3375095129013062,
    0.7478630542755127,
    0.08047038316726685,
    0.41434890031814575,
    0.3352126479148865,
    -0.06742829084396362,
    0.2622342109680176,
    0.3054181933403015,
    0.029857158660888672
  ],
  "joints": [
    [
      0.9490821361541748,
      -0.30650320649147034,
      -0.07279347628355026,
      0.3138316869735718,
      0.94001305103302,
      0.13373495638370514,
      0.02743663638830185,
      -0.1497703492641449,
      0.9883400201797485
    ],
    [
      0.9804502725601196,
      0.1945602148771286,
      0.029386989772319794,
      -0.16592903435230255,
      0.7372456789016724,
      0.6549323201179504,
      0.10575833916664124,
      -0.6470047235488892,
      0.7551159262657166
    ],
    [
      0.9905863404273987,
      0.12922468781471252,
      0.045161861926317215,
      -0.10992801189422607,
      0.9475491642951965,
      -0.3001106083393097,
      -0.08157479017972946,
      0.29232093691825867,
      0.9528346657752991
    ],
    [
      0.9950724244117737,
      -0.0006714810733683407,
      -0.09914807230234146,
      -0.04162606969475746,
      0.9047537446022034,
      -0.42389610409736633,
      0.08998923748731613,
      0.42593449354171753,
      0.9002675414085388
    ],
    [
      0.9863227009773254,
      -0.12174263596534729,
      0.11111394315958023,
      0.14971347153186798,
      0.3797335922718048,
      -0.9129011034965515,
      0.06894528120756149,
      0.917050302028656,
      0.39276638627052307
    ],
    [
      0.989318311214447,
      -0.09145310521125793,
      -0.11351453512907028,
      0.10947008430957794,
      0.9803218841552734,
      0.1642722487449646,
      0.09625756740570068,
      -0.17494399845600128,
      0.9798617959022522
    ],
    [
      0.9888334274291992,
      -0.06914790719747543,
      0.13201183080673218,
      0.052895255386829376,
      0.9910107851028442,
      0.12288084626197815,
      -0.13932210206985474,
      -0.11452587693929672,
      0.9836021661758423
    ],
    [
      0.9022121429443359,
      -0.3811871111392975,
      -0.20176641643047333,
      0.3415670692920685,
      0.9171441197395325,
      -0.2053740918636322,
      0.26333487033843994,
      0.11637421697378159,
      0.9576595425605774
    ],
    [
      0.9978587031364441,
      -0.06540649384260178,
      -0.00020908289297949523,
      0.06540568917989731,
      0.997855007648468,
      -0.0027157242875546217,
      0.000386260449886322,
      0.0026962338015437126,
      0.9999962449073792
    ],
    [
      0.9325466156005859,
      -0.0977916568517685,
      0.3475535809993744,
      -0.19197696447372437,
      0.6809594035148621,
      0.7067101001739502,
      -0.30578020215034485,
      -0.7257624864578247,
      0.6162526607513428
    ],
    [
      0.9043561816215515,
      0.21196362376213074,
      0.3704204261302948,
      -0.296949177980423,
      0.9359158873558044,
      0.18942716717720032,
      -0.3065306842327118,
      -0.2813056707382202,
      0.9093437194824219
    ],
    [
      0.9943035244941711,
      -0.033836863934993744,
      -0.10107221454381943,
      0.04767916724085808,
      0.9893051385879517,
      0.13784781098365784,
      0.09532692283391953,
      -0.14188160002231598,
      0.9852828979492188
    ],
    [
      0.558889627456665,
      -0.06021646782755852,
      -0.8270528316497803,
      0.4873376190662384,
      0.8308009505271912,
      0.26883411407470703,
      0.6709280610084534,
      -0.553302526473999,
      0.4936717748641968
    ],
    [
      0.6684868931770325,
      -0.2709060609340668,
      0.6926292181015015,
      0.14047175645828247,
      0.9605277180671692,
      0.24011294543743134,
      -0.7303375601768494,
      -0.06321751326322556,
      0.6801548600196838
    ],
    [
      0.9739317893981934,
      -0.1463928520679474,
      -0.1732797473669052,
      0.1675225794315338,
      0.9792208075523376,
      0.11429297924041748,
      0.15294744074344635,
      -0.1403418481349945,
      0.9782183766365051
    ],
    [
      0.5035015940666199,
      0.4202360212802887,
      -0.7549090385437012,
      -0.0881013572216034,
      0.8941608667373657,
      0.4389925003051758,
      0.859490692615509,
      -0.15452492237091064,
      0.48723480105400085
    ],
    [
      0.4725351929664612,
      -0.7018761038780212,
      0.5329919457435608,
      0.8196126818656921,
      0.5722827911376953,
      0.026971815153956413,
      -0.32395297288894653,
      0.4241018295288086,
      0.8456903100013733
    ],
    [
      0.3787604868412018,
      -0.17687679827213287,
      -0.9084355235099792,
      0.4634963870048523,
      0.8858553767204285,
      0.02076852135360241,
      0.8010690212249756,
      -0.4289228916168213,
      0.4175087809562683
    ],
    [
      0.28962957859039307,
      0.4591904282569885,
      0.8397969603538513,
      0.13295061886310577,
      0.8495969772338867,
      -0.5104010105133057,
      -0.9478601217269897,
      0.25947874784469604,
      0.18501876294612885
    ],
    [
      0.9053797721862793,
      -0.29941436648368835,
      0.3010624051094055,
      0.41010332107543945,
      0.8003493547439575,
      -0.4373285472393036,
      -0.11001264303922653,
      0.5194150805473328,
      0.8474109172821045
    ],
    [
      0.8741057515144348,
      0.38806307315826416,
      -0.2921407222747803,
      -0.4825625419616699,
      0.7624112367630005,
      -0.4311177730560303,
      0.05543047934770584,
      0.5178186893463135,
      0.8536927700042725
    ],
    [
      0.9683272838592529,
      0.21189188957214355,
      -0.13207566738128662,
      -0.17435143887996674,
      0.952472448348999,
      0.24979564547538757,
      0.1787281036376953,
      -0.21885639429092407,
      0.9592487215995789
    ],
    [
      0.947495698928833,
      -0.158677339553833,
      0.2776210308074951,
      0.1726156324148178,
      0.9846369624137878,
      -0.026341602206230164,
      -0.2691761255264282,
      0.07288028299808502,
      0.9603294730186462
    ]
  ],
  "root_rot": [
    0.9608016014099121,
    0.2727154791355133,
    0.049865007400512695,
    0.2645895779132843,
    -0.9557223320007324,
    0.12879137694835663,
    0.08278050273656845,
    -0.1105492040514946,
    -0.9904172420501709
  ],
  "root_trans": [
    0.008126532658934593,
    0.5154197216033936,
    2.4016761779785156
  ]
}