{
  "betas": [
    -0.8023392558097839,
    0.8592755794525146,
    1.5229995250701904,
    0.5684763193130493,
    0.5161101222038269,
    -0.3612605035305023,
    -0.041352421045303345,
    0.5324400067329407,
    -0.1705019772052765,
    0.7755311727523804
  ],
  "joints": [
    [
      0.9746489524841309,
      -0.21692876517772675,
      -0.05478508397936821,
      0.2191050946712494,
      0.8758233189582825,
      0.43003079295158386,
      -0.04530399292707443,
      -0.4311327338218689,
      0.9011504650115967
    ],
    [
      0.960608720779419,
      0.22112327814102173,
      -0.16833087801933289,
      -0.20707355439662933,
      0.9734943509101868,
      0.0971040353178978,
      0.18534113466739655,
      -0.05842211842536926,
      0.9809359312057495
    ],
    [
      0.9958285689353943,
      -0.0588320754468441,
      0.06974276900291443,
      0.06788256019353867,
      0.9884563684463501,
      -0.13544698059558868,
      -0.06096906214952469,
      0.13961631059646606,
      0.9883267879486084
    ],
    [
      0.9984807372093201,
      0.030318472534418106,
      0.04601125419139862,
      -0.02023458108305931,
      0.9784243702888489,
      -0.20561204850673676,
      -0.051252372562885284,
      0.20436865091323853,
      0.9775513410568237
    ],
    [
      0.9977093935012817,
      -0.04842950776219368,
      0.047229617834091187,
      0.062080882489681244,
      0.9328426122665405,
      -0.35489538311958313,
      -0.02687039040029049,
      0.3570144772529602,
      0.933712363243103
    ],
    [
      0.9865208268165588,
      0.08610755950212479,
      -0.1391485035419464,
      -0.08171723037958145,
      0.9959694743156433,
      0.0369732640683651,
      0.1417713463306427,
      -0.025104058906435966,
      0.9895811080932617
    ],
    [
      0.9923319816589355,
      0.09948846697807312,
      0.07334314286708832,
      -0.07788828760385513,
      0.9640816450119019,
      -0.253929078578949,
      -0.09597178548574448,
      0.24626938998699188,
      0.9644380211830139
    ],
    [
      0.9461418986320496,
      -0.16579923033714294,
      -0.2780759334564209,
      0.2234991192817688,
      0.9559070467948914,
      0.19049915671348572,
      0.23423011600971222,
      -0.24238893389701843,
      0.9414796829223633
    ],
    [
      0.9933286905288696,
      0.10194487124681473,
      0.05390017479658127,
      -0.09662382304668427,
      0.9909191131591797,
      -0.09350430220365524,
      -0.0629430040717125,
      0.08767247945070267,
      0.9941586852073669
    ],
    [
      0.9685606360435486,
      -0.18347695469856262,
      0.16800712049007416,
      0.06786126643419266,
      0.844573974609375,
      0.5311210751533508,
      -0.23934294283390045,
      -0.5030218362808228,
      0.8304721117019653
    ],
    [
      0.9189190864562988,
      0.2434312403202057,
      0.31036901473999023,
      -0.3047615885734558,
      0.9376996159553528,
      0.1668524593114853,
      -0.2504158318042755,
      -0.2479124665260315,
      0.9358585476875305
    ],
    [
      0.9500961899757385,
      0.21586109697818756,
      0.22521363198757172,
      -0.17910273373126984,
      0.968544602394104,
      -0.1727527678012848,
      -0.255420058965683,
      0.12379537522792816,
      0.9588718414306641
    ],
    [
      0.9600904583930969,
      0.25955942273139954,
      -0.10418859869241714,
      -0.24248503148555756,
      0.9581096172332764,
      0.15240421891212463,
      0.1393820345401764,
      -0.1210576519370079,
      0.9828111529350281
    ],
    [
      0.9925768971443176,
      0.1133103221654892,
      0.044179484248161316,
      -0.12065036594867706,
      0.9631532430648804,
      0.2403736561536789,
      -0.015314794145524502,
      -0.24391962587833405,
      0.9696745872497559
    ],
    [
      0.860300600528717,
      -0.1555989533662796,
      0.48546043038368225,
      0.10304124653339386,
      0.985700249671936,
      0.13333217799663544,
      -0.49926483631134033,
      -0.06468331068754196,
      0.8640316128730774
    ],
    [
      0.7557281255722046,
      0.6206526756286621,
      -0.2089620977640152,
      -0.6510703563690186,
      0.7464433908462524,
      -0.13758514821529388,
      0.07058577239513397,
      0.24002599716186523,
      0.9681968092918396
    ],
    [
      0.9855087995529175,
      -0.018044112250208855,
      0.16866165399551392,
      -0.0491117499768734,
      0.9213837385177612,
      0.3855387270450592,
      -0.16235879063606262,
      -0.38823509216308594,
      0.907145619392395
    ],
    [
      0.8664748668670654,
      -0.06351914256811142,
      -0.495163232088089,
      -0.020911160856485367,
      0.986383855342865,
      -0.16312451660633087,
      0.49878254532814026,
      0.15169773995876312,
      0.8533485531806946
    ],
    [
      -0.4275585114955902,
      -0.035801127552986145,
      0.9032784700393677,
      -0.5640097856521606,
      0.7914451956748962,
      -0.23560012876987457,
      -0.70646071434021,
      -0.6101906895637512,
      -0.3585813045501709
    ],
    [
      0.9520200490951538,
      -0.18322886526584625,
      0.24512220919132233,
      0.2965235412120819,
      0.7504156827926636,
      -0.5907197594642639,
      -0.07570666074752808,
      0.6350616812705994,
      0.7687424421310425
    ],
    [
      0.8446850776672363,
      0.5077412128448486,
      -0.16942855715751648,
      -0.5268691182136536,
      0.732847273349762,
      -0.4305157959461212,
      -0.09442535787820816,
      0.4529168903827667,
      0.8865383267402649
    ],
    [
      0.9167260527610779,
      0.24050986766815186,
      -0.31901177763938904,
      -0.1632273942232132,
      0.9542838335037231,
      0.25039801001548767,
      0.3646509647369385,
      -0.17747487127780914,
      0.9140746593475342
    ],
    [
      0.9363440275192261,
      -0.30272015929222107,
      0.17782115936279297,
      0.22768473625183105,
      0.9091280102729797,
      0.3487778306007385,
      -0.26724424958229065,
      -0.28608888387680054,
      0.9201813340187073
    ]
  ],
  "root_rot": [
    0.519171416759491,
    -0.10609445720911026,
    0.8480595350265503,
    -0.13039009273052216,
    -0.990481972694397,
    -0.0440887026488781,
    0.8446652889251709,
    -0.08768896013498306,
    -0.5280635952949524
  ],
  "root_trans": [
    -0.37885087728500366,
    0.5852870941162109,
    2.3183979988098145
  ]
}