{
  "betas": [
    -0.782127857208252,
    0.7248550653457642,
    1.596314787864685,
    0.6545680165290833,
    0.609046459197998,
    -0.35789838433265686,
    -0.08661818504333496,
    0.48027682304382324,
    -0.13994920253753662,
    0.7223895788192749
  ],
  "joints": [
    [
      0.9704107642173767,
      -0.23662953078746796,
      -0.04805532842874527,
      0.23654605448246002,
      0.8916988372802734,
      0.3859004080295563,
      -0.04846455156803131,
      -0.3858492374420166,
      0.9212879538536072
    ],
    [
      0.9720781445503235,
      0.17135722935199738,
      -0.16031475365161896,
      -0.16174229979515076,
      0.9842529296875,
      0.07131399214267731,
      0.17001041769981384,
      -0.0433930940926075,
      0.98448646068573
    ],
    [
      0.9962066411972046,
      -0.051547519862651825,
      0.07010878622531891,
      0.05971113592386246,
      0.9909970164299011,
      -0.11983074992895126,
      -0.06330062448978424,
      0.12356245517730713,
      0.9903157949447632
    ],
    [
      0.999496579170227,
      -0.00676320306956768,
      0.03099634498357773,
      0.011171790771186352,
      0.9894642233848572,
      -0.1443457007408142,
      -0.02969353273510933,
      0.14461933076381683,
      0.9890416860580444
    ],
    [
      0.9973398447036743,
      -0.049459997564554214,
      0.05354321002960205,
      0.0642024353146553,
      0.9438804388046265,
      -0.3239874839782715,
      -0.034513965249061584,
      0.3265632390975952,
      0.9445450305938721
    ],
    [
      0.9866202473640442,
      0.0809612050652504,
      -0.14151257276535034,
      -0.07399185746908188,
      0.9958041906356812,
      0.05384428799152374,
      0.14527811110019684,
      -0.04265308380126953,
      0.9884710311889648
    ],
    [
      0.9903064370155334,
      0.09029035270214081,
      0.10554933547973633,
      -0.06687629967927933,
      0.975965142250061,
      -0.2074117809534073,
      -0.12173974514007568,
      0.19834250211715698,
      0.9725428223609924
    ],
    [
      0.9569281339645386,
      -0.1327315717935562,
      -0.2582070231437683,
      0.19773536920547485,
      0.9491720199584961,
      0.24489429593086243,
      0.21257765591144562,
      -0.28540289402008057,
      0.9345351457595825
    ],
    [
      0.9949984550476074,
      0.08908306062221527,
      0.045191485434770584,
      -0.08511748164892197,
      0.992894172668457,
      -0.08316342532634735,
      -0.05227881669998169,
      0.07890089601278305,
      0.9955106973648071
    ],
    [
      0.9671900272369385,
      -0.15443885326385498,
      0.20172244310379028,
      0.02325560338795185,
      0.844501256942749,
      0.535048246383667,
      -0.2529871463775635,
      -0.512802243232727,
      0.8203847408294678
    ],
    [
      0.9262005686759949,
      0.21583834290504456,
      0.3091379702091217,
      -0.2823481559753418,
      0.9404447078704834,
      0.18932341039180756,
      -0.2498638927936554,
      -0.2626360058784485,
      0.9319819808006287
    ],
    [
      0.9522212743759155,
      0.18536941707134247,
      0.24271953105926514,
      -0.15098100900650024,
      0.9765479564666748,
      -0.15348903834819794,
      -0.2654794156551361,
      0.10950949788093567,
      0.957876980304718
    ],
    [
      0.9584953784942627,
      0.266652911901474,
      -0.10091027617454529,
      -0.25082921981811523,
      0.9569320678710938,
      0.1461702287197113,
      0.13554099202156067,
      -0.11479223519563675,
      0.9840993285179138
    ],
    [
      0.9900252819061279,
      0.12585288286209106,
      0.06333258002996445,
      -0.1379448026418686,
      0.9573050737380981,
      0.2540437877178192,
      -0.028656458482146263,
      -0.2602461576461792,
      0.9651169776916504
    ],
    [
      0.8457828164100647,
      -0.1689014881849289,
      0.5060867667198181,
      0.11481206864118576,
      0.9839627742767334,
      0.13651162385940552,
      -0.5210275650024414,
      -0.05735432356595993,
      0.8516107201576233
    ],
    [
      0.7412365674972534,
      0.6345219612121582,
      -0.21897557377815247,
      -0.6687526702880859,
      0.7261647582054138,
      -0.15954497456550598,
      0.057777561247348785,
      0.26470106840133667,
      0.9625981450080872
    ],
    [
      0.9784970879554749,
      -0.020001985132694244,
      0.20528827607631683,
      -0.06438177824020386,
      0.915940523147583,
      0.39611613750457764,
      -0.19595494866371155,
      -0.40081536769866943,
      0.8949573636054993
    ],
    [
      0.8945131897926331,
      -0.022428754717111588,
      -0.44647860527038574,
      -0.07988877594470978,
      0.974643349647522,
      -0.20901693403720856,
      0.43984541296958923,
      0.22263702750205994,
      0.8700395226478577
    ],
    [
      -0.32944023609161377,
      -0.009126813150942326,
      0.9441323280334473,
      -0.6141656637191772,
      0.7615613341331482,
      -0.2069416046142578,
      -0.7171260118484497,
      -0.648028552532196,
      -0.25649431347846985
    ],
    [
      0.9684750437736511,
      -0.07147974520921707,
      0.23863524198532104,
      0.21145686507225037,
      0.7422979474067688,
      -0.6358299255371094,
      -0.13168953359127045,
      0.6662464141845703,
      0.7340119481086731
    ],
    [
      0.8400232791900635,
      0.4949427843093872,
      -0.2222442477941513,
      -0.5402577519416809,
      0.7254582047462463,
      -0.4264174997806549,
      -0.049823321402072906,
      0.4782698452472687,
      0.8767984509468079
    ],
    [
      0.9261950254440308,
      0.23186008632183075,
      -0.2973273992538452,
      -0.15980134904384613,
      0.9556375741958618,
      0.24742750823497772,
      0.341505765914917,
      -0.18165284395217896,
      0.9221583008766174
    ],
    [
      0.9449779391288757,
      -0.27210429310798645,
      0.18159270286560059,
      0.20876622200012207,
      0.9289814233779907,
      0.30563080310821533,
      -0.2518596947193146,
      -0.2509039640426636,
      0.9346731305122375
    ]
  ],
  "root_rot": [
    0.5257040858268738,
    -0.08422097563743591,
    0.8464881777763367,
    -0.10471401363611221,
    -0.993925929069519,
    -0.03385850414633751,
    0.8441979885101318,
    -0.07083961367607117,
    -0.5313300490379333
  ],
  "root_trans": [
    -0.3708484172821045,
    0.5921527743339539,
    2.2925045490264893
  ]
}