{
  "betas": [
    -0.7961854338645935,
    0.6038812398910522,
    1.9932693243026733,
    0.5744173526763916,
    0.4899613559246063,
    -0.4263705909252167,
    0.06125544011592865,
    0.5682325959205627,
    -0.17759594321250916,
    1.018141746520996
  ],
  "joints": [
    [
      0.9605112075805664,
      -0.2768183648586273,
      0.028104927390813828,
      0.263835608959198,
      0.9382033348083496,
      0.22397629916667938,
      -0.08836887776851654,
      -0.20771664381027222,
      0.9741893410682678
    ],
    [
      0.9416370987892151,
      0.2808685004711151,
      -0.18555977940559387,
      -0.2398924082517624,
      0.9465929269790649,
      0.2154376357793808,
      0.23615923523902893,
      -0.15834969282150269,
      0.9587252140045166
    ],
    [
      0.9956413507461548,
      -0.06766840070486069,
      0.0641833245754242,
      0.07327961176633835,
      0.9932848215103149,
      -0.08952818810939789,
      -0.057694099843502045,
      0.09384127706289291,
      0.9939141273498535
    ],
    [
      0.9990474581718445,
      0.014468410052359104,
      0.041168469935655594,
      -0.00811215303838253,
      0.9885667562484741,
      -0.15056568384170532,
      -0.0428762249648571,
      0.15008829534053802,
      0.9877424836158752
    ],
    [
      0.9980019927024841,
      -0.05862484499812126,
      -0.023563137277960777,
      0.05143188685178757,
      0.9703974723815918,
      -0.23597364127635956,
      0.03669952601194382,
      0.2342902570962906,
      0.9714738130569458
    ],
    [
      0.9941506385803223,
      0.03599989414215088,
      -0.10182622820138931,
      -0.036479879170656204,
      0.9993302822113037,
      -0.0028547162655740976,
      0.1016552746295929,
      0.006552624050527811,
      0.9947981238365173
    ],
    [
      0.9960688948631287,
      0.05502312257885933,
      0.06941961497068405,
      -0.04623931646347046,
      0.9914102554321289,
      -0.12234162539243698,
      -0.07555494457483292,
      0.11865078657865524,
      0.9900571703910828
    ],
    [
      0.9479637742042542,
      -0.2160700261592865,
      -0.23383420705795288,
      0.23728320002555847,
      0.9691682457923889,
      0.0664045438170433,
      0.2122766673564911,
      -0.11843402683734894,
      0.9700061678886414
    ],
    [
      0.9950112104415894,
      0.06122203543782234,
      0.07876978814601898,
      -0.05653011053800583,
      0.9965674877166748,
      -0.06047767400741577,
      -0.08220198005437851,
      0.05572309345006943,
      0.995056688785553
    ],
    [
      0.9629666209220886,
      -0.1614522486925125,
      0.21593628823757172,
      0.07264355570077896,
      0.9266350865364075,
      0.3688771724700928,
      -0.25965017080307007,
      -0.33953002095222473,
      0.9040471315383911
    ],
    [
      0.9345899820327759,
      0.27916041016578674,
      0.22047922015190125,
      -0.30150192975997925,
      0.9505509734153748,
      0.07449430227279663,
      -0.18878088891506195,
      -0.1360965222120285,
      0.9725428223609924
    ],
    [
      0.9602867960929871,
      0.22391864657402039,
      0.16646263003349304,
      -0.19357408583164215,
      0.9643382430076599,
      -0.18050134181976318,
      -0.20094391703605652,
      0.14111019670963287,
      0.969386100769043
    ],
    [
      0.9764077067375183,
      0.2074122577905655,
      -0.06006864458322525,
      -0.20293757319450378,
      0.976470410823822,
      0.07295195013284683,
      0.07378637790679932,
      -0.05904065817594528,
      0.9955250024795532
    ],
    [
      0.9882413148880005,
      -0.09323611110448837,
      0.12118671089410782,
      0.06706079840660095,
      0.9765721559524536,
      0.2044740617275238,
      -0.1374119371175766,
      -0.1939428299665451,
      0.9713414311408997
    ],
    [
      0.8804356455802917,
      -0.16941556334495544,
      0.442867249250412,
      0.0995410829782486,
      0.9792181253433228,
      0.17670144140720367,
      -0.46359962224960327,
      -0.11149077117443085,
      0.8790023326873779
    ],
    [
      0.7431245446205139,
      0.6519728899002075,
      -0.15065602958202362,
      -0.6563236117362976,
      0.6662870645523071,
      -0.3539786636829376,
      -0.13040433824062347,
      0.361929327249527,
      0.9230394959449768
    ],
    [
      0.8507771492004395,
      -0.3920610845088959,
      0.3499518632888794,
      0.28331950306892395,
      0.9030296802520752,
      0.3229045569896698,
      -0.442615270614624,
      -0.17557163536548615,
      0.8793555498123169
    ],
    [
      0.2767578363418579,
      -0.3007837235927582,
      -0.9126523733139038,
      -0.2796371579170227,
      0.8834373950958252,
      -0.3759540915489197,
      0.9193520545959473,
      0.3592597246170044,
      0.16038791835308075
    ],
    [
      -0.6502404808998108,
      0.09422479569911957,
      0.7538626194000244,
      -0.49281278252601624,
      0.7028815746307373,
      -0.5129258632659912,
      -0.5782065391540527,
      -0.7050383687019348,
      -0.41060686111450195
    ],
    [
      0.9830076694488525,
      -0.15106619894504547,
      0.10428281873464584,
      0.18346218764781952,
      0.789567768573761,
      -0.5855973958969116,
      0.006125616375356913,
      0.5947787165641785,
      0.8038660883903503
    ],
    [
      0.7936540842056274,
      0.5889910459518433,
      -0.15232424437999725,
      -0.6021965742111206,
      0.7250014543533325,
      -0.3342635929584503,
      -0.08644295483827591,
      0.3570188283920288,
      0.9300887584686279
    ],
    [
      0.7685744166374207,
      0.2841947674751282,
      -0.5731724500656128,
      -0.168019101023674,
      0.9541337490081787,
      0.24778687953948975,
      0.6173029541969299,
      -0.0941387191414833,
      0.7810729146003723
    ],
    [
      0.9611300230026245,
      -0.2506326735019684,
      0.1158115342259407,
      0.21598798036575317,
      0.9438281655311584,
      0.25007516145706177,
      -0.17198318243026733,
      -0.21534083783626556,
      0.9612752199172974
    ]
  ],
  "root_rot": [
    0.5420434474945068,
    -0.0802084282040596,
    0.8365138173103333,
    -0.16359390318393707,
    -0.9864616394042969,
    0.011419378221035004,
    0.8242729306221008,
    -0.14303837716579437,
    -0.5478266477584839
  ],
  "root_trans": [
    -0.4203186631202698,
    0.554019570350647,
    2.3368589878082275
  ]
}