{
  "betas": [
    -0.7363739013671875,
    1.0951393842697144,
    1.3684203624725342,
    0.08161488175392151,
    -0.3144491910934448,
    -0.16527172923088074,
    0.1287839412689209,
    0.773838222026825,
    0.249088317155838,
    1.2494299411773682
  ],
  "joints": [
    [
      0.9534200429916382,
      -0.3016424775123596,
      0.0013941482175141573,
      0.2848628759384155,
      0.9018846154212952,
      0.3247417211532593,
      -0.09921327233314514,
      -0.309218168258667,
      0.9458016157150269
    ],
    [
      0.9715312719345093,
      0.13018405437469482,
      -0.19793669879436493,
      -0.14383260905742645,
      0.9880075454711914,
      -0.05615474656224251,
      0.1882524937391281,
      0.08302585780620575,
      0.9786049127578735
    ],
    [
      0.9958526492118835,
      -0.011663264594972134,
      0.09023019671440125,
      0.021328657865524292,
      0.9940399527549744,
      -0.10690931230783463,
      -0.0884455144405365,
      0.10839040577411652,
      0.9901660680770874
    ],
    [
      0.9947249889373779,
      0.02306935377418995,
      0.09994934499263763,
      -0.005161236971616745,
      0.9844045042991638,
      -0.17584432661533356,
      -0.10244718939065933,
      0.1744009107351303,
      0.979330837726593
    ],
    [
      0.9998684525489807,
      -0.016216229647397995,
      -0.0003517659497447312,
      0.015999644994735718,
      0.9896126985549927,
      -0.14286603033542633,
      0.002664861734956503,
      0.14284160733222961,
      0.9897419810295105
    ],
    [
      0.9935269355773926,
      -0.009662123396992683,
      -0.11318538337945938,
      0.005923422984778881,
      0.9994271993637085,
      -0.03332145884633064,
      0.11344248801469803,
      0.03243532031774521,
      0.9930150508880615
    ],
    [
      0.9808283448219299,
      0.1891065239906311,
      0.047057099640369415,
      -0.17025314271450043,
      0.949038565158844,
      -0.2652161717414856,
      -0.09481312334537506,
      0.25211992859840393,
      0.9630399346351624
    ],
    [
      0.9512876868247986,
      -0.2592664062976837,
      -0.1668311208486557,
      0.2807067930698395,
      0.9521458148956299,
      0.1209215372800827,
      0.1274966597557068,
      -0.16186180710792542,
      0.9785424470901489
    ],
    [
      0.9987673163414001,
      0.007908881641924381,
      0.04900314286351204,
      -0.008357950486242771,
      0.9999248385429382,
      0.008966024033725262,
      -0.048928551375865936,
      -0.0093645378947258,
      0.9987583756446838
    ],
    [
      0.8985398411750793,
      -0.42355966567993164,
      0.11499281227588654,
      0.2967992424964905,
      0.7794216275215149,
      0.551735520362854,
      -0.32332080602645874,
      -0.4616265594959259,
      0.8260535597801208
    ],
    [
      0.9338634610176086,
      0.30201053619384766,
      0.19154293835163116,
      -0.23712845146656036,
      0.923830509185791,
      -0.30051183700561523,
      -0.26771092414855957,
      0.23521675169467926,
      0.9343468546867371
    ],
    [
      0.991742730140686,
      0.12821468710899353,
      -0.002708490937948227,
      -0.12822140753269196,
      0.9909622669219971,
      -0.03940991312265396,
      -0.0023689172230660915,
      0.03943178057670593,
      0.9992194771766663
    ],
    [
      0.9750158190727234,
      0.20904070138931274,
      -0.07514113187789917,
      -0.19249582290649414,
      0.9639253616333008,
      0.18382953107357025,
      0.11085829138755798,
      -0.16477233171463013,
      0.9800819158554077
    ],
    [
      0.9467138648033142,
      -0.31132444739341736,
      0.0825226828455925,
      0.3186608552932739,
      0.9426208138465881,
      -0.09960563480854034,
      -0.04677793011069298,
      0.12059477716684341,
      0.9915990829467773
    ],
    [
      0.98149174451828,
      -0.05067921802401543,
      0.18467684090137482,
      0.0647098645567894,
      0.9953927397727966,
      -0.07075320929288864,
      -0.18024025857448578,
      0.08139410614967346,
      0.9802492260932922
    ],
    [
      0.575547993183136,
      0.5911187529563904,
      -0.565086841583252,
      -0.6137815117835999,
      0.7688794732093811,
      0.17915533483028412,
      0.5403857231140137,
      0.24372738599777222,
      0.805344820022583
    ],
    [
      0.6146394610404968,
      -0.7706122994422913,
      0.16844874620437622,
      0.788799524307251,
      0.5994571447372437,
      -0.13581743836402893,
      0.003684784984216094,
      0.21635106205940247,
      0.9763086438179016
    ],
    [
      -0.0770646259188652,
      -0.3157281279563904,
      -0.9457150101661682,
      0.4176221787929535,
      0.8510932326316833,
      -0.31816983222961426,
      0.9053467512130737,
      -0.41947120428085327,
      0.06626588851213455
    ],
    [
      0.3503308892250061,
      0.309276819229126,
      0.8840905427932739,
      0.07386378198862076,
      0.9318474531173706,
      -0.3552527129650116,
      -0.933708906173706,
      0.1897582709789276,
      0.30361059308052063
    ],
    [
      0.9501932263374329,
      -0.2640612721443176,
      0.1655428558588028,
      0.30645158886909485,
      0.8883258104324341,
      -0.34200090169906616,
      -0.056746818125247955,
      0.3756978213787079,
      0.925003170967102
    ],
    [
      0.9657925367355347,
      0.08653505891561508,
      0.24445149302482605,
      0.011011877097189426,
      0.9281411170959473,
      -0.3720654547214508,
      -0.25908222794532776,
      0.36202988028526306,
      0.8954388499259949
    ],
    [
      0.9778734445571899,
      0.12677577137947083,
      -0.16640765964984894,
      -0.12203779071569443,
      0.9917809367179871,
      0.03843740373849869,
      0.16991285979747772,
      -0.017278892919421196,
      0.9853076934814453
    ],
    [
      0.8572649359703064,
      -0.2474076747894287,
      0.45153775811195374,
      0.1918981522321701,
      0.9673267006874084,
      0.1656927466392517,
      -0.47777819633483887,
      -0.055393319576978683,
      0.876732349395752
    ]
  ],
  "root_rot": [
    -0.08704221993684769,
    0.04664507135748863,
    -0.9951120615005493,
    0.12821514904499054,
    -0.9900709390640259,
    -0.0576237253844738,
    -0.9879193305969238,
    -0.13260413706302643,
    0.08019736409187317
  ],
  "root_trans": [
    0.5152481198310852,
    0.4765762388706207,
    2.702277183532715
  ]
}