{
  "betas": [
    -0.7354358434677124,
    1.093172311782837,
    1.3705233335494995,
    0.0730600655078888,
    -0.3136027455329895,
    -0.174824059009552,
    0.1379384994506836,
    0.7655715346336365,
    0.23444847762584686,
    1.2374763488769531
  ],
  "joints": [
    [
      0.9521127343177795,
      -0.30574673414230347,
      0.00035047257551923394,
      0.28910091519355774,
      0.9006486535072327,
      0.32442668080329895,
      -0.09950805455446243,
      -0.3087894916534424,
      0.9459106922149658
    ],
    [
      0.9716642498970032,
      0.1263338029384613,
      -0.19977079331874847,
      -0.14076106250286102,
      0.9882426857948303,
      -0.05968855321407318,
      0.1898813396692276,
      0.08611717820167542,
      0.9780229926109314
    ],
    [
      0.995747447013855,
      -0.01107375230640173,
      0.09145713597536087,
      0.020699646323919296,
      0.9942585229873657,
      -0.10498300939798355,
      -0.08976949006319046,
      0.10642969608306885,
      0.99025958776474
    ],
    [
      0.9947540163993835,
      0.022166820243000984,
      0.09986495971679688,
      -0.004676619544625282,
      0.985073447227478,
      -0.17207084596157074,
      -0.1021885871887207,
      0.17070114612579346,
      0.9800094366073608
    ],
    [
      0.9998185038566589,
      -0.019050411880016327,
      -0.0004127801221329719,
      0.018831653520464897,
      0.9911792278289795,
      -0.13118299841880798,
      0.0029082305263727903,
      0.13115139305591583,
      0.9913581013679504
    ],
    [
      0.9936280250549316,
      -0.009911253117024899,
      -0.11227268725633621,
      0.0063249594531953335,
      0.9994596838951111,
      -0.03225397318601608,
      0.11253170669078827,
      0.03133833035826683,
      0.9931538105010986
    ],
    [
      0.9803698062896729,
      0.1919689029455185,
      0.04497937485575676,
      -0.17314739525318146,
      0.9473551511764526,
      -0.2693289816379547,
      -0.09431422501802444,
      0.2562538981437683,
      0.9619972705841064
    ],
    [
      0.9528788328170776,
      -0.25855499505996704,
      -0.15865446627140045,
      0.2778773903846741,
      0.9537532329559326,
      0.11462535709142685,
      0.12168025225400925,
      -0.15331056714057922,
      0.9806578755378723
    ],
    [
      0.9986818432807922,
      0.00779444957152009,
      0.05073093622922897,
      -0.008320318534970284,
      0.99991375207901,
      0.010162792168557644,
      -0.050647348165512085,
      -0.010571494698524475,
      0.9986605644226074
    ],
    [
      0.8977664709091187,
      -0.4243405759334564,
      0.11811169236898422,
      0.29737624526023865,
      0.7817254066467285,
      0.5481538772583008,
      -0.32493487000465393,
      -0.4569905996322632,
      0.8279956579208374
    ],
    [
      0.936363160610199,
      0.29791978001594543,
      0.18565532565116882,
      -0.23272006213665009,
      0.9227955937385559,
      -0.30706650018692017,
      -0.2628030478954315,
      0.24432002007961273,
      0.933403730392456
    ],
    [
      0.9918753504753113,
      0.12689803540706635,
      -0.008955195546150208,
      -0.12717272341251373,
      0.9908815026283264,
      -0.04450872540473938,
      0.0032254678662866354,
      0.04528596252202988,
      0.9989688992500305
    ],
    [
      0.9763402938842773,
      0.2045559287071228,
      -0.0701185017824173,
      -0.18886199593544006,
      0.9645736813545227,
      0.18419788777828217,
      0.10531321167945862,
      -0.16659708321094513,
      0.9803850054740906
    ],
    [
      0.946941077709198,
      -0.3114495277404785,
      0.07938376069068909,
      0.3184601366519928,
      0.9425600171089172,
      -0.10081563889980316,
      -0.04342496767640114,
      0.12074703723192215,
      0.9917330741882324
    ],
    [
      0.9831759333610535,
      -0.05175452679395676,
      0.17517568171024323,
      0.06446000188589096,
      0.9956258535385132,
      -0.06763142347335815,
      -0.17090921103954315,
      0.07778540998697281,
      0.9822114706039429
    ],
    [
      0.5720334649085999,
      0.5923472046852112,
      -0.5673645734786987,
      -0.6162698864936829,
      0.7668567299842834,
      0.17928242683410645,
      0.5412847995758057,
      0.24709413945674896,
      0.8037134408950806
    ],
    [
      0.613949716091156,
      -0.7711442112922668,
      0.16852967441082,
      0.7893342971801758,
      0.5986679196357727,
      -0.13619133830070496,
      0.0041298698633909225,
      0.216640904545784,
      0.9762425422668457
    ],
    [
      -0.07198096066713333,
      -0.31304141879081726,
      -0.9470078349113464,
      0.4194764494895935,
      0.8519167304039001,
      -0.31349220871925354,
      0.9049079418182373,
      -0.419812947511673,
      0.06999171525239944
    ],
    [
      0.3932279050350189,
      0.30293554067611694,
      0.8681024312973022,
      0.06810231506824493,
      0.9319733381271362,
      -0.35607269406318665,
      -0.9169154167175293,
      0.19913750886917114,
      0.34584730863571167
    ],
    [
      0.9527087211608887,
      -0.25797533988952637,
      0.16060763597488403,
      0.2985091507434845,
      0.8934417366981506,
      -0.33563992381095886,
      -0.05690674111247063,
      0.3677099347114563,
      0.9281977415084839
    ],
    [
      0.9684391021728516,
      0.08220495283603668,
      0.2353041172027588,
      0.013500944711267948,
      0.9253610372543335,
      -0.3788464367389679,
      -0.24888433516025543,
      0.3700665235519409,
      0.8950459957122803
    ],
    [
      0.9768938422203064,
      0.1305273324251175,
      -0.1692364662885666,
      -0.12531498074531555,
      0.9912624359130859,
      0.04116954654455185,
      0.17313151061534882,
      -0.019010409712791443,
      0.9847152233123779
    ],
    [
      0.8538011312484741,
      -0.26022806763648987,
      0.45089349150657654,
      0.2019132524728775,
      0.9638359546661377,
      0.1739288717508316,
      -0.47984856367111206,
      -0.05745928734540939,
      0.8754677176475525
    ]
  ],
  "root_rot": [
    -0.09013228863477707,
    0.04421320557594299,
    -0.9949479103088379,
    0.13329967856407166,
    -0.9894897937774658,
    -0.056046269834041595,
    -0.9869687557220459,
    -0.13767783343791962,
    0.08329137414693832
  ],
  "root_trans": [
    0.5158281326293945,
    0.4755716025829315,
    2.701885223388672
  ]
}