{
  "betas": [
    -0.6259222030639648,
    1.5307912826538086,
    1.0296941995620728,
    -0.3711645305156708,
    0.16730135679244995,
    0.37390390038490295,
    0.139089435338974,
    0.6415066719055176,
    -0.16534623503684998,
    0.45831435918807983
  ],
  "joints": [
    [
      0.9839538931846619,
      -0.15697196125984192,
      -0.08482098579406738,
      0.16690455377101898,
      0.9778134226799011,
      0.12658509612083435,
      0.06306878477334976,
      -0.1387109011411667,
      0.9883226752281189
    ],
    [
      0.9762298464775085,
      0.21615132689476013,
      -0.01593439094722271,
      -0.1744128167629242,
      0.8271087408065796,
      0.5342951416969299,
      0.12866808474063873,
      -0.5188156962394714,
      0.8451477885246277
    ],
    [
      0.998319685459137,
      -0.03071480244398117,
      0.04913567006587982,
      0.03785077854990959,
      0.9877145290374756,
      -0.15161579847335815,
      -0.04387516900897026,
      0.15322087705135345,
      0.9872174263000488
    ],
    [
      0.9942911863327026,
      0.03373188152909279,
      -0.10122785717248917,
      -0.0773874819278717,
      0.8811244368553162,
      -0.46650922298431396,
      0.07345812022686005,
      0.47167983651161194,
      0.8787046670913696
    ],
    [
      0.9707990884780884,
      -0.1552528440952301,
      0.18288207054138184,
      0.1497420221567154,
      -0.20342427492141724,
      -0.9675722122192383,
      0.18742091953754425,
      0.9667032361030579,
      -0.1742362231016159
    ],
    [
      0.9935580492019653,
      -0.09474445879459381,
      -0.0621769055724144,
      0.09744328260421753,
      0.9943584203720093,
      0.041906196624040604,
      0.0578557513654232,
      -0.04769495502114296,
      0.9971850514411926
    ],
    [
      0.9899609684944153,
      0.02551824040710926,
      0.13901829719543457,
      -0.04968934506177902,
      0.9836167693138123,
      0.17328904569149017,
      -0.13231869041919708,
      -0.1784571260213852,
      0.9750102162361145
    ],
    [
      0.8036856651306152,
      -0.3831791579723358,
      -0.4552617371082306,
      0.3605624735355377,
      0.9222156405448914,
      -0.13968880474567413,
      0.4733753502368927,
      -0.05188440904021263,
      0.8793315291404724
    ],
    [
      0.9973753094673157,
      -0.028397466987371445,
      0.06660326570272446,
      0.03225668892264366,
      0.9978184103965759,
      -0.0576026551425457,
      -0.06482218205928802,
      0.059599872678518295,
      0.9961154460906982
    ],
    [
      0.9335789084434509,
      -0.32959476113319397,
      0.14070411026477814,
      0.16124558448791504,
      0.7369570732116699,
      0.6564252376556396,
      -0.3200472295284271,
      -0.5901368260383606,
      0.7411532998085022
    ],
    [
      0.6958941221237183,
      0.41096141934394836,
      0.588932991027832,
      -0.48444053530693054,
      0.8740211725234985,
      -0.037473998963832855,
      -0.5301402807235718,
      -0.259225070476532,
      0.807312548160553
    ],
    [
      0.9447988867759705,
      0.014139549806714058,
      -0.32734546065330505,
      -0.09417921304702759,
      0.9686264991760254,
      -0.22998477518558502,
      0.3138235807418823,
      0.24811851978302002,
      0.9164888858795166
    ],
    [
      0.7607165575027466,
      -0.4173402190208435,
      -0.49712926149368286,
      0.5859733819961548,
      0.770988941192627,
      0.24942201375961304,
      0.27918729186058044,
      -0.4810439348220825,
      0.8310543298721313
    ],
    [
      0.8901919722557068,
      -0.04857097938656807,
      0.4529891014099121,
      0.001649583107791841,
      0.9946377873420715,
      0.10340665280818939,
      -0.4555826485157013,
      -0.09130452573299408,
      0.8854987025260925
    ],
    [
      0.964677631855011,
      -0.07079894840717316,
      -0.25374138355255127,
      0.06934822350740433,
      0.9974846243858337,
      -0.014669238589704037,
      0.2541417181491852,
      -0.0034454285632818937,
      0.9671608805656433
    ],
    [
      0.8654518723487854,
      0.08764150738716125,
      -0.49326667189598083,
      0.03930104523897171,
      0.9696689248085022,
      0.24124157428741455,
      0.49944818019866943,
      -0.22816888988018036,
      0.8357573747634888
    ],
    [
      0.9204096794128418,
      -0.22227546572685242,
      0.32162025570869446,
      0.13283121585845947,
      0.9515091180801392,
      0.2774638235569,
      -0.3676980435848236,
      -0.21265918016433716,
      0.9053032994270325
    ],
    [
      -0.08002086728811264,
      -0.061412256211042404,
      -0.994899570941925,
      0.2563934028148651,
      0.9632494449615479,
      -0.08008059114217758,
      0.963254451751709,
      -0.26149383187294006,
      -0.06133435666561127
    ],
    [
      0.8810392618179321,
      0.18764102458953857,
      0.4342356324195862,
      -0.2856110632419586,
      0.9427656531333923,
      0.17210257053375244,
      -0.37708890438079834,
      -0.27565163373947144,
      0.8842059373855591
    ],
    [
      0.9799702763557434,
      0.07164239883422852,
      0.1858108937740326,
      0.04700257256627083,
      0.823478102684021,
      -0.5653977990150452,
      -0.19351764023303986,
      0.5628066062927246,
      0.8036167025566101
    ],
    [
      0.9884565472602844,
      0.0387834869325161,
      -0.14645645022392273,
      -0.13163918256759644,
      0.6983859539031982,
      -0.7035113573074341,
      0.07499850541353226,
      0.7146698236465454,
      0.6954296231269836
    ],
    [
      0.8522462844848633,
      0.2523302733898163,
      -0.4582637548446655,
      -0.17244768142700195,
      0.9625289440155029,
      0.20928408205509186,
      0.4939008355140686,
      -0.09933506697416306,
      0.8638255000114441
    ],
    [
      0.9827123284339905,
      -0.09498083591461182,
      0.15891902148723602,
      0.06202525645494461,
      0.9776716232299805,
      0.20077592134475708,
      -0.17444050312042236,
      -0.1874479502439499,
      0.9666611552238464
    ]
  ],
  "root_rot": [
    0.5374835133552551,
    0.30279266834259033,
    -0.7870374321937561,
    0.26220619678497314,
    -0.947056233882904,
    -0.18528997898101807,
    -0.8014732003211975,
    -0.10677579045295715,
    -0.5884212255477905
  ],
  "root_trans": [
    0.2705044150352478,
    0.4713955819606781,
    2.528853178024292
  ]
}