{
  "betas": [
    -0.24234327673912048,
    1.573230266571045,
    1.0428301095962524,
    -0.2942773401737213,
    -0.16505157947540283,
    0.20983481407165527,
    0.14570043981075287,
    0.24735039472579956,
    -0.023071929812431335,
    0.12456925213336945
  ],
  "joints": [
    [
      0.8806794285774231,
      -0.4516715407371521,
      -0.14281606674194336,
      0.4517797529697418,
      0.7101511359214783,
      0.5399817824363708,
      -0.14247342944145203,
      -0.5400723218917847,
      0.8294715285301208
    ],
    [
      0.8367700576782227,
      0.5071179270744324,
      -0.2065119594335556,
      -0.4570700228214264,
      0.854581892490387,
      0.24652935564517975,
      0.3015008568763733,
      -0.11189796775579453,
      0.9468769431114197
    ],
    [
      0.9837360978126526,
      0.04562440514564514,
      0.17372871935367584,
      0.009019460529088974,
      0.9534354209899902,
      -0.30146247148513794,
      -0.17939314246177673,
      0.2981264591217041,
      0.9375173449516296
    ],
    [
      0.9762961864471436,
      0.21273702383041382,
      -0.03985810652375221,
      -0.18669846653938293,
      0.7345798015594482,
      -0.6523312926292419,
      -0.10949605703353882,
      0.6443100571632385,
      0.7568851113319397
    ],
    [
      0.9995542764663696,
      -0.02895660512149334,
      0.007258187513798475,
      0.028767693787813187,
      0.8693844676017761,
      -0.49329817295074463,
      0.00797408539801836,
      0.4932871460914612,
      0.8698299527168274
    ],
    [
      0.9932609796524048,
      -0.07189346849918365,
      -0.09090674668550491,
      0.07687325775623322,
      0.9956569075584412,
      0.05251522734761238,
      0.08673642575740814,
      -0.059149619191884995,
      0.9944738149642944
    ],
    [
      0.9992340207099915,
      0.012086178176105022,
      -0.03721946105360985,
      -0.010283389128744602,
      0.998782217502594,
      0.04825301095843315,
      0.037757329642772675,
      -0.04783330857753754,
      0.9981414675712585
    ],
    [
      0.7612450122833252,
      -0.3451407253742218,
      -0.5489844679832458,
      0.4611680209636688,
      0.8833140730857849,
      0.08414484560489655,
      0.45588386058807373,
      -0.31722891330718994,
      0.8315863013267517
    ],
    [
      0.9906150102615356,
      -0.0448293574154377,
      0.12912121415138245,
      0.04752921313047409,
      0.9987093806266785,
      -0.017903055995702744,
      -0.12815198302268982,
      0.023872066289186478,
      0.9914671778678894
    ],
    [
      0.9411583542823792,
      -0.060470204800367355,
      0.3325120508670807,
      -0.12499077618122101,
      0.8518272042274475,
      0.5086922645568848,
      -0.31400352716445923,
      -0.5203209519386292,
      0.7941460609436035
    ],
    [
      0.7087681293487549,
      0.499679297208786,
      0.49796417355537415,
      -0.5064138174057007,
      0.8518213033676147,
      -0.13396050035953522,
      -0.4911138415336609,
      -0.15722902119159698,
      0.8567882776260376
    ],
    [
      0.9863318204879761,
      0.1647716462612152,
      4.9999391194432974e-05,
      -0.1647617369890213,
      0.986268937587738,
      0.0112788500264287,
      0.0018091218080371618,
      -0.011132924817502499,
      0.9999365210533142
    ],
    [
      0.7620651721954346,
      -0.0008394538890570402,
      -0.6474997401237488,
      0.2881723940372467,
      0.8959428668022156,
      0.3379985988140106,
      0.5798390507698059,
      -0.4441685080528259,
      0.6830087900161743
    ],
    [
      0.7362810373306274,
      -0.3483927547931671,
      0.5800972580909729,
      0.3180347681045532,
      0.9348560571670532,
      0.15779100358486176,
      -0.5972806811332703,
      0.06831258535385132,
      0.7991178035736084
    ],
    [
      0.9607692360877991,
      -0.24507196247577667,
      0.12985479831695557,
      0.23595577478408813,
      0.9683228731155396,
      0.0817047506570816,
      -0.14576491713523865,
      -0.047859419137239456,
      0.9881609678268433
    ],
    [
      0.1633707880973816,
      0.7013829946517944,
      -0.6938096880912781,
      -0.6411672830581665,
      0.6099739074707031,
      0.46565693616867065,
      0.7498096227645874,
      0.36877334117889404,
      0.5493557453155518
    ],
    [
      0.5249932408332825,
      -0.5974975228309631,
      0.606117844581604,
      0.6657906770706177,
      0.7319427728652954,
      0.1448536217212677,
      -0.5301932096481323,
      0.32750043272972107,
      0.7820733189582825
    ],
    [
      -0.5302253365516663,
      -0.3476104736328125,
      -0.7733227610588074,
      0.10765056312084198,
      0.8771085143089294,
      -0.4680726230144501,
      0.8409949541091919,
      -0.33143261075019836,
      -0.4276446998119354
    ],
    [
      0.8999566435813904,
      -0.04821823909878731,
      0.4333047866821289,
      0.14045988023281097,
      0.9729405045509338,
      -0.1834605634212494,
      -0.41273364424705505,
      0.22596849501132965,
      0.882377028465271
    ],
    [
      0.9176389575004578,
      -0.24677984416484833,
      0.3115098774433136,
      0.3336770534515381,
      0.9041944742202759,
      -0.2666308283805847,
      -0.21586640179157257,
      0.34861454367637634,
      0.9120688438415527
    ],
    [
      0.9411361217498779,
      0.17559699714183807,
      -0.28883981704711914,
      -0.2972836494445801,
      0.8366713523864746,
      -0.46000373363494873,
      0.16088873147964478,
      0.518793523311615,
      0.839623749256134
    ],
    [
      0.89413982629776,
      0.27509692311286926,
      -0.3533208668231964,
      -0.17684310674667358,
      0.9418354034423828,
      0.2857842445373535,
      0.41138845682144165,
      -0.19304871559143066,
      0.8907815217971802
    ],
    [
      0.9066630005836487,
      -0.30573955178260803,
      0.2906639277935028,
      0.14737696945667267,
      0.875160276889801,
      0.4608410894870758,
      -0.3952748775482178,
      -0.37499040365219116,
      0.838534414768219
    ]
  ],
  "root_rot": [
    0.18998748064041138,
    0.022234797477722168,
    0.9815348386764526,
    -0.09410206228494644,
    -0.9947283267974854,
    0.040748223662376404,
    0.9772664308547974,
    -0.10010609030723572,
    -0.18689358234405518
  ],
  "root_trans": [
    -0.261696994304657,
    0.5972318053245544,
    2.6442484855651855
  ]
}