{
  "betas": [
    -0.896596372127533,
    0.8847955465316772,
    1.602569818496704,
    0.2918650507926941,
    0.029460430145263672,
    0.1417706310749054,
    0.3052901029586792,
    0.4847975969314575,
    0.01628860831260681,
    0.9713876843452454
  ],
  "joints": [
    [
      0.9815085530281067,
      -0.16983382403850555,
      -0.08830353617668152,
      0.1907925009727478,
      0.9052618741989136,
      0.3796040713787079,
      0.015468208119273186,
      -0.38943225145339966,
      0.9209253191947937
    ],
    [
      0.96452397108078,
      0.24542105197906494,
      -0.09727296978235245,
      -0.24816317856311798,
      0.9685693383216858,
      -0.016983449459075928,
      0.09004752337932587,
      0.04052051529288292,
      0.9951128363609314
    ],
    [
      0.9869764447212219,
      -0.03971264883875847,
      0.15588605403900146,
      0.05347874015569687,
      0.994933545589447,
      -0.08513142913579941,
      -0.1517154574394226,
      0.09235929697751999,
      0.9840997457504272
    ],
    [
      0.9996591210365295,
      -0.004355034790933132,
      0.025740375742316246,
      0.009117614477872849,
      0.9821414351463318,
      -0.18792258203029633,
      -0.024462275207042694,
      0.18809323012828827,
      0.9818463325500488
    ],
    [
      0.9937353730201721,
      0.033343564718961716,
      0.1066691130399704,
      -0.002063510473817587,
      0.9597674012184143,
      -0.28078874945640564,
      -0.11174003034830093,
      0.2788095772266388,
      0.9538236260414124
    ],
    [
      0.9893327355384827,
      -0.08185656368732452,
      -0.12049981206655502,
      0.091710165143013,
      0.9926765561103821,
      0.07862909138202667,
      0.11318103224039078,
      -0.08884139358997345,
      0.9895945191383362
    ],
    [
      0.9952991008758545,
      0.0364796407520771,
      -0.0897161215543747,
      -0.051214657723903656,
      0.9844781756401062,
      -0.16786812245845795,
      0.08219979703426361,
      0.1716737598180771,
      0.9817185401916504
    ],
    [
      0.9170688390731812,
      -0.2951672077178955,
      -0.26806896924972534,
      0.35783806443214417,
      0.9058284759521484,
      0.2267746776342392,
      0.17588801681995392,
      -0.3038932681083679,
      0.9363291263580322
    ],
    [
      0.9983957409858704,
      -0.036074791103601456,
      0.0436408556997776,
      0.04072453826665878,
      0.9930045008659363,
      -0.11083127558231354,
      -0.03933734819293022,
      0.11243073642253876,
      0.9928805828094482
    ],
    [
      0.9191190600395203,
      -0.062291476875543594,
      0.3890244662761688,
      -0.11508628726005554,
      0.9019047617912292,
      0.4163208603858948,
      -0.3767962157726288,
      -0.4274197518825531,
      0.8217889666557312
    ],
    [
      0.8265765905380249,
      0.38925737142562866,
      0.40650928020477295,
      -0.37451171875,
      0.9195525050163269,
      -0.11901320517063141,
      -0.4201333820819855,
      -0.05386894941329956,
      0.905862033367157
    ],
    [
      0.9929074048995972,
      0.1188865378499031,
      -0.0009153971332125366,
      -0.11773735284805298,
      0.982181966304779,
      -0.14648020267486572,
      -0.01651543565094471,
      0.14554905891418457,
      0.9892131090164185
    ],
    [
      0.8575363159179688,
      -0.22756624221801758,
      -0.4613513648509979,
      0.3656836152076721,
      0.9004358053207397,
      0.23556481301784515,
      0.36181074380874634,
      -0.370714008808136,
      0.8553736805915833
    ],
    [
      0.8881173133850098,
      -0.08244401961565018,
      0.4521622061729431,
      -0.027821460738778114,
      0.9723334908485413,
      0.23193401098251343,
      -0.4587741196155548,
      -0.21856440603733063,
      0.86125248670578
    ],
    [
      0.9831030368804932,
      -0.14418041706085205,
      0.11278507858514786,
      0.1392323225736618,
      0.9889649152755737,
      0.05062419921159744,
      -0.11883950233459473,
      -0.034065473824739456,
      0.9923290014266968
    ],
    [
      0.8100802898406982,
      0.38021227717399597,
      -0.44632789492607117,
      -0.37870824337005615,
      0.9204456806182861,
      0.09674646705389023,
      0.4476047456264496,
      0.09065564721822739,
      0.8896244168281555
    ],
    [
      0.6226071119308472,
      -0.47859781980514526,
      0.6191160082817078,
      0.3180218040943146,
      0.8776374459266663,
      0.3586287796497345,
      -0.7149983644485474,
      -0.026392441242933273,
      0.6986278295516968
    ],
    [
      -0.626953661441803,
      -0.3126717805862427,
      -0.7135583162307739,
      -0.044951166957616806,
      0.9289189577102661,
      -0.3675445318222046,
      0.7777586579322815,
      -0.19835810363292694,
      -0.5964441299438477
    ],
    [
      -0.8103298544883728,
      0.08510617911815643,
      0.5797607898712158,
      -0.22586514055728912,
      0.8675792217254639,
      -0.4430476725101471,
      -0.540694534778595,
      -0.48996245861053467,
      -0.6838028430938721
    ],
    [
      0.9566881060600281,
      -0.28631871938705444,
      -0.052626922726631165,
      0.2623000144958496,
      0.9262089133262634,
      -0.270805686712265,
      0.1262802630662918,
      0.24527250230312347,
      0.9611944556236267
    ],
    [
      0.9254853129386902,
      0.3786146640777588,
      0.01130641158670187,
      -0.3656475245952606,
      0.9007847905158997,
      -0.23428325355052948,
      -0.09888771176338196,
      0.2126915454864502,
      0.9721026420593262
    ],
    [
      0.7800935506820679,
      0.3638349175453186,
      -0.5089971423149109,
      -0.16725893318653107,
      0.9051957726478577,
      0.390698105096817,
      0.6028916835784912,
      -0.21964679658412933,
      0.7669920325279236
    ],
    [
      0.9046411514282227,
      -0.38390955328941345,
      0.1850346326828003,
      0.23679488897323608,
      0.813784122467041,
      0.5307387113571167,
      -0.35433387756347656,
      -0.43631288409233093,
      0.8270904421806335
    ]
  ],
  "root_rot": [
    0.006294269114732742,
    -0.07997028529644012,
    0.996777355670929,
    -0.1148163378238678,
    -0.9902625679969788,
    -0.07872258871793747,
    0.9933667778968811,
    -0.11395083367824554,
    -0.015414874069392681
  ],
  "root_trans": [
    -0.37992024421691895,
    0.5357360243797302,
    2.4322986602783203
  ]
}