{
  "betas": [
    -0.819122850894928,
    1.1956846714019775,
    1.5094060897827148,
    -0.1329677700996399,
    -0.2740551829338074,
    -0.024015475064516068,
    0.26880282163619995,
    0.4983487129211426,
    0.05335766077041626,
    0.4051722586154938
  ],
  "joints": [
    [
      0.938308596611023,
      -0.3282082676887512,
      -0.10888690501451492,
      0.3428709805011749,
      0.842144250869751,
      0.41621220111846924,
      -0.04490581154823303,
      -0.42786961793899536,
      0.9027242660522461
    ],
    [
      0.8471534252166748,
      0.4453097879886627,
      -0.28987985849380493,
      -0.42860889434814453,
      0.8951431512832642,
      0.12252837419509888,
      0.31404703855514526,
      0.020444756373763084,
      0.9491873383522034
    ],
    [
      0.9850132465362549,
      -0.018463602289557457,
      0.17148751020431519,
      0.05385071039199829,
      0.9774733781814575,
      -0.20407311618328094,
      -0.16385656595230103,
      0.21024945378303528,
      0.9638184905052185
    ],
    [
      0.9953991174697876,
      0.0938764363527298,
      0.019177917391061783,
      -0.07008256763219833,
      0.8498238325119019,
      -0.5223866701126099,
      -0.0653376430273056,
      0.5186392068862915,
      0.8524929881095886
    ],
    [
      0.9993665218353271,
      -0.03536222130060196,
      -0.004009120166301727,
      0.030223572626709938,
      0.9027843475341797,
      -0.429030179977417,
      0.01879083178937435,
      0.42863723635673523,
      0.9032812118530273
    ],
    [
      0.9993556141853333,
      0.013343253172934055,
      -0.03332183510065079,
      -0.012293793261051178,
      0.9994279742240906,
      0.03150346502661705,
      0.033723134547472,
      -0.03107351064682007,
      0.9989479780197144
    ],
    [
      0.9979702830314636,
      0.06351985037326813,
      0.0045303055085241795,
      -0.06361474841833115,
      0.9976522326469421,
      0.025362515822052956,
      -0.002908645896241069,
      -0.02559923194348812,
      0.9996680617332458
    ],
    [
      0.823354959487915,
      -0.3107955753803253,
      -0.4748607277870178,
      0.30396223068237305,
      0.9480863213539124,
      -0.09348470717668533,
      0.479263573884964,
      -0.06736862659454346,
      0.8750817179679871
    ],
    [
      0.9843894243240356,
      0.00031447611399926245,
      0.1760038584470749,
      0.01013557706028223,
      0.9982376098632812,
      -0.05847187712788582,
      -0.17571206390857697,
      0.05934299901127815,
      0.9826513528823853
    ],
    [
      0.9278625249862671,
      -0.3716496229171753,
      0.0307830311357975,
      0.2710040807723999,
      0.7286848425865173,
      0.6289476156234741,
      -0.2561793029308319,
      -0.5752346515655518,
      0.776837944984436
    ],
    [
      0.8779495358467102,
      0.2497442364692688,
      0.4084511399269104,
      -0.19221064448356628,
      0.9652511477470398,
      -0.17704597115516663,
      -0.4384741485118866,
      0.0769287720322609,
      0.8954452872276306
    ],
    [
      0.9841249585151672,
      0.08842374384403229,
      -0.1538805365562439,
      -0.09248888492584229,
      0.9955237507820129,
      -0.019448040053248405,
      0.1514720767736435,
      0.033371541649103165,
      0.9878979921340942
    ],
    [
      0.9199333190917969,
      0.008197257295250893,
      -0.39198926091194153,
      0.1484699249267578,
      0.9180431365966797,
      0.3676322102546692,
      0.36287665367126465,
      -0.3963957130908966,
      0.8433214426040649
    ],
    [
      0.7608680725097656,
      -0.29155486822128296,
      0.5797201991081238,
      0.260603129863739,
      0.9554615020751953,
      0.1384890079498291,
      -0.594277560710907,
      0.04570504650473595,
      0.8029602766036987
    ],
    [
      0.9951393008232117,
      -0.011359656229615211,
      0.09782014787197113,
      0.01580077037215233,
      0.9988734722137451,
      -0.04474649578332901,
      -0.0972016379237175,
      0.046074625104665756,
      0.9941977262496948
    ],
    [
      0.2886880934238434,
      0.6179010272026062,
      -0.7313395738601685,
      -0.6205095648765564,
      0.7024713158607483,
      0.3485713601112366,
      0.7291276454925537,
      0.3531748354434967,
      0.5862085819244385
    ],
    [
      0.4294867217540741,
      -0.7164812088012695,
      0.5497233867645264,
      0.7517404556274414,
      0.6209638118743896,
      0.2220141440629959,
      -0.5004273056983948,
      0.31789717078208923,
      0.8053036332130432
    ],
    [
      -0.587852954864502,
      -0.35512423515319824,
      -0.7268534302711487,
      0.2306685745716095,
      0.7876121401786804,
      -0.5713661313056946,
      0.7753844261169434,
      -0.5035414695739746,
      -0.3810841143131256
    ],
    [
      0.9516380429267883,
      -0.018522314727306366,
      0.30666276812553406,
      0.08687775582075119,
      0.9736629128456116,
      -0.2107909619808197,
      -0.2946818172931671,
      0.22723886370658875,
      0.9281838536262512
    ],
    [
      0.8671681880950928,
      -0.34772661328315735,
      0.35651862621307373,
      0.460629403591156,
      0.8321571946144104,
      -0.30876365303993225,
      -0.18931418657302856,
      0.4319729804992676,
      0.8817933201789856
    ],
    [
      0.8755149245262146,
      0.2955015003681183,
      -0.3822989761829376,
      -0.46091604232788086,
      0.748205840587616,
      -0.47722572088241577,
      0.14501743018627167,
      0.5940259695053101,
      0.7912667393684387
    ],
    [
      0.9412351846694946,
      0.13320665061473846,
      -0.3103744089603424,
      -0.11151660978794098,
      0.989973783493042,
      0.08669440448284149,
      0.3188108205795288,
      -0.04698791727423668,
      0.946652889251709
    ],
    [
      0.9781337976455688,
      -0.11086786538362503,
      0.17596222460269928,
      0.08155699074268341,
      0.9827718734741211,
      0.1658548265695572,
      -0.19131870567798615,
      -0.14787723124027252,
      0.9703244566917419
    ]
  ],
  "root_rot": [
    -0.26909002661705017,
    0.012746729888021946,
    -0.9630306363105774,
    0.12517450749874115,
    -0.9909684062004089,
    -0.04809277132153511,
    -0.954945981502533,
    -0.13348816335201263,
    0.26506415009498596
  ],
  "root_trans": [
    0.2975827753543854,
    0.5376207232475281,
    2.544154167175293
  ]
}