{
  "betas": [
    -0.7806686758995056,
    1.005226492881775,
    1.2117124795913696,
    0.029603660106658936,
    -0.22355031967163086,
    -0.3401040732860565,
    0.10052229464054108,
    0.6651473045349121,
    0.02944861352443695,
    0.5385271906852722
  ],
  "joints": [
    [
      0.9295990467071533,
      -0.36705684661865234,
      -0.03338869661092758,
      0.35285887122154236,
      0.8601390719413757,
      0.36830875277519226,
      -0.10647132992744446,
      -0.35416099429130554,
      0.9291037321090698
    ],
    [
      0.8598508238792419,
      0.45783933997154236,
      -0.22591984272003174,
      -0.4284890592098236,
      0.8877459764480591,
      0.1682385355234146,
      0.2775856554508209,
      -0.04785585403442383,
      0.9595082402229309
    ],
    [
      0.9936612248420715,
      -0.03489574044942856,
      0.10686234384775162,
      0.05590859800577164,
      0.9781035780906677,
      -0.20046885311603546,
      -0.0975269228219986,
      0.20517267286777496,
      0.9738545417785645
    ],
    [
      0.9949549436569214,
      0.09023210406303406,
      0.043849147856235504,
      -0.0638071596622467,
      0.9064491391181946,
      -0.4174668788909912,
      -0.07741594314575195,
      0.41256287693977356,
      0.9076334834098816
    ],
    [
      0.9998098611831665,
      -0.017419325187802315,
      0.008769294247031212,
      0.01946660317480564,
      0.9185374975204468,
      -0.3948543965816498,
      -0.0011768261902034283,
      0.3949500024318695,
      0.9187019467353821
    ],
    [
      0.9982012510299683,
      0.0014456039061769843,
      -0.0599348247051239,
      -0.0015449302736669779,
      0.9999975562095642,
      -0.0016108978306874633,
      0.059932343661785126,
      0.0017005951376631856,
      0.9982010722160339
    ],
    [
      0.9926085472106934,
      0.08294898271560669,
      0.08858750015497208,
      -0.07992387562990189,
      0.9961075782775879,
      -0.03717220574617386,
      -0.09132608771324158,
      0.029817190021276474,
      0.9953745007514954
    ],
    [
      0.8674225807189941,
      -0.31261545419692993,
      -0.38710421323776245,
      0.30203568935394287,
      0.9490723013877869,
      -0.08964525163173676,
      0.3954143524169922,
      -0.03915897756814957,
      0.9176677465438843
    ],
    [
      0.9933209419250488,
      -0.004297318402677774,
      0.11530391871929169,
      0.0058146873489022255,
      0.9999008178710938,
      -0.01282662246376276,
      -0.11523736268281937,
      0.013411409221589565,
      0.993247389793396
    ],
    [
      0.9152437448501587,
      -0.4019453525543213,
      0.027730079367756844,
      0.32193484902381897,
      0.7709678411483765,
      0.549514889717102,
      -0.24225391447544098,
      -0.4940126836299896,
      0.8350237011909485
    ],
    [
      0.8921440839767456,
      0.2926393449306488,
      0.3441528081893921,
      -0.2281106561422348,
      0.9493846893310547,
      -0.21594983339309692,
      -0.38992881774902344,
      0.11415344476699829,
      0.9137420654296875
    ],
    [
      0.9887850284576416,
      0.14674383401870728,
      -0.027755800634622574,
      -0.14653977751731873,
      0.9891613721847534,
      0.009259246289730072,
      0.02881370671093464,
      -0.005088075529783964,
      0.9995717406272888
    ],
    [
      0.9601397514343262,
      0.12472628802061081,
      -0.2501501739025116,
      -0.04998384788632393,
      0.9571127891540527,
      0.28537124395370483,
      0.2750152051448822,
      -0.2614927589893341,
      0.9251963496208191
    ],
    [
      0.8582847118377686,
      -0.3564487397670746,
      0.369176983833313,
      0.3586190640926361,
      0.9311937093734741,
      0.06534958630800247,
      -0.3670690953731537,
      0.07630536705255508,
      0.9270586371421814
    ],
    [
      0.9700958132743835,
      -0.0016440167091786861,
      0.2427167147397995,
      0.017320755869150162,
      0.9978965520858765,
      -0.06246885284781456,
      -0.2421034872531891,
      0.064804807305336,
      0.9680837392807007
    ],
    [
      0.47201481461524963,
      0.5388317108154297,
      -0.6977552175521851,
      -0.6311012506484985,
      0.7591614723205566,
      0.15932680666446686,
      0.6155592203140259,
      0.3651496171951294,
      0.6983928084373474
    ],
    [
      0.578136146068573,
      -0.6198498606681824,
      0.5306079387664795,
      0.6998044848442078,
      0.7110733389854431,
      0.06817920506000519,
      -0.4195620119571686,
      0.33190494775772095,
      0.844870924949646
    ],
    [
      -0.15046793222427368,
      -0.34170934557914734,
      -0.927682101726532,
      0.09418091922998428,
      0.9291431307792664,
      -0.3575234115123749,
      0.9841185212135315,
      -0.14116577804088593,
      -0.10762374848127365
    ],
    [
      0.6817999482154846,
      0.15189799666404724,
      0.7155947685241699,
      0.09955225884914398,
      0.9498389959335327,
      -0.29647138714790344,
      -0.7247331738471985,
      0.27337324619293213,
      0.6324784159660339
    ],
    [
      0.9340507984161377,
      -0.27769535779953003,
      0.22457613050937653,
      0.33763447403907776,
      0.8915767669677734,
      -0.30181771516799927,
      -0.11641346663236618,
      0.3577377200126648,
      0.9265375137329102
    ],
    [
      0.9497075080871582,
      0.16622166335582733,
      -0.2653791010379791,
      -0.28833866119384766,
      0.7947455048561096,
      -0.5340791344642639,
      0.1221332922577858,
      0.5837379693984985,
      0.8027039170265198
    ],
    [
      0.9438820481300354,
      0.15954840183258057,
      -0.28919029235839844,
      -0.10585847496986389,
      0.975531280040741,
      0.19269855320453644,
      0.312858909368515,
      -0.15127146244049072,
      0.9376760125160217
    ],
    [
      0.9761599898338318,
      -0.06682536751031876,
      0.20650921761989594,
      0.038467347621917725,
      0.989628255367279,
      0.13840539753437042,
      -0.21361638605594635,
      -0.12716194987297058,
      0.9686061143875122
    ]
  ],
  "root_rot": [
    -0.35454240441322327,
    0.012299047783017159,
    -0.9349589943885803,
    0.10462196916341782,
    -0.9931128025054932,
    -0.05273735523223877,
    -0.9291683435440063,
    -0.11651488393545151,
    0.3508138358592987
  ],
  "root_trans": [
    0.3217327892780304,
    0.5290497541427612,
    2.5587873458862305
  ]
}