{
  "betas": [
    -0.7072432041168213,
    0.7866100072860718,
    1.4454056024551392,
    0.5145829916000366,
    0.3518516719341278,
    -0.05052468925714493,
    -0.25480782985687256,
    0.2980652153491974,
    0.10596229881048203,
    0.7293018102645874
  ],
  "joints": [
    [
      0.976286768913269,
      -0.20596253871917725,
      -0.0666598230600357,
      0.216246098279953,
      0.9134947657585144,
      0.3446228504180908,
      -0.010085996240377426,
      -0.3508656620979309,
      0.9363714456558228
    ],
    [
      0.9803369641304016,
      0.09045262634754181,
      -0.17537875473499298,
      -0.08763808757066727,
      0.9958693981170654,
      0.023743681609630585,
      0.17680200934410095,
      -0.007906949147582054,
      0.9842146635055542
    ],
    [
      0.9935277700424194,
      0.019795529544353485,
      0.11185121536254883,
      -0.005522006656974554,
      0.9919503927230835,
      -0.12650661170482635,
      -0.11345512419939041,
      0.12507018446922302,
      0.9856395721435547
    ],
    [
      0.9974815249443054,
      0.05448482185602188,
      0.045408695936203,
      -0.04227814823389053,
      0.9708016514778137,
      -0.2361285537481308,
      -0.05694826319813728,
      0.23361410200595856,
      0.9706602096557617
    ],
    [
      0.9974052309989929,
      -0.07136330008506775,
      0.00949327927082777,
      0.07192826271057129,
      0.9822745323181152,
      -0.17309844493865967,
      0.003027869388461113,
      0.1733321249485016,
      0.9848588109016418
    ],
    [
      0.9876333475112915,
      0.01460571400821209,
      -0.15609915554523468,
      -0.02255791798233986,
      0.9985294938087463,
      -0.049293823540210724,
      0.1551496535539627,
      0.05220550298690796,
      0.9865105152130127
    ],
    [
      0.9894245266914368,
      0.08629271388053894,
      0.1165885478258133,
      -0.0662980005145073,
      0.9839558005332947,
      -0.16563716530799866,
      -0.12901124358177185,
      0.15615585446357727,
      0.9792710542678833
    ],
    [
      0.9643858671188354,
      -0.09985163062810898,
      -0.24492773413658142,
      0.1401725858449936,
      0.978215217590332,
      0.15312300622463226,
      0.22430244088172913,
      -0.18200181424617767,
      0.9573733806610107
    ],
    [
      0.996749997138977,
      0.04475901275873184,
      0.06697717308998108,
      -0.04457191377878189,
      0.9989969730377197,
      -0.004285926464945078,
      -0.06710182875394821,
      0.0012866966426372528,
      0.9977452158927917
    ],
    [
      0.9659594297409058,
      -0.24638547003269196,
      0.07884623855352402,
      0.14148801565170288,
      0.7583373785018921,
      0.6363219618797302,
      -0.21657249331474304,
      -0.6035053133964539,
      0.7673837542533875
    ],
    [
      0.9117769002914429,
      0.21469983458518982,
      0.3500954806804657,
      -0.2490181177854538,
      0.9669032692909241,
      0.05557064712047577,
      -0.32657742500305176,
      -0.1378481537103653,
      0.9350641965866089
    ],
    [
      0.957528829574585,
      0.1867695152759552,
      0.21967175602912903,
      -0.18761120736598969,
      0.9820924401283264,
      -0.01721564680337906,
      -0.21895334124565125,
      -0.024728408083319664,
      0.9754219055175781
    ],
    [
      0.9560279250144958,
      0.24539567530155182,
      -0.16059744358062744,
      -0.23978139460086823,
      0.9693374037742615,
      0.053758278489112854,
      0.1688651442527771,
      -0.012886133044958115,
      0.9855549335479736
    ],
    [
      0.9753120541572571,
      -0.21810176968574524,
      0.03461093083024025,
      0.22081322968006134,
      0.9651655554771423,
      -0.14034587144851685,
      -0.002795593114569783,
      0.14452359080314636,
      0.9894973635673523
    ],
    [
      0.8894901871681213,
      -0.23392286896705627,
      0.3925395905971527,
      0.23123854398727417,
      0.9713488817214966,
      0.054864026606082916,
      -0.39412686228752136,
      0.04196927696466446,
      0.9180972576141357
    ],
    [
      0.6874259114265442,
      0.6118118166923523,
      -0.3913207948207855,
      -0.6926708817481995,
      0.7142796516418457,
      -0.10005903989076614,
      0.2182951271533966,
      0.3398396372795105,
      0.9147985577583313
    ],
    [
      0.7006518840789795,
      -0.7113242745399475,
      0.05572008341550827,
      0.6857789158821106,
      0.6498125195503235,
      -0.3277970850467682,
      0.1969624012708664,
      0.26788330078125,
      0.943103551864624
    ],
    [
      0.6632413864135742,
      -0.08554968982934952,
      -0.7434999346733093,
      -0.14563599228858948,
      0.9597010612487793,
      -0.24034157395362854,
      0.7340987920761108,
      0.26768481731414795,
      0.6240543723106384
    ],
    [
      -0.13134701550006866,
      0.2834959626197815,
      0.949935793876648,
      0.23030279576778412,
      0.9407468438148499,
      -0.24890978634357452,
      -0.9642139077186584,
      0.18607932329177856,
      -0.18885420262813568
    ],
    [
      0.9928674101829529,
      -0.09936480224132538,
      0.0658862367272377,
      0.11917531490325928,
      0.842941403388977,
      -0.5246399641036987,
      -0.003407479031011462,
      0.5287498831748962,
      0.8487708568572998
    ],
    [
      0.961301863193512,
      0.16827641427516937,
      0.21813242137432098,
      -0.12809544801712036,
      0.9739975333213806,
      -0.1868700087070465,
      -0.24390624463558197,
      0.15169672667980194,
      0.957861065864563
    ],
    [
      0.9377498030662537,
      0.2431088536977768,
      -0.24803932011127472,
      -0.1486167311668396,
      0.9263600707054138,
      0.3460783362388611,
      0.3139083981513977,
      -0.2876720726490021,
      0.9048240184783936
    ],
    [
      0.786040723323822,
      -0.5455529689788818,
      0.2907092869281769,
      0.28581032156944275,
      0.7377170324325562,
      0.6116257309913635,
      -0.54813551902771,
      -0.3976750075817108,
      0.7358002662658691
    ]
  ],
  "root_rot": [
    0.5067082047462463,
    -0.05781129002571106,
    0.8601770401000977,
    -0.07065209001302719,
    -0.9971775412559509,
    -0.025399569422006607,
    0.8592177033424377,
    -0.047903142869472504,
    -0.509362518787384
  ],
  "root_trans": [
    -0.4144579768180847,
    0.5551546812057495,
    2.2605185508728027
  ]
}