{
  "betas": [
    -0.7174761891365051,
    0.6573767066001892,
    1.5435134172439575,
    0.5083795189857483,
    0.3968026340007782,
    0.00982256606221199,
    -0.1983298659324646,
    0.2816437780857086,
    0.1321779191493988,
    0.8647787570953369
  ],
  "joints": [
    [
      0.9848558902740479,
      -0.1730353981256485,
      0.010846013203263283,
      0.16718310117721558,
      0.9643921256065369,
      0.2049332708120346,
      -0.045920517295598984,
      -0.20001646876335144,
      0.9787158370018005
    ],
    [
      0.980737566947937,
      0.10245542228221893,
      -0.1663031429052353,
      -0.10576298087835312,
      0.994329035282135,
      -0.011132185347378254,
      0.16421949863433838,
      0.02850646711885929,
      0.986011803150177
    ],
    [
      0.995726466178894,
      -0.0039618234150111675,
      0.09226616472005844,
      0.009920158423483372,
      0.997887134552002,
      -0.06420890986919403,
      -0.09181684255599976,
      0.06484980881214142,
      0.9936619400978088
    ],
    [
      0.9985644221305847,
      0.011100648902356625,
      0.05240151658654213,
      -0.009135168045759201,
      0.999251127243042,
      -0.03759940713644028,
      -0.052779652178287506,
      0.037066731601953506,
      0.9979180097579956
    ],
    [
      0.9977840781211853,
      -0.05917052552103996,
      0.030425546690821648,
      0.06208217516541481,
      0.9924389719963074,
      -0.10588063299655914,
      -0.023930484429001808,
      0.10753490775823593,
      0.9939132332801819
    ],
    [
      0.9879751205444336,
      0.015231870114803314,
      -0.1538608819246292,
      -0.020335478708148003,
      0.9992920756340027,
      -0.03165102377533913,
      0.15326987206935883,
      0.034399256110191345,
      0.9875854849815369
    ],
    [
      0.9860633611679077,
      0.05564061552286148,
      0.15679040551185608,
      -0.031804561614990234,
      0.9880797266960144,
      -0.15062186121940613,
      -0.16330212354660034,
      0.1435360312461853,
      0.9760788679122925
    ],
    [
      0.9722276926040649,
      -0.14926660060882568,
      -0.18025745451450348,
      0.16975261270999908,
      0.9799755811691284,
      0.10407648235559464,
      0.16111275553703308,
      -0.13178521394729614,
      0.9780977964401245
    ],
    [
      0.9977748394012451,
      0.03457603231072426,
      0.05700813978910446,
      -0.03369436413049698,
      0.9992983341217041,
      -0.016355415806174278,
      -0.05753364786505699,
      0.01439816877245903,
      0.9982397556304932
    ],
    [
      0.9705758094787598,
      -0.19134147465229034,
      0.1461886465549469,
      0.08601242303848267,
      0.8425410389900208,
      0.5317202210426331,
      -0.22491006553173065,
      -0.5035006999969482,
      0.8342077136039734
    ],
    [
      0.9467329978942871,
      0.2158166766166687,
      0.23899751901626587,
      -0.2488979697227478,
      0.9613316655158997,
      0.11786125600337982,
      -0.20431946218013763,
      -0.17106914520263672,
      0.9638407230377197
    ],
    [
      0.9397903084754944,
      0.2013145387172699,
      0.2761639654636383,
      -0.18965943157672882,
      0.9794523119926453,
      -0.06857471168041229,
      -0.2842945158481598,
      0.012068751268088818,
      0.9586610198020935
    ],
    [
      0.9599177241325378,
      0.23769693076610565,
      -0.14851975440979004,
      -0.2340930551290512,
      0.9713258743286133,
      0.04155072569847107,
      0.15413756668567657,
      -0.005117832217365503,
      0.9880360960960388
    ],
    [
      0.9853975772857666,
      -0.16949357092380524,
      0.0162343829870224,
      0.1699962466955185,
      0.9739379286766052,
      -0.1501537561416626,
      0.009638816118240356,
      0.15072092413902283,
      0.9885293245315552
    ],
    [
      0.8531837463378906,
      -0.21926525235176086,
      0.4732864797115326,
      0.19985415041446686,
      0.975527822971344,
      0.09167183935642242,
      -0.48180460929870605,
      0.016375334933400154,
      0.8761255741119385
    ],
    [
      0.6684718132019043,
      0.6657785177230835,
      -0.33148807287216187,
      -0.72637540102005,
      0.6801753044128418,
      -0.09869251400232315,
      0.1597626656293869,
      0.30675798654556274,
      0.9382831454277039
    ],
    [
      0.6561633944511414,
      -0.7455849051475525,
      0.11641629785299301,
      0.7364460229873657,
      0.5990429520606995,
      -0.31431639194488525,
      0.16461119055747986,
      0.2919772267341614,
      0.9421530961990356
    ],
    [
      0.9257190823554993,
      0.03982553631067276,
      -0.3761090934276581,
      -0.16143405437469482,
      0.9409088492393494,
      -0.297707200050354,
      0.34202802181243896,
      0.3363100588321686,
      0.8774464726448059
    ],
    [
      -0.09798211604356766,
      0.3041425347328186,
      0.9475741982460022,
      0.2580757141113281,
      0.9273483753204346,
      -0.2709648311138153,
      -0.9611433148384094,
      0.21799616515636444,
      -0.1693553626537323
    ],
    [
      0.9907835125923157,
      -0.060990914702415466,
      0.12094634771347046,
      0.11905964463949203,
      0.8179312348365784,
      -0.5628616213798523,
      -0.06459642201662064,
      0.5720739364624023,
      0.8176543116569519
    ],
    [
      0.9567028880119324,
      0.1811707317829132,
      0.2278086394071579,
      -0.14559216797351837,
      0.9755845665931702,
      -0.16443151235580444,
      -0.2520367503166199,
      0.12414494156837463,
      0.9597216248512268
    ],
    [
      0.9373661875724792,
      0.29118841886520386,
      -0.19119106233119965,
      -0.21308723092079163,
      0.9135017991065979,
      0.3465665578842163,
      0.27556952834129333,
      -0.2841193675994873,
      0.9183342456817627
    ],
    [
      0.7399594187736511,
      -0.6008857488632202,
      0.302318274974823,
      0.30775225162506104,
      0.7020710110664368,
      0.6421719193458557,
      -0.5981208682060242,
      -0.382142037153244,
      0.7044280171394348
    ]
  ],
  "root_rot": [
    0.5845107436180115,
    -0.05649924650788307,
    0.8094164729118347,
    -0.07927043735980988,
    -0.996776819229126,
    -0.01233323197811842,
    0.8075044751167297,
    -0.05695389211177826,
    -0.5871054530143738
  ],
  "root_trans": [
    -0.3926689028739929,
    0.5507628321647644,
    2.2432024478912354
  ]
}