{
  "betas": [
    -0.8480245471000671,
    1.2483854293823242,
    1.6459262371063232,
    -0.19682130217552185,
    -0.3068281412124634,
    0.09236675500869751,
    0.35681504011154175,
    0.42591699957847595,
    0.029050618410110474,
    0.3697567880153656
  ],
  "joints": [
    [
      0.9380084872245789,
      -0.32898274064064026,
      -0.10913452506065369,
      0.3429352939128876,
      0.835115373134613,
      0.4300902783870697,
      -0.05035235360264778,
      -0.4408544600009918,
      0.8961650729179382
    ],
    [
      0.8495104908943176,
      0.44394806027412415,
      -0.2850301265716553,
      -0.41846123337745667,
      0.8960267305374146,
      0.14841288328170776,
      0.32128220796585083,
      -0.0068042385391891,
      0.9469591379165649
    ],
    [
      0.9849506616592407,
      -0.014937362633645535,
      0.1721893697977066,
      0.05416122451424599,
      0.9727539420127869,
      -0.22542470693588257,
      -0.16413064301013947,
      0.23135817050933838,
      0.9589236378669739
    ],
    [
      0.9940474033355713,
      0.10464821010828018,
      0.03030707687139511,
      -0.07121293991804123,
      0.8346289992332458,
      -0.546189546585083,
      -0.0824529379606247,
      0.5407800674438477,
      0.837113082408905
    ],
    [
      0.9988760948181152,
      -0.04060117155313492,
      -0.024453233927488327,
      0.026570962741971016,
      0.906928539276123,
      -0.42044568061828613,
      0.03924792632460594,
      0.41932347416877747,
      0.9069880247116089
    ],
    [
      0.9994037747383118,
      0.021017292514443398,
      -0.027392689138650894,
      -0.01959945261478424,
      0.9985044002532959,
      0.051038939505815506,
      0.028424415737390518,
      -0.050471629947423935,
      0.998320996761322
    ],
    [
      0.9987640380859375,
      0.04129251465201378,
      0.027665434405207634,
      -0.04164665564894676,
      0.9990560412406921,
      0.012349813245236874,
      -0.027129366993904114,
      -0.01348672155290842,
      0.9995409250259399
    ],
    [
      0.8281853199005127,
      -0.31942182779312134,
      -0.4605202078819275,
      0.3059135377407074,
      0.9461288452148438,
      -0.1060999184846878,
      0.4696020483970642,
      -0.05300894379615784,
      0.8812854886054993
    ],
    [
      0.9831470251083374,
      0.008464895188808441,
      0.18262051045894623,
      0.0021152435801923275,
      0.9983338713645935,
      -0.05766267329454422,
      -0.18280436098575592,
      0.05707717314362526,
      0.9814910888671875
    ],
    [
      0.9451463222503662,
      -0.32548293471336365,
      0.027555018663406372,
      0.2399509847164154,
      0.7490554451942444,
      0.6175268292427063,
      -0.22163468599319458,
      -0.5770413875579834,
      0.7860669493675232
    ],
    [
      0.8719484210014343,
      0.2805544137954712,
      0.40124210715293884,
      -0.2028944194316864,
      0.9529112577438354,
      -0.22537517547607422,
      -0.4455781579017639,
      0.11510572582483292,
      0.8878123760223389
    ],
    [
      0.9843788146972656,
      0.10335035622119904,
      -0.14253826439380646,
      -0.10760284960269928,
      0.9939408302307129,
      -0.02243485487997532,
      0.13935592770576477,
      0.03742191568017006,
      0.9895350933074951
    ],
    [
      0.889297604560852,
      -0.0020909649319946766,
      -0.4573240876197815,
      0.1905328631401062,
      0.9107646942138672,
      0.36633989214897156,
      0.41574862599372864,
      -0.4129204750061035,
      0.8103392720222473
    ],
    [
      0.7526063919067383,
      -0.27501213550567627,
      0.5982908010482788,
      0.2355758398771286,
      0.9609231948852539,
      0.14536355435848236,
      -0.6148883104324341,
      0.031541306525468826,
      0.7879831790924072
    ],
    [
      0.9948973059654236,
      -0.013065630570054054,
      0.10004355758428574,
      0.01929417811334133,
      0.9979177713394165,
      -0.06154617667198181,
      -0.09903109073638916,
      0.06316237896680832,
      0.99307781457901
    ],
    [
      0.21811431646347046,
      0.6372882127761841,
      -0.7391142845153809,
      -0.6137450337409973,
      0.6784093976020813,
      0.4038289189338684,
      0.7587774395942688,
      0.365546852350235,
      0.5391032695770264
    ],
    [
      0.40307506918907166,
      -0.7248877286911011,
      0.558630645275116,
      0.7591949701309204,
      0.6057126522064209,
      0.23819157481193542,
      -0.5110318064689636,
      0.3281004726886749,
      0.7944787740707397
    ],
    [
      -0.6535699963569641,
      -0.32192063331604004,
      -0.6849915385246277,
      0.20011469721794128,
      0.7993304133415222,
      -0.5665907859802246,
      0.7299317121505737,
      -0.5073835849761963,
      -0.45799732208251953
    ],
    [
      0.9184102416038513,
      0.022923942655324936,
      0.39496466517448425,
      0.0957302451133728,
      0.9557772278785706,
      -0.27807489037513733,
      -0.38387277722358704,
      0.2931968867778778,
      0.875601053237915
    ],
    [
      0.8799472451210022,
      -0.3542058765888214,
      0.3165927529335022,
      0.44052278995513916,
      0.857851505279541,
      -0.26463261246681213,
      -0.17785514891147614,
      0.37232908606529236,
      0.910899817943573
    ],
    [
      0.8804256319999695,
      0.2738366425037384,
      -0.38712307810783386,
      -0.44744279980659485,
      0.7500509023666382,
      -0.48705101013183594,
      0.15698954463005066,
      0.6020275950431824,
      0.782890260219574
    ],
    [
      0.9374421834945679,
      0.11350098997354507,
      -0.32911935448646545,
      -0.10174165666103363,
      0.9934089183807373,
      0.0527954138815403,
      0.3329424560070038,
      -0.01600750908255577,
      0.9428111910820007
    ],
    [
      0.9781984686851501,
      -0.08455029875040054,
      0.18968160450458527,
      0.05550217255949974,
      0.9865825176239014,
      0.1535399705171585,
      -0.20011839270591736,
      -0.13966479897499084,
      0.9697662591934204
    ]
  ],
  "root_rot": [
    -0.31114497780799866,
    -0.009232168085873127,
    -0.9503176808357239,
    0.13370877504348755,
    -0.9904319047927856,
    -0.03415593132376671,
    -0.9409095644950867,
    -0.13769325613975525,
    0.30940234661102295
  ],
  "root_trans": [
    0.2839360237121582,
    0.5414265990257263,
    2.541891574859619
  ]
}