{
  "betas": [
    -0.7494611144065857,
    1.1126190423965454,
    1.3873001337051392,
    0.07595059275627136,
    -0.3089534044265747,
    -0.18064120411872864,
    0.14269345998764038,
    0.786024808883667,
    0.2639850378036499,
    1.2781023979187012
  ],
  "joints": [
    [
      0.9552967548370361,
      -0.29564496874809265,
      0.0014931850600987673,
      0.27937066555023193,
      0.9043405055999756,
      0.3226768374443054,
      -0.09674811363220215,
      -0.3078349530696869,
      0.9465080499649048
    ],
    [
      0.9716454744338989,
      0.13057994842529297,
      -0.19711419939994812,
      -0.14413253962993622,
      0.9879732728004456,
      -0.055989112704992294,
      0.18743248283863068,
      0.08281213045120239,
      0.9787805676460266
    ],
    [
      0.9958577156066895,
      -0.012191755697131157,
      0.09010479599237442,
      0.021625777706503868,
      0.9942920207977295,
      -0.10447864979505539,
      -0.08831668645143509,
      0.10599444806575775,
      0.9904370307922363
    ],
    [
      0.9945411682128906,
      0.024322686716914177,
      0.10147031396627426,
      -0.006175129674375057,
      0.9844680428504944,
      -0.17545492947101593,
      -0.1041618213057518,
      0.17387056350708008,
      0.9792441725730896
    ],
    [
      0.999879777431488,
      -0.015454811975359917,
      0.00123507936950773,
      0.015473412349820137,
      0.9897226691246033,
      -0.14216040074825287,
      0.0009746755240485072,
      0.14216242730617523,
      0.9898428320884705
    ],
    [
      0.9934954643249512,
      -0.00930388830602169,
      -0.11349119246006012,
      0.005337180104106665,
      0.9993658065795898,
      -0.035205576568841934,
      0.1137467697262764,
      0.03437085449695587,
      0.9929150342941284
    ],
    [
      0.9802045226097107,
      0.18989476561546326,
      0.05602598190307617,
      -0.16884207725524902,
      0.949529767036438,
      -0.2643587291240692,
      -0.10339868813753128,
      0.24966612458229065,
      0.962795615196228
    ],
    [
      0.9522283673286438,
      -0.25854846835136414,
      -0.16252313554286957,
      0.27914324402809143,
      0.9527407884597778,
      0.1198502704501152,
      0.12385530769824982,
      -0.15949207544326782,
      0.9793988466262817
    ],
    [
      0.9987353086471558,
      0.009003720246255398,
      0.04946378245949745,
      -0.009459334425628185,
      0.9999148845672607,
      0.008984658867120743,
      -0.04937867820262909,
      -0.009441191330552101,
      0.9987354874610901
    ],
    [
      0.9001489877700806,
      -0.42158517241477966,
      0.10953465104103088,
      0.30105385184288025,
      0.7838860154151917,
      0.5430371761322021,
      -0.31479907035827637,
      -0.45583847165107727,
      0.8325340151786804
    ],
    [
      0.9366635680198669,
      0.29727622866630554,
      0.18517056107521057,
      -0.23560337722301483,
      0.9260290265083313,
      -0.2948918640613556,
      -0.25913766026496887,
      0.23258766531944275,
      0.9374169111251831
    ],
    [
      0.9913397431373596,
      0.13132160902023315,
      -0.00024999346351251006,
      -0.13122941553592682,
      0.9905687570571899,
      -0.039398446679115295,
      -0.0049262321554124355,
      0.03909005597233772,
      0.9992234110832214
    ],
    [
      0.9750881195068359,
      0.20987725257873535,
      -0.0717964619398117,
      -0.19410589337348938,
      0.963994026184082,
      0.1817646622657776,
      0.1073596253991127,
      -0.16330043971538544,
      0.9807175397872925
    ],
    [
      0.9460991024971008,
      -0.314777672290802,
      0.07623318582773209,
      0.32146918773651123,
      0.9413303732872009,
      -0.1027362123131752,
      -0.03942154347896576,
      0.12170525640249252,
      0.9917831420898438
    ],
    [
      0.9814193248748779,
      -0.05511932075023651,
      0.18378816545009613,
      0.06877268850803375,
      0.9952601194381714,
      -0.06875727325677872,
      -0.17912718653678894,
      0.0801193118095398,
      0.9805582165718079
    ],
    [
      0.578277587890625,
      0.5882557034492493,
      -0.5652878284454346,
      -0.6100172996520996,
      0.771861732006073,
      0.17918799817562103,
      0.5417324304580688,
      0.24121493101119995,
      0.8051965236663818
    ],
    [
      0.6167680025100708,
      -0.769730269908905,
      0.16465871036052704,
      0.7871105074882507,
      0.6011402010917664,
      -0.138157457113266,
      0.0073610031977295876,
      0.21481572091579437,
      0.9766268134117126
    ],
    [
      -0.07921798527240753,
      -0.3172634541988373,
      -0.9450230598449707,
      0.4170483946800232,
      0.8505035042762756,
      -0.3204910457134247,
      0.9054254293441772,
      -0.41950899362564087,
      0.06493904441595078
    ],
    [
      0.37532564997673035,
      0.3042617440223694,
      0.8755314946174622,
      0.07456997781991959,
      0.9316136240959167,
      -0.35571810603141785,
      -0.9238885045051575,
      0.19879849255084991,
      0.3269696831703186
    ],
    [
      0.9507052302360535,
      -0.262568861246109,
      0.1649760752916336,
      0.304556667804718,
      0.8907232284545898,
      -0.33742761611938477,
      -0.05835004150867462,
      0.3710387945175171,
      0.9267823100090027
    ],
    [
      0.9662935137748718,
      0.06954015791416168,
      0.24787300825119019,
      0.029269175603985786,
      0.9269089698791504,
      -0.37414318323135376,
      -0.255773663520813,
      0.36878716945648193,
      0.8936307430267334
    ],
    [
      0.9798514246940613,
      0.12069311738014221,
      -0.15913596749305725,
      -0.1171068474650383,
      0.9926113486289978,
      0.031759243458509445,
      0.1617932915687561,
      -0.012483429163694382,
      0.9867456555366516
    ],
    [
      0.8705248832702637,
      -0.22500252723693848,
      0.4376760721206665,
      0.17993472516536713,
      0.9733057022094727,
      0.14247655868530273,
      -0.4580501616001129,
      -0.04527625814080238,
      0.8877726197242737
    ]
  ],
  "root_rot": [
    -0.087832972407341,
    0.046303439885377884,
    -0.9950583577156067,
    0.12990936636924744,
    -0.9898555278778076,
    -0.05752831697463989,
    -0.9876278638839722,
    -0.13432028889656067,
    0.08092670142650604
  ],
  "root_trans": [
    0.5146443843841553,
    0.47649526596069336,
    2.6982927322387695
  ]
}