{
  "betas": [
    -0.8511763215065002,
    1.2700364589691162,
    1.242933988571167,
    0.0016046762466430664,
    -0.2601696252822876,
    -0.022789712995290756,
    0.15573261678218842,
    0.8937457203865051,
    0.01176673173904419,
    1.0126228332519531
  ],
  "joints": [
    [
      0.9512431025505066,
      -0.30747470259666443,
      0.024410231038928032,
      0.28095176815986633,
      0.8964046239852905,
      0.342818945646286,
      -0.12728959321975708,
      -0.3192460834980011,
      0.9390842914581299
    ],
    [
      0.9630520939826965,
      0.18287554383277893,
      -0.1977049857378006,
      -0.18904657661914825,
      0.9818868041038513,
      -0.012638112530112267,
      0.19181270897388458,
      0.049546610563993454,
      0.9801801443099976
    ],
    [
      0.9953923225402832,
      -0.04999850317835808,
      0.08181927353143692,
      0.059084802865982056,
      0.9918716549873352,
      -0.11269299685955048,
      -0.07551973313093185,
      0.11700800061225891,
      0.99025559425354
    ],
    [
      0.9909844398498535,
      0.03628683462738991,
      0.12896960973739624,
      -0.0025419807061553,
      0.9675426483154297,
      -0.2526952028274536,
      -0.13395309448242188,
      0.250089168548584,
      0.9589119553565979
    ],
    [
      0.9980667233467102,
      -0.04687708243727684,
      0.04080934450030327,
      0.05312563478946686,
      0.9842329621315002,
      -0.1687103807926178,
      -0.03225725144147873,
      0.17055222392082214,
      0.984820544719696
    ],
    [
      0.9948080778121948,
      0.010035969316959381,
      -0.10127358883619308,
      -0.00691994046792388,
      0.9994931817054749,
      0.031073179095983505,
      0.10153410583734512,
      -0.030211038887500763,
      0.9943733215332031
    ],
    [
      0.955534040927887,
      0.2566436231136322,
      0.1452191323041916,
      -0.21701742708683014,
      0.9454569220542908,
      -0.24292950332164764,
      -0.19964474439620972,
      0.2006123661994934,
      0.9591124057769775
    ],
    [
      0.9427659511566162,
      -0.2680214047431946,
      -0.1983853131532669,
      0.28926077485084534,
      0.9533179998397827,
      0.08667787164449692,
      0.16589275002479553,
      -0.1391020566225052,
      0.976283848285675
    ],
    [
      0.999454915523529,
      0.003889735322445631,
      0.032780200242996216,
      -0.0023249268997460604,
      0.9988618493080139,
      -0.047640226781368256,
      -0.03292819857597351,
      0.04753805696964264,
      0.9983264207839966
    ],
    [
      0.9069908857345581,
      -0.4211215376853943,
      -0.004921752493828535,
      0.3737662136554718,
      0.7995039224624634,
      0.47020453214645386,
      -0.19407829642295837,
      -0.4283108115196228,
      0.8825437426567078
    ],
    [
      0.8986085057258606,
      0.3452915847301483,
      0.2706961929798126,
      -0.2566351294517517,
      0.9140703678131104,
      -0.31402814388275146,
      -0.3558666408061981,
      0.21271821856498718,
      0.9100053310394287
    ],
    [
      0.9975327849388123,
      0.05778851360082626,
      -0.03986024484038353,
      -0.06101473420858383,
      0.9944993853569031,
      -0.08513648062944412,
      0.03472107648849487,
      0.0873584896326065,
      0.9955716729164124
    ],
    [
      0.9798042178153992,
      0.05797305703163147,
      -0.19137099385261536,
      -0.034691475331783295,
      0.9918199181556702,
      0.12283986061811447,
      0.19692698121070862,
      -0.11372006684541702,
      0.9738004803657532
    ],
    [
      0.9121675491333008,
      -0.11430195719003677,
      0.39355477690696716,
      0.04529733583331108,
      0.9825536012649536,
      0.1803790181875229,
      -0.40730634331703186,
      -0.1467089205980301,
      0.9014310836791992
    ],
    [
      0.9786866903305054,
      0.052324309945106506,
      0.19858111441135406,
      -0.03800247237086296,
      0.9964394569396973,
      -0.07526133209466934,
      -0.2018120437860489,
      0.06611069291830063,
      0.9771904945373535
    ],
    [
      0.803011417388916,
      0.479945570230484,
      -0.3533056378364563,
      -0.5450851917266846,
      0.8311570286750793,
      -0.10981842875480652,
      0.24094560742378235,
      0.2807671129703522,
      0.9290398359298706
    ],
    [
      0.5657515525817871,
      -0.5932192802429199,
      0.5727270245552063,
      0.46183493733406067,
      0.8033704161643982,
      0.37590503692626953,
      -0.6831059455871582,
      0.051836512982845306,
      0.728477418422699
    ],
    [
      0.43680617213249207,
      -0.17127083241939545,
      -0.8831005096435547,
      -0.2600477635860443,
      0.9157502055168152,
      -0.306229829788208,
      0.8611477613449097,
      0.36341139674186707,
      0.3554667532444
    ],
    [
      -0.664887547492981,
      0.09729940444231033,
      0.7405790686607361,
      -0.42193421721458435,
      0.769216775894165,
      -0.479871928691864,
      -0.6163570880889893,
      -0.6315364837646484,
      -0.4703887104988098
    ],
    [
      0.9649500250816345,
      0.24612867832183838,
      0.09106066077947617,
      -0.18333731591701508,
      0.8805068731307983,
      -0.4371442198753357,
      -0.18777327239513397,
      0.40512752532958984,
      0.8947697281837463
    ],
    [
      0.9075970649719238,
      0.4021405279636383,
      -0.12062598764896393,
      -0.4157968759536743,
      0.9007422924041748,
      -0.12560348212718964,
      0.058142680674791336,
      0.16415326297283173,
      0.9847198128700256
    ],
    [
      0.7945971488952637,
      0.41550424695014954,
      -0.4426868259906769,
      -0.21503497660160065,
      0.8744745254516602,
      0.4348035752773285,
      0.5677812099456787,
      -0.2503005266189575,
      0.7842029333114624
    ],
    [
      0.9292131662368774,
      -0.30438417196273804,
      0.20955485105514526,
      0.17105497419834137,
      0.8569309115409851,
      0.48621973395347595,
      -0.3275716304779053,
      -0.4159563481807709,
      0.8483378887176514
    ]
  ],
  "root_rot": [
    -0.16227388381958008,
    0.04355664551258087,
    -0.9857839345932007,
    0.1262453943490982,
    -0.9898985624313354,
    -0.0645202174782753,
    -0.9786364436149597,
    -0.1349206268787384,
    0.1551358550786972
  ],
  "root_trans": [
    0.5094255805015564,
    0.4709678888320923,
    2.678767442703247
  ]
}