{
  "betas": [
    -0.7246484160423279,
    1.0837255716323853,
    1.3661932945251465,
    0.08022499084472656,
    -0.3070671558380127,
    -0.15910425782203674,
    0.13486626744270325,
    0.7523490190505981,
    0.2307622730731964,
    1.2283220291137695
  ],
  "joints": [
    [
      0.951897144317627,
      -0.3063995838165283,
      0.0033507919870316982,
      0.2887718677520752,
      0.9006827473640442,
      0.3246248960494995,
      -0.10248292982578278,
      -0.30804184079170227,
      0.9458369016647339
    ],
    [
      0.9714277982711792,
      0.1304442435503006,
      -0.19827373325824738,
      -0.1440526247024536,
      0.9879971742630005,
      -0.055772215127944946,
      0.1886187046766281,
      0.08274051547050476,
      0.9785587787628174
    ],
    [
      0.9958725571632385,
      -0.011992227286100388,
      0.0899662896990776,
      0.021551160141825676,
      0.9941278100013733,
      -0.1060442179441452,
      -0.08816628903150558,
      0.10754542052745819,
      0.9902830719947815
    ],
    [
      0.994608998298645,
      0.02263879030942917,
      0.10119491070508957,
      -0.00502320472151041,
      0.9852506518363953,
      -0.17104364931583405,
      -0.10357457399368286,
      0.16961322724819183,
      0.9800528883934021
    ],
    [
      0.9998407959938049,
      -0.01783212088048458,
      0.0005751606659032404,
      0.017750516533851624,
      0.9909815788269043,
      -0.13281752169132233,
      0.0017984441947191954,
      0.13280659914016724,
      0.9911403656005859
    ],
    [
      0.99361652135849,
      -0.01006037276238203,
      -0.11236175894737244,
      0.006789102219045162,
      0.9995429515838623,
      -0.029458440840244293,
      0.11260677129030228,
      0.028507551178336143,
      0.9932307004928589
    ],
    [
      0.9813403487205505,
      0.18670305609703064,
      0.04596778377890587,
      -0.16784441471099854,
      0.9484258890151978,
      -0.268917441368103,
      -0.0938047543168068,
      0.25618410110473633,
      0.9620656371116638
    ],
    [
      0.9523401260375977,
      -0.2613702714443207,
      -0.15726988017559052,
      0.28010496497154236,
      0.9534624218940735,
      0.11158182471990585,
      0.12078675627708435,
      -0.15031592547893524,
      0.9812316298484802
    ],
    [
      0.9987554550170898,
      0.006807208526879549,
      0.0494103766977787,
      -0.007326173596084118,
      0.9999198317527771,
      0.010329771786928177,
      -0.04933609813451767,
      -0.010678903199732304,
      0.9987252354621887
    ],
    [
      0.8984394073486328,
      -0.421616792678833,
      0.12266170978546143,
      0.2914135456085205,
      0.7814869284629822,
      0.5516849160194397,
      -0.32845816016197205,
      -0.45991018414497375,
      0.8249834775924683
    ],
    [
      0.9360315203666687,
      0.29817163944244385,
      0.18691881000995636,
      -0.2323196679353714,
      0.9225162267684937,
      -0.3082067668437958,
      -0.26433414220809937,
      0.24506635963916779,
      0.9327753782272339
    ],
    [
      0.9920331835746765,
      0.12582102417945862,
      -0.00625379104167223,
      -0.1259719431400299,
      0.9911906719207764,
      -0.04089072346687317,
      0.0010537868365645409,
      0.041352760046720505,
      0.9991439580917358
    ],
    [
      0.9761611819267273,
      0.20575658977031708,
      -0.0690912976861,
      -0.19032984972000122,
      0.9644804000854492,
      0.18317224085330963,
      0.10432610660791397,
      -0.1656554937362671,
      0.9806499481201172
    ],
    [
      0.947613537311554,
      -0.30973973870277405,
      0.07803782820701599,
      0.316571980714798,
      0.9432545900344849,
      -0.10026486217975616,
      -0.04255351796746254,
      0.11971692740917206,
      0.9918957352638245
    ],
    [
      0.9818572402000427,
      -0.05108167231082916,
      0.1826116442680359,
      0.06442349404096603,
      0.995610773563385,
      -0.06788841634988785,
      -0.17834226787090302,
      0.0784212127327919,
      0.9808384776115417
    ],
    [
      0.572029709815979,
      0.5943108797073364,
      -0.5653110146522522,
      -0.6190084218978882,
      0.7649804353713989,
      0.17785784602165222,
      0.5381547808647156,
      0.24819232523441315,
      0.8054749965667725
    ],
    [
      0.6147119402885437,
      -0.7711671590805054,
      0.16562172770500183,
      0.7887462973594666,
      0.6002216339111328,
      -0.13271532952785492,
      0.0029359490144997835,
      0.21221520006656647,
      0.9772186875343323
    ],
    [
      -0.07969029992818832,
      -0.31043872237205505,
      -0.9472471475601196,
      0.4168151319026947,
      0.8528285026550293,
      -0.31456106901168823,
      0.905491292476654,
      -0.41989442706108093,
      0.061433400958776474
    ],
    [
      0.3946346044540405,
      0.30366021394729614,
      0.8672104477882385,
      0.056780826300382614,
      0.9339486956596375,
      -0.35286790132522583,
      -0.9170820116996765,
      0.18849480152130127,
      0.3513264060020447
    ],
    [
      0.954072117805481,
      -0.253449410200119,
      0.15971793234348297,
      0.29402726888656616,
      0.8943611979484558,
      -0.33714401721954346,
      -0.05739656835794449,
      0.3686211407184601,
      0.9278061389923096
    ],
    [
      0.9676514863967896,
      0.07473863661289215,
      0.2409660518169403,
      0.024012871086597443,
      0.9234934449195862,
      -0.3828619718551636,
      -0.2511451542377472,
      0.376263290643692,
      0.8918251395225525
    ],
    [
      0.9766037464141846,
      0.13258187472820282,
      -0.16931360960006714,
      -0.12635669112205505,
      0.9908672571182251,
      0.04707587882876396,
      0.17400871217250824,
      -0.024580571800470352,
      0.9844372868537903
    ],
    [
      0.8470279574394226,
      -0.26623502373695374,
      0.46006807684898376,
      0.20591644942760468,
      0.9622902274131775,
      0.17775273323059082,
      -0.49004295468330383,
      -0.05582594871520996,
      0.86990886926651
    ]
  ],
  "root_rot": [
    -0.09551030397415161,
    0.04293036460876465,
    -0.9945021271705627,
    0.1318657249212265,
    -0.9897189140319824,
    -0.055388033390045166,
    -0.9866554737091064,
    -0.13643087446689606,
    0.08886731415987015
  ],
  "root_trans": [
    0.5164206027984619,
    0.4762953519821167,
    2.7032907009124756
  ]
}