{
  "betas": [
    -0.5990955829620361,
    1.2767027616500854,
    1.2354496717453003,
    0.1027730405330658,
    0.1079009473323822,
    -0.276089072227478,
    0.28096938133239746,
    0.84991055727005,
    0.21580985188484192,
    1.1540400981903076
  ],
  "joints": [
    [
      0.9385480880737305,
      -0.34313297271728516,
      0.037245973944664,
      0.3090275824069977,
      0.8834800124168396,
      0.35208678245544434,
      -0.15371863543987274,
      -0.31894034147262573,
      0.9352260231971741
    ],
    [
      0.9527522325515747,
      0.19649145007133484,
      -0.23163403570652008,
      -0.18784058094024658,
      0.9804226160049438,
      0.05905488133430481,
      0.23870301246643066,
      -0.01275439653545618,
      0.9710088968276978
    ],
    [
      0.9970459342002869,
      -0.028625084087252617,
      0.07127396017313004,
      0.03817718103528023,
      0.9899053573608398,
      -0.13649135828018188,
      -0.06664739549160004,
      0.1388091892004013,
      0.9880739450454712
    ],
    [
      0.9972816705703735,
      0.03566497564315796,
      0.06447704881429672,
      -0.01740225963294506,
      0.9643021821975708,
      -0.26423171162605286,
      -0.07159918546676636,
      0.2623913884162903,
      0.9623015522956848
    ],
    [
      0.9995374083518982,
      -0.02924361452460289,
      0.008355524390935898,
      0.029788564890623093,
      0.8858955502510071,
      -0.4629274308681488,
      0.0061355470679700375,
      0.46296215057373047,
      0.8863568902015686
    ],
    [
      0.9919377565383911,
      0.09877460449934006,
      -0.07939278334379196,
      -0.09474027901887894,
      0.994085967540741,
      0.05307822301983833,
      0.0841660350561142,
      -0.04512859508395195,
      0.9954293370246887
    ],
    [
      0.9814223051071167,
      0.11922218650579453,
      0.15032066404819489,
      -0.07808922231197357,
      0.9638786911964417,
      -0.25463712215423584,
      -0.17524926364421844,
      0.2381681352853775,
      0.9552820324897766
    ],
    [
      0.9211665987968445,
      -0.14087273180484772,
      -0.36277666687965393,
      0.23134148120880127,
      0.947817325592041,
      0.21937023103237152,
      0.312942773103714,
      -0.2860018312931061,
      0.9056873917579651
    ],
    [
      0.995731770992279,
      0.08244269341230392,
      0.041490282863378525,
      -0.08077479153871536,
      0.9959137439727783,
      -0.040389664471149445,
      -0.044650573283433914,
      0.03686590492725372,
      0.9983222484588623
    ],
    [
      0.9657620191574097,
      -0.249062642455101,
      0.07260501384735107,
      0.188083678483963,
      0.8649473786354065,
      0.4652852714061737,
      -0.17868474125862122,
      -0.4356990456581116,
      0.8821779489517212
    ],
    [
      0.9149729609489441,
      0.323910117149353,
      0.2406381368637085,
      -0.31355318427085876,
      0.9460872411727905,
      -0.08126107603311539,
      -0.2539859414100647,
      -0.0011011719470843673,
      0.9672073125839233
    ],
    [
      0.9760309457778931,
      0.15151157975196838,
      0.1562298685312271,
      -0.12231030315160751,
      0.9756501317024231,
      -0.18206293880939484,
      -0.1800103485584259,
      0.15859055519104004,
      0.9707961678504944
    ],
    [
      0.9375647902488708,
      0.34760984778404236,
      -0.011820461601018906,
      -0.34368452429771423,
      0.9311262369155884,
      0.12200374901294708,
      0.053416043519973755,
      -0.11032390594482422,
      0.9924592971801758
    ],
    [
      0.9890888333320618,
      0.13106641173362732,
      0.06726767867803574,
      -0.1407318264245987,
      0.9756312966346741,
      0.16833892464637756,
      -0.04356487840414047,
      -0.17596884071826935,
      0.9834312200546265
    ],
    [
      0.8371607661247253,
      -0.059834472835063934,
      0.5436742901802063,
      0.02016022987663746,
      0.9966984987258911,
      0.07864925265312195,
      -0.5465852618217468,
      -0.054881468415260315,
      0.8356031775474548
    ],
    [
      0.7673470377922058,
      0.569250226020813,
      -0.29518240690231323,
      -0.6235388517379761,
      0.7698031663894653,
      -0.13639068603515625,
      0.14959189295768738,
      0.28871670365333557,
      0.9456558227539062
    ],
    [
      0.9750275611877441,
      -0.03506353870034218,
      0.2192986160516739,
      -0.07021186500787735,
      0.8881416320800781,
      0.45417487621307373,
      -0.21069319546222687,
      -0.4582303762435913,
      0.863500714302063
    ],
    [
      0.9107488393783569,
      -0.034364234656095505,
      -0.41152846813201904,
      -0.07436827570199966,
      0.9665911197662354,
      -0.24529771506786346,
      0.40620923042297363,
      0.25400927662849426,
      0.8777661323547363
    ],
    [
      -0.22054673731327057,
      -0.029486363753676414,
      0.9749307036399841,
      -0.7080520391464233,
      0.6922973990440369,
      -0.13923579454421997,
      -0.6708364486694336,
      -0.7210096716880798,
      -0.17356181144714355
    ],
    [
      0.9986521005630493,
      -0.04111624136567116,
      0.03167806565761566,
      0.05190301313996315,
      0.7869645357131958,
      -0.6148113012313843,
      0.0003492128162179142,
      0.6156267523765564,
      0.7880378365516663
    ],
    [
      0.7667527198791504,
      0.6387549638748169,
      -0.06389361619949341,
      -0.6230147480964661,
      0.7164584398269653,
      -0.31391069293022156,
      -0.15473487973213196,
      0.28049853444099426,
      0.9473001956939697
    ],
    [
      0.9618144631385803,
      0.2032104730606079,
      -0.18335357308387756,
      -0.17109066247940063,
      0.9692707657814026,
      0.17675435543060303,
      0.2136376053094864,
      -0.1386348009109497,
      0.9670260548591614
    ],
    [
      0.9510711431503296,
      -0.23327110707759857,
      0.20260387659072876,
      0.20480285584926605,
      0.9669430255889893,
      0.15191136300563812,
      -0.23134292662143707,
      -0.10298466682434082,
      0.9674062132835388
    ]
  ],
  "root_rot": [
    -0.5409379601478577,
    0.05369507521390915,
    -0.8393466472625732,
    0.07979115098714828,
    -0.990182638168335,
    -0.11476781964302063,
    -0.8372690081596375,
    -0.1290547251701355,
    0.5313429832458496
  ],
  "root_trans": [
    0.40808969736099243,
    0.47604626417160034,
    2.8740501403808594
  ]
}