{
  "betas": [
    -0.7338589429855347,
    1.104768991470337,
    1.3712395429611206,
    0.057093918323516846,
    -0.3147317171096802,
    -0.1633928120136261,
    0.1393793225288391,
    0.7756443619728088,
    0.2711673080921173,
    1.2557668685913086
  ],
  "joints": [
    [
      0.9532776474952698,
      -0.30205199122428894,
      0.005121889058500528,
      0.2844190299510956,
      0.9030844569206238,
      0.32178306579589844,
      -0.10182071477174759,
      -0.3052918612957001,
      0.9467995762825012
    ],
    [
      0.972599983215332,
      0.12541531026363373,
      -0.1957554966211319,
      -0.13972388207912445,
      0.9883080720901489,
      -0.06102759763598442,
      0.18581295013427734,
      0.08670715987682343,
      0.9787519574165344
    ],
    [
      0.9960433840751648,
      -0.012439164333045483,
      0.08799303323030472,
      0.02148015797138214,
      0.9944949746131897,
      -0.10255905240774155,
      -0.08623287826776505,
      0.1040433794260025,
      0.9908273220062256
    ],
    [
      0.9944825768470764,
      0.02449079044163227,
      0.10200320929288864,
      -0.00633616279810667,
      0.9846137762069702,
      -0.17462968826293945,
      -0.10471058636903763,
      0.1730198711156845,
      0.9793364405632019
    ],
    [
      0.9998643398284912,
      -0.01645462028682232,
      0.0006991031696088612,
      0.016393762081861496,
      0.990305483341217,
      -0.13793569803237915,
      0.001577354851178825,
      0.13792845606803894,
      0.9904409050941467
    ],
    [
      0.993208110332489,
      -0.00944087840616703,
      -0.1159675344824791,
      0.005591439548879862,
      0.9994239211082458,
      -0.03347468748688698,
      0.1162167638540268,
      0.03259890899062157,
      0.9926887154579163
    ],
    [
      0.9812378287315369,
      0.18540476262569427,
      0.05288787931203842,
      -0.1654691845178604,
      0.9506245255470276,
      -0.2625507712364197,
      -0.0989547073841095,
      0.2488735020160675,
      0.963467538356781
    ],
    [
      0.9538003206253052,
      -0.25410374999046326,
      -0.16030025482177734,
      0.2744651138782501,
      0.9539682865142822,
      0.12088563293218613,
      0.12220387160778046,
      -0.15929760038852692,
      0.979637861251831
    ],
    [
      0.998862624168396,
      0.008850756101310253,
      0.04685181751847267,
      -0.009304559789597988,
      0.9999117851257324,
      0.009476663544774055,
      -0.04676380753517151,
      -0.009901820681989193,
      0.9988568425178528
    ],
    [
      0.902470588684082,
      -0.4151798486709595,
      0.11477141082286835,
      0.2932237982749939,
      0.7873081564903259,
      0.5423703193664551,
      -0.31554171442985535,
      -0.45581960678100586,
      0.8322630524635315
    ],
    [
      0.9376879334449768,
      0.29473233222961426,
      0.18404941260814667,
      -0.23466046154499054,
      0.9277623891830444,
      -0.2901575267314911,
      -0.25627294182777405,
      0.22888807952404022,
      0.9391136169433594
    ],
    [
      0.9911782741546631,
      0.1325346827507019,
      0.00038655116804875433,
      -0.132404625415802,
      0.9903267025947571,
      -0.04149743542075157,
      -0.005882661323994398,
      0.04108017683029175,
      0.9991385340690613
    ],
    [
      0.9752169847488403,
      0.20931565761566162,
      -0.0716855376958847,
      -0.1940249651670456,
      0.9647910594940186,
      0.17757360637187958,
      0.1063305139541626,
      -0.15926401317119598,
      0.9814931154251099
    ],
    [
      0.9492032527923584,
      -0.30573830008506775,
      0.07441426813602448,
      0.312185138463974,
      0.9446384310722351,
      -0.10098856687545776,
      -0.03941851109266281,
      0.11908967792987823,
      0.9921008348464966
    ],
    [
      0.9818686246871948,
      -0.053646765649318695,
      0.18181303143501282,
      0.06648429483175278,
      0.9956509470939636,
      -0.06526149064302444,
      -0.1775212436914444,
      0.07616592943668365,
      0.9811651110649109
    ],
    [
      0.5671277642250061,
      0.6011644601821899,
      -0.5629985332489014,
      -0.6229637861251831,
      0.760242760181427,
      0.18424715101718903,
      0.5387784242630005,
      0.24623602628707886,
      0.8056584596633911
    ],
    [
      0.6071641445159912,
      -0.7768197059631348,
      0.16704143583774567,
      0.7945753931999207,
      0.5939428210258484,
      -0.12602365016937256,
      -0.0013153977924957871,
      0.209244042634964,
      0.9778625965118408
    ],
    [
      -0.08577961474657059,
      -0.3170664310455322,
      -0.9445161819458008,
      0.4229433238506317,
      0.8467630743980408,
      -0.3226626515388489,
      0.9020869731903076,
      -0.42715469002723694,
      0.06146612763404846
    ],
    [
      0.394271582365036,
      0.30525386333465576,
      0.8668160438537598,
      0.0530545748770237,
      0.9340890645980835,
      -0.353076308965683,
      -0.9174612760543823,
      0.18519650399684906,
      0.35208967328071594
    ],
    [
      0.9530447125434875,
      -0.2574009299278259,
      0.15953214466571808,
      0.29730942845344543,
      0.8954355120658875,
      -0.33136433362960815,
      -0.057557251304388046,
      0.3632354736328125,
      0.9299178123474121
    ],
    [
      0.9668980836868286,
      0.0648060217499733,
      0.246796116232872,
      0.032267842441797256,
      0.9283897876739502,
      -0.37020424008369446,
      -0.2531144618988037,
      0.3659133315086365,
      0.8955671787261963
    ],
    [
      0.9790295362472534,
      0.12594157457351685,
      -0.16012436151504517,
      -0.1205117255449295,
      0.9917706251144409,
      0.04322003945708275,
      0.16424982249736786,
      -0.023016830906271935,
      0.9861501455307007
    ],
    [
      0.861453652381897,
      -0.23515836894512177,
      0.4501092731952667,
      0.18929347395896912,
      0.971142590045929,
      0.14508652687072754,
      -0.47123855352401733,
      -0.0397825688123703,
      0.881108283996582
    ]
  ],
  "root_rot": [
    -0.08943760395050049,
    0.044445279985666275,
    -0.9950002431869507,
    0.13145224750041962,
    -0.9897380471229553,
    -0.056026071310043335,
    -0.9872796535491943,
    -0.1358058601617813,
    0.08267736434936523
  ],
  "root_trans": [
    0.5118182301521301,
    0.47562018036842346,
    2.7033257484436035
  ]
}