{
  "betas": [
    -0.5630471110343933,
    0.7246894836425781,
    1.132994294166565,
    0.6007586717605591,
    0.22817803919315338,
    -0.3024786114692688,
    -0.24322539567947388,
    0.44352853298187256,
    -0.034416019916534424,
    0.4057060182094574
  ],
  "joints": [
    [
      0.954706609249115,
      -0.20278577506542206,
      -0.21774566173553467,
      0.2719281017780304,
      0.8917030096054077,
      0.36182984709739685,
      0.1207905262708664,
      -0.40465250611305237,
      0.9064579010009766
    ],
    [
      0.952293336391449,
      0.22273613512516022,
      -0.2086290568113327,
      -0.2354682981967926,
      0.9711390137672424,
      -0.03799613565206528,
      0.19414471089839935,
      0.0853089839220047,
      0.9772565364837646
    ],
    [
      0.984226644039154,
      -0.04866454005241394,
      0.17008712887763977,
      0.06274577230215073,
      0.994944155216217,
      -0.07841602712869644,
      -0.16541112959384918,
      0.0878513976931572,
      0.982304036617279
    ],
    [
      0.996867835521698,
      -0.02189001999795437,
      -0.07599475234746933,
      -0.0020827814005315304,
      0.9533294439315796,
      -0.3019247055053711,
      0.07905718684196472,
      0.30113735795021057,
      0.9502978920936584
    ],
    [
      0.9985482692718506,
      0.0024169955868273973,
      0.05380907282233238,
      0.013774109072983265,
      0.9543178677558899,
      -0.29847559332847595,
      -0.052072372287511826,
      0.29878348112106323,
      0.952899158000946
    ],
    [
      0.9934315085411072,
      0.09120067954063416,
      -0.06911064684391022,
      -0.08903185278177261,
      0.9954535961151123,
      0.03384440764784813,
      0.07188308238983154,
      -0.027469053864479065,
      0.9970347285270691
    ],
    [
      0.9848804473876953,
      0.16138622164726257,
      -0.06296860426664352,
      -0.16788707673549652,
      0.97881019115448,
      -0.11723711341619492,
      0.04271386191248894,
      0.1260361522436142,
      0.9911056756973267
    ],
    [
      0.9349045157432556,
      -0.0882810428738594,
      -0.3437441885471344,
      0.16706189513206482,
      0.9640169143676758,
      0.20678892731666565,
      0.31311967968940735,
      -0.2507544457912445,
      0.916012167930603
    ],
    [
      0.9802859425544739,
      0.1080983579158783,
      0.16539143025875092,
      -0.0910363644361496,
      0.9900288581848145,
      -0.10749545693397522,
      -0.17536236345767975,
      0.09031964093446732,
      0.9803522825241089
    ],
    [
      0.9640809893608093,
      -0.21574828028678894,
      0.15492130815982819,
      0.09090893715620041,
      0.8160712718963623,
      0.5707566738128662,
      -0.24956658482551575,
      -0.5361718535423279,
      0.8063722252845764
    ],
    [
      0.92868971824646,
      0.16748292744159698,
      0.330885112285614,
      -0.20638929307460785,
      0.9746909141540527,
      0.0859135314822197,
      -0.3081216514110565,
      -0.14807814359664917,
      0.9397521018981934
    ],
    [
      0.9995512366294861,
      0.012161086313426495,
      -0.02737577259540558,
      -0.014161549508571625,
      0.997149646282196,
      -0.07410817593336105,
      0.026396507397294044,
      0.07446260005235672,
      0.9968743920326233
    ],
    [
      0.9687991142272949,
      0.18916825950145721,
      -0.16013666987419128,
      -0.16149218380451202,
      0.9719238877296448,
      0.1711266189813614,
      0.18801236152648926,
      -0.139926478266716,
      0.9721481800079346
    ],
    [
      0.8832743763923645,
      0.11850395798683167,
      0.45363348722457886,
      -0.27126219868659973,
      0.9183191657066345,
      0.2882823348045349,
      -0.382417768239975,
      -0.3776859641075134,
      0.8432734608650208
    ],
    [
      0.9428470730781555,
      -0.12922303378582,
      0.30714932084083557,
      0.11158023774623871,
      0.990966260433197,
      0.07440207898616791,
      -0.3139891028404236,
      -0.03587798774242401,
      0.9487483501434326
    ],
    [
      0.5551572442054749,
      0.7321305274963379,
      -0.394696444272995,
      -0.8271121382713318,
      0.5359646081924438,
      -0.16919635236263275,
      0.08766952157020569,
      0.420388787984848,
      0.9030987024307251
    ],
    [
      0.7923585176467896,
      -0.23252707719802856,
      0.5640028715133667,
      0.021006138995289803,
      0.9343613386154175,
      0.3557073473930359,
      -0.6096940636634827,
      -0.2700002193450928,
      0.7452336549758911
    ],
    [
      -0.3820284307003021,
      -0.33307546377182007,
      -0.8620412349700928,
      0.007136079948395491,
      0.9317020177841187,
      -0.36315348744392395,
      0.9241230487823486,
      -0.1448865383863449,
      -0.35355979204177856
    ],
    [
      -0.09398259967565536,
      0.10704927891492844,
      0.989801824092865,
      -0.37834054231643677,
      0.9157741665840149,
      -0.13496680557727814,
      -0.9208831191062927,
      -0.38716670870780945,
      -0.045565757900476456
    ],
    [
      0.9314045310020447,
      -0.3532448709011078,
      0.08777034282684326,
      0.3581962287425995,
      0.8467050194740295,
      -0.3934285640716553,
      0.06466104090213776,
      0.3978801667690277,
      0.9151558876037598
    ],
    [
      0.948521614074707,
      0.28663137555122375,
      -0.13471896946430206,
      -0.3166809678077698,
      0.8643395304679871,
      -0.39067915081977844,
      0.004462028853595257,
      0.4132305681705475,
      0.9106154441833496
    ],
    [
      0.8887343406677246,
      0.3572637438774109,
      -0.28725218772888184,
      -0.18947280943393707,
      0.8568539023399353,
      0.4794802963733673,
      0.41743409633636475,
      -0.3717041313648224,
      0.8292072415351868
    ],
    [
      0.9556686282157898,
      -0.1990397870540619,
      0.2169809639453888,
      0.13353100419044495,
      0.9497501850128174,
      0.28309720754623413,
      -0.26242533326148987,
      -0.24157342314720154,
      0.9342244267463684
    ]
  ],
  "root_rot": [
    0.4542425572872162,
    -0.05724918842315674,
    0.8890366554260254,
    -0.06530018150806427,
    -0.9973883032798767,
    -0.03086211159825325,
    0.888481616973877,
    -0.04403537139296532,
    -0.4567945897579193
  ],
  "root_trans": [
    -0.25696563720703125,
    0.5917794704437256,
    2.352109909057617
  ]
}