{
  "betas": [
    -0.26485195755958557,
    1.6620841026306152,
    1.2094568014144897,
    -0.3560924828052521,
    -0.1838524341583252,
    0.13669559359550476,
    0.19231870770454407,
    0.27190151810646057,
    -0.010259762406349182,
    0.15483884513378143
  ],
  "joints": [
    [
      0.8710795044898987,
      -0.4697425961494446,
      -0.1433960348367691,
      0.4666951298713684,
      0.7006901502609253,
      0.539656400680542,
      -0.1530233770608902,
      -0.5370058417320251,
      0.8295834064483643
    ],
    [
      0.8638872504234314,
      0.4717869460582733,
      -0.17639729380607605,
      -0.4207017123699188,
      0.8684363961219788,
      0.2623515725135803,
      0.27696385979652405,
      -0.15243151783943176,
      0.9487127065658569
    ],
    [
      0.9852859377861023,
      0.05906010791659355,
      0.16038553416728973,
      -0.005420188885182142,
      0.9487240314483643,
      -0.31605908274650574,
      -0.17082808911800385,
      0.31053924560546875,
      0.9350845813751221
    ],
    [
      0.9746938943862915,
      0.21976692974567413,
      -0.04091794416308403,
      -0.19190672039985657,
      0.7287396192550659,
      -0.6573509573936462,
      -0.11464545875787735,
      0.6485683917999268,
      0.7524728178977966
    ],
    [
      0.9996113181114197,
      -0.027607956901192665,
      0.0038760758470743895,
      0.0252993181347847,
      0.8399067521095276,
      -0.5421409010887146,
      0.01171185914427042,
      0.5420282483100891,
      0.8402787446975708
    ],
    [
      0.9923792481422424,
      -0.0726785659790039,
      -0.0995054841041565,
      0.07798635959625244,
      0.9956731200218201,
      0.05052957311272621,
      0.09540250897407532,
      -0.05790456756949425,
      0.9937532544136047
    ],
    [
      0.9999793171882629,
      0.006229753140360117,
      -0.0016013954300433397,
      -0.006138327997177839,
      0.9986354112625122,
      0.05186136066913605,
      0.0019222936825826764,
      -0.05185045674443245,
      0.998652994632721
    ],
    [
      0.7852625250816345,
      -0.32749128341674805,
      -0.5254637002944946,
      0.4613874852657318,
      0.8754531741142273,
      0.1438862383365631,
      0.4128974378108978,
      -0.35543087124824524,
      0.838560938835144
    ],
    [
      0.9932016134262085,
      -0.04137590900063515,
      0.10880495607852936,
      0.043913133442401886,
      0.9988139867782593,
      -0.02102615498006344,
      -0.10780595242977142,
      0.025661179795861244,
      0.9938406348228455
    ],
    [
      0.947648823261261,
      -0.06864820420742035,
      0.31184789538383484,
      -0.11472417414188385,
      0.8382099270820618,
      0.533143937587738,
      -0.29799336194992065,
      -0.5410097241401672,
      0.7864530682563782
    ],
    [
      0.7181329727172852,
      0.4802026152610779,
      0.5036770105361938,
      -0.5010403394699097,
      0.8590720891952515,
      -0.10466044396162033,
      -0.4829530119895935,
      -0.17720235884189606,
      0.8575288653373718
    ],
    [
      0.9760899543762207,
      0.19462861120700836,
      0.09678871184587479,
      -0.1980827897787094,
      0.9798030853271484,
      0.027367746457457542,
      -0.0895073413848877,
      -0.04588555917143822,
      0.9949285387992859
    ],
    [
      0.7291123867034912,
      0.019505038857460022,
      -0.6841159462928772,
      0.29334595799446106,
      0.8942106366157532,
      0.33813533186912537,
      0.6183391213417053,
      -0.4472213089466095,
      0.6462583541870117
    ],
    [
      0.7461014986038208,
      -0.34503936767578125,
      0.5694561004638672,
      0.30896785855293274,
      0.9370116591453552,
      0.16293536126613617,
      -0.5898061990737915,
      0.054377324879169464,
      0.8057118654251099
    ],
    [
      0.9474887847900391,
      -0.2618986964225769,
      0.18350477516651154,
      0.24245062470436096,
      0.9624852538108826,
      0.1218191459774971,
      -0.2085248976945877,
      -0.07093144208192825,
      0.9754415154457092
    ],
    [
      0.16058513522148132,
      0.6889057159423828,
      -0.7068390250205994,
      -0.6051113605499268,
      0.6344810128211975,
      0.48090964555740356,
      0.7797772884368896,
      0.35048937797546387,
      0.5187528729438782
    ],
    [
      0.4866648018360138,
      -0.631661057472229,
      0.6034581065177917,
      0.6977672576904297,
      0.696696937084198,
      0.16653616726398468,
      -0.5256218314170837,
      0.34002599120140076,
      0.7798103094100952
    ],
    [
      -0.48195117712020874,
      -0.350478857755661,
      -0.8030490279197693,
      0.1286238133907318,
      0.8782866597175598,
      -0.4605090320110321,
      0.8667058348655701,
      -0.3252340853214264,
      -0.3782113492488861
    ],
    [
      0.874657392501831,
      0.02644692361354828,
      0.48401978611946106,
      0.09934112429618835,
      0.9675378799438477,
      -0.23238292336463928,
      -0.47445330023765564,
      0.25133851170539856,
      0.8436368703842163
    ],
    [
      0.9363791942596436,
      -0.21929453313350677,
      0.2740509808063507,
      0.295086532831192,
      0.9146267771720886,
      -0.2763727605342865,
      -0.19004730880260468,
      0.3396584391593933,
      0.9211483597755432
    ],
    [
      0.9403160810470581,
      0.14844168722629547,
      -0.30622005462646484,
      -0.2820826768875122,
      0.8433458209037781,
      -0.4573807716369629,
      0.19035503268241882,
      0.5164618492126465,
      0.8348844647407532
    ],
    [
      0.915937602519989,
      0.26433253288269043,
      -0.3019710183143616,
      -0.17688508331775665,
      0.9413169026374817,
      0.28746137022972107,
      0.36023586988449097,
      -0.20988254249095917,
      0.9089440107345581
    ],
    [
      0.9140920042991638,
      -0.27597758173942566,
      0.2971063256263733,
      0.13544028997421265,
      0.8983882665634155,
      0.4177970886230469,
      -0.38221949338912964,
      -0.3416648209095001,
      0.8585880398750305
    ]
  ],
  "root_rot": [
    0.22481775283813477,
    0.010971590876579285,
    0.9743390083312988,
    -0.09170343726873398,
    -0.9952602386474609,
    0.03236670792102814,
    0.9700759053230286,
    -0.09662685543298721,
    -0.22274604439735413
  ],
  "root_trans": [
    -0.27532660961151123,
    0.601420521736145,
    2.6298892498016357
  ]
}