{
  "betas": [
    -0.5898765325546265,
    1.2107646465301514,
    0.9796037673950195,
    -0.07419201731681824,
    -0.17828458547592163,
    0.5832869410514832,
    0.441167414188385,
    0.6528267860412598,
    0.06326743960380554,
    1.0391318798065186
  ],
  "joints": [
    [
      0.970349133014679,
      -0.24140839278697968,
      -0.012026136741042137,
      0.22724874317646027,
      0.8942223787307739,
      0.38564810156822205,
      -0.08234463632106781,
      -0.37694621086120605,
      0.9225676655769348
    ],
    [
      0.9610558748245239,
      0.14353401958942413,
      -0.23615571856498718,
      -0.16443170607089996,
      0.983814537525177,
      -0.07121248543262482,
      0.2221119999885559,
      0.10727067291736603,
      0.9691022634506226
    ],
    [
      0.9870338439941406,
      -0.019540337845683098,
      0.15931838750839233,
      0.0448257252573967,
      0.9866281747817993,
      -0.15670162439346313,
      -0.15412601828575134,
      0.16181136667728424,
      0.9747112989425659
    ],
    [
      0.9941810965538025,
      0.03895949199795723,
      0.1004297137260437,
      -0.010452786460518837,
      0.9627976417541504,
      -0.27002114057540894,
      -0.10721338540315628,
      0.2674001455307007,
      0.9576024413108826
    ],
    [
      0.9991950392723083,
      -0.03812908008694649,
      0.012468190863728523,
      0.039390139281749725,
      0.9913793206214905,
      -0.12496175616979599,
      -0.007596029434353113,
      0.12535229325294495,
      0.9920831918716431
    ],
    [
      0.9957849383354187,
      -0.061626136302948,
      -0.06793030351400375,
      0.06981045752763748,
      0.9896268248558044,
      0.12555989623069763,
      0.059487879276275635,
      -0.12977291643619537,
      0.9897576570510864
    ],
    [
      0.960623025894165,
      0.2123916745185852,
      0.17914541065692902,
      -0.16171249747276306,
      0.9516617655754089,
      -0.26113030314445496,
      -0.22594772279262543,
      0.22187776863574982,
      0.9485346078872681
    ],
    [
      0.8679440021514893,
      -0.3197537660598755,
      -0.38004058599472046,
      0.3714621961116791,
      0.9258529543876648,
      0.06936998665332794,
      0.32968035340309143,
      -0.2013799548149109,
      0.9223649501800537
    ],
    [
      0.9931308627128601,
      -0.08509454131126404,
      0.08031141757965088,
      0.09389922767877579,
      0.989135205745697,
      -0.11311241239309311,
      -0.06981360912322998,
      0.11987661570310593,
      0.9903309941291809
    ],
    [
      0.9412128925323486,
      -0.3264014422893524,
      0.08706492930650711,
      0.1956098973751068,
      0.7367202043533325,
      0.6472867131233215,
      -0.2754178047180176,
      -0.5922038555145264,
      0.7572579383850098
    ],
    [
      0.838331937789917,
      0.4062509834766388,
      0.3635377287864685,
      -0.2948852479457855,
      0.8987900018692017,
      -0.32437512278556824,
      -0.4585217833518982,
      0.16473211348056793,
      0.8732817769050598
    ],
    [
      0.9901894927024841,
      0.05727376416325569,
      -0.1274537295103073,
      -0.07092718780040741,
      0.9919077157974243,
      -0.10530155897140503,
      0.12039132416248322,
      0.11330843716859818,
      0.9862388372421265
    ],
    [
      0.8485791087150574,
      -0.42309069633483887,
      -0.3176599442958832,
      0.5049517750740051,
      0.826877236366272,
      0.24758367240428925,
      0.15791544318199158,
      -0.3704972565174103,
      0.9153111577033997
    ],
    [
      0.8547044992446899,
      0.0034324168227612972,
      0.5191035270690918,
      -0.09754989296197891,
      0.9832256436347961,
      0.1541147232055664,
      -0.5098668932914734,
      -0.18236103653907776,
      0.8407022356987
    ],
    [
      0.9981911182403564,
      -0.04593862220644951,
      -0.03878306224942207,
      0.04938659816980362,
      0.9944209456443787,
      0.09320920705795288,
      0.03428478538990021,
      -0.09495596587657928,
      0.9948909282684326
    ],
    [
      0.9238389730453491,
      0.20388959348201752,
      -0.3239608705043793,
      -0.1903030276298523,
      0.9789742231369019,
      0.07344529777765274,
      0.33212408423423767,
      -0.006200919393450022,
      0.9432153701782227
    ],
    [
      0.7293029427528381,
      -0.5109832882881165,
      0.4549870491027832,
      0.4288588762283325,
      0.8595573902130127,
      0.27792295813560486,
      -0.5331014394760132,
      -0.007564781233668327,
      0.8460174798965454
    ],
    [
      -0.3563016355037689,
      -0.051043763756752014,
      -0.932975709438324,
      0.09895645081996918,
      0.9908297061920166,
      -0.09200027585029602,
      0.9291161298751831,
      -0.12510380148887634,
      -0.34798312187194824
    ],
    [
      -0.33387047052383423,
      0.1482572853565216,
      0.9308868646621704,
      -0.26031965017318726,
      0.9346455335617065,
      -0.24222177267074585,
      -0.9059604406356812,
      -0.3231988251209259,
      -0.27345627546310425
    ],
    [
      0.9739471077919006,
      -0.1914529949426651,
      0.12154331058263779,
      0.2211088389158249,
      0.9207637906074524,
      -0.3214106559753418,
      -0.050377655774354935,
      0.3399112820625305,
      0.9391071796417236
    ],
    [
      0.8818662762641907,
      0.4713778793811798,
      -0.010711641050875187,
      -0.47145876288414,
      0.8818612694740295,
      -0.006879627238959074,
      0.006203277502208948,
      0.01111700851470232,
      0.9999189376831055
    ],
    [
      0.9054957032203674,
      0.2984387278556824,
      -0.3016817271709442,
      -0.19792644679546356,
      0.9258729219436646,
      0.32184523344039917,
      0.375370055437088,
      -0.23171867430210114,
      0.8974428772926331
    ],
    [
      0.8957125544548035,
      -0.36396661400794983,
      0.25539642572402954,
      0.20709958672523499,
      0.8497970104217529,
      0.48472124338150024,
      -0.3934575021266937,
      -0.381278395652771,
      0.8365511894226074
    ]
  ],
  "root_rot": [
    -0.030807990580797195,
    0.02642219141125679,
    -0.999176025390625,
    0.14225520193576813,
    -0.9893584847450256,
    -0.030548788607120514,
    -0.9893504977226257,
    -0.14307914674282074,
    0.026721453294157982
  ],
  "root_trans": [
    0.4985589385032654,
    0.47150999307632446,
    2.68093204498291
  ]
}