{
  "betas": [
    -0.8245221972465515,
    1.020947813987732,
    1.1451470851898193,
    0.07735297083854675,
    0.07390856742858887,
    -0.27461087703704834,
    0.28325480222702026,
    0.6678839921951294,
    0.10371150821447372,
    0.7295289039611816
  ],
  "joints": [
    [
      0.9466623663902283,
      -0.3000514507293701,
      -0.1174708902835846,
      0.3213060200214386,
      0.9065378308296204,
      0.2737729251384735,
      0.024345844984054565,
      -0.29691463708877563,
      0.9545935988426208
    ],
    [
      0.9051505923271179,
      0.3494317829608917,
      -0.24207404255867004,
      -0.3357478976249695,
      0.9369387030601501,
      0.09705217182636261,
      0.26072168350219727,
      -0.0065709794871509075,
      0.9653916358947754
    ],
    [
      0.989488959312439,
      -0.02568306215107441,
      0.14230892062187195,
      0.045743077993392944,
      0.9891594648361206,
      -0.13953889906406403,
      -0.13718242943286896,
      0.1445818692445755,
      0.9799371957778931
    ],
    [
      0.9956657290458679,
      0.06017711013555527,
      -0.07091187685728073,
      -0.08524629473686218,
      0.895354688167572,
      -0.43711918592453003,
      0.03718669340014458,
      0.44126957654953003,
      0.8966038823127747
    ],
    [
      0.9999092221260071,
      -0.0065738363191485405,
      0.011762919835746288,
      0.010357913561165333,
      0.9333276748657227,
      -0.35887616872787476,
      -0.008619467727839947,
      0.3589653968811035,
      0.9333110451698303
    ],
    [
      0.994663655757904,
      0.10243908315896988,
      -0.012264939956367016,
      -0.10117308795452118,
      0.9917681217193604,
      0.07848616689443588,
      0.020204028114676476,
      -0.07682646065950394,
      0.9968397617340088
    ],
    [
      0.9853318333625793,
      0.07554011791944504,
      -0.15301913022994995,
      -0.05583648756146431,
      0.9900447726249695,
      0.12920361757278442,
      0.1612558513879776,
      -0.11876439303159714,
      0.9797405004501343
    ],
    [
      0.9072720408439636,
      -0.3013211190700531,
      -0.2933650612831116,
      0.3365790843963623,
      0.9385049939155579,
      0.07695993781089783,
      0.25213494896888733,
      -0.16856412589550018,
      0.9528977274894714
    ],
    [
      0.984010636806488,
      0.09109103679656982,
      0.15305398404598236,
      -0.08201506733894348,
      0.9945343136787415,
      -0.06461429595947266,
      -0.15810322761535645,
      0.05102842301130295,
      0.9861031770706177
    ],
    [
      0.9669169783592224,
      -0.2546546161174774,
      0.014917385764420033,
      0.19578656554222107,
      0.7783409357070923,
      0.5965341925621033,
      -0.16352099180221558,
      -0.5738784670829773,
      0.8024489879608154
    ],
    [
      0.9176218509674072,
      0.34722787141799927,
      0.19339853525161743,
      -0.3374013304710388,
      0.9377204179763794,
      -0.08270925283432007,
      -0.21007269620895386,
      0.010642901062965393,
      0.9776278734207153
    ],
    [
      0.9939490556716919,
      0.08338948339223862,
      0.07149426639080048,
      -0.08403126895427704,
      0.9964450001716614,
      0.00601112050935626,
      -0.07073884457349777,
      -0.011982501484453678,
      0.9974228739738464
    ],
    [
      0.9791462421417236,
      0.18401381373405457,
      -0.08609002083539963,
      -0.15648768842220306,
      0.9533856511116028,
      0.25800657272338867,
      0.12955376505851746,
      -0.2391541451215744,
      0.9622998833656311
    ],
    [
      0.9050458073616028,
      0.01576622575521469,
      0.4250216782093048,
      -0.14461909234523773,
      0.9511764645576477,
      0.2726694345474243,
      -0.3999716639518738,
      -0.30824461579322815,
      0.8631383776664734
    ],
    [
      0.8874276280403137,
      0.01928931660950184,
      0.46054333448410034,
      -0.033910173922777176,
      0.9991486668586731,
      0.023493831977248192,
      -0.4596981108188629,
      -0.03646617755293846,
      0.8873262405395508
    ],
    [
      0.5973894596099854,
      0.5918456315994263,
      -0.5411511659622192,
      -0.7318764328956604,
      0.6782156229019165,
      -0.06618547439575195,
      0.3278455436229706,
      0.43559426069259644,
      0.8383167386054993
    ],
    [
      0.7073370218276978,
      -0.3639930784702301,
      0.605956494808197,
      0.1731415092945099,
      0.9203327894210815,
      0.3507270812988281,
      -0.6853439211845398,
      -0.14316605031490326,
      0.7140077352523804
    ],
    [
      -0.4363842010498047,
      -0.3279292583465576,
      -0.8378730416297913,
      0.03266461566090584,
      0.9248301386833191,
      -0.3789753019809723,
      0.8991672992706299,
      -0.19274763762950897,
      -0.39286959171295166
    ],
    [
      -0.1947251260280609,
      0.2286151498556137,
      0.9538435339927673,
      -0.39029964804649353,
      0.8740944862365723,
      -0.2891799509525299,
      -0.8998602628707886,
      -0.42859530448913574,
      -0.08097974210977554
    ],
    [
      0.9632516503334045,
      -0.26475289463996887,
      0.04530053213238716,
      0.2675360441207886,
      0.9306907653808594,
      -0.24947786331176758,
      0.023889195173978806,
      0.2524294853210449,
      0.9673203825950623
    ],
    [
      0.9350801706314087,
      0.3267360329627991,
      -0.13736265897750854,
      -0.3531852066516876,
      0.8264281153678894,
      -0.43849366903305054,
      -0.029751315712928772,
      0.45854124426841736,
      0.8881748914718628
    ],
    [
      0.9512953758239746,
      0.16980868577957153,
      -0.2572976350784302,
      -0.11359461396932602,
      0.9689754843711853,
      0.21950596570968628,
      0.2865890860557556,
      -0.17958739399909973,
      0.9410712718963623
    ],
    [
      0.9702308773994446,
      -0.1610645353794098,
      0.18085992336273193,
      0.1330776810646057,
      0.9785096645355225,
      0.15750931203365326,
      -0.20234233140945435,
      -0.1287519633769989,
      0.9708144068717957
    ]
  ],
  "root_rot": [
    -0.7568681240081787,
    -0.016016706824302673,
    -0.6533713340759277,
    0.0806908831000328,
    -0.994341254234314,
    -0.06909742951393127,
    -0.6485673785209656,
    -0.105018749833107,
    0.753877580165863
  ],
  "root_trans": [
    0.2595386207103729,
    0.49373674392700195,
    2.802865505218506
  ]
}