{
  "betas": [
    -0.479214608669281,
    1.3994966745376587,
    1.2319042682647705,
    -0.25854817032814026,
    -0.2251688838005066,
    -0.011523164808750153,
    0.2230907380580902,
    0.42737433314323425,
    0.038535624742507935,
    0.423862099647522
  ],
  "joints": [
    [
      0.9117832183837891,
      -0.3876493573188782,
      -0.13557086884975433,
      0.3949880599975586,
      0.7374373078346252,
      0.5478783249855042,
      -0.11240964382886887,
      -0.5530950427055359,
      0.8254998326301575
    ],
    [
      0.8330278396606445,
      0.5205580592155457,
      -0.1873071789741516,
      -0.5017187595367432,
      0.8535099029541016,
      0.1407092660665512,
      0.23311589658260345,
      -0.02323921024799347,
      0.9721712470054626
    ],
    [
      0.9838682413101196,
      0.0010527960257604718,
      0.1788911372423172,
      0.03957219794392586,
      0.9739298224449158,
      -0.2233715057373047,
      -0.17446255683898926,
      0.22684727609157562,
      0.9581769704818726
    ],
    [
      0.9812634587287903,
      0.1924058347940445,
      -0.010097728110849857,
      -0.15542173385620117,
      0.7594946622848511,
      -0.6316738724708557,
      -0.11386856436729431,
      0.6214079260826111,
      0.7751684188842773
    ],
    [
      0.9982114434242249,
      0.02967001497745514,
      0.051901329308748245,
      -0.005186340305954218,
      0.9078602194786072,
      -0.41924092173576355,
      -0.05955803394317627,
      0.4182218313217163,
      0.9063903093338013
    ],
    [
      0.9924964308738708,
      -0.07006391882896423,
      -0.1002098098397255,
      0.07357682287693024,
      0.9967826008796692,
      0.03179584816098213,
      0.0976596474647522,
      -0.03893038257956505,
      0.9944582581520081
    ],
    [
      0.9970797896385193,
      0.04523064196109772,
      -0.06153039261698723,
      -0.04425694793462753,
      0.9988738894462585,
      0.017096785828471184,
      0.06223440170288086,
      -0.014323712326586246,
      0.9979587197303772
    ],
    [
      0.7434440851211548,
      -0.4346961975097656,
      -0.5082617998123169,
      0.46135056018829346,
      0.8835290670394897,
      -0.08082125335931778,
      0.4841967225074768,
      -0.17440077662467957,
      0.8574017882347107
    ],
    [
      0.9932223558425903,
      -0.048255808651447296,
      0.10573959350585938,
      0.0510735958814621,
      0.9984040260314941,
      -0.024103200063109398,
      -0.10440771281719208,
      0.029340336099267006,
      0.9941018223762512
    ],
    [
      0.9280721545219421,
      -0.12350486218929291,
      0.3513241112232208,
      -0.057653047144412994,
      0.884379506111145,
      0.4631944000720978,
      -0.36791056394577026,
      -0.4501327574253082,
      0.8136475682258606
    ],
    [
      0.7772731781005859,
      0.4700404107570648,
      0.41822054982185364,
      -0.47766029834747314,
      0.8735023736953735,
      -0.09399077296257019,
      -0.40949609875679016,
      -0.12671084702014923,
      0.9034696221351624
    ],
    [
      0.9930318593978882,
      0.1051984652876854,
      -0.05311176925897598,
      -0.11027208715677261,
      0.9884523749351501,
      -0.10393232852220535,
      0.0415649339556694,
      0.10906487703323364,
      0.993165135383606
    ],
    [
      0.8643096089363098,
      -0.06565065681934357,
      -0.4986569881439209,
      0.23379801213741302,
      0.9302600026130676,
      0.2827628254890442,
      0.4453170597553253,
      -0.3609796464443207,
      0.8193816542625427
    ],
    [
      0.8146063089370728,
      -0.2683939039707184,
      0.5141803026199341,
      0.23034434020519257,
      0.9632898569107056,
      0.13789166510105133,
      -0.5323139429092407,
      0.0061111231334507465,
      0.8465250134468079
    ],
    [
      0.9667440056800842,
      -0.18856912851333618,
      0.17276519536972046,
      0.18456950783729553,
      0.9820423126220703,
      0.0390784814953804,
      -0.17703169584274292,
      -0.005891702603548765,
      0.9841876029968262
    ],
    [
      0.3001995086669922,
      0.6799066662788391,
      -0.669034481048584,
      -0.6813849806785583,
      0.6436843872070312,
      0.3484033942222595,
      0.6675288677215576,
      0.35127952694892883,
      0.6565119624137878
    ],
    [
      0.4738142192363739,
      -0.6138749122619629,
      0.6313934922218323,
      0.6609443426132202,
      0.7216973304748535,
      0.20568318665027618,
      -0.5819386839866638,
      0.3198603391647339,
      0.7476876378059387
    ],
    [
      -0.6475552320480347,
      -0.32635897397994995,
      -0.6885942816734314,
      0.04393094778060913,
      0.8861534595489502,
      -0.46130484342575073,
      0.7607511878013611,
      -0.3289709687232971,
      -0.5594960451126099
    ],
    [
      0.8789426684379578,
      -0.07992422580718994,
      0.47018277645111084,
      0.23051989078521729,
      0.9342444539070129,
      -0.272117555141449,
      -0.417516827583313,
      0.3475622236728668,
      0.8395714163780212
    ],
    [
      0.9244293570518494,
      -0.25052666664123535,
      0.2875184714794159,
      0.32849323749542236,
      0.9060801267623901,
      -0.266666442155838,
      -0.19370773434638977,
      0.34096211194992065,
      0.9199033975601196
    ],
    [
      0.9492444396018982,
      0.04087948426604271,
      -0.3118714690208435,
      -0.20406949520111084,
      0.8345552682876587,
      -0.5117353796958923,
      0.23935450613498688,
      0.5494054555892944,
      0.8005391955375671
    ],
    [
      0.8405061364173889,
      0.29979759454727173,
      -0.451299250125885,
      -0.18341146409511566,
      0.9412201642990112,
      0.2836633324623108,
      0.5098134875297546,
      -0.15564726293087006,
      0.846087634563446
    ],
    [
      0.9094294905662537,
      -0.28364241123199463,
      0.30411356687545776,
      0.11015203595161438,
      0.8694726228713989,
      0.48154333233833313,
      -0.40100452303886414,
      -0.40443095564842224,
      0.8219678401947021
    ]
  ],
  "root_rot": [
    0.05645862966775894,
    0.00909449439495802,
    0.9983636140823364,
    -0.09596823155879974,
    -0.9952788949012756,
    0.014493511989712715,
    0.9937819838523865,
    -0.09662946313619614,
    -0.055319301784038544
  ],
  "root_trans": [
    -0.24813424050807953,
    0.5754513740539551,
    2.6431567668914795
  ]
}