{
  "betas": [
    -0.852659285068512,
    0.9828906059265137,
    1.4387092590332031,
    0.496509850025177,
    0.17352910339832306,
    -0.233374685049057,
    -0.01795095205307007,
    0.3374946713447571,
    -0.1645359992980957,
    0.6452674865722656
  ],
  "joints": [
    [
      0.9434139132499695,
      -0.18703272938728333,
      -0.27384111285209656,
      0.2856523096561432,
      0.8777804970741272,
      0.3845832049846649,
      0.1684427261352539,
      -0.44104447960853577,
      0.8815366625785828
    ],
    [
      0.9254043102264404,
      0.3338582217693329,
      -0.17934748530387878,
      -0.3347986042499542,
      0.9419332146644592,
      0.02591666206717491,
      0.17758585512638092,
      0.03606189787387848,
      0.983444333076477
    ],
    [
      0.9835729598999023,
      -0.048780474811792374,
      0.17379510402679443,
      0.06853654980659485,
      0.9916156530380249,
      -0.10954978317022324,
      -0.16699406504631042,
      0.11966151744127274,
      0.9786695837974548
    ],
    [
      0.9851279258728027,
      -0.030275963246822357,
      -0.16913458704948425,
      -0.04408370703458786,
      0.9068690538406372,
      -0.4191003739833832,
      0.1660715788602829,
      0.4203234910964966,
      0.8920473456382751
    ],
    [
      0.9934809803962708,
      0.0283310916274786,
      0.11042113602161407,
      0.004902485758066177,
      0.957111656665802,
      -0.28967776894569397,
      -0.11389224976301193,
      0.28833070397377014,
      0.9507333636283875
    ],
    [
      0.9967741966247559,
      0.04882952943444252,
      -0.06369289755821228,
      -0.04440130293369293,
      0.9966156482696533,
      0.06917864084243774,
      0.0668553039431572,
      -0.06612744182348251,
      0.9955688714981079
    ],
    [
      0.9173860549926758,
      0.2726486325263977,
      -0.28994080424308777,
      -0.27941325306892395,
      0.9599896669387817,
      0.0186591986566782,
      0.28342753648757935,
      0.06389559805393219,
      0.95686274766922
    ],
    [
      0.8824374079704285,
      -0.2986955940723419,
      -0.363435298204422,
      0.3598322570323944,
      0.9262141585350037,
      0.11246401816606522,
      0.303026407957077,
      -0.23001821339130402,
      0.9248063564300537
    ],
    [
      0.9822778105735779,
      0.08280447870492935,
      0.16814777255058289,
      -0.06372595578432083,
      0.991219699382782,
      -0.11585541814565659,
      -0.17626474797725677,
      0.10308683663606644,
      0.9789299368858337
    ],
    [
      0.9033677577972412,
      -0.3608148694038391,
      0.2318175882101059,
      0.10236065089702606,
      0.7063130736351013,
      0.7004599571228027,
      -0.4164721369743347,
      -0.6090438961982727,
      0.6749936938285828
    ],
    [
      0.8630658984184265,
      0.24281972646713257,
      0.4428947865962982,
      -0.33598363399505615,
      0.9307245016098022,
      0.14445354044437408,
      -0.37713688611984253,
      -0.27347832918167114,
      0.8848600387573242
    ],
    [
      0.9981905221939087,
      0.05970173701643944,
      -0.007172452285885811,
      -0.05951857566833496,
      0.9979506134986877,
      0.02349429577589035,
      0.008560404181480408,
      -0.023024888709187508,
      0.9996982216835022
    ],
    [
      0.9401572346687317,
      -0.010639255866408348,
      -0.34057483077049255,
      0.08737994730472565,
      0.9736165404319763,
      0.21079754829406738,
      0.32934656739234924,
      -0.22794225811958313,
      0.9162822961807251
    ],
    [
      0.8197662830352783,
      0.039032842963933945,
      0.571366548538208,
      -0.2579956352710724,
      0.9158746004104614,
      0.307590514421463,
      -0.5112940073013306,
      -0.39956235885620117,
      0.7608734369277954
    ],
    [
      0.9532595276832581,
      -0.07468124479055405,
      0.2927779257297516,
      0.06766822934150696,
      0.9971275329589844,
      0.034023527055978775,
      -0.2944778800010681,
      -0.012621487490832806,
      0.9555748701095581
    ],
    [
      0.5300503373146057,
      0.6881163120269775,
      -0.4955226480960846,
      -0.7935700416564941,
      0.608466386795044,
      -0.0039078304544091225,
      0.2988198399543762,
      0.39530327916145325,
      0.8685863018035889
    ],
    [
      0.6095605492591858,
      -0.39824721217155457,
      0.6854451298713684,
      0.1721729189157486,
      0.9105223417282104,
      0.3759062886238098,
      -0.7738167643547058,
      -0.11112255603075027,
      0.6235858798027039
    ],
    [
      -0.34510669112205505,
      -0.3374282419681549,
      -0.8758102655410767,
      -0.03890063241124153,
      0.937479555606842,
      -0.34585943818092346,
      0.9377570152282715,
      -0.08528881520032883,
      -0.3366566300392151
    ],
    [
      0.20849846303462982,
      0.23059774935245514,
      0.9504488706588745,
      -0.3581777513027191,
      0.9222946166992188,
      -0.14519411325454712,
      -0.9100753664970398,
      -0.31015685200691223,
      0.27489200234413147
    ],
    [
      0.9498129487037659,
      -0.30316489934921265,
      0.07711274921894073,
      0.3118629455566406,
      0.8984391093254089,
      -0.3091094195842743,
      0.024430006742477417,
      0.31764474511146545,
      0.9478949904441833
    ],
    [
      0.9327663779258728,
      0.30302858352661133,
      -0.19524475932121277,
      -0.35474446415901184,
      0.8678696155548096,
      -0.3477911055088043,
      0.06405634433031082,
      0.39366987347602844,
      0.9170173406600952
    ],
    [
      0.8732925653457642,
      0.3534125089645386,
      -0.3353500962257385,
      -0.18404556810855865,
      0.8766318559646606,
      0.44457146525382996,
      0.45109570026397705,
      -0.32652124762535095,
      0.8306000828742981
    ],
    [
      0.9401516318321228,
      -0.2361927628517151,
      0.2456173598766327,
      0.1422979086637497,
      0.9270726442337036,
      0.3468250334262848,
      -0.30962270498275757,
      -0.29111728072166443,
      0.9051985740661621
    ]
  ],
  "root_rot": [
    0.5758907198905945,
    -0.017314715310931206,
    0.8173432946205139,
    -0.07117775827646255,
    -0.9970411062240601,
    0.029029566794633865,
    0.8144223093986511,
    -0.07489451766014099,
    -0.5754191279411316
  ],
  "root_trans": [
    -0.16942481696605682,
    0.5693950653076172,
    2.3270959854125977
  ]
}