{
  "betas": [
    -0.6771772503852844,
    1.1902730464935303,
    1.1731398105621338,
    0.1197614073753357,
    0.27080607414245605,
    -0.3827933967113495,
    0.011281728744506836,
    0.571736752986908,
    -0.10321682691574097,
    0.8876523971557617
  ],
  "joints": [
    [
      0.9517567753791809,
      -0.30597808957099915,
      0.02316221594810486,
      0.28039926290512085,
      0.8978837132453918,
      0.3393833637237549,
      -0.12464085221290588,
      -0.31651571393013,
      0.9403629302978516
    ],
    [
      0.9102039337158203,
      0.4009179472923279,
      -0.1038922592997551,
      -0.3703329861164093,
      0.9001696109771729,
      0.22923383116722107,
      0.18542461097240448,
      -0.17017479240894318,
      0.9678110480308533
    ],
    [
      0.996131181716919,
      -0.08603359013795853,
      0.017914798110723495,
      0.08771567791700363,
      0.9858232140541077,
      -0.14303342998027802,
      -0.00535514485090971,
      0.1440514624118805,
      0.9895557165145874
    ],
    [
      0.9940534234046936,
      0.10850081592798233,
      0.009239749982953072,
      -0.09953850507736206,
      0.9397856593132019,
      -0.32694801688194275,
      -0.04415750876069069,
      0.32408407330513,
      0.9449971318244934
    ],
    [
      0.9978575110435486,
      0.028343593701720238,
      0.05896695330739021,
      0.0039552198722958565,
      0.8735052943229675,
      -0.4867985248565674,
      -0.06530556827783585,
      0.4859887659549713,
      0.8715217113494873
    ],
    [
      0.9840198159217834,
      0.09244954586029053,
      -0.15217728912830353,
      -0.0983864888548851,
      0.9946355223655701,
      -0.03194084390997887,
      0.14840802550315857,
      0.046402622014284134,
      0.9878368377685547
    ],
    [
      0.9912895560264587,
      0.07214974611997604,
      0.1101793497800827,
      -0.05458103492856026,
      0.9864242672920227,
      -0.15488094091415405,
      -0.11985820531845093,
      0.14751814305782318,
      0.9817700982093811
    ],
    [
      0.8937517404556274,
      -0.2583068609237671,
      -0.36672285199165344,
      0.31256699562072754,
      0.9450191855430603,
      0.09612805396318436,
      0.3217296004295349,
      -0.20054005086421967,
      0.9253507256507874
    ],
    [
      0.9912694096565247,
      0.12030787020921707,
      0.053952619433403015,
      -0.11706472188234329,
      0.9913272857666016,
      -0.059715330600738525,
      -0.060668934136629105,
      0.052878037095069885,
      0.9967561960220337
    ],
    [
      0.9801112413406372,
      -0.1777767539024353,
      0.08818904310464859,
      0.11173070967197418,
      0.8616054654121399,
      0.49512848258018494,
      -0.16400650143623352,
      -0.4754275977611542,
      0.8643323183059692
    ],
    [
      0.8934956192970276,
      0.33396610617637634,
      0.30022016167640686,
      -0.38938963413238525,
      0.909187376499176,
      0.14749258756637573,
      -0.22369885444641113,
      -0.24868664145469666,
      0.9423978924751282
    ],
    [
      0.9575088024139404,
      0.24723993241786957,
      0.14849038422107697,
      -0.20642367005348206,
      0.9470784664154053,
      -0.24582834541797638,
      -0.20141063630580902,
      0.20473085343837738,
      0.9578721523284912
    ],
    [
      0.9366382360458374,
      0.32833489775657654,
      -0.12208634614944458,
      -0.31473076343536377,
      0.9417896270751953,
      0.11822405457496643,
      0.1537967175245285,
      -0.07230883836746216,
      0.9854532480239868
    ],
    [
      0.9984717965126038,
      0.05412255600094795,
      0.011173602193593979,
      -0.0552268847823143,
      0.9845958948135376,
      0.16589462757110596,
      -0.0020228405483067036,
      -0.16625818610191345,
      0.9860802292823792
    ],
    [
      0.8683013916015625,
      -0.19110172986984253,
      0.4577476382255554,
      0.12765200436115265,
      0.9778154492378235,
      0.16607803106307983,
      -0.47933050990104675,
      -0.08577337116003036,
      0.8734330534934998
    ],
    [
      0.8054909706115723,
      0.5635542869567871,
      -0.18327800929546356,
      -0.5816529989242554,
      0.8110319972038269,
      -0.0625048279762268,
      0.11341945827007294,
      0.15695129334926605,
      0.9810720086097717
    ],
    [
      0.9945822954177856,
      -0.05864299088716507,
      0.0858311876654625,
      0.026500601321458817,
      0.9414376616477966,
      0.33614423871040344,
      -0.10051719844341278,
      -0.33204853534698486,
      0.9378913044929504
    ],
    [
      0.8639842867851257,
      -0.17192737758159637,
      -0.4732568562030792,
      0.17880281805992126,
      0.9834017157554626,
      -0.030830731615424156,
      0.47070229053497314,
      -0.057982396334409714,
      0.8803847432136536
    ],
    [
      -0.5514277815818787,
      -0.01758948341012001,
      0.834037184715271,
      -0.41669729351997375,
      0.8719267845153809,
      -0.25711292028427124,
      -0.7226969003677368,
      -0.48932021856307983,
      -0.48813414573669434
    ],
    [
      0.9391086101531982,
      -0.23667144775390625,
      0.24912166595458984,
      0.33880311250686646,
      0.7587220668792725,
      -0.5563751459121704,
      -0.0573359951376915,
      0.6068999171257019,
      0.7927074432373047
    ],
    [
      0.8566812872886658,
      0.5155368447303772,
      0.017859896644949913,
      -0.4622449278831482,
      0.7825717329978943,
      -0.417026549577713,
      -0.22896921634674072,
      0.3490031659603119,
      0.9087188243865967
    ],
    [
      0.9678891897201538,
      0.09535515308380127,
      -0.23258963227272034,
      -0.06549131870269775,
      0.9889615178108215,
      0.1329132318496704,
      0.24269616603851318,
      -0.11341267824172974,
      0.9634500741958618
    ],
    [
      0.9486502408981323,
      -0.2635955214500427,
      0.17487183213233948,
      0.20854075253009796,
      0.9368248581886292,
      0.2808377146720886,
      -0.23785187304019928,
      -0.22994884848594666,
      0.9436895251274109
    ]
  ],
  "root_rot": [
    0.43516018986701965,
    -0.13584427535533905,
    0.8900461792945862,
    -0.21941305696964264,
    -0.9747492074966431,
    -0.041497036814689636,
    0.8732088208198547,
    -0.1772298663854599,
    -0.4539780616760254
  ],
  "root_trans": [
    -0.35916703939437866,
    0.5610771179199219,
    2.405014991760254
  ]
}