{
  "betas": [
    -0.6652662754058838,
    1.2362812757492065,
    1.3327327966690063,
    0.08616828918457031,
    0.15739992260932922,
    -0.28280285000801086,
    0.3594966530799866,
    0.9418701529502869,
    0.23797205090522766,
    1.2988953590393066
  ],
  "joints": [
    [
      0.9254193305969238,
      -0.3760322630405426,
      0.04689084738492966,
      0.3445381820201874,
      0.8864484429359436,
      0.30903488397598267,
      -0.15777340531349182,
      -0.26983118057250977,
      0.9498940110206604
    ],
    [
      0.9595323204994202,
      0.18798372149467468,
      -0.2096659541130066,
      -0.17603608965873718,
      0.9815655946731567,
      0.0744328424334526,
      0.21979306638240814,
      -0.03451194241642952,
      0.9749358296394348
    ],
    [
      0.9981315732002258,
      -0.015165967866778374,
      0.05918959528207779,
      0.022561900317668915,
      0.9917277097702026,
      -0.12636056542396545,
      -0.056783586740493774,
      0.12745989859104156,
      0.9902169108390808
    ],
    [
      0.9987035393714905,
      0.01974346488714218,
      0.04691925272345543,
      -0.0071565317921340466,
      0.967022716999054,
      -0.25458937883377075,
      -0.05039846897125244,
      0.25392353534698486,
      0.9659103155136108
    ],
    [
      0.9997670650482178,
      -0.019215434789657593,
      0.009827849455177784,
      0.021568970754742622,
      0.8732014298439026,
      -0.48688212037086487,
      0.0007739595603197813,
      0.486980676651001,
      0.8734124898910522
    ],
    [
      0.9909540414810181,
      0.10741464793682098,
      -0.08045046031475067,
      -0.103883758187294,
      0.9934844374656677,
      0.046870529651641846,
      0.08496086299419403,
      -0.03808904066681862,
      0.9956560730934143
    ],
    [
      0.9786834120750427,
      0.14059941470623016,
      0.1497018039226532,
      -0.09489437937736511,
      0.9560227990150452,
      -0.2775164246559143,
      -0.18213701248168945,
      0.25739485025405884,
      0.948985755443573
    ],
    [
      0.9357007145881653,
      -0.14048078656196594,
      -0.32361915707588196,
      0.22362969815731049,
      0.9456470608711243,
      0.23609612882137299,
      0.2728625535964966,
      -0.29328614473342896,
      0.9162583351135254
    ],
    [
      0.9952724575996399,
      0.09172323346138,
      0.031931113451719284,
      -0.09114419668912888,
      0.9956537485122681,
      -0.01914326101541519,
      -0.03354820981621742,
      0.016142426058650017,
      0.9993067979812622
    ],
    [
      0.9727800488471985,
      -0.21298247575759888,
      0.09130990505218506,
      0.15484519302845,
      0.8905841112136841,
      0.42764803767204285,
      -0.17240069806575775,
      -0.4018685519695282,
      0.8993217945098877
    ],
    [
      0.9242397546768188,
      0.3278520107269287,
      0.19568824768066406,
      -0.31395313143730164,
      0.9442458152770996,
      -0.09916254132986069,
      -0.21728846430778503,
      0.030213026329874992,
      0.9756397008895874
    ],
    [
      0.9657360315322876,
      0.16359980404376984,
      0.20146703720092773,
      -0.12560927867889404,
      0.9739528298377991,
      -0.18878073990345,
      -0.22710390388965607,
      0.15700624883174896,
      0.9611309766769409
    ],
    [
      0.9134624600410461,
      0.406595915555954,
      -0.016315165907144547,
      -0.40220606327056885,
      0.908234715461731,
      0.11549890041351318,
      0.06177937611937523,
      -0.09894184023141861,
      0.9931736588478088
    ],
    [
      0.9925225377082825,
      0.10227527469396591,
      0.06662445515394211,
      -0.11257945001125336,
      0.9779555201530457,
      0.17586612701416016,
      -0.047168996185064316,
      -0.1820516288280487,
      0.9821569919586182
    ],
    [
      0.8165174126625061,
      -0.08401736617088318,
      0.5711746215820312,
      0.04136285185813904,
      0.9953249096870422,
      0.08727819472551346,
      -0.5758371949195862,
      -0.047638751566410065,
      0.8161753416061401
    ],
    [
      0.7846002578735352,
      0.5618193745613098,
      -0.2622239291667938,
      -0.6073294878005981,
      0.7815137505531311,
      -0.14278364181518555,
      0.1247129738330841,
      0.27128440141677856,
      0.9543853402137756
    ],
    [
      0.9638023376464844,
      -0.056026849895715714,
      0.26066476106643677,
      -0.07264791429042816,
      0.8854919672012329,
      0.4589403569698334,
      -0.2565295398235321,
      -0.4612645208835602,
      0.8493689894676208
    ],
    [
      0.9323692321777344,
      -0.062203869223594666,
      -0.3561157286167145,
      -0.017499130219221115,
      0.9761644601821899,
      -0.21632538735866547,
      0.3610838055610657,
      0.20792683959007263,
      0.9090571999549866
    ],
    [
      -0.2708587944507599,
      -0.02231900580227375,
      0.9623602032661438,
      -0.6844609975814819,
      0.7074275016784668,
      -0.17623671889305115,
      -0.6768666505813599,
      -0.7064334154129028,
      -0.20688945055007935
    ],
    [
      0.9964195489883423,
      -0.08213634788990021,
      0.020044732838869095,
      0.0774582177400589,
      0.7918215990066528,
      -0.6058208346366882,
      0.0338880829513073,
      0.6052043437957764,
      0.7953486442565918
    ],
    [
      0.7923756837844849,
      0.608850359916687,
      -0.03797445446252823,
      -0.5879045724868774,
      0.7455372214317322,
      -0.31391486525535583,
      -0.16281579434871674,
      0.2710638642311096,
      0.9486914873123169
    ],
    [
      0.9684802293777466,
      0.178557351231575,
      -0.1736755520105362,
      -0.15177170932292938,
      0.9758723378181458,
      0.1569666713476181,
      0.19751273095607758,
      -0.12566010653972626,
      0.9722130298614502
    ],
    [
      0.964211106300354,
      -0.1993487924337387,
      0.17480534315109253,
      0.17853042483329773,
      0.9755971431732178,
      0.12781676650047302,
      -0.19601969420909882,
      -0.09203428030014038,
      0.9762714505195618
    ]
  ],
  "root_rot": [
    -0.6104702353477478,
    0.06552603095769882,
    -0.7893240451812744,
    0.08127322793006897,
    -0.9861289858818054,
    -0.14472131431102753,
    -0.7878583669662476,
    -0.1524989753961563,
    0.5966768860816956
  ],
  "root_trans": [
    0.42216604948043823,
    0.47587138414382935,
    2.8655505180358887
  ]
}