{
  "betas": [
    -0.7309020161628723,
    1.264424443244934,
    1.2983160018920898,
    0.04734516143798828,
    0.10644802451133728,
    -0.3489552438259125,
    0.3822055160999298,
    0.990929365158081,
    0.2709629237651825,
    1.3342981338500977
  ],
  "joints": [
    [
      0.9290671944618225,
      -0.3667513430118561,
      0.04824409633874893,
      0.3336448073387146,
      0.8871424794197083,
      0.31884074211120605,
      -0.15973465144634247,
      -0.2801281213760376,
      0.94657963514328
    ],
    [
      0.9590585231781006,
      0.18163567781448364,
      -0.21729043126106262,
      -0.17231662571430206,
      0.9831350445747375,
      0.06125747412443161,
      0.22475238144397736,
      -0.021306753158569336,
      0.9741829037666321
    ],
    [
      0.997958242893219,
      -0.015671156346797943,
      0.061917342245578766,
      0.023486148566007614,
      0.991550087928772,
      -0.12758071720600128,
      -0.05939481034874916,
      0.12877443432807922,
      0.9898936152458191
    ],
    [
      0.9979808330535889,
      0.02500997856259346,
      0.058384623378515244,
      -0.009063076227903366,
      0.9658796787261963,
      -0.2588326930999756,
      -0.06286592036485672,
      0.25778090953826904,
      0.9641560912132263
    ],
    [
      0.999733030796051,
      -0.02195514738559723,
      0.00719857681542635,
      0.022704115137457848,
      0.8756893277168274,
      -0.48234081268310547,
      0.004286144860088825,
      0.48237547278404236,
      0.8759540319442749
    ],
    [
      0.9910889267921448,
      0.10236731171607971,
      -0.0852276086807251,
      -0.09983979165554047,
      0.9944421052932739,
      0.03341944143176079,
      0.08817499130964279,
      -0.024612531065940857,
      0.9958009123802185
    ],
    [
      0.9751396775245667,
      0.1538190096616745,
      0.15950711071491241,
      -0.10719652473926544,
      0.9574471116065979,
      -0.26796263456344604,
      -0.19393734633922577,
      0.24420231580734253,
      0.9501335024833679
    ],
    [
      0.9334454536437988,
      -0.12873879075050354,
      -0.3348221182823181,
      0.21669842302799225,
      0.9461970329284668,
      0.24031825363636017,
      0.28586944937705994,
      -0.2968794107437134,
      0.9111208319664001
    ],
    [
      0.9955267310142517,
      0.08892394602298737,
      0.03192206099629402,
      -0.08847959339618683,
      0.9959638714790344,
      -0.015075488947331905,
      -0.03313378989696503,
      0.012183602899312973,
      0.9993765950202942
    ],
    [
      0.9652018547058105,
      -0.2521737217903137,
      0.06923621147871017,
      0.20456138253211975,
      0.8930181860923767,
      0.40084049105644226,
      -0.16291064023971558,
      -0.37272897362709045,
      0.91352778673172
    ],
    [
      0.9282485842704773,
      0.3209870159626007,
      0.18794140219688416,
      -0.3101375699043274,
      0.9468519687652588,
      -0.08535859733819962,
      -0.20535168051719666,
      0.02094629965722561,
      0.9784641265869141
    ],
    [
      0.9683969616889954,
      0.15951581299304962,
      0.19173412024974823,
      -0.12376397848129272,
      0.9747506976127625,
      -0.18585896492004395,
      -0.2165404111146927,
      0.15625549852848053,
      0.9636878967285156
    ],
    [
      0.9109465479850769,
      0.4117421805858612,
      -0.025394201278686523,
      -0.4065767824649811,
      0.9065254330635071,
      0.11360876262187958,
      0.06979800015687943,
      -0.09316680580377579,
      0.9932010173797607
    ],
    [
      0.9918994903564453,
      0.10020047426223755,
      0.0780719593167305,
      -0.11294639855623245,
      0.9769542217254639,
      0.18111738562583923,
      -0.058124687522649765,
      -0.18846818804740906,
      0.9803577065467834
    ],
    [
      0.823319673538208,
      -0.09798040241003036,
      0.5590567588806152,
      0.05565483495593071,
      0.9941767454147339,
      0.09227705746889114,
      -0.5648426413536072,
      -0.044859301298856735,
      0.8239783644676208
    ],
    [
      0.7799187302589417,
      0.5655196905136108,
      -0.26816844940185547,
      -0.6114319562911987,
      0.7799671292304993,
      -0.13342522084712982,
      0.13370798528194427,
      0.26802757382392883,
      0.9540877938270569
    ],
    [
      0.9608047008514404,
      -0.0332990400493145,
      0.2752189636230469,
      -0.10233549773693085,
      0.8800432085990906,
      0.46373623609542847,
      -0.2576465606689453,
      -0.4737246334552765,
      0.8421419858932495
    ],
    [
      0.9269241094589233,
      -0.073613740503788,
      -0.36795732378959656,
      -0.014832197688519955,
      0.9726155996322632,
      -0.23194585740566254,
      0.3749554455280304,
      0.22045384347438812,
      0.9004489779472351
    ],
    [
      -0.27487650513648987,
      -0.01818484254181385,
      0.9613075256347656,
      -0.6808136701583862,
      0.709677517414093,
      -0.18124720454216003,
      -0.6789224147796631,
      -0.7042919397354126,
      -0.2074541598558426
    ],
    [
      0.9984546303749084,
      -0.0516752153635025,
      0.020444419234991074,
      0.05343557521700859,
      0.7916972041130066,
      -0.6085723042488098,
      0.015262290835380554,
      0.6087242960929871,
      0.7932350635528564
    ],
    [
      0.8007957935333252,
      0.5963975787162781,
      -0.05509979650378227,
      -0.5787291526794434,
      0.7468000054359436,
      -0.32766202092170715,
      -0.15426833927631378,
      0.29427823424339294,
      0.9431869983673096
    ],
    [
      0.973215639591217,
      0.16387762129306793,
      -0.16123124957084656,
      -0.14235204458236694,
      0.9802743196487427,
      0.13710635900497437,
      0.18051952123641968,
      -0.11048245429992676,
      0.9773465991020203
    ],
    [
      0.9716038107872009,
      -0.17578138411045074,
      0.15838858485221863,
      0.15963980555534363,
      0.9810797572135925,
      0.10953371971845627,
      -0.1746458262205124,
      -0.0811382532119751,
      0.9812825322151184
    ]
  ],
  "root_rot": [
    -0.5921031832695007,
    0.06467267870903015,
    -0.8032629489898682,
    0.08728940784931183,
    -0.9857627749443054,
    -0.1437091827392578,
    -0.8011207580566406,
    -0.15520700812339783,
    0.5780280232429504
  ],
  "root_trans": [
    0.4160953164100647,
    0.4718085527420044,
    2.8489108085632324
  ]
}