{
  "betas": [
    -0.36976295709609985,
    0.9036197662353516,
    0.5069482326507568,
    -0.5465822219848633,
    0.05208003520965576,
    -0.7334774732589722,
    0.03083851933479309,
    0.7485794425010681,
    -0.3630407750606537,
    0.8798461556434631
  ],
  "joints": [
    [
      0.8256247639656067,
      -0.5338429808616638,
      0.18263474106788635,
      0.5597658753395081,
      0.8155992031097412,
      -0.14649270474910736,
      -0.07075264304876328,
      0.22318069636821747,
      0.9722059965133667
    ],
    [
      0.6774818897247314,
      0.6214598417282104,
      0.393453985452652,
      -0.3440018594264984,
      -0.2051049917936325,
      0.9162939786911011,
      0.6501392722129822,
      -0.7561213970184326,
      0.07482842355966568
    ],
    [
      0.9895346760749817,
      -0.14202943444252014,
      -0.025473373010754585,
      0.11387165635824203,
      0.8770585060119629,
      -0.466692179441452,
      0.08862568438053131,
      0.4589073359966278,
      0.8840529322624207
    ],
    [
      0.9700644612312317,
      -0.02731422334909439,
      -0.2413066029548645,
      -0.10949649661779404,
      0.8377227187156677,
      -0.5350056290626526,
      0.21676132082939148,
      0.5454121828079224,
      0.8096542358398438
    ],
    [
      0.9156778454780579,
      -0.40175291895866394,
      0.011343054473400116,
      0.11709310859441757,
      0.23966841399669647,
      -0.9637677073478699,
      0.38447797298431396,
      0.8838289380073547,
      0.2665015459060669
    ],
    [
      0.9729316234588623,
      -0.20890121161937714,
      -0.09881509095430374,
      0.1951652616262436,
      0.9717464447021484,
      -0.13273821771144867,
      0.12375237792730331,
      0.10985992103815079,
      0.9862130880355835
    ],
    [
      0.9887164831161499,
      0.008571883663535118,
      0.1495530903339386,
      -0.050222739577293396,
      0.9595475196838379,
      0.277031272649765,
      -0.14112859964370728,
      -0.2814163863658905,
      0.9491509795188904
    ],
    [
      0.9211098551750183,
      -0.3657255172729492,
      -0.13342250883579254,
      0.2837108373641968,
      0.8653024435043335,
      -0.4132310748100281,
      0.2665799558162689,
      0.3427777886390686,
      0.9007989168167114
    ],
    [
      0.9883922934532166,
      -0.14882175624370575,
      0.0305403433740139,
      0.14825548231601715,
      0.988745927810669,
      0.020048359408974648,
      -0.03318026661872864,
      -0.015287870541214943,
      0.9993324875831604
    ],
    [
      0.9185346961021423,
      -0.03006136044859886,
      0.3941958248615265,
      -0.16054676473140717,
      0.8828203082084656,
      0.44142159819602966,
      -0.3612738251686096,
      -0.46874791383743286,
      0.806074857711792
    ],
    [
      0.8741585612297058,
      0.4522267282009125,
      0.17702515423297882,
      -0.4758560061454773,
      0.8704157471656799,
      0.1262437105178833,
      -0.09699470549821854,
      -0.19459548592567444,
      0.9760761857032776
    ],
    [
      0.9726732969284058,
      -0.12446488440036774,
      -0.195997953414917,
      0.03150111436843872,
      0.9071097373962402,
      -0.41971367597579956,
      0.23003128170967102,
      0.4020701050758362,
      0.8862422108650208
    ],
    [
      0.864923894405365,
      -0.18254150450229645,
      -0.4675310254096985,
      0.3595289885997772,
      0.8753127455711365,
      0.32336747646331787,
      0.3502078652381897,
      -0.44777923822402954,
      0.8227078914642334
    ],
    [
      0.9294056296348572,
      -0.10208197683095932,
      0.3546609878540039,
      0.014624906703829765,
      0.9704174399375916,
      0.24098974466323853,
      -0.36876994371414185,
      -0.21879035234451294,
      0.9034043550491333
    ],
    [
      0.9616397619247437,
      -0.19804438948631287,
      -0.18980883061885834,
      0.23983603715896606,
      0.9428471326828003,
      0.23133940994739532,
      0.13314524292945862,
      -0.2679881751537323,
      0.9541774988174438
    ],
    [
      0.9071446061134338,
      0.08201251924037933,
      -0.4127500057220459,
      -0.028780411928892136,
      0.9906200170516968,
      0.13358014822006226,
      0.4198336601257324,
      -0.10929738730192184,
      0.9009959697723389
    ],
    [
      0.948042631149292,
      -0.050262272357940674,
      0.31414780020713806,
      -0.02276606112718582,
      0.9741919040679932,
      0.2245703786611557,
      -0.3173276484012604,
      -0.22005420923233032,
      0.9224311709403992
    ],
    [
      0.3708721995353699,
      -0.30537885427474976,
      -0.8770390748977661,
      0.37865933775901794,
      0.9120461940765381,
      -0.15744493901729584,
      0.8479804396629333,
      -0.2737070918083191,
      0.45388713479042053
    ],
    [
      0.7971236109733582,
      0.21386884152889252,
      0.5646716952323914,
      -0.32271409034729004,
      0.9412999153137207,
      0.09904570132493973,
      -0.5103426575660706,
      -0.2611791789531708,
      0.8193508982658386
    ],
    [
      0.9392513036727905,
      -0.11198270320892334,
      0.3244485855102539,
      0.3070019781589508,
      0.696796715259552,
      -0.6482470035552979,
      -0.15348222851753235,
      0.7084732055664062,
      0.6888461112976074
    ],
    [
      0.9568951725959778,
      0.09005178511142731,
      -0.2761200964450836,
      -0.2584901452064514,
      0.69752436876297,
      -0.668313205242157,
      0.13241775333881378,
      0.7108800411224365,
      0.6907352209091187
    ],
    [
      0.9880095720291138,
      0.068166084587574,
      -0.1385294795036316,
      -0.05724724754691124,
      0.9950414299964905,
      0.08133471757173538,
      0.1433868408203125,
      -0.07242905348539352,
      0.9870128035545349
    ],
    [
      0.9860445857048035,
      -0.07211847603321075,
      0.15005023777484894,
      0.07210542261600494,
      0.9973816871643066,
      0.005534770432859659,
      -0.15005651116371155,
      0.005361903924494982,
      0.9886629581451416
    ]
  ],
  "root_rot": [
    -0.5731381177902222,
    -0.6949790716171265,
    0.4341851770877838,
    0.45010074973106384,
    -0.7097475528717041,
    -0.5419111847877502,
    0.6847788095474243,
    -0.11516289412975311,
    0.7195940017700195
  ],
  "root_trans": [
    -0.104921355843544,
    0.4554747939109802,
    2.674401044845581
  ]
}