{
  "betas": [
    -0.6640958189964294,
    0.9524515867233276,
    0.994662880897522,
    0.11921635270118713,
    -0.1288607120513916,
    -0.10968763381242752,
    0.13918602466583252,
    0.6985841989517212,
    0.17217761278152466,
    1.0066051483154297
  ],
  "joints": [
    [
      0.8948039412498474,
      -0.4443724453449249,
      0.04311554506421089,
      0.40687671303749084,
      0.8514143824577332,
      0.3309755027294159,
      -0.1837856024503708,
      -0.2786155045032501,
      0.9426537752151489
    ],
    [
      0.8901505470275879,
      0.4317757487297058,
      -0.14560826122760773,
      -0.3944510519504547,
      0.8901426196098328,
      0.22815455496311188,
      0.2281237095594406,
      -0.145656555891037,
      0.9626753330230713
    ],
    [
      0.9990927577018738,
      -0.01986479014158249,
      0.03767138347029686,
      0.027176568284630775,
      0.9784228801727295,
      -0.20481713116168976,
      -0.03278989717364311,
      0.2056550681591034,
      0.9780750870704651
    ],
    [
      0.9962896704673767,
      0.06526398658752441,
      0.05610289052128792,
      -0.04470592737197876,
      0.9494810700416565,
      -0.3106234669685364,
      -0.07354117184877396,
      0.306962788105011,
      0.9488758444786072
    ],
    [
      0.9998446702957153,
      -0.0010297662811353803,
      0.017592106014490128,
      0.008513775654137135,
      0.9022813439369202,
      -0.43106383085250854,
      -0.015429134480655193,
      0.43114668130874634,
      0.9021499752998352
    ],
    [
      0.995226263999939,
      0.012005341239273548,
      -0.09685375541448593,
      -0.010265154764056206,
      0.9997771382331848,
      0.018445566296577454,
      0.09705362468957901,
      -0.017363291233778,
      0.9951276779174805
    ],
    [
      0.9921280741691589,
      0.056855201721191406,
      0.111576147377491,
      -0.035127244889736176,
      0.9815740585327148,
      -0.18782581388950348,
      -0.12019912153482437,
      0.18242792785167694,
      0.9758443236351013
    ],
    [
      0.9174306392669678,
      -0.2833895683288574,
      -0.27930501103401184,
      0.29624617099761963,
      0.9551032185554504,
      0.004006398841738701,
      0.26562973856925964,
      -0.08641862869262695,
      0.9601940512657166
    ],
    [
      0.9994286298751831,
      0.013291753828525543,
      0.03107554093003273,
      -0.014236053451895714,
      0.9994375109672546,
      0.030365992337465286,
      -0.030654439702630043,
      -0.030791036784648895,
      0.9990556836128235
    ],
    [
      0.9568638205528259,
      -0.23629747331142426,
      0.1690417230129242,
      0.11310581117868423,
      0.8388907313346863,
      0.5324183702468872,
      -0.2676166892051697,
      -0.49033230543136597,
      0.8294308185577393
    ],
    [
      0.910052478313446,
      0.36850467324256897,
      0.18975962698459625,
      -0.31031525135040283,
      0.9092356562614441,
      -0.2774795591831207,
      -0.2747887372970581,
      0.19363565742969513,
      0.9418047666549683
    ],
    [
      0.9898442625999451,
      0.12293555587530136,
      0.07138069719076157,
      -0.1225273460149765,
      0.9924138784408569,
      -0.01008649729192257,
      -0.07207918167114258,
      0.0012379755498841405,
      0.9973981380462646
    ],
    [
      0.9470487236976624,
      0.2997903525829315,
      -0.11499744653701782,
      -0.27893924713134766,
      0.9455384016036987,
      0.16777950525283813,
      0.1590331792831421,
      -0.12681807577610016,
      0.9790942072868347
    ],
    [
      0.9477375149726868,
      -0.3051091134548187,
      0.09328421950340271,
      0.305415540933609,
      0.9521518349647522,
      0.011325115337967873,
      -0.09227613359689713,
      0.01775721088051796,
      0.9955750703811646
    ],
    [
      0.9430544972419739,
      0.021576818078756332,
      0.33193787932395935,
      0.010278093628585339,
      0.995527446269989,
      -0.09391249716281891,
      -0.3324795961380005,
      0.09197628498077393,
      0.9386148452758789
    ],
    [
      0.7008275389671326,
      0.47654402256011963,
      -0.5307979583740234,
      -0.5556496977806091,
      0.8313193917274475,
      0.012708568945527077,
      0.4473188519477844,
      0.28603121638298035,
      0.8474030494689941
    ],
    [
      0.6926459074020386,
      -0.6217911839485168,
      0.3655371069908142,
      0.6624252796173096,
      0.748894989490509,
      0.018685050308704376,
      -0.28536707162857056,
      0.2291989028453827,
      0.9306092858314514
    ],
    [
      0.4881995618343353,
      -0.16078461706638336,
      -0.8577934503555298,
      0.08006783574819565,
      0.9869893789291382,
      -0.13943172991275787,
      0.8690513968467712,
      -0.0006111526163294911,
      0.4947214722633362
    ],
    [
      -0.24636057019233704,
      0.2123873382806778,
      0.9456203579902649,
      -0.005592340603470802,
      0.9753652811050415,
      -0.22052499651908875,
      -0.9691620469093323,
      -0.05961689352989197,
      -0.23910380899906158
    ],
    [
      0.9668979644775391,
      -0.2523995339870453,
      0.03745432570576668,
      0.24726128578186035,
      0.8905584812164307,
      -0.38179507851600647,
      0.06300963461399078,
      0.37841787934303284,
      0.9234878420829773
    ],
    [
      0.955934464931488,
      0.24379085004329681,
      0.16357052326202393,
      -0.20349685847759247,
      0.951829731464386,
      -0.2293669879436493,
      -0.21160884201526642,
      0.18597371876239777,
      0.9594975113868713
    ],
    [
      0.9729725122451782,
      0.12142596393823624,
      -0.1964183896780014,
      -0.09634348005056381,
      0.9864766597747803,
      0.13259612023830414,
      0.20986276865005493,
      -0.11008875072002411,
      0.9715132713317871
    ],
    [
      0.8980918526649475,
      -0.2548101246356964,
      0.35847288370132446,
      0.17669110000133514,
      0.9554367661476135,
      0.23647572100162506,
      -0.40275463461875916,
      -0.1490379273891449,
      0.9030926823616028
    ]
  ],
  "root_rot": [
    -0.43675974011421204,
    0.010699371807277203,
    -0.8995146155357361,
    0.0894179567694664,
    -0.9944608807563782,
    -0.05524565279483795,
    -0.8951231241226196,
    -0.10456182807683945,
    0.4333837628364563
  ],
  "root_trans": [
    0.36075812578201294,
    0.5262435674667358,
    2.6148195266723633
  ]
}