{
  "betas": [
    -0.7283281683921814,
    0.6576205492019653,
    1.4954981803894043,
    0.5148417949676514,
    0.3911101818084717,
    -0.009072769433259964,
    -0.21645617485046387,
    0.28373342752456665,
    0.14298085868358612,
    0.847775936126709
  ],
  "joints": [
    [
      0.9849993586540222,
      -0.17246325314044952,
      0.005712671671062708,
      0.16765113174915314,
      0.9643048048019409,
      0.20496171712875366,
      -0.04085712134838104,
      -0.2009294331073761,
      0.9787532687187195
    ],
    [
      0.9828014373779297,
      0.09296299517154694,
      -0.15955929458141327,
      -0.09931602329015732,
      0.9945316314697266,
      -0.0322970375418663,
      0.15568433701992035,
      0.047588370740413666,
      0.986659824848175
    ],
    [
      0.9955145716667175,
      -0.0022571051958948374,
      0.09458214789628983,
      0.007923625409603119,
      0.9981921911239624,
      -0.05957852676510811,
      -0.09427668154239655,
      0.06006071716547012,
      0.993732750415802
    ],
    [
      0.99882572889328,
      0.004168648738414049,
      0.04826924949884415,
      -0.002967251231893897,
      0.9996846914291382,
      -0.024934999644756317,
      -0.048357974737882614,
      0.024762490764260292,
      0.9985231757164001
    ],
    [
      0.9975041151046753,
      -0.058785732835531235,
      0.039111074060201645,
      0.06195608153939247,
      0.9944090843200684,
      -0.08550985157489777,
      -0.03386565297842026,
      0.08771960437297821,
      0.9955692887306213
    ],
    [
      0.9874834418296814,
      0.012957730330526829,
      -0.15718971192836761,
      -0.018381698057055473,
      0.999282956123352,
      -0.03310120105743408,
      0.15664808452129364,
      0.03557629510760307,
      0.987013578414917
    ],
    [
      0.9865874648094177,
      0.06307970732450485,
      0.15055231750011444,
      -0.03878393396735191,
      0.9864888191223145,
      -0.1591716855764389,
      -0.1585586667060852,
      0.15119779109954834,
      0.9757039546966553
    ],
    [
      0.9734725952148438,
      -0.147568479180336,
      -0.17485636472702026,
      0.1654084175825119,
      0.9819056987762451,
      0.09220282733440399,
      0.15808621048927307,
      -0.11867963522672653,
      0.980267345905304
    ],
    [
      0.9978889226913452,
      0.034290704876184464,
      0.05515347421169281,
      -0.03360704332590103,
      0.999346911907196,
      -0.013276114128530025,
      -0.05557270720601082,
      0.011394541710615158,
      0.9983896017074585
    ],
    [
      0.9688489437103271,
      -0.19749680161476135,
      0.14942136406898499,
      0.09075690805912018,
      0.84452223777771,
      0.527773916721344,
      -0.23042333126068115,
      -0.4977721869945526,
      0.8361386656761169
    ],
    [
      0.948576807975769,
      0.21070314943790436,
      0.23623347282409668,
      -0.2431047558784485,
      0.9628750681877136,
      0.11735332012176514,
      -0.20273657143115997,
      -0.16874812543392181,
      0.9645838737487793
    ],
    [
      0.9428627490997314,
      0.19442525506019592,
      0.27057093381881714,
      -0.18363350629806519,
      0.9808498024940491,
      -0.06490271538496017,
      -0.27800819277763367,
      0.011508462950587273,
      0.960509717464447
    ],
    [
      0.9560781121253967,
      0.25180330872535706,
      -0.1500326544046402,
      -0.24815715849399567,
      0.9677712321281433,
      0.042859774082899094,
      0.15598951280117035,
      -0.0037456138525158167,
      0.9877516627311707
    ],
    [
      0.9837597012519836,
      -0.17923475801944733,
      0.009577359072864056,
      0.17859096825122833,
      0.9721001386642456,
      -0.15207459032535553,
      0.01794690079987049,
      0.15131528675556183,
      0.9883226752281189
    ],
    [
      0.857652485370636,
      -0.21462751924991608,
      0.4672977030277252,
      0.20021940767765045,
      0.9763984084129333,
      0.08098328113555908,
      -0.4736499786376953,
      0.024106545373797417,
      0.8803831338882446
    ],
    [
      0.676048994064331,
      0.6543740630149841,
      -0.3387512266635895,
      -0.7169719934463501,
      0.6902509331703186,
      -0.09749306738376617,
      0.17002639174461365,
      0.30878520011901855,
      0.9358113408088684
    ],
    [
      0.6542457938194275,
      -0.747784435749054,
      0.11305252462625504,
      0.7368301153182983,
      0.5965710878372192,
      -0.31809473037719727,
      0.17042243480682373,
      0.2914126515388489,
      0.941294252872467
    ],
    [
      0.9279080629348755,
      0.043858256191015244,
      -0.3702203631401062,
      -0.1594192236661911,
      0.9443625211715698,
      -0.28768885135650635,
      0.33700475096702576,
      0.32596901059150696,
      0.8832734227180481
    ],
    [
      -0.08877531439065933,
      0.30490660667419434,
      0.9482356905937195,
      0.2505349814891815,
      0.9282232522964478,
      -0.27501609921455383,
      -0.9640285968780518,
      0.21315154433250427,
      -0.15879309177398682
    ],
    [
      0.9902939200401306,
      -0.07358622550964355,
      0.11791092157363892,
      0.12837468087673187,
      0.8094147443771362,
      -0.5730337500572205,
      -0.05327148362994194,
      0.5826086401939392,
      0.8110051155090332
    ],
    [
      0.9555046558380127,
      0.1935136616230011,
      0.22262822091579437,
      -0.15687797963619232,
      0.9725201725959778,
      -0.17202821373939514,
      -0.24980027973651886,
      0.1294482946395874,
      0.9596055746078491
    ],
    [
      0.9398043155670166,
      0.28734591603279114,
      -0.18493252992630005,
      -0.21177953481674194,
      0.9145069122314453,
      0.34471216797828674,
      0.2681737244129181,
      -0.2847971022129059,
      0.9203115105628967
    ],
    [
      0.7289955615997314,
      -0.6206743121147156,
      0.28866738080978394,
      0.31790420413017273,
      0.6804547309875488,
      0.6602410078048706,
      -0.6062197685241699,
      -0.38954418897628784,
      0.6933634281158447
    ]
  ],
  "root_rot": [
    0.5749835968017578,
    -0.05207382142543793,
    0.8165060877799988,
    -0.07431155443191528,
    -0.9971714615821838,
    -0.011265810579061508,
    0.8147832155227661,
    -0.05419817939400673,
    -0.5772269368171692
  ],
  "root_trans": [
    -0.39331403374671936,
    0.5493036508560181,
    2.244176149368286
  ]
}