{
  "betas": [
    -1.0120165348052979,
    0.9200301170349121,
    1.6119459867477417,
    0.4393828511238098,
    0.08855661749839783,
    -0.06903121620416641,
    0.23005157709121704,
    0.4747851490974426,
    -0.1001468300819397,
    0.9731852412223816
  ],
  "joints": [
    [
      0.975675106048584,
      -0.2044793963432312,
      -0.07903332263231277,
      0.2191952019929886,
      0.9043652415275574,
      0.3661651313304901,
      -0.003398224478587508,
      -0.3745819330215454,
      0.9271875619888306
    ],
    [
      0.9511954188346863,
      0.27569955587387085,
      -0.13862597942352295,
      -0.2713603377342224,
      0.961195707321167,
      0.049662694334983826,
      0.14693868160247803,
      -0.009621328674256802,
      0.9890989065170288
    ],
    [
      0.9900660514831543,
      -0.05636534467339516,
      0.12881065905094147,
      0.06794330477714539,
      0.9938597083091736,
      -0.08733067661523819,
      -0.12309730052947998,
      0.09521495550870895,
      0.9878163933753967
    ],
    [
      0.9997194409370422,
      -0.02177824079990387,
      0.009312077425420284,
      0.023013534024357796,
      0.9861226677894592,
      -0.16441559791564941,
      -0.005602166056632996,
      0.16458378732204437,
      0.9863471984863281
    ],
    [
      0.9971087574958801,
      0.002509270329028368,
      0.07594581693410873,
      0.014893467538058758,
      0.9736155271530151,
      -0.22770799696445465,
      -0.07451341301202774,
      0.22818073630332947,
      0.9707632064819336
    ],
    [
      0.9906730055809021,
      -0.055564723908901215,
      -0.12441603094339371,
      0.06254258751869202,
      0.9966394305229187,
      0.05289696156978607,
      0.12105873227119446,
      -0.06018490344285965,
      0.9908189177513123
    ],
    [
      0.9949715733528137,
      0.06891784071922302,
      -0.07267741113901138,
      -0.0826171413064003,
      0.9749444127082825,
      -0.20653769373893738,
      0.056622300297021866,
      0.2115035057067871,
      0.9757357835769653
    ],
    [
      0.9152623414993286,
      -0.23373891413211823,
      -0.3281174600124359,
      0.29201436042785645,
      0.9460157155990601,
      0.14064796268939972,
      0.27752938866615295,
      -0.22454477846622467,
      0.9341076612472534
    ],
    [
      0.9990971088409424,
      0.0009978541638702154,
      0.042472854256629944,
      0.002587174065411091,
      0.9964396953582764,
      -0.08426891267299652,
      -0.04240572825074196,
      0.08430271595716476,
      0.9955374598503113
    ],
    [
      0.9379032850265503,
      -0.1167244166135788,
      0.32666927576065063,
      -0.042117323726415634,
      0.8964076042175293,
      0.44122493267059326,
      -0.3443305492401123,
      -0.42758476734161377,
      0.8358275294303894
    ],
    [
      0.8457692265510559,
      0.3259653151035309,
      0.42239910364151,
      -0.3326334059238434,
      0.9411303400993347,
      -0.06023864448070526,
      -0.4171683192253113,
      -0.08955606073141098,
      0.9044060111045837
    ],
    [
      0.9867001175880432,
      0.1520388126373291,
      0.05750712752342224,
      -0.14432640373706818,
      0.9821805357933044,
      -0.12037970125675201,
      -0.0747847706079483,
      0.11047887057065964,
      0.9910608530044556
    ],
    [
      0.9345710873603821,
      -0.09493470937013626,
      -0.3428763151168823,
      0.16660058498382568,
      0.9683237671852112,
      0.18599291145801544,
      0.31435808539390564,
      -0.23094701766967773,
      0.9207835793495178
    ],
    [
      0.9110488891601562,
      -0.09718900918960571,
      0.40067988634109497,
      -0.009572826325893402,
      0.9665715098381042,
      0.2562181055545807,
      -0.4121874272823334,
      -0.2372628003358841,
      0.8796635270118713
    ],
    [
      0.9708335995674133,
      -0.12914302945137024,
      0.20200033485889435,
      0.1174192801117897,
      0.9906800985336304,
      0.06903377175331116,
      -0.20903293788433075,
      -0.04330157861113548,
      0.9769493937492371
    ],
    [
      0.891302764415741,
      0.3276216983795166,
      -0.3134380877017975,
      -0.3834194242954254,
      0.9136011600494385,
      -0.13536076247692108,
      0.24201026558876038,
      0.24082565307617188,
      0.9399117827415466
    ],
    [
      0.6768795251846313,
      -0.4162490665912628,
      0.6071003079414368,
      0.2363584041595459,
      0.9039900302886963,
      0.3562818169593811,
      -0.6971145868301392,
      -0.09766661375761032,
      0.7102763056755066
    ],
    [
      -0.4686965048313141,
      -0.3039616346359253,
      -0.8294159770011902,
      -0.15883763134479523,
      0.9526299238204956,
      -0.2593587040901184,
      0.86896151304245,
      0.010181950405240059,
      -0.49477484822273254
    ],
    [
      -0.8501163721084595,
      -0.07954021543264389,
      0.5205529928207397,
      -0.3722374141216278,
      0.7899894714355469,
      -0.4871917963027954,
      -0.3724800944328308,
      -0.6079390645027161,
      -0.7011908292770386
    ],
    [
      0.9936639666557312,
      -0.11142965406179428,
      -0.01468029897660017,
      0.09887956082820892,
      0.9288012385368347,
      -0.3571428656578064,
      0.05343138799071312,
      0.35342836380004883,
      0.9339344501495361
    ],
    [
      0.9349364042282104,
      0.35394904017448425,
      0.024777578189969063,
      -0.33228620886802673,
      0.897922158241272,
      -0.2886548936367035,
      -0.12441746145486832,
      0.2616407573223114,
      0.9571124911308289
    ],
    [
      0.8469781875610352,
      0.30554232001304626,
      -0.43505367636680603,
      -0.14743363857269287,
      0.9212418794631958,
      0.3599676787853241,
      0.5107750296592712,
      -0.24074327945709229,
      0.8253189921379089
    ],
    [
      0.908577561378479,
      -0.36532706022262573,
      0.20254117250442505,
      0.2544952630996704,
      0.8686246275901794,
      0.42511582374572754,
      -0.3312385678291321,
      -0.3347049355506897,
      0.8821868300437927
    ]
  ],
  "root_rot": [
    0.13625995814800262,
    -0.06387431919574738,
    0.9886116981506348,
    -0.1400137096643448,
    -0.9891440868377686,
    -0.04461067169904709,
    0.9807289242744446,
    -0.13234056532382965,
    -0.1437240093946457
  ],
  "root_trans": [
    -0.3914085626602173,
    0.5359126329421997,
    2.407792329788208
  ]
}