{
  "betas": [
    -0.2862987816333771,
    1.0049850940704346,
    1.2023305892944336,
    0.42211174964904785,
    0.37028995156288147,
    -0.05549614876508713,
    0.27720966935157776,
    0.6460457444190979,
    0.05435895919799805,
    0.8737775087356567
  ],
  "joints": [
    [
      0.9220486283302307,
      -0.38608497381210327,
      0.027653954923152924,
      0.35260969400405884,
      0.8672744631767273,
      0.3514275848865509,
      -0.15966448187828064,
      -0.31428226828575134,
      0.9358065128326416
    ],
    [
      0.9431438446044922,
      0.2709220349788666,
      -0.19256378710269928,
      -0.2375936657190323,
      0.9546497464179993,
      0.17942433059215546,
      0.2324409782886505,
      -0.12347102910280228,
      0.9647414088249207
    ],
    [
      0.9980120658874512,
      -0.052410297095775604,
      0.03499970957636833,
      0.057534199208021164,
      0.9843505024909973,
      -0.1665647029876709,
      -0.02572227641940117,
      0.1682472825050354,
      0.9854090809822083
    ],
    [
      0.997588574886322,
      0.046609461307525635,
      0.05142507702112198,
      -0.029781833291053772,
      0.9567406177520752,
      -0.2894139587879181,
      -0.0626898854970932,
      0.28718453645706177,
      0.9558216333389282
    ],
    [
      0.9992936253547668,
      -0.03404239937663078,
      0.01591668091714382,
      0.03750215470790863,
      0.876193106174469,
      -0.4804989695549011,
      0.002411253983154893,
      0.4807564914226532,
      0.8768508434295654
    ],
    [
      0.9914566874504089,
      0.11249464005231857,
      -0.06601931899785995,
      -0.10400871187448502,
      0.9872728586196899,
      0.12030991166830063,
      0.0787133052945137,
      -0.11241549253463745,
      0.9905387163162231
    ],
    [
      0.983039379119873,
      0.10648074001073837,
      0.14931629598140717,
      -0.05248429998755455,
      0.94347083568573,
      -0.3272739350795746,
      -0.17572394013404846,
      0.313886433839798,
      0.9330575466156006
    ],
    [
      0.9422569274902344,
      -0.19365736842155457,
      -0.27321919798851013,
      0.25130292773246765,
      0.9481369853019714,
      0.1946355700492859,
      0.22135663032531738,
      -0.2520574927330017,
      0.9420552849769592
    ],
    [
      0.9950132966041565,
      0.09478842467069626,
      0.031043842434883118,
      -0.0929723009467125,
      0.9941214323043823,
      -0.05548665300011635,
      -0.03612083941698074,
      0.05232373997569084,
      0.9979767203330994
    ],
    [
      0.9821383953094482,
      -0.1578446477651596,
      0.1024167388677597,
      0.08882705122232437,
      0.8687863945960999,
      0.48715493083000183,
      -0.16587306559085846,
      -0.4693562090396881,
      0.8672893643379211
    ],
    [
      0.9342527389526367,
      0.3020855188369751,
      0.18951556086540222,
      -0.2793538570404053,
      0.9502772092819214,
      -0.13760295510292053,
      -0.22166019678115845,
      0.07561403512954712,
      0.9721878170967102
    ],
    [
      0.958375871181488,
      0.20787988603115082,
      0.19570814073085785,
      -0.1647057980298996,
      0.9624559283256531,
      -0.21575579047203064,
      -0.23321174085140228,
      0.17454086244106293,
      0.9566335678100586
    ],
    [
      0.9418219923973083,
      0.33470022678375244,
      0.03077404387295246,
      -0.3355654180049896,
      0.9311214089393616,
      0.14285893738269806,
      0.019160544499754906,
      -0.14487439393997192,
      0.9892644286155701
    ],
    [
      0.9877508878707886,
      0.1473606824874878,
      0.05131368339061737,
      -0.15518377721309662,
      0.9620884656906128,
      0.22428520023822784,
      -0.01631748117506504,
      -0.2295009344816208,
      0.9731717109680176
    ],
    [
      0.8217918276786804,
      -0.002773164538666606,
      0.5697810649871826,
      -0.03507590666413307,
      0.9978453516960144,
      0.055446356534957886,
      -0.5687071681022644,
      -0.06555095314979553,
      0.8199238777160645
    ],
    [
      0.7526056170463562,
      0.6036966443061829,
      -0.2629355788230896,
      -0.6492980122566223,
      0.7468090653419495,
      -0.14383427798748016,
      0.10953040421009064,
      0.2789740264415741,
      0.954031765460968
    ],
    [
      0.9440030455589294,
      -0.07094138860702515,
      0.32221972942352295,
      -0.075469970703125,
      0.9042895436286926,
      0.42019593715667725,
      -0.3211892545223236,
      -0.420984148979187,
      0.8482981324195862
    ],
    [
      0.9344176054000854,
      -0.06185973808169365,
      -0.35076647996902466,
      -0.003239511279389262,
      0.9832861423492432,
      -0.18203812837600708,
      0.3561646640300751,
      0.17123594880104065,
      0.9185994863510132
    ],
    [
      -0.4311681091785431,
      -0.00441165454685688,
      0.9022607803344727,
      -0.5656079053878784,
      0.78043532371521,
      -0.26647400856018066,
      -0.702980637550354,
      -0.6252209544181824,
      -0.3389940857887268
    ],
    [
      0.9879069328308105,
      -0.13882976770401,
      0.06903714686632156,
      0.1530856043100357,
      0.8027622103691101,
      -0.576313853263855,
      0.024589095264673233,
      0.5799130797386169,
      0.8143072128295898
    ],
    [
      0.7845367789268494,
      0.604831337928772,
      -0.13667887449264526,
      -0.6105499267578125,
      0.7149763107299805,
      -0.3406432271003723,
      -0.1083095595240593,
      0.3506963849067688,
      0.9302049279212952
    ],
    [
      0.9556944370269775,
      0.20165367424488068,
      -0.21443845331668854,
      -0.15146909654140472,
      0.9615338444709778,
      0.2291502207517624,
      0.2523987889289856,
      -0.18651682138442993,
      0.9494768381118774
    ],
    [
      0.939906656742096,
      -0.2795121967792511,
      0.19608280062675476,
      0.22250093519687653,
      0.9370342493057251,
      0.269184410572052,
      -0.25897660851478577,
      -0.20937961339950562,
      0.9429164528846741
    ]
  ],
  "root_rot": [
    -0.6643041372299194,
    0.07019561529159546,
    -0.7441588640213013,
    0.03461657091975212,
    -0.9916229844093323,
    -0.1244405061006546,
    -0.7466602921485901,
    -0.10842657834291458,
    0.6563093066215515
  ],
  "root_trans": [
    0.45921650528907776,
    0.502009391784668,
    2.8986947536468506
  ]
}