{
  "betas": [
    -0.7657525539398193,
    1.1679619550704956,
    1.238940715789795,
    -0.48698922991752625,
    0.2407655268907547,
    -0.11675531417131424,
    0.068015456199646,
    0.5045992136001587,
    -0.4307529628276825,
    0.7436224222183228
  ],
  "joints": [
    [
      0.8018662333488464,
      -0.5648731589317322,
      0.1947529911994934,
      0.59419184923172,
      0.7881433367729187,
      -0.16051840782165527,
      -0.06282071769237518,
      0.24443496763706207,
      0.967628538608551
    ],
    [
      0.8549249172210693,
      0.4458028972148895,
      0.2652604877948761,
      -0.18813452124595642,
      -0.21007801592350006,
      0.9594126343727112,
      0.4834343492984772,
      -0.8701304197311401,
      -0.0957300141453743
    ],
    [
      0.9935635924339294,
      -0.06270644813776016,
      -0.0943356305360794,
      0.009713303297758102,
      0.876895010471344,
      -0.48058363795280457,
      0.11285814642906189,
      0.4765741527080536,
      0.8718600273132324
    ],
    [
      0.9775140881538391,
      -0.08290895074605942,
      -0.19388741254806519,
      -0.04404743015766144,
      0.8188991546630859,
      -0.5722447037696838,
      0.2062184363603592,
      0.5679174661636353,
      0.7968335151672363
    ],
    [
      0.9225070476531982,
      -0.3218930661678314,
      0.21299225091934204,
      0.20503738522529602,
      -0.05884411558508873,
      -0.9769837260246277,
      0.32701757550239563,
      0.9449456930160522,
      0.01171599980443716
    ],
    [
      0.9712262749671936,
      -0.2087409794330597,
      -0.11465923488140106,
      0.20350685715675354,
      0.9774860143661499,
      -0.055731870234012604,
      0.12371132522821426,
      0.030794315040111542,
      0.9918403029441833
    ],
    [
      0.9733148813247681,
      -0.015151441097259521,
      0.22897303104400635,
      -0.04635186865925789,
      0.9642689824104309,
      0.26083868741989136,
      -0.22474367916584015,
      -0.2644914984703064,
      0.9378350377082825
    ],
    [
      0.9254140257835388,
      -0.37666717171669006,
      0.04160112515091896,
      0.3476487398147583,
      0.8001344799995422,
      -0.48879966139793396,
      0.1508283019065857,
      0.4668046534061432,
      0.8714035153388977
    ],
    [
      0.9884446263313293,
      -0.12905624508857727,
      -0.07950912415981293,
      0.12805169820785522,
      0.9916108250617981,
      -0.01762763038277626,
      0.08111706376075745,
      0.007242657709866762,
      0.9966782927513123
    ],
    [
      0.9087889790534973,
      -0.10210207849740982,
      0.4045711159706116,
      -0.1939227432012558,
      0.7551676034927368,
      0.6261916160583496,
      -0.36945444345474243,
      -0.6475315690040588,
      0.6664880514144897
    ],
    [
      0.7894461154937744,
      0.4408980906009674,
      0.42706409096717834,
      -0.5081528425216675,
      0.8597087264060974,
      0.05178465321660042,
      -0.3443189561367035,
      -0.25789502263069153,
      0.9027373194694519
    ],
    [
      0.9813091158866882,
      -0.04660720005631447,
      -0.1867089718580246,
      -0.024579796940088272,
      0.9319244623184204,
      -0.3618185222148895,
      0.1908619999885559,
      0.3596450686454773,
      0.9133603572845459
    ],
    [
      0.7860551476478577,
      -0.31955447793006897,
      -0.5291523337364197,
      0.5180138945579529,
      0.807625412940979,
      0.2817850708961487,
      0.33731114864349365,
      -0.4956068992614746,
      0.8003717660903931
    ],
    [
      0.949701726436615,
      -0.17560042440891266,
      0.25928977131843567,
      0.1510828137397766,
      0.9821790456771851,
      0.11179559677839279,
      -0.27430033683776855,
      -0.06699823588132858,
      0.9593073129653931
    ],
    [
      0.9717250466346741,
      -0.08924425393342972,
      -0.21859994530677795,
      0.12313179671764374,
      0.9814951419830322,
      0.14664900302886963,
      0.20146718621253967,
      -0.16941910982131958,
      0.9647322297096252
    ],
    [
      0.82076495885849,
      0.107524074614048,
      -0.561055600643158,
      0.0038444367237389088,
      0.9810649156570435,
      0.1936410665512085,
      0.5712530612945557,
      -0.16109071671962738,
      0.8048103451728821
    ],
    [
      0.9218238592147827,
      -0.3742009699344635,
      0.10106676816940308,
      0.3646235764026642,
      0.9256173968315125,
      0.10140066593885422,
      -0.13149338960647583,
      -0.0566222183406353,
      0.9896987080574036
    ],
    [
      0.17065641283988953,
      -0.17349351942539215,
      -0.9699362516403198,
      0.3321761190891266,
      0.9368822574615479,
      -0.10913604497909546,
      0.9276504516601562,
      -0.3035649061203003,
      0.21751536428928375
    ],
    [
      0.36403191089630127,
      0.2643108367919922,
      0.8930960297584534,
      -0.3729941248893738,
      0.9200094938278198,
      -0.1202409490942955,
      -0.8534378409385681,
      -0.2893480360507965,
      0.43349918723106384
    ],
    [
      0.825092077255249,
      -0.39324629306793213,
      0.4056851267814636,
      0.5610496997833252,
      0.6550025939941406,
      -0.5061569213867188,
      -0.06668047606945038,
      0.6452355980873108,
      0.7610681653022766
    ],
    [
      0.8343574404716492,
      0.3313552439212799,
      -0.4405127167701721,
      -0.5380972623825073,
      0.6629738211631775,
      -0.5204970836639404,
      0.11957893520593643,
      0.6713191866874695,
      0.7314584851264954
    ],
    [
      0.9410775303840637,
      0.22710780799388885,
      -0.25058963894844055,
      -0.18052369356155396,
      0.9639164805412292,
      0.19564321637153625,
      0.28597956895828247,
      -0.13887806236743927,
      0.9481185078620911
    ],
    [
      0.9539145231246948,
      -0.140078604221344,
      0.26537731289863586,
      0.13973195850849152,
      0.9899816513061523,
      0.020283851772546768,
      -0.26555997133255005,
      0.017732635140419006,
      0.9639313220977783
    ]
  ],
  "root_rot": [
    0.7232913970947266,
    0.669066846370697,
    -0.17087776958942413,
    0.5844733715057373,
    -0.7249345183372498,
    -0.36450088024139404,
    -0.3677506148815155,
    0.16376684606075287,
    -0.91539067029953
  ],
  "root_trans": [
    0.07103682309389114,
    0.4768252968788147,
    2.4789416790008545
  ]
}