{
  "betas": [
    -0.6568386554718018,
    1.3919649124145508,
    0.9825438261032104,
    -0.1346886157989502,
    0.27220118045806885,
    0.3262401521205902,
    0.03052377700805664,
    0.668940007686615,
    -0.07162827253341675,
    0.46375900506973267
  ],
  "joints": [
    [
      0.9928269386291504,
      -0.045283276587724686,
      -0.11065292358398438,
      0.06605308502912521,
      0.9791812300682068,
      0.19194024801254272,
      0.0996575877070427,
      -0.19787241518497467,
      0.975148618221283
    ],
    [
      0.9872595071792603,
      0.15659809112548828,
      -0.028207167983055115,
      -0.14340434968471527,
      0.9524836540222168,
      0.268719345331192,
      0.06894780695438385,
      -0.26125073432922363,
      0.9628053903579712
    ],
    [
      0.9958876967430115,
      -0.004777040798217058,
      0.0904698371887207,
      0.013238201849162579,
      0.9955634474754333,
      -0.0931573435664177,
      -0.08962344378232956,
      0.09397191554307938,
      0.9915326237678528
    ],
    [
      0.9974571466445923,
      0.03573772311210632,
      -0.061662252992391586,
      -0.062067076563835144,
      0.8608312010765076,
      -0.5050914287567139,
      0.03502996265888214,
      0.507634162902832,
      0.8608603477478027
    ],
    [
      0.9952038526535034,
      -0.06301434338092804,
      0.07482373714447021,
      0.08498900383710861,
      0.17822496592998505,
      -0.9803125858306885,
      0.048438265919685364,
      0.981969952583313,
      0.1827256977558136
    ],
    [
      0.9955074191093445,
      -0.07150229066610336,
      -0.062067896127700806,
      0.07545073330402374,
      0.9951070547103882,
      0.06379038840532303,
      0.05720303952693939,
      -0.06818687170743942,
      0.9960313439369202
    ],
    [
      0.9839867949485779,
      -0.021484795957803726,
      0.17694146931171417,
      -0.01428267639130354,
      0.9800123572349548,
      0.19842320680618286,
      -0.17766791582107544,
      -0.1977730244398117,
      0.9640123844146729
    ],
    [
      0.797829806804657,
      -0.4386160373687744,
      -0.4136224389076233,
      0.35094377398490906,
      0.8957374691963196,
      -0.27293360233306885,
      0.49021023511886597,
      0.07259634882211685,
      0.8685756325721741
    ],
    [
      0.9967448115348816,
      -0.02677171118557453,
      0.07604582607746124,
      0.0315689817070961,
      0.9975393414497375,
      -0.06259895861148834,
      -0.07418282330036163,
      0.06479588896036148,
      0.9951373338699341
    ],
    [
      0.9221522808074951,
      -0.37766900658607483,
      0.08367355167865753,
      0.22389397025108337,
      0.6974947452545166,
      0.6807146072387695,
      -0.3154467046260834,
      -0.6089885830879211,
      0.7277541756629944
    ],
    [
      0.7318011522293091,
      0.378191739320755,
      0.5669552683830261,
      -0.4481566846370697,
      0.8937790393829346,
      -0.01774090901017189,
      -0.5134421586990356,
      -0.241101935505867,
      0.8235576748847961
    ],
    [
      0.9482486248016357,
      -0.0023185876198112965,
      -0.3175203502178192,
      -0.05223493278026581,
      0.9852110147476196,
      -0.16318954527378082,
      0.3132029175758362,
      0.17132991552352905,
      0.9341039061546326
    ],
    [
      0.7767782807350159,
      -0.4003678560256958,
      -0.48612865805625916,
      0.5665345788002014,
      0.7813654541969299,
      0.2617376744747162,
      0.2750527560710907,
      -0.47872087359428406,
      0.8337699174880981
    ],
    [
      0.8780917525291443,
      -0.053148169070482254,
      0.4755313992500305,
      -0.0026781747583299875,
      0.9932506084442139,
      0.1159568727016449,
      -0.47848474979400635,
      -0.10309433192014694,
      0.872022807598114
    ],
    [
      0.9766647219657898,
      -0.07240757346153259,
      -0.20219579339027405,
      0.07635395228862762,
      0.9970112442970276,
      0.011775976978242397,
      0.2007388174533844,
      -0.026939632371068,
      0.979274332523346
    ],
    [
      0.8708603382110596,
      0.06256722658872604,
      -0.4875321090221405,
      0.03619268164038658,
      0.9810106158256531,
      0.19054710865020752,
      0.49019619822502136,
      -0.1835850030183792,
      0.8520587682723999
    ],
    [
      0.905222475528717,
      -0.2384302169084549,
      0.3517431914806366,
      0.14903704822063446,
      0.9533107876777649,
      0.2626529633998871,
      -0.39794492721557617,
      -0.1853366196155548,
      0.8984932899475098
    ],
    [
      -0.10181806981563568,
      -0.014298778958618641,
      -0.9947002530097961,
      0.2491082102060318,
      0.9676734805107117,
      -0.039409127086400986,
      0.9631085991859436,
      -0.2518005669116974,
      -0.09496470540761948
    ],
    [
      0.8794069886207581,
      0.17001819610595703,
      0.44467636942863464,
      -0.27525168657302856,
      0.943690299987793,
      0.1835351437330246,
      -0.38843244314193726,
      -0.28380003571510315,
      0.876685619354248
    ],
    [
      0.9836145639419556,
      0.1102023497223854,
      0.14268076419830322,
      -0.011761377565562725,
      0.8289604783058167,
      -0.5591834783554077,
      -0.17990005016326904,
      0.5483429431915283,
      0.816673755645752
    ],
    [
      0.9928343892097473,
      0.012091482989490032,
      -0.11888573318719864,
      -0.09170560538768768,
      0.7149523496627808,
      -0.6931329369544983,
      0.07661660760641098,
      0.6990686058998108,
      0.7109381556510925
    ],
    [
      0.8571574687957764,
      0.2901524603366852,
      -0.42554971575737,
      -0.17269234359264374,
      0.9402997493743896,
      0.2932811677455902,
      0.48524048924446106,
      -0.17789900302886963,
      0.8560920357704163
    ],
    [
      0.9790530800819397,
      -0.10630649328231812,
      0.17364948987960815,
      0.06479056924581528,
      0.971204936504364,
      0.22926659882068634,
      -0.1930217742919922,
      -0.21321329474449158,
      0.9577488303184509
    ]
  ],
  "root_rot": [
    0.4835842251777649,
    0.22317036986351013,
    -0.8463694453239441,
    0.19594727456569672,
    -0.970011293888092,
    -0.14381514489650726,
    -0.8530831336975098,
    -0.09629703313112259,
    -0.5128117799758911
  ],
  "root_trans": [
    0.2784789204597473,
    0.48689305782318115,
    2.506274938583374
  ]
}