{
  "betas": [
    -0.676318883895874,
    0.8166170716285706,
    1.412614345550537,
    0.6176884174346924,
    0.5500651597976685,
    -0.34782353043556213,
    -0.14370465278625488,
    0.5316778421401978,
    0.03421047329902649,
    0.7135607004165649
  ],
  "joints": [
    [
      0.9740473031997681,
      -0.21996340155601501,
      -0.05336523801088333,
      0.22199195623397827,
      0.8823726773262024,
      0.4148952066898346,
      -0.04417373985052109,
      -0.4159742593765259,
      0.9083028435707092
    ],
    [
      0.9732041358947754,
      0.15197251737117767,
      -0.17256306111812592,
      -0.14708690345287323,
      0.9882804155349731,
      0.04083070904016495,
      0.17674584686756134,
      -0.014354848302900791,
      0.9841517806053162
    ],
    [
      0.9948424696922302,
      -0.0500580258667469,
      0.08821998536586761,
      0.06078427657485008,
      0.990490198135376,
      -0.12342769652605057,
      -0.08120249211788177,
      0.1281534880399704,
      0.9884244799613953
    ],
    [
      0.999026358127594,
      0.00019925444212276489,
      0.04411616921424866,
      0.006717965472489595,
      0.9876406788825989,
      -0.15659090876579285,
      -0.043602123856544495,
      0.15673482418060303,
      0.9866777062416077
    ],
    [
      0.9974690079689026,
      -0.051207706332206726,
      0.04932894557714462,
      0.06458809226751328,
      0.9426530599594116,
      -0.32746538519859314,
      -0.029731329530477524,
      0.3298226594924927,
      0.9435746073722839
    ],
    [
      0.9878165125846863,
      0.07080329209566116,
      -0.1385837197303772,
      -0.06219593062996864,
      0.995913028717041,
      0.06548932939767838,
      0.1426541954278946,
      -0.05607210099697113,
      0.9881830215454102
    ],
    [
      0.9914924502372742,
      0.08529132604598999,
      0.09832679480314255,
      -0.060405049473047256,
      0.9706344604492188,
      -0.2328518182039261,
      -0.11529961973428726,
      0.22493138909339905,
      0.967528760433197
    ],
    [
      0.9484749436378479,
      -0.10106666386127472,
      -0.30030128359794617,
      0.17076633870601654,
      0.9613906741142273,
      0.2157934159040451,
      0.2668973207473755,
      -0.2559559941291809,
      0.9291137456893921
    ],
    [
      0.9956561923027039,
      0.07997802644968033,
      0.04766814038157463,
      -0.07545556128025055,
      0.9930684566497803,
      -0.09011997282505035,
      -0.054545339196920395,
      0.08613168448209763,
      0.9947895407676697
    ],
    [
      0.9721402525901794,
      -0.13898177444934845,
      0.1887519657611847,
      0.02243262715637684,
      0.8567241430282593,
      0.5152867436408997,
      -0.2333238571882248,
      -0.4966968297958374,
      0.8359737396240234
    ],
    [
      0.9266171455383301,
      0.20794498920440674,
      0.31327247619628906,
      -0.2831810414791107,
      0.9340547919273376,
      0.21760082244873047,
      -0.24736467003822327,
      -0.2903454303741455,
      0.9243972897529602
    ],
    [
      0.9580771327018738,
      0.18273921310901642,
      0.22066840529441833,
      -0.15147334337234497,
      0.9768183827400208,
      -0.15126709640026093,
      -0.24319536983966827,
      0.11150017380714417,
      0.9635474681854248
    ],
    [
      0.9531583189964294,
      0.28140997886657715,
      -0.11089476197957993,
      -0.26349836587905884,
      0.952545702457428,
      0.1523984670639038,
      0.14851877093315125,
      -0.11603927612304688,
      0.982077956199646
    ],
    [
      0.9897530674934387,
      0.1285579353570938,
      0.06214173138141632,
      -0.14013275504112244,
      0.9580854773521423,
      0.24986976385116577,
      -0.027414357289671898,
      -0.2560174763202667,
      0.9662832021713257
    ],
    [
      0.8525680899620056,
      -0.18627822399139404,
      0.4882909953594208,
      0.12223926931619644,
      0.9794815182685852,
      0.16022980213165283,
      -0.5081192851066589,
      -0.07691848278045654,
      0.8578451871871948
    ],
    [
      0.7639573216438293,
      0.6019943952560425,
      -0.232318714261055,
      -0.6391801238059998,
      0.7553373575210571,
      -0.14461767673492432,
      0.08841998130083084,
      0.25897520780563354,
      0.961828351020813
    ],
    [
      0.9790740609169006,
      -0.0003995981824118644,
      0.20350389182567596,
      -0.08294989168643951,
      0.9123718738555908,
      0.40087032318115234,
      -0.18583139777183533,
      -0.4093623459339142,
      0.8932464718818665
    ],
    [
      0.9420169591903687,
      0.06700900942087173,
      -0.32880687713623047,
      -0.13277049362659454,
      0.9743273854255676,
      -0.1818191409111023,
      0.3081820011138916,
      0.21493254601955414,
      0.9267297387123108
    ],
    [
      -0.3493180274963379,
      -0.016893932595849037,
      0.9368519186973572,
      -0.596960186958313,
      0.7746729254722595,
      -0.20861533284187317,
      -0.722229540348053,
      -0.632136344909668,
      -0.2806922197341919
    ],
    [
      0.9777801632881165,
      -0.03158039227128029,
      0.2072402685880661,
      0.16720463335514069,
      0.7137797474861145,
      -0.6801184415817261,
      -0.1264454871416092,
      0.6996579170227051,
      0.7032000422477722
    ],
    [
      0.8235338926315308,
      0.520542323589325,
      -0.2254498302936554,
      -0.5655167698860168,
      0.7221717834472656,
      -0.3983199894428253,
      -0.04452895373106003,
      0.45552563667297363,
      0.8891083598136902
    ],
    [
      0.9592788219451904,
      0.19120027124881744,
      -0.20791038870811462,
      -0.14528293907642365,
      0.9652261734008789,
      0.21732759475708008,
      0.24223364889621735,
      -0.17827190458774567,
      0.9536991715431213
    ],
    [
      0.9448392987251282,
      -0.27212756872177124,
      0.18227790296077728,
      0.21708256006240845,
      0.9370136260986328,
      0.2736431062221527,
      -0.2452627271413803,
      -0.21897940337657928,
      0.9444014430046082
    ]
  ],
  "root_rot": [
    0.46165966987609863,
    -0.07226386666297913,
    0.88410884141922,
    -0.10310353338718414,
    -0.9942923188209534,
    -0.027431773021817207,
    0.8810449242591858,
    -0.07849059253931046,
    -0.46647533774375916
  ],
  "root_trans": [
    -0.3604682683944702,
    0.5863273739814758,
    2.288097381591797
  ]
}