{
  "betas": [
    -0.7394952178001404,
    1.172817587852478,
    0.9024932384490967,
    -0.5887221097946167,
    0.21677254140377045,
    -0.12410686165094376,
    0.11809171736240387,
    0.45401138067245483,
    -0.542067289352417,
    0.6984153985977173
  ],
  "joints": [
    [
      0.7670720815658569,
      -0.5912301540374756,
      0.24909313023090363,
      0.633755087852478,
      0.7586759328842163,
      -0.1508820801973343,
      -0.09977491199970245,
      0.2736014425754547,
      0.9566542506217957
    ],
    [
      0.6917735934257507,
      0.5639833807945251,
      0.4509679079055786,
      -0.31204503774642944,
      -0.32971900701522827,
      0.8910180926322937,
      0.6512120962142944,
      -0.7571051120758057,
      -0.05210268869996071
    ],
    [
      0.9915294051170349,
      -0.11192688345909119,
      -0.06589227169752121,
      0.06478462368249893,
      0.8659052848815918,
      -0.49599501490592957,
      0.11257164925336838,
      0.4875248372554779,
      0.8658217191696167
    ],
    [
      0.9798660278320312,
      -0.08598695695400238,
      -0.18019092082977295,
      -0.038580335676670074,
      0.8039514422416687,
      -0.5934423208236694,
      0.1958930343389511,
      0.588445782661438,
      0.7844473123550415
    ],
    [
      0.9456287026405334,
      -0.30029621720314026,
      0.12493423372507095,
      0.17329376935958862,
      0.1401260793209076,
      -0.9748507142066956,
      0.27523744106292725,
      0.9434971213340759,
      0.18454670906066895
    ],
    [
      0.9690644145011902,
      -0.2264939844608307,
      -0.09805446863174438,
      0.21860231459140778,
      0.9721037745475769,
      -0.08501329272985458,
      0.1145741194486618,
      0.06094841659069061,
      0.9915432929992676
    ],
    [
      0.9641019105911255,
      -0.03450034558773041,
      0.26328152418136597,
      -0.0528772808611393,
      0.9467199444770813,
      0.317687451839447,
      -0.2602142095565796,
      -0.3202047049999237,
      0.9109102487564087
    ],
    [
      0.928322434425354,
      -0.3535657823085785,
      -0.11492915451526642,
      0.2796398103237152,
      0.8677664399147034,
      -0.41083213686943054,
      0.2449878305196762,
      0.34924590587615967,
      0.9044381380081177
    ],
    [
      0.9841888546943665,
      -0.17119908332824707,
      -0.04542340338230133,
      0.1715438961982727,
      0.9851692914962769,
      0.0037749537732452154,
      0.0441034696996212,
      -0.011507372371852398,
      0.9989607930183411
    ],
    [
      0.9246768355369568,
      -0.1367630511522293,
      0.35534295439720154,
      -0.16054515540599823,
      0.7061988115310669,
      0.6895712614059448,
      -0.3452506363391876,
      -0.6946791410446167,
      0.6310490369796753
    ],
    [
      0.828673779964447,
      0.4325305223464966,
      0.3552703559398651,
      -0.47773507237434387,
      0.8772852420806885,
      0.046257562935352325,
      -0.29166561365127563,
      -0.20805756747722626,
      0.9336182475090027
    ],
    [
      0.9742698669433594,
      -0.0978819876909256,
      -0.20302066206932068,
      0.01473244372755289,
      0.9265046119689941,
      -0.3759949207305908,
      0.2249027043581009,
      0.3633294999599457,
      0.9041075706481934
    ],
    [
      0.7658583521842957,
      -0.2780408561229706,
      -0.5797881484031677,
      0.5219013094902039,
      0.7954937815666199,
      0.307910293340683,
      0.3756062090396881,
      -0.5384078621864319,
      0.7543454766273499
    ],
    [
      0.9473795294761658,
      -0.09006589651107788,
      0.3071810007095337,
      0.04723365232348442,
      0.9884300827980042,
      0.14413535594940186,
      -0.31660860776901245,
      -0.12204160541296005,
      0.9406725764274597
    ],
    [
      0.9858673810958862,
      -0.10834039747714996,
      -0.12778083980083466,
      0.13682334125041962,
      0.960838258266449,
      0.2409757673740387,
      0.09666930884122849,
      -0.2550535202026367,
      0.96208256483078
    ],
    [
      0.8118716478347778,
      0.06802359223365784,
      -0.5798596739768982,
      0.039812345057725906,
      0.9844270944595337,
      0.1712256520986557,
      0.5824770331382751,
      -0.16209885478019714,
      0.7965202927589417
    ],
    [
      0.970427393913269,
      -0.2061028778553009,
      0.12566733360290527,
      0.18219631910324097,
      0.9668722748756409,
      0.17878054082393646,
      -0.15835145115852356,
      -0.15059740841388702,
      0.9758305549621582
    ],
    [
      0.13934318721294403,
      -0.1914653182029724,
      -0.9715576767921448,
      0.327357679605484,
      0.9348740577697754,
      -0.13728561997413635,
      0.9345696568489075,
      -0.2989170551300049,
      0.19294597208499908
    ],
    [
      0.5615971684455872,
      0.2232871800661087,
      0.7967128753662109,
      -0.4081667363643646,
      0.9123456478118896,
      0.03201928362250328,
      -0.7197281122207642,
      -0.34317365288734436,
      0.6035091280937195
    ],
    [
      0.867202639579773,
      -0.36904218792915344,
      0.3343164622783661,
      0.49530255794525146,
      0.7084818482398987,
      -0.5027214884757996,
      -0.05133172869682312,
      0.6015492081642151,
      0.7971848845481873
    ],
    [
      0.884536862373352,
      0.2356707900762558,
      -0.4025591313838959,
      -0.43639546632766724,
      0.7229310870170593,
      -0.5356581807136536,
      0.16478349268436432,
      0.6494843363761902,
      0.7423048615455627
    ],
    [
      0.9444282650947571,
      0.22106699645519257,
      -0.24327903985977173,
      -0.17457608878612518,
      0.9644009470939636,
      0.1986304223537445,
      0.27852916717529297,
      -0.1451214700937271,
      0.9494005441665649
    ],
    [
      0.9517951011657715,
      -0.15583345293998718,
      0.2642005681991577,
      0.15622688829898834,
      0.9875255823135376,
      0.01965762861073017,
      -0.2639681398868561,
      0.022565191611647606,
      0.964267373085022
    ]
  ],
  "root_rot": [
    0.6718230843544006,
    0.7171429395675659,
    -0.18536388874053955,
    0.6158921122550964,
    -0.6798632144927979,
    -0.39807403087615967,
    -0.4114980697631836,
    0.1532711535692215,
    -0.8984304666519165
  ],
  "root_trans": [
    0.07810406386852264,
    0.4702180325984955,
    2.438866376876831
  ]
}