{
  "betas": [
    -0.9323487877845764,
    1.3947718143463135,
    1.0169261693954468,
    -0.016234219074249268,
    0.2650577127933502,
    0.32463499903678894,
    0.050599247217178345,
    0.10700266063213348,
    0.14080634713172913,
    -0.014384299516677856
  ],
  "joints": [
    [
      0.9548417329788208,
      -0.262370228767395,
      -0.13942450284957886,
      0.2847226560115814,
      0.9421258568763733,
      0.17700836062431335,
      0.0849136933684349,
      -0.20871227979660034,
      0.9742838144302368
    ],
    [
      0.9783011078834534,
      0.20683442056179047,
      0.012099134735763073,
      -0.18691673874855042,
      0.8558855056762695,
      0.4822055399417877,
      0.08938123285770416,
      -0.47400376200675964,
      0.8759745359420776
    ],
    [
      0.9919565916061401,
      0.10196148604154587,
      0.07500714808702469,
      -0.07892191410064697,
      0.9614870548248291,
      -0.2632753849029541,
      -0.09896235167980194,
      0.25523802638053894,
      0.9618003964424133
    ],
    [
      0.9946697950363159,
      -0.015728777274489403,
      -0.10190513730049133,
      -0.0376850962638855,
      0.8644737005233765,
      -0.5012634992599487,
      0.09597855806350708,
      0.5024319291114807,
      0.8592731356620789
    ],
    [
      0.9958457946777344,
      -0.03720005601644516,
      0.08311036974191666,
      0.08887312561273575,
      0.5957435369491577,
      -0.7982425689697266,
      -0.01981780119240284,
      0.8023127913475037,
      0.5965747833251953
    ],
    [
      0.9923248887062073,
      -0.0710987001657486,
      -0.1011749878525734,
      0.08658504486083984,
      0.9836362600326538,
      0.1579960435628891,
      0.08828607201576233,
      -0.16554363071918488,
      0.9822428226470947
    ],
    [
      0.9965819120407104,
      -0.06421630084514618,
      0.05196996405720711,
      0.05413035675883293,
      0.9828267693519592,
      0.17641280591487885,
      -0.06240604817867279,
      -0.1729966402053833,
      0.9829434156417847
    ],
    [
      0.8901456594467163,
      -0.37419116497039795,
      -0.26004165410995483,
      0.3525103032588959,
      0.9270970821380615,
      -0.127387136220932,
      0.2887509763240814,
      0.02172573283314705,
      0.9571576714515686
    ],
    [
      0.9976977705955505,
      -0.045937687158584595,
      0.04988881200551987,
      0.04720853269100189,
      0.9985820651054382,
      -0.0246005579829216,
      -0.04868798330426216,
      0.026899099349975586,
      0.9984517693519592
    ],
    [
      0.921105682849884,
      -0.07575491815805435,
      0.3818710446357727,
      -0.21942397952079773,
      0.7092254757881165,
      0.6699644327163696,
      -0.3215857744216919,
      -0.7008997201919556,
      0.6366491913795471
    ],
    [
      0.8989790678024292,
      0.28242212533950806,
      0.3347751498222351,
      -0.3380410969257355,
      0.9334099888801575,
      0.12030834704637527,
      -0.27850469946861267,
      -0.2213224321603775,
      0.9345863461494446
    ],
    [
      0.9964025616645813,
      0.053772132843732834,
      -0.06550184637308121,
      -0.04121701419353485,
      0.9828310012817383,
      0.17984512448310852,
      0.07404790818691254,
      -0.17649835348129272,
      0.981511652469635
    ],
    [
      0.5394612550735474,
      0.010045976378023624,
      -0.8419504761695862,
      0.4581219255924225,
      0.8354710340499878,
      0.3035002052783966,
      0.706474244594574,
      -0.5494425892829895,
      0.44610196352005005
    ],
    [
      0.5922294855117798,
      -0.3356797397136688,
      0.7325184345245361,
      0.16903629899024963,
      0.9406205415725708,
      0.29438021779060364,
      -0.7878393530845642,
      -0.05051843822002411,
      0.6138052940368652
    ],
    [
      0.9772164821624756,
      -0.11526104807853699,
      -0.17822104692459106,
      0.13353198766708374,
      0.9865633845329285,
      0.09413785487413406,
      0.16497591137886047,
      -0.11579128354787827,
      0.979477047920227
    ],
    [
      0.4227556586265564,
      0.5279181003570557,
      -0.7366003394126892,
      -0.22854836285114288,
      0.8486411571502686,
      0.4770468771457672,
      0.8769510984420776,
      -0.0333254411816597,
      0.4794226586818695
    ],
    [
      0.44552895426750183,
      -0.6577165126800537,
      0.6073821187019348,
      0.7612445950508118,
      0.6353744864463806,
      0.12963798642158508,
      -0.47118011116981506,
      0.404608815908432,
      0.7837608456611633
    ],
    [
      0.30883148312568665,
      -0.23032264411449432,
      -0.9228079915046692,
      0.44573163986206055,
      0.8921442031860352,
      -0.07349855452775955,
      0.8402062058448792,
      -0.3886260390281677,
      0.37818431854248047
    ],
    [
      0.37913236021995544,
      0.42142459750175476,
      0.8238081336021423,
      -0.04328353703022003,
      0.8973760008811951,
      -0.4391387403011322,
      -0.9243295192718506,
      0.13083438575267792,
      0.3584650158882141
    ],
    [
      0.8973196148872375,
      -0.3060908913612366,
      0.3180028200149536,
      0.4129021167755127,
      0.8367313146591187,
      -0.35971173644065857,
      -0.15597842633724213,
      0.4540804922580719,
      0.8772009611129761
    ],
    [
      0.8646532297134399,
      0.39445561170578003,
      -0.3110940456390381,
      -0.49290958046913147,
      0.785740077495575,
      -0.3737013339996338,
      0.09703045338392258,
      0.47646331787109375,
      0.8738236427307129
    ],
    [
      0.9574183821678162,
      0.23875725269317627,
      -0.16231156885623932,
      -0.19307634234428406,
      0.9475033283233643,
      0.25487038493156433,
      0.21464289724826813,
      -0.21267904341220856,
      0.9532554745674133
    ],
    [
      0.9449607133865356,
      -0.17030400037765503,
      0.27936679124832153,
      0.17207925021648407,
      0.9849122166633606,
      0.01834987662732601,
      -0.27827680110931396,
      0.030733315274119377,
      0.9600091576576233
    ]
  ],
  "root_rot": [
    0.9544382691383362,
    0.22374111413955688,
    0.19745247066020966,
    0.1990175098180771,
    -0.9703038334846497,
    0.13748593628406525,
    0.22235016524791718,
    -0.09192534536123276,
    -0.9706234931945801
  ],
  "root_trans": [
    -0.006643073633313179,
    0.5260528326034546,
    2.3887245655059814
  ]
}