{
  "betas": [
    -0.3575427532196045,
    1.0583609342575073,
    0.5287235975265503,
    -0.4986603558063507,
    0.06545951962471008,
    -0.6172555088996887,
    0.05632476508617401,
    0.8612492084503174,
    -0.26369884610176086,
    0.5015038847923279
  ],
  "joints": [
    [
      0.855525553226471,
      -0.4632900357246399,
      0.23116767406463623,
      0.5139239430427551,
      0.8141009211540222,
      -0.2704106867313385,
      -0.06291523575782776,
      0.3501458168029785,
      0.9345799684524536
    ],
    [
      0.656578540802002,
      0.5886439085006714,
      0.4715961515903473,
      -0.29919299483299255,
      -0.37069079279899597,
      0.8792450428009033,
      0.692378580570221,
      -0.7183917164802551,
      -0.06726948171854019
    ],
    [
      0.9788793325424194,
      -0.19312508404254913,
      -0.06706584990024567,
      0.1423265039920807,
      0.8792609572410583,
      -0.4545804262161255,
      0.1467592418193817,
      0.4354341924190521,
      0.888177216053009
    ],
    [
      0.9777185916900635,
      -0.06141264736652374,
      -0.200735941529274,
      -0.049503594636917114,
      0.8618269562721252,
      -0.5047807693481445,
      0.2039995789527893,
      0.5034706592559814,
      0.8395841121673584
    ],
    [
      0.9284741282463074,
      -0.0882779210805893,
      -0.36075302958488464,
      -0.07096105813980103,
      0.9112797975540161,
      -0.40562760829925537,
      0.36455488204956055,
      0.4022141695022583,
      0.8398354053497314
    ],
    [
      0.9795321226119995,
      -0.1636635661125183,
      -0.11717954277992249,
      0.14398746192455292,
      0.9765157103538513,
      -0.16026422381401062,
      0.14065708220005035,
      0.14011156558990479,
      0.9800940155982971
    ],
    [
      0.9600183367729187,
      0.010041972622275352,
      0.27975699305534363,
      -0.09476430714130402,
      0.9520115852355957,
      0.29102182388305664,
      -0.26340943574905396,
      -0.3058972656726837,
      0.9149001836776733
    ],
    [
      0.8936648368835449,
      -0.4005579650402069,
      -0.20227819681167603,
      0.18487630784511566,
      0.7393952012062073,
      -0.6473913192749023,
      0.4088812470436096,
      0.5411544442176819,
      0.7348251938819885
    ],
    [
      0.9912434220314026,
      -0.11029240489006042,
      0.07260916382074356,
      0.10904842615127563,
      0.9938168525695801,
      0.020891744643449783,
      -0.07446441054344177,
      -0.012790889479219913,
      0.9971416592597961
    ],
    [
      0.976067066192627,
      -0.1321217566728592,
      0.1727338433265686,
      0.018965886905789375,
      0.8429787158966064,
      0.5376124978065491,
      -0.21664127707481384,
      -0.52146977186203,
      0.8253095746040344
    ],
    [
      0.9193791151046753,
      0.3913334310054779,
      0.04000275954604149,
      -0.39220383763313293,
      0.9197289943695068,
      0.01658051088452339,
      -0.03030318394303322,
      -0.03093300759792328,
      0.9990621209144592
    ],
    [
      0.9699458479881287,
      -0.09167064726352692,
      -0.22539179027080536,
      -0.011209403164684772,
      0.9084976315498352,
      -0.4177396297454834,
      0.24306237697601318,
      0.407711386680603,
      0.8801659345626831
    ],
    [
      0.8846135139465332,
      -0.12757623195648193,
      -0.4485345482826233,
      0.2984059751033783,
      0.8939985036849976,
      0.33424627780914307,
      0.3583473265171051,
      -0.42952418327331543,
      0.8289126753807068
    ],
    [
      0.9524760246276855,
      -0.05506135895848274,
      0.29959580302238464,
      -0.023202264681458473,
      0.967556357383728,
      0.25158756971359253,
      -0.3037285804748535,
      -0.24658241868019104,
      0.9202966690063477
    ],
    [
      0.985351026058197,
      -0.12315603345632553,
      -0.11796604096889496,
      0.15205080807209015,
      0.9476807713508606,
      0.28068074584007263,
      0.07722661644220352,
      -0.29450589418411255,
      0.9525241851806641
    ],
    [
      0.8551278710365295,
      0.1596190333366394,
      -0.49323228001594543,
      -0.11756031960248947,
      0.9863401651382446,
      0.11538083106279373,
      0.5049117207527161,
      -0.04068082571029663,
      0.8622118234634399
    ],
    [
      0.950951337814331,
      -0.032840829342603683,
      0.30759236216545105,
      -0.05081610754132271,
      0.9642559885978699,
      0.2600540220737457,
      -0.3051382005214691,
      -0.26292935013771057,
      0.9152916669845581
    ],
    [
      0.27326250076293945,
      -0.3596251308917999,
      -0.8921868801116943,
      0.4227464497089386,
      0.8780177235603333,
      -0.22443334758281708,
      0.8640677332878113,
      -0.31583961844444275,
      0.3919595777988434
    ],
    [
      0.7082842588424683,
      0.2374839037656784,
      0.6647818684577942,
      -0.4803849458694458,
      0.8521854281425476,
      0.20738951861858368,
      -0.5172656774520874,
      -0.46624189615249634,
      0.7176732420921326
    ],
    [
      0.9303810000419617,
      -0.19383536279201508,
      0.3111574947834015,
      0.3471468687057495,
      0.7386164665222168,
      -0.5778708457946777,
      -0.11781425774097443,
      0.6456574201583862,
      0.7544840574264526
    ],
    [
      0.9552590847015381,
      0.16316141188144684,
      -0.24669522047042847,
      -0.27355852723121643,
      0.8045148849487305,
      -0.5271826982498169,
      0.11245408654212952,
      0.5710815787315369,
      0.8131543397903442
    ],
    [
      0.9772933125495911,
      0.11951445043087006,
      -0.1749689280986786,
      -0.0947074443101883,
      0.9850554466247559,
      0.14386215806007385,
      0.18954770267009735,
      -0.12402466684579849,
      0.9740070104598999
    ],
    [
      0.9771655797958374,
      -0.08632314950227737,
      0.19415409862995148,
      0.08447003364562988,
      0.9962666630744934,
      0.017819127067923546,
      -0.19496746361255646,
      -0.001012030174024403,
      0.980809211730957
    ]
  ],
  "root_rot": [
    -0.6400068402290344,
    -0.6870445013046265,
    0.34403663873672485,
    0.4073302745819092,
    -0.6830281615257263,
    -0.6062628626823425,
    0.6515162587165833,
    -0.24787576496601105,
    0.7169967293739319
  ],
  "root_trans": [
    -0.04973456263542175,
    0.4748966097831726,
    2.681283712387085
  ]
}