{
  "betas": [
    -0.37593895196914673,
    0.6769551038742065,
    1.1391210556030273,
    0.443320095539093,
    0.3164610266685486,
    0.4206956624984741,
    0.1127253919839859,
    0.25475189089775085,
    -0.013106286525726318,
    0.46608150005340576
  ],
  "joints": [
    [
      0.9900700449943542,
      -0.02799048274755478,
      -0.13776014745235443,
      0.07283513247966766,
      0.9403209686279297,
      0.33240270614624023,
      0.1202346459031105,
      -0.3391357362270355,
      0.9330223202705383
    ],
    [
      0.9949530363082886,
      0.0856872946023941,
      -0.052212633192539215,
      -0.07940437644720078,
      0.9904859066009521,
      0.1123948022723198,
      0.061346687376499176,
      -0.10768163949251175,
      0.9922909140586853
    ],
    [
      0.9903690814971924,
      0.039284031838178635,
      0.13276250660419464,
      -0.030118823051452637,
      0.9970674514770508,
      -0.0703517347574234,
      -0.13513687252998352,
      0.0656755343079567,
      0.9886479377746582
    ],
    [
      0.994879961013794,
      0.09312053769826889,
      -0.03927338495850563,
      -0.09921777993440628,
      0.8260179162025452,
      -0.5548424124717712,
      -0.01922670751810074,
      0.5558982491493225,
      0.8310278654098511
    ],
    [
      0.9964011907577515,
      -0.003719403874129057,
      0.08468081057071686,
      0.08179230988025665,
      0.30433735251426697,
      -0.94904625415802,
      -0.022241665050387383,
      0.9525570273399353,
      0.30354630947113037
    ],
    [
      0.9928232431411743,
      -0.06225903704762459,
      -0.10210652649402618,
      0.07252824306488037,
      0.9923248291015625,
      0.1001555398106575,
      0.09508725255727768,
      -0.10684236139059067,
      0.9897186756134033
    ],
    [
      0.9829133749008179,
      -0.16156752407550812,
      0.08818887919187546,
      0.15350352227687836,
      0.9838874936103821,
      0.09166257828474045,
      -0.10157763212919235,
      -0.07655906677246094,
      0.9918773770332336
    ],
    [
      0.8145276308059692,
      -0.5537326335906982,
      0.17298799753189087,
      0.5681326389312744,
      0.7010833621025085,
      -0.43093785643577576,
      0.11734536290168762,
      0.4492909908294678,
      0.88564532995224
    ],
    [
      0.9976993203163147,
      -0.03428821265697479,
      0.058484435081481934,
      0.04066252335906029,
      0.9929279088973999,
      -0.11153823137283325,
      -0.05424637719988823,
      0.11365973204374313,
      0.9920377731323242
    ],
    [
      0.9200208187103271,
      -0.06743580847978592,
      0.3860233724117279,
      -0.1991162896156311,
      0.7679904699325562,
      0.6087226271629333,
      -0.33751198649406433,
      -0.6369010806083679,
      0.6931396722793579
    ],
    [
      0.717046320438385,
      0.5232973694801331,
      0.46043941378593445,
      -0.619484007358551,
      0.7812400460243225,
      0.07683505117893219,
      -0.31950610876083374,
      -0.3403291404247284,
      0.8843596577644348
    ],
    [
      0.9704633355140686,
      -0.07080432772636414,
      -0.23062431812286377,
      0.004669239744544029,
      0.9612953066825867,
      -0.2754806876182556,
      0.24120327830314636,
      0.2662670910358429,
      0.9332324266433716
    ],
    [
      0.8529055714607239,
      -0.27226170897483826,
      -0.44544991850852966,
      0.4325858950614929,
      0.8462374210357666,
      0.311049222946167,
      0.29226961731910706,
      -0.45799097418785095,
      0.8395372033119202
    ],
    [
      0.9298580288887024,
      -0.08737996220588684,
      0.3573915958404541,
      0.021547218784689903,
      0.9826541543006897,
      0.18419131636619568,
      -0.3672870099544525,
      -0.16357098519802094,
      0.9156116247177124
    ],
    [
      0.9645183682441711,
      -0.1423398107290268,
      -0.22235964238643646,
      0.15582948923110962,
      0.9867920875549316,
      0.04425520449876785,
      0.21312347054481506,
      -0.07733513414859772,
      0.9739598631858826
    ],
    [
      0.8847593069076538,
      0.12667599320411682,
      -0.44850221276283264,
      -0.04948721081018448,
      0.9824464321136475,
      0.17986124753952026,
      0.4634135067462921,
      -0.13693879544734955,
      0.8754974603652954
    ],
    [
      0.9012914896011353,
      -0.2045903205871582,
      0.3818591833114624,
      0.1239832416176796,
      0.96640545129776,
      0.22514106333255768,
      -0.4150925278663635,
      -0.15557359158992767,
      0.896378755569458
    ],
    [
      0.37223654985427856,
      -0.06756454706192017,
      -0.9256755113601685,
      0.3375643491744995,
      0.93889981508255,
      0.06721305102109909,
      0.864575207233429,
      -0.3374941945075989,
      0.3723002076148987
    ],
    [
      0.8346995711326599,
      0.20995011925697327,
      0.5091146230697632,
      -0.25888344645500183,
      0.9655514359474182,
      0.026265738531947136,
      -0.48606184124946594,
      -0.15372534096240997,
      0.8602979779243469
    ],
    [
      0.9698615670204163,
      0.06805294007062912,
      0.23396021127700806,
      0.11911489814519882,
      0.7052203416824341,
      -0.6989104747772217,
      -0.2125564068555832,
      0.7057145237922668,
      0.6758599877357483
    ],
    [
      0.984373152256012,
      -0.07178856432437897,
      -0.16079778969287872,
      -0.06606786698102951,
      0.6958661675453186,
      -0.7151260375976562,
      0.16323164105415344,
      0.7145744562149048,
      0.680249035358429
    ],
    [
      0.9086025357246399,
      0.20800068974494934,
      -0.36218398809432983,
      -0.06875680387020111,
      0.929830014705658,
      0.3615087866783142,
      0.41196364164352417,
      -0.3035651743412018,
      0.8591473698616028
    ],
    [
      0.9742267727851868,
      -0.11474499851465225,
      0.19420546293258667,
      0.060385070741176605,
      0.9621943235397339,
      0.26558592915534973,
      -0.21733801066875458,
      -0.24701380729675293,
      0.9443243741989136
    ]
  ],
  "root_rot": [
    -0.5992765426635742,
    -0.17545722424983978,
    0.7810775637626648,
    -0.004669830668717623,
    -0.9749032258987427,
    -0.22258006036281586,
    0.800528347492218,
    -0.13703453540802002,
    0.5834172964096069
  ],
  "root_trans": [
    -0.201287642121315,
    0.5560756921768188,
    2.612231969833374
  ]
}