{
  "betas": [
    -0.6564000248908997,
    0.9985393285751343,
    1.3490227460861206,
    -0.0807996392250061,
    -0.26946067810058594,
    -0.29805827140808105,
    0.2764001488685608,
    0.848777174949646,
    0.10137156397104263,
    1.1264569759368896
  ],
  "joints": [
    [
      0.8638222813606262,
      -0.4938746988773346,
      0.09949285537004471,
      0.47206223011016846,
      0.8624516725540161,
      0.1825769543647766,
      -0.1759779006242752,
      -0.11074723303318024,
      0.9781445860862732
    ],
    [
      0.9258955121040344,
      0.36286160349845886,
      -0.10511324554681778,
      -0.3133637607097626,
      0.8930954337120056,
      0.32277488708496094,
      0.2109987884759903,
      -0.26591718196868896,
      0.9406207203865051
    ],
    [
      0.9998137354850769,
      -0.011077026836574078,
      0.015801304951310158,
      0.013650559820234776,
      0.9847582578659058,
      -0.1733923852443695,
      -0.013639792799949646,
      0.17357580363750458,
      0.9847260117530823
    ],
    [
      0.9996200203895569,
      0.006949335802346468,
      0.026673156768083572,
      -0.0030735256150364876,
      0.9897634983062744,
      -0.14268414676189423,
      -0.027391675859689713,
      0.14254796504974365,
      0.9894087910652161
    ],
    [
      0.9974291324615479,
      -0.05169694125652313,
      -0.04962322488427162,
      0.015070715919137001,
      0.8283357620239258,
      -0.560029149055481,
      0.0700564906001091,
      0.5578415989875793,
      0.8269853591918945
    ],
    [
      0.9960000514984131,
      0.023604044690728188,
      -0.0861775353550911,
      -0.029191212728619576,
      0.9975125789642334,
      -0.0641598030924797,
      0.08444875478744507,
      0.06641881167888641,
      0.9942116141319275
    ],
    [
      0.9735473394393921,
      0.21755515038967133,
      0.06982345134019852,
      -0.15784762799739838,
      0.8613396286964417,
      -0.48288533091545105,
      -0.16519588232040405,
      0.4590902626514435,
      0.8728954792022705
    ],
    [
      0.9469253420829773,
      -0.26129093766212463,
      -0.1872418373823166,
      0.26418063044548035,
      0.9644233584403992,
      -0.009804201312363148,
      0.18314215540885925,
      -0.04018181934952736,
      0.9822649359703064
    ],
    [
      0.9981729388237,
      0.035619720816612244,
      0.04880634322762489,
      -0.03756219148635864,
      0.9985141754150391,
      0.03947766497731209,
      -0.04732764512300491,
      -0.04123880714178085,
      0.9980278015136719
    ],
    [
      0.9740312695503235,
      -0.15932123363018036,
      0.1608719825744629,
      0.0708540678024292,
      0.8893252015113831,
      0.4517524838447571,
      -0.21504129469394684,
      -0.42862263321876526,
      0.8775191307067871
    ],
    [
      0.9324628710746765,
      0.3473709225654602,
      0.09922913461923599,
      -0.31181323528289795,
      0.9125778675079346,
      -0.2645263671875,
      -0.1824430674314499,
      0.2157200574874878,
      0.9592598080635071
    ],
    [
      0.9592236876487732,
      0.23389995098114014,
      0.15868425369262695,
      -0.22667111456394196,
      0.9719653129577637,
      -0.0624784417450428,
      -0.16884930431842804,
      0.023961665108799934,
      0.985350489616394
    ],
    [
      0.936170756816864,
      0.32744523882865906,
      -0.12792158126831055,
      -0.3098551332950592,
      0.9404624104499817,
      0.13971523940563202,
      0.16605451703071594,
      -0.09116017073392868,
      0.9818940162658691
    ],
    [
      0.9526656270027161,
      -0.29396405816078186,
      0.07754510641098022,
      0.29710718989372253,
      0.9542927145957947,
      -0.03244595602154732,
      -0.06446278095245361,
      0.05394935607910156,
      0.9964606761932373
    ],
    [
      0.9219927191734314,
      -0.07994584739208221,
      0.3788641393184662,
      0.0792294442653656,
      0.9967026710510254,
      0.0175082478672266,
      -0.3790145814418793,
      0.013874723576009274,
      0.9252866506576538
    ],
    [
      0.5567729473114014,
      0.5562282800674438,
      -0.616939127445221,
      -0.7018314003944397,
      0.7122885584831238,
      0.008808557875454426,
      0.444338321685791,
      0.4280829131603241,
      0.7869614958763123
    ],
    [
      0.7162888646125793,
      -0.6777440309524536,
      0.16611222922801971,
      0.6843043565750122,
      0.7288366556167603,
      0.022906938567757607,
      -0.13659371435642242,
      0.09726332128047943,
      0.9858407974243164
    ],
    [
      -0.3776916265487671,
      -0.37962788343429565,
      -0.8445305228233337,
      -0.03163055330514908,
      0.9168449640274048,
      -0.3979884386062622,
      0.9253910779953003,
      -0.1236039325594902,
      -0.35829252004623413
    ],
    [
      -0.35442379117012024,
      0.3058988153934479,
      0.8836343884468079,
      -0.052314478904008865,
      0.9370110034942627,
      -0.3453601002693176,
      -0.9336203336715698,
      -0.1686307042837143,
      -0.31609606742858887
    ],
    [
      0.9434120655059814,
      -0.32586413621902466,
      0.06153246760368347,
      0.33047279715538025,
      0.9083759784698486,
      -0.25620442628860474,
      0.027593204751610756,
      0.2620411515235901,
      0.9646620750427246
    ],
    [
      0.886410117149353,
      0.36236435174942017,
      0.288043737411499,
      -0.25767865777015686,
      0.9031974673271179,
      -0.34327271580696106,
      -0.3845501244068146,
      0.23005767166614532,
      0.8939769268035889
    ],
    [
      0.9739660620689392,
      0.11104525625705719,
      -0.1976333111524582,
      -0.09238352626562119,
      0.9905581474304199,
      0.10129030793905258,
      0.20701511204242706,
      -0.08039526641368866,
      0.9750287532806396
    ],
    [
      0.9379151463508606,
      -0.1247226893901825,
      0.3236655592918396,
      0.1306799352169037,
      0.9914189577102661,
      0.003354552900418639,
      -0.3213065266609192,
      0.03915030136704445,
      0.9461656212806702
    ]
  ],
  "root_rot": [
    -0.626248300075531,
    0.035210348665714264,
    -0.7788281440734863,
    0.07066952437162399,
    -0.9923032522201538,
    -0.10168612003326416,
    -0.7764140963554382,
    -0.11872018128633499,
    0.6189399361610413
  ],
  "root_trans": [
    0.423226535320282,
    0.509466290473938,
    2.750251293182373
  ]
}