{
  "betas": [
    -0.5601137280464172,
    1.0931183099746704,
    0.7626588344573975,
    0.04092356562614441,
    0.2202119380235672,
    0.658143937587738,
    0.010701239109039307,
    0.6351960897445679,
    -0.04268538951873779,
    0.42307227849960327
  ],
  "joints": [
    [
      0.9841654300689697,
      -0.10528338700532913,
      -0.14259661734104156,
      0.16434058547019958,
      0.8434070944786072,
      0.5115238428115845,
      0.06641203165054321,
      -0.5268585085868835,
      0.8473544120788574
    ],
    [
      0.9458193182945251,
      0.11299498379230499,
      -0.3043975830078125,
      -0.17614221572875977,
      0.9661133885383606,
      -0.1886768341064453,
      0.2727630138397217,
      0.23207147419452667,
      0.9336718916893005
    ],
    [
      0.972658634185791,
      0.002448079874739051,
      0.23222661018371582,
      0.025515025481581688,
      0.9927648305892944,
      -0.11733266711235046,
      -0.23083364963531494,
      0.12004990130662918,
      0.9655588269233704
    ],
    [
      0.9987245202064514,
      0.049698859453201294,
      0.008905545808374882,
      -0.03882789611816406,
      0.868740975856781,
      -0.493742436170578,
      -0.032275039702653885,
      0.4927669167518616,
      0.8695626258850098
    ],
    [
      0.9969750642776489,
      -0.05720313638448715,
      0.052617158740758896,
      0.06870544701814651,
      0.965141236782074,
      -0.25255095958709717,
      -0.03633628040552139,
      0.2554020881652832,
      0.9661518931388855
    ],
    [
      0.9985718131065369,
      -0.024282466620206833,
      -0.04758886620402336,
      0.03247042000293732,
      0.9831932187080383,
      0.17965734004974365,
      0.04242652654647827,
      -0.1809459924697876,
      0.9825775027275085
    ],
    [
      0.9782161116600037,
      0.11059834808111191,
      0.1756739616394043,
      -0.11338510364294052,
      0.9935337901115417,
      0.0058745043352246284,
      -0.17388829588890076,
      -0.02566535398364067,
      0.9844309687614441
    ],
    [
      0.8230592608451843,
      -0.21063420176506042,
      -0.5274529457092285,
      0.3360423743724823,
      0.9292923212051392,
      0.1532687097787857,
      0.4578743577003479,
      -0.3033957779407501,
      0.8356446623802185
    ],
    [
      0.983909547328949,
      -0.045186690986156464,
      0.1728588044643402,
      0.05489899218082428,
      0.9971461892127991,
      -0.05182204768061638,
      -0.1700238287448883,
      0.060477979481220245,
      0.9835823774337769
    ],
    [
      0.9242357015609741,
      -0.3665435016155243,
      0.10693112760782242,
      0.20899605751037598,
      0.7200260758399963,
      0.6617273688316345,
      -0.31954506039619446,
      -0.5892438292503357,
      0.7420799732208252
    ],
    [
      0.7453050017356873,
      0.37803277373313904,
      0.5491917729377747,
      -0.30428752303123474,
      0.9257922172546387,
      -0.22431649267673492,
      -0.5932364463806152,
      7.201090920716524e-05,
      0.8050282001495361
    ],
    [
      0.9558708071708679,
      0.05800311267375946,
      -0.2880045771598816,
      -0.07231955975294113,
      0.9966064691543579,
      -0.03931146115064621,
      0.28474706411361694,
      0.05840504541993141,
      0.9568217992782593
    ],
    [
      0.7852038145065308,
      -0.4203594923019409,
      -0.4547010362148285,
      0.5838625431060791,
      0.7472034692764282,
      0.317476749420166,
      0.20629985630512238,
      -0.5147668123245239,
      0.8321391940116882
    ],
    [
      0.8571690320968628,
      -0.05426551029086113,
      0.5121684670448303,
      -0.020561978220939636,
      0.9900354146957397,
      0.1393093764781952,
      -0.5146245956420898,
      -0.1299428790807724,
      0.847511887550354
    ],
    [
      0.9871695637702942,
      -0.03230118378996849,
      -0.15637432038784027,
      0.03357471898198128,
      0.9994210004806519,
      0.005508946720510721,
      0.15610584616661072,
      -0.010688488371670246,
      0.9876825213432312
    ],
    [
      0.8849079012870789,
      0.0157887302339077,
      -0.4654983878135681,
      0.05165330693125725,
      0.9899337291717529,
      0.13176891207695007,
      0.4628930389881134,
      -0.14064787328243256,
      0.8751846551895142
    ],
    [
      0.9202535152435303,
      -0.17887578904628754,
      0.3480474054813385,
      0.0867120698094368,
      0.9605134725570679,
      0.2643764913082123,
      -0.38159477710723877,
      -0.21311348676681519,
      0.8994265794754028
    ],
    [
      -0.04977462813258171,
      0.028645573183894157,
      -0.9983495473861694,
      0.2659318745136261,
      0.9638842940330505,
      0.014398119412362576,
      0.9627059102058411,
      -0.2647763192653656,
      -0.055594753473997116
    ],
    [
      0.824714183807373,
      0.14987212419509888,
      0.5453300476074219,
      -0.3336428701877594,
      0.9075090885162354,
      0.2551659643650055,
      -0.45664969086647034,
      -0.39238446950912476,
      0.7984393835067749
    ],
    [
      0.9837345480918884,
      -0.00810186006128788,
      0.17944592237472534,
      0.09602867066860199,
      0.8679680824279785,
      -0.4872472286224365,
      -0.15180571377277374,
      0.49655380845069885,
      0.8546282052993774
    ],
    [
      0.9864637851715088,
      0.003589353756979108,
      -0.16393977403640747,
      -0.10745932161808014,
      0.7693173885345459,
      -0.6297643780708313,
      0.12386132776737213,
      0.6388566493988037,
      0.7592894434928894
    ],
    [
      0.9038118124008179,
      0.2840665876865387,
      -0.3200474977493286,
      -0.19038976728916168,
      0.9367273449897766,
      0.29375773668289185,
      0.38324400782585144,
      -0.20456793904304504,
      0.9007086157798767
    ],
    [
      0.9603581428527832,
      -0.18900755047798157,
      0.2049105316400528,
      0.130700945854187,
      0.9545400738716125,
      0.26790013909339905,
      -0.24623046815395355,
      -0.23049809038639069,
      0.9414038062095642
    ]
  ],
  "root_rot": [
    0.27944865822792053,
    0.018350671976804733,
    -0.9599852561950684,
    0.1673896312713623,
    -0.9854376316070557,
    0.029889384284615517,
    -0.9454571008682251,
    -0.1690441370010376,
    -0.27845093607902527
  ],
  "root_trans": [
    0.3764554262161255,
    0.5151962041854858,
    2.6187429428100586
  ]
}