{
  "betas": [
    -0.798466145992279,
    1.2482264041900635,
    1.8028210401535034,
    -0.255510538816452,
    -0.3575701117515564,
    -0.2737800180912018,
    0.35496556758880615,
    0.6248767375946045,
    -0.2080891728401184,
    0.5301637649536133
  ],
  "joints": [
    [
      0.8748076558113098,
      -0.481475830078125,
      -0.05378296971321106,
      0.4698755443096161,
      0.8161657452583313,
      0.33628925681114197,
      -0.11801932752132416,
      -0.3194597065448761,
      0.9402217864990234
    ],
    [
      0.857070803642273,
      0.49452754855155945,
      -0.1444716602563858,
      -0.43357375264167786,
      0.8438119888305664,
      0.31622010469436646,
      0.2782864570617676,
      -0.20838391780853271,
      0.9376207590103149
    ],
    [
      0.9971916079521179,
      -0.01003135833889246,
      0.0742180272936821,
      0.0321028046309948,
      0.9525829553604126,
      -0.30258068442344666,
      -0.0676635354757309,
      0.304113507270813,
      0.9502297639846802
    ],
    [
      0.9909235835075378,
      0.13010920584201813,
      -0.03379467502236366,
      -0.12441164255142212,
      0.7924281358718872,
      -0.59714275598526,
      -0.050913918763399124,
      0.5959272980690002,
      0.8014228343963623
    ],
    [
      0.998430609703064,
      -0.05468614399433136,
      -0.012068398296833038,
      0.034494541585445404,
      0.7703027129173279,
      -0.6367446780204773,
      0.04411744326353073,
      0.6353291273117065,
      0.770980179309845
    ],
    [
      0.99880450963974,
      0.009259694255888462,
      -0.04799793288111687,
      -0.007710207719355822,
      0.9994462728500366,
      0.03236762806773186,
      0.048271071165800095,
      -0.03195885941386223,
      0.9983228445053101
    ],
    [
      0.9978554844856262,
      0.05256982520222664,
      0.03899746388196945,
      -0.053639404475688934,
      0.9981977939605713,
      0.02690611593425274,
      -0.03751273453235626,
      -0.028940217569470406,
      0.9988769292831421
    ],
    [
      0.8975437879562378,
      -0.30994582176208496,
      -0.313605934381485,
      0.3370582163333893,
      0.9408402442932129,
      0.03480474650859833,
      0.28426551818847656,
      -0.13694223761558533,
      0.9489151239395142
    ],
    [
      0.9934731721878052,
      0.010140911675989628,
      0.11361412703990936,
      -0.0059641581028699875,
      0.9992958903312683,
      -0.03704240173101425,
      -0.1139097735285759,
      0.03612302243709564,
      0.9928341507911682
    ],
    [
      0.973536491394043,
      -0.22119106352329254,
      0.05745643004775047,
      0.1371011584997177,
      0.76643306016922,
      0.6275218725204468,
      -0.18283872306346893,
      -0.6030380725860596,
      0.7764760851860046
    ],
    [
      0.8848799467086792,
      0.3637462556362152,
      0.29099157452583313,
      -0.28736162185668945,
      0.9179200530052185,
      -0.273579865694046,
      -0.3666206896305084,
      0.15846551954746246,
      0.9167757630348206
    ],
    [
      0.9826128482818604,
      0.17664968967437744,
      0.057157229632139206,
      -0.17821736633777618,
      0.9837090373039246,
      0.023562520742416382,
      -0.05206376686692238,
      -0.0333392433822155,
      0.9980871677398682
    ],
    [
      0.8163771033287048,
      0.10206916183233261,
      -0.5684280395507812,
      0.14630135893821716,
      0.9156010746955872,
      0.3745271563529968,
      0.5586809515953064,
      -0.38891714811325073,
      0.732542872428894
    ],
    [
      0.8014119863510132,
      -0.27239078283309937,
      0.5324867963790894,
      0.23522721230983734,
      0.9620764255523682,
      0.1381196528673172,
      -0.5499155521392822,
      0.01456464547663927,
      0.8350933194160461
    ],
    [
      0.9716099500656128,
      -0.049635857343673706,
      0.23132313787937164,
      0.04104449599981308,
      0.998282253742218,
      0.04180881381034851,
      -0.2330009788274765,
      -0.031127316877245903,
      0.9719782471656799
    ],
    [
      0.11934182047843933,
      0.6612817645072937,
      -0.740583598613739,
      -0.610209047794342,
      0.6372581124305725,
      0.4706879258155823,
      0.783200204372406,
      0.39573800563812256,
      0.4795716404914856
    ],
    [
      0.48632892966270447,
      -0.6707668304443359,
      0.5599607825279236,
      0.7538568377494812,
      0.6461256742477417,
      0.11925359070301056,
      -0.4417964220046997,
      0.3641338050365448,
      0.8198917508125305
    ],
    [
      -0.4773622155189514,
      -0.4217100739479065,
      -0.7708994150161743,
      0.24693946540355682,
      0.7775739431381226,
      -0.5782729983329773,
      0.8432948589324951,
      -0.46641114354133606,
      -0.26704755425453186
    ],
    [
      0.49082180857658386,
      0.3467770218849182,
      0.7992745041847229,
      0.2932233512401581,
      0.7981155514717102,
      -0.5263380408287048,
      -0.8204352855682373,
      0.4927041232585907,
      0.29004940390586853
    ],
    [
      0.8740474581718445,
      -0.31743764877319336,
      0.3677964508533478,
      0.4135194420814514,
      0.8834656476974487,
      -0.2202044278383255,
      -0.2550343871116638,
      0.3445601761341095,
      0.903457522392273
    ],
    [
      0.8114075064659119,
      0.3875845670700073,
      -0.4374884366989136,
      -0.5588197112083435,
      0.7337958216667175,
      -0.38634735345840454,
      0.17128491401672363,
      0.5579622387886047,
      0.8119973540306091
    ],
    [
      0.9458910822868347,
      0.11706702411174774,
      -0.3026307225227356,
      -0.09962264448404312,
      0.9923800230026245,
      0.07250683754682541,
      0.30881285667419434,
      -0.03843469172716141,
      0.9503459334373474
    ],
    [
      0.9652180075645447,
      -0.06982992589473724,
      0.2519485354423523,
      0.046849656850099564,
      0.9942695498466492,
      0.09608958661556244,
      -0.2572146952152252,
      -0.08094368129968643,
      0.9629583954811096
    ]
  ],
  "root_rot": [
    -0.5256650447845459,
    0.03151809424161911,
    -0.8501076102256775,
    0.12015076726675034,
    -0.9865450859069824,
    -0.11087194830179214,
    -0.8421639800071716,
    -0.16042259335517883,
    0.5148053169250488
  ],
  "root_trans": [
    0.3183460831642151,
    0.5546042919158936,
    2.58606219291687
  ]
}