{
  "betas": [
    -0.8819305300712585,
    0.8167819976806641,
    1.563187599182129,
    0.5116293430328369,
    0.5425386428833008,
    -0.2764234244823456,
    0.017803966999053955,
    0.48923665285110474,
    -0.18912744522094727,
    0.7693920135498047
  ],
  "joints": [
    [
      0.9692032337188721,
      -0.24150395393371582,
      -0.04817499220371246,
      0.23893162608146667,
      0.8748096227645874,
      0.4214496314525604,
      -0.05963781103491783,
      -0.41998091340065,
      0.9055712223052979
    ],
    [
      0.9629365801811218,
      0.20370621979236603,
      -0.1767963320016861,
      -0.18877100944519043,
      0.977147102355957,
      0.09771940857172012,
      0.1926620751619339,
      -0.06072356924414635,
      0.9793845415115356
    ],
    [
      0.9960976839065552,
      -0.052749935537576675,
      0.0707591101527214,
      0.06221839785575867,
      0.9883238673210144,
      -0.13908571004867554,
      -0.0625961497426033,
      0.14294548332691193,
      0.9877491593360901
    ],
    [
      0.9986417889595032,
      0.02700050361454487,
      0.044561002403497696,
      -0.017336195334792137,
      0.9787111878395081,
      -0.20450903475284576,
      -0.04913421347737312,
      0.2034587264060974,
      0.9778499603271484
    ],
    [
      0.9972142577171326,
      -0.062456872314214706,
      0.04077943414449692,
      0.07284123450517654,
      0.9331260323524475,
      -0.3520936667919159,
      -0.016061682254076004,
      0.35408324003219604,
      0.9350759983062744
    ],
    [
      0.9864775538444519,
      0.08891730010509491,
      -0.13767996430397034,
      -0.0829283818602562,
      0.9953672289848328,
      0.04865168780088425,
      0.1413680911064148,
      -0.03657621890306473,
      0.989281177520752
    ],
    [
      0.9903209805488586,
      0.09172329306602478,
      0.10416920483112335,
      -0.06631582230329514,
      0.9720031023025513,
      -0.22541572153568268,
      -0.12192865461111069,
      0.21632584929466248,
      0.9686777591705322
    ],
    [
      0.9513819217681885,
      -0.16224098205566406,
      -0.261821448802948,
      0.22258606553077698,
      0.9496908187866211,
      0.22032430768013,
      0.21290379762649536,
      -0.2678903341293335,
      0.9396312832832336
    ],
    [
      0.9936365485191345,
      0.09995967149734497,
      0.05190969258546829,
      -0.0955885499715805,
      0.9921374917030334,
      -0.08078396320343018,
      -0.05957669019699097,
      0.0753079205751419,
      0.9953790903091431
    ],
    [
      0.9707918763160706,
      -0.16373884677886963,
      0.175364688038826,
      0.04790874943137169,
      0.8484958410263062,
      0.5270290970802307,
      -0.23509131371974945,
      -0.5032340288162231,
      0.8315573930740356
    ],
    [
      0.9223676323890686,
      0.250265896320343,
      0.29428714513778687,
      -0.2995412051677704,
      0.9443807601928711,
      0.13572059571743011,
      -0.24395287036895752,
      -0.21333540976047516,
      0.9460312128067017
    ],
    [
      0.9490583539009094,
      0.200566828250885,
      0.24302534759044647,
      -0.16642247140407562,
      0.9739704728126526,
      -0.1538996547460556,
      -0.26756665110588074,
      0.10561486333608627,
      0.9577336311340332
    ],
    [
      0.9592175483703613,
      0.26409462094306946,
      -0.10077601671218872,
      -0.24925591051578522,
      0.9583972692489624,
      0.13909004628658295,
      0.13331641256809235,
      -0.10829858481884003,
      0.9851386547088623
    ],
    [
      0.9914676547050476,
      0.11791721731424332,
      0.05556517094373703,
      -0.1277879774570465,
      0.9633790254592896,
      0.2357349395751953,
      -0.025733115151524544,
      -0.2408241182565689,
      0.9702275395393372
    ],
    [
      0.8520733714103699,
      -0.15556557476520538,
      0.4997701942920685,
      0.10733804851770401,
      0.9864528775215149,
      0.12405341863632202,
      -0.5122982263565063,
      -0.052058253437280655,
      0.8572283387184143
    ],
    [
      0.7591349482536316,
      0.6253554224967957,
      -0.18067850172519684,
      -0.6496660709381104,
      0.7451971769332886,
      -0.15038347244262695,
      0.04059798642992973,
      0.23154202103614807,
      0.9719774127006531
    ],
    [
      0.9817922115325928,
      -0.01627740077674389,
      0.1892593502998352,
      -0.061814505606889725,
      0.9147180318832397,
      0.3993367850780487,
      -0.17961910367012024,
      -0.4037647247314453,
      0.8970568776130676
    ],
    [
      0.8660459518432617,
      -0.08460932970046997,
      -0.49275317788124084,
      -0.007102327886968851,
      0.9833950400352478,
      -0.18133895099163055,
      0.4999139606952667,
      0.16054756939411163,
      0.8510643839836121
    ],
    [
      -0.3734925389289856,
      -0.02547806315124035,
      0.9272832274436951,
      -0.586561381816864,
      0.7809011936187744,
      -0.21480002999305725,
      -0.7186439037322998,
      -0.6241347789764404,
      -0.3066052198410034
    ],
    [
      0.9480586647987366,
      -0.16114015877246857,
      0.27426013350486755,
      0.29858726263046265,
      0.7481070160865784,
      -0.5926056504249573,
      -0.10968335717916489,
      0.643715500831604,
      0.7573637366294861
    ],
    [
      0.85407555103302,
      0.4825369715690613,
      -0.19419829547405243,
      -0.5147634744644165,
      0.7305277585983276,
      -0.4487178325653076,
      -0.07465570420026779,
      0.4832051396369934,
      0.8723183274269104
    ],
    [
      0.9238567352294922,
      0.2051635980606079,
      -0.32310476899147034,
      -0.1380275934934616,
      0.9659785628318787,
      0.2187090516090393,
      0.356983482837677,
      -0.15745843946933746,
      0.9207440614700317
    ],
    [
      0.9476185441017151,
      -0.26780346035957336,
      0.1740702986717224,
      0.2076815962791443,
      0.9306653141975403,
      0.3012147545814514,
      -0.2426675707101822,
      -0.2492854744195938,
      0.9375335574150085
    ]
  ],
  "root_rot": [
    0.5431668758392334,
    -0.09693050384521484,
    0.834010899066925,
    -0.11804107576608658,
    -0.9922641515731812,
    -0.0384463369846344,
    0.8312857747077942,
    -0.0775647684931755,
    -0.550406813621521
  ],
  "root_trans": [
    -0.3782805800437927,
    0.5865185856819153,
    2.2937381267547607
  ]
}