{
  "betas": [
    -0.6712552905082703,
    0.6812282800674438,
    1.4996229410171509,
    0.24374213814735413,
    -0.002301245927810669,
    0.03853697329759598,
    0.21078836917877197,
    0.42751914262771606,
    0.08418935537338257,
    0.8781042695045471
  ],
  "joints": [
    [
      0.9896987676620483,
      -0.05976546183228493,
      -0.13009394705295563,
      0.11172713339328766,
      0.890613853931427,
      0.44082191586494446,
      0.08951755613088608,
      -0.45081591606140137,
      0.8881168365478516
    ],
    [
      0.9548726677894592,
      0.2312118113040924,
      -0.1864383965730667,
      -0.2579135000705719,
      0.9567747712135315,
      -0.1343979686498642,
      0.14730513095855713,
      0.17641793191432953,
      0.9732307195663452
    ],
    [
      0.9766489863395691,
      -0.033558204770088196,
      0.2122044861316681,
      0.04809355363249779,
      0.9968090057373047,
      -0.0637093111872673,
      -0.2093893587589264,
      0.07242729514837265,
      0.9751464128494263
    ],
    [
      0.9995169043540955,
      0.019438646733760834,
      0.024249959737062454,
      -0.01213403232395649,
      0.9624096155166626,
      -0.2713310420513153,
      -0.02861270122230053,
      0.2709057033061981,
      0.9621805548667908
    ],
    [
      0.9917407631874084,
      0.033059634268283844,
      0.12392424792051315,
      -0.00180502247530967,
      0.9697112441062927,
      -0.2442474663257599,
      -0.12824547290802002,
      0.24200649559497833,
      0.9617618322372437
    ],
    [
      0.9937939643859863,
      -0.0662522166967392,
      -0.08935406804084778,
      0.0762946680188179,
      0.9905343055725098,
      0.11410871893167496,
      0.08094832301139832,
      -0.12021780014038086,
      0.9894416928291321
    ],
    [
      0.9899697303771973,
      -0.0010980769293382764,
      -0.14127561450004578,
      -0.011025338433682919,
      0.9963197708129883,
      -0.08500249683856964,
      0.1408490091562271,
      0.08570750057697296,
      0.9863142967224121
    ],
    [
      0.9013813138008118,
      -0.30835169553756714,
      -0.3040246367454529,
      0.3980786204338074,
      0.866381824016571,
      0.30152270197868347,
      0.1704263836145401,
      -0.3928126394748688,
      0.9036886096000671
    ],
    [
      0.9933128356933594,
      -0.04433455318212509,
      0.1066024899482727,
      0.057455435395240784,
      0.990699052810669,
      -0.12334637343883514,
      -0.1001424714922905,
      0.12864641845226288,
      0.9866213202476501
    ],
    [
      0.8828817009925842,
      -0.08943911641836166,
      0.4609995186328888,
      -0.16010822355747223,
      0.8655416369438171,
      0.4745556116104126,
      -0.4414581060409546,
      -0.4927862584590912,
      0.7498509287834167
    ],
    [
      0.8145270943641663,
      0.4019566476345062,
      0.4183020293712616,
      -0.43282362818717957,
      0.9011809825897217,
      -0.02316308580338955,
      -0.38627639412879944,
      -0.16218402981758118,
      0.9080126881599426
    ],
    [
      0.992448627948761,
      0.011261193081736565,
      -0.12214260548353195,
      -0.02821492962539196,
      0.9900333881378174,
      -0.13797731697559357,
      0.11937148123979568,
      0.14038164913654327,
      0.9828749895095825
    ],
    [
      0.9126671552658081,
      -0.32118892669677734,
      -0.2527374029159546,
      0.39004865288734436,
      0.869197428226471,
      0.3039044439792633,
      0.12206795066595078,
      -0.37594351172447205,
      0.9185672402381897
    ],
    [
      0.9581592679023743,
      -0.07255112379789352,
      0.27688834071159363,
      0.009125459007918835,
      0.9745950698852539,
      0.22378814220428467,
      -0.28609010577201843,
      -0.21189795434474945,
      0.9344793558120728
    ],
    [
      0.9920737147331238,
      -0.11661386489868164,
      -0.04680881276726723,
      0.11868603527545929,
      0.9919460415840149,
      0.04423590749502182,
      0.041273292154073715,
      -0.04944082722067833,
      0.9979240298271179
    ],
    [
      0.9175265431404114,
      0.1957615464925766,
      -0.3461538255214691,
      -0.15764924883842468,
      0.9781791567802429,
      0.13532274961471558,
      0.3650914430618286,
      -0.06959132105112076,
      0.928367018699646
    ],
    [
      0.7873843908309937,
      -0.3890458643436432,
      0.47819364070892334,
      0.2520008683204651,
      0.9110642671585083,
      0.32627832889556885,
      -0.5626023411750793,
      -0.1364012360572815,
      0.8153976798057556
    ],
    [
      -0.11397005617618561,
      -0.15532286465168,
      -0.9812673926353455,
      0.2978016436100006,
      0.9369436502456665,
      -0.18289537727832794,
      0.9478001594543457,
      -0.31306764483451843,
      -0.060528114438056946
    ],
    [
      -0.12221843749284744,
      0.20029963552951813,
      0.97208172082901,
      -0.5327411890029907,
      0.8131317496299744,
      -0.23452845215797424,
      -0.8374064564704895,
      -0.546531617641449,
      0.007328171748667955
    ],
    [
      0.9666931629180908,
      -0.08303754031658173,
      0.24209316074848175,
      0.20533747971057892,
      0.816268265247345,
      -0.5399467349052429,
      -0.15277715027332306,
      0.5716736316680908,
      0.8061316609382629
    ],
    [
      0.9375820755958557,
      0.3232841193675995,
      -0.12816882133483887,
      -0.34559470415115356,
      0.907248318195343,
      -0.2397182583808899,
      0.03878383710980415,
      0.2690500020980835,
      0.9623450636863708
    ],
    [
      0.9168036580085754,
      0.1915283501148224,
      -0.35041096806526184,
      -0.11663853377103806,
      0.9676469564437866,
      0.22372929751873016,
      0.3819246292114258,
      -0.16424442827701569,
      0.9094818830490112
    ],
    [
      0.9502455592155457,
      -0.26084980368614197,
      0.17026691138744354,
      0.1800798773765564,
      0.9060190916061401,
      0.3830152153968811,
      -0.25417453050613403,
      -0.33329683542251587,
      0.907914400100708
    ]
  ],
  "root_rot": [
    -0.23129810392856598,
    -0.07901646196842194,
    0.9696686863899231,
    -0.10141880065202713,
    -0.9893075227737427,
    -0.1048085168004036,
    0.9675821661949158,
    -0.12258466333150864,
    0.22081120312213898
  ],
  "root_trans": [
    -0.35991692543029785,
    0.5437984466552734,
    2.4794139862060547
  ]
}