{
  "betas": [
    -0.9114184975624084,
    0.6154234409332275,
    1.9675687551498413,
    0.49067965149879456,
    0.41487884521484375,
    -0.3444347679615021,
    0.042667508125305176,
    0.561513364315033,
    -0.11359849572181702,
    1.1334059238433838
  ],
  "joints": [
    [
      0.9721096158027649,
      -0.23233598470687866,
      0.03198189288377762,
      0.22232088446617126,
      0.9563277363777161,
      0.18976514041423798,
      -0.07467443495988846,
      -0.17736229300498962,
      0.9813085198402405
    ],
    [
      0.9501027464866638,
      0.24861304461956024,
      -0.1884048730134964,
      -0.21637554466724396,
      0.9603086113929749,
      0.17603711783885956,
      0.22469192743301392,
      -0.126487135887146,
      0.9661856293678284
    ],
    [
      0.996238648891449,
      -0.059036511927843094,
      0.06342944502830505,
      0.0638052225112915,
      0.9950649738311768,
      -0.0759909525513649,
      -0.05863017588853836,
      0.07975225150585175,
      0.9950889945030212
    ],
    [
      0.9986922740936279,
      0.01778288744390011,
      0.0479329489171505,
      -0.012560831382870674,
      0.994166374206543,
      -0.10712364315986633,
      -0.04955829307436943,
      0.10638146847486496,
      0.9930896162986755
    ],
    [
      0.9985317587852478,
      -0.0509643517434597,
      -0.018353275954723358,
      0.04601651802659035,
      0.9768409132957458,
      -0.2089599370956421,
      0.028577739372849464,
      0.20780861377716064,
      0.9777518510818481
    ],
    [
      0.9932907819747925,
      0.036243654787540436,
      -0.1098170056939125,
      -0.03829173371195793,
      0.9991287589073181,
      -0.016598159447312355,
      0.10911975055932999,
      0.02069188468158245,
      0.9938132166862488
    ],
    [
      0.997775673866272,
      0.05596139654517174,
      0.03622226044535637,
      -0.05089734122157097,
      0.9904454350471497,
      -0.12816910445690155,
      -0.04304869472980499,
      0.12604038417339325,
      0.9910906553268433
    ],
    [
      0.9577005505561829,
      -0.2097962498664856,
      -0.1969647854566574,
      0.22343270480632782,
      0.9734607934951782,
      0.049517542123794556,
      0.18134887516498566,
      -0.09143135696649551,
      0.9791592955589294
    ],
    [
      0.9956225752830505,
      0.0600249208509922,
      0.07164318114519119,
      -0.05603255331516266,
      0.9968293905258179,
      -0.056493088603019714,
      -0.07480702549219131,
      0.05223144218325615,
      0.995829164981842
    ],
    [
      0.9598491191864014,
      -0.1695498675107956,
      0.22347839176654816,
      0.09047474712133408,
      0.9412076473236084,
      0.3254879117012024,
      -0.26552602648735046,
      -0.29220011830329895,
      0.9187573194503784
    ],
    [
      0.9465526342391968,
      0.27180802822113037,
      0.1736622452735901,
      -0.2862451374530792,
      0.9560257792472839,
      0.06386284530162811,
      -0.14866715669631958,
      -0.1101595014333725,
      0.9827324151992798
    ],
    [
      0.9480738639831543,
      0.23831480741500854,
      0.2106228768825531,
      -0.2008064091205597,
      0.9620676040649414,
      -0.18466952443122864,
      -0.24664290249347687,
      0.13278593122959137,
      0.9599663019180298
    ],
    [
      0.9690436124801636,
      0.2367275208234787,
      -0.07010407000780106,
      -0.23364712297916412,
      0.9710653424263,
      0.04940738528966904,
      0.0797717273235321,
      -0.031498298048973083,
      0.9963153600692749
    ],
    [
      0.9885062575340271,
      -0.1153431087732315,
      0.09773079305887222,
      0.09983646124601364,
      0.9834910035133362,
      0.1509241908788681,
      -0.11352542787790298,
      -0.1394324153661728,
      0.9837024807929993
    ],
    [
      0.8652393817901611,
      -0.15291346609592438,
      0.47747063636779785,
      0.10957984626293182,
      0.987005889415741,
      0.11752282083034515,
      -0.4892371594905853,
      -0.049364227801561356,
      0.8707525730133057
    ],
    [
      0.707726240158081,
      0.6908214688301086,
      -0.14795003831386566,
      -0.6957983374595642,
      0.6452741622924805,
      -0.31541383266448975,
      -0.12242632359266281,
      0.32617005705833435,
      0.9373498558998108
    ],
    [
      0.8498051166534424,
      -0.43383195996284485,
      0.29936790466308594,
      0.36138808727264404,
      0.8929988145828247,
      0.268238365650177,
      -0.3837055563926697,
      -0.11976233124732971,
      0.9156566858291626
    ],
    [
      0.5599763989448547,
      -0.22550374269485474,
      -0.7972291707992554,
      -0.3035041093826294,
      0.8395238518714905,
      -0.4506494104862213,
      0.7709161043167114,
      0.49431541562080383,
      0.40167224407196045
    ],
    [
      -0.6821840405464172,
      0.1393606960773468,
      0.7177768349647522,
      -0.36597639322280884,
      0.7847704887390137,
      -0.5001965165138245,
      -0.6329978704452515,
      -0.6039154529571533,
      -0.4843551814556122
    ],
    [
      0.9764623641967773,
      -0.0789702758193016,
      0.20071113109588623,
      0.18880188465118408,
      0.7628707885742188,
      -0.6183704137802124,
      -0.10428378731012344,
      0.641710102558136,
      0.7598243355751038
    ],
    [
      0.7300500273704529,
      0.673068642616272,
      -0.11834497004747391,
      -0.6727811098098755,
      0.6774540543556213,
      -0.29735761880874634,
      -0.11996880918741226,
      0.2967061996459961,
      0.9474031925201416
    ],
    [
      0.7600879669189453,
      0.3538530170917511,
      -0.5450268983840942,
      -0.2265552133321762,
      0.9304117560386658,
      0.2881089150905609,
      0.6090475916862488,
      -0.09550944715738297,
      0.7873620390892029
    ],
    [
      0.9570573568344116,
      -0.25461065769195557,
      0.1386169046163559,
      0.20982903242111206,
      0.9383298754692078,
      0.2747887372970581,
      -0.20003251731395721,
      -0.2339027225971222,
      0.9514602422714233
    ]
  ],
  "root_rot": [
    0.5754207372665405,
    -0.08808613568544388,
    0.8131002187728882,
    -0.16316764056682587,
    -0.9865609407424927,
    0.0085939085111022,
    0.8014158606529236,
    -0.13761675357818604,
    -0.5820604562759399
  ],
  "root_trans": [
    -0.4135759472846985,
    0.5473219156265259,
    2.2959706783294678
  ]
}