{
  "betas": [
    -0.5128725171089172,
    1.0478159189224243,
    1.5645474195480347,
    0.3819752037525177,
    0.5038164854049683,
    0.01936204358935356,
    0.0401977002620697,
    0.44898104667663574,
    -0.06333574652671814,
    0.7786864042282104
  ],
  "joints": [
    [
      0.9801936745643616,
      -0.1726275384426117,
      -0.09705761075019836,
      0.19803711771965027,
      0.8576605319976807,
      0.47455206513404846,
      0.001321731717325747,
      -0.48437389731407166,
      0.8748601078987122
    ],
    [
      0.969301164150238,
      0.18822158873081207,
      -0.15820206701755524,
      -0.17317569255828857,
      0.9793673753738403,
      0.10416221618652344,
      0.17454351484775543,
      -0.07356780022382736,
      0.9818973541259766
    ],
    [
      0.9934804439544678,
      -0.05409723520278931,
      0.10034989565610886,
      0.06947463750839233,
      0.9851992130279541,
      -0.1567031741142273,
      -0.09038741886615753,
      0.16265331208705902,
      0.9825345277786255
    ],
    [
      0.9990099668502808,
      0.019359944388270378,
      0.04005194827914238,
      -0.006760305259376764,
      0.9559488296508789,
      -0.2934556007385254,
      -0.04396888241171837,
      0.2928943336009979,
      0.9551332592964172
    ],
    [
      0.998738169670105,
      -0.02238389104604721,
      0.0449543371796608,
      0.04029941186308861,
      0.8913672566413879,
      -0.451486736536026,
      -0.02996479533612728,
      0.4527287483215332,
      0.8911445736885071
    ],
    [
      0.990932285785675,
      0.061112672090530396,
      -0.11965976655483246,
      -0.0522489957511425,
      0.9957484602928162,
      0.07586202770471573,
      0.12378715723752975,
      -0.0689220279455185,
      0.9899123907089233
    ],
    [
      0.9954580664634705,
      0.04848390817642212,
      0.08193057030439377,
      -0.032811906188726425,
      0.9826012253761292,
      -0.18280687928199768,
      -0.08936826139688492,
      0.17928826808929443,
      0.979729175567627
    ],
    [
      0.9232969880104065,
      -0.14610795676708221,
      -0.3552115261554718,
      0.23632192611694336,
      0.9451451301574707,
      0.22550536692142487,
      0.30277830362319946,
      -0.29215267300605774,
      0.9071781635284424
    ],
    [
      0.9945945143699646,
      0.0768575370311737,
      0.06981893628835678,
      -0.06955792754888535,
      0.9923943281173706,
      -0.10156342387199402,
      -0.07709383964538574,
      0.09615796059370041,
      0.9923760294914246
    ],
    [
      0.97271728515625,
      -0.15325751900672913,
      0.17416422069072723,
      0.034008800983428955,
      0.8368174433708191,
      0.5464246869087219,
      -0.2294873595237732,
      -0.525593638420105,
      0.8191989064216614
    ],
    [
      0.8787787556648254,
      0.2929624021053314,
      0.37672388553619385,
      -0.3557526469230652,
      0.9283260107040405,
      0.10793915390968323,
      -0.3181004524230957,
      -0.22887516021728516,
      0.9200153350830078
    ],
    [
      0.9817490577697754,
      0.14297997951507568,
      0.12540102005004883,
      -0.12656830251216888,
      0.9833598732948303,
      -0.13032162189483643,
      -0.14194773137569427,
      0.11207134276628494,
      0.983509361743927
    ],
    [
      0.9713533520698547,
      0.2057306319475174,
      -0.11894330382347107,
      -0.19167326390743256,
      0.9741415977478027,
      0.11962253600358963,
      0.14047764241695404,
      -0.09339750558137894,
      0.9856687784194946
    ],
    [
      0.9776538610458374,
      0.15409381687641144,
      0.1429969221353531,
      -0.1854923814535141,
      0.9524144530296326,
      0.2418665587902069,
      -0.09892217814922333,
      -0.26298660039901733,
      0.9597148895263672
    ],
    [
      0.8951278924942017,
      -0.20639415085315704,
      0.39515501260757446,
      0.154581680893898,
      0.9750807881355286,
      0.15912890434265137,
      -0.418151319026947,
      -0.08135700225830078,
      0.9047267436981201
    ],
    [
      0.7260557413101196,
      0.6563966870307922,
      -0.20490601658821106,
      -0.6871591806411743,
      0.7036840319633484,
      -0.1806683987379074,
      0.025598948821425438,
      0.27197837829589844,
      0.9619628190994263
    ],
    [
      0.9668824672698975,
      -0.003423669608309865,
      0.25519901514053345,
      -0.10491494834423065,
      0.9061885476112366,
      0.4096525311470032,
      -0.2326609492301941,
      -0.4228600561618805,
      0.8758186101913452
    ],
    [
      0.6965608596801758,
      -0.13567058742046356,
      -0.70455402135849,
      -0.13900935649871826,
      0.9378362894058228,
      -0.31802424788475037,
      0.7039029002189636,
      0.3194628357887268,
      0.6344005465507507
    ],
    [
      -0.3776613175868988,
      -0.04669845849275589,
      0.924765408039093,
      -0.5788640379905701,
      0.7914097309112549,
      -0.19643570482730865,
      -0.7226951122283936,
      -0.6094996929168701,
      -0.3259168863296509
    ],
    [
      0.980348527431488,
      -0.08035194873809814,
      0.18016760051250458,
      0.17350035905838013,
      0.7858352065086365,
      -0.5935996770858765,
      -0.09388517588376999,
      0.613193690776825,
      0.7843334674835205
    ],
    [
      0.8664364814758301,
      0.4791814088821411,
      -0.1402605175971985,
      -0.4910631477832794,
      0.7670707106590271,
      -0.41286733746528625,
      -0.09024859964847565,
      0.42660006880760193,
      0.8999263644218445
    ],
    [
      0.9517759084701538,
      0.18170782923698425,
      -0.2471940964460373,
      -0.13679242134094238,
      0.9725552797317505,
      0.18821309506893158,
      0.27460968494415283,
      -0.14532241225242615,
      0.9505109190940857
    ],
    [
      0.954647421836853,
      -0.26458632946014404,
      0.13653740286827087,
      0.2255292385816574,
      0.9419944286346436,
      0.24856194853782654,
      -0.19438359141349792,
      -0.20649582147598267,
      0.9589444994926453
    ]
  ],
  "root_rot": [
    0.42461562156677246,
    -0.0689268633723259,
    0.9027461409568787,
    -0.09267552942037582,
    -0.9951692819595337,
    -0.03239274024963379,
    0.9006179571151733,
    -0.069908007979393,
    -0.42895224690437317
  ],
  "root_trans": [
    -0.34092897176742554,
    0.5798404812812805,
    2.329765558242798
  ]
}