{
  "betas": [
    -0.4832913279533386,
    1.4463634490966797,
    1.1951031684875488,
    -0.283895879983902,
    -0.22844427824020386,
    -0.02463015541434288,
    0.2290738821029663,
    0.432167649269104,
    0.01330229640007019,
    0.3758428692817688
  ],
  "joints": [
    [
      0.9100117683410645,
      -0.392013281583786,
      -0.13492326438426971,
      0.39844417572021484,
      0.7370585203170776,
      0.5458818674087524,
      -0.11454658955335617,
      -0.550518274307251,
      0.8269273042678833
    ],
    [
      0.8249505758285522,
      0.5303213000297546,
      -0.19548872113227844,
      -0.5080174803733826,
      0.8473210334777832,
      0.1548074185848236,
      0.24773937463760376,
      -0.028396787121891975,
      0.9684104919433594
    ],
    [
      0.9836680293083191,
      0.0035693093668669462,
      0.17995640635490417,
      0.03814564645290375,
      0.9729586839675903,
      -0.2278076708316803,
      -0.17590326070785522,
      0.2309517115354538,
      0.9569321870803833
    ],
    [
      0.9815544486045837,
      0.19100409746170044,
      -0.008266689255833626,
      -0.1552063226699829,
      0.7708532810211182,
      -0.6178157329559326,
      -0.11163295060396194,
      0.6077027916908264,
      0.7862794995307922
    ],
    [
      0.9984095096588135,
      0.028831826522946358,
      0.04844781756401062,
      -0.00645790807902813,
      0.9121711254119873,
      -0.4097587764263153,
      -0.056006789207458496,
      0.40879419445991516,
      0.9109064936637878
    ],
    [
      0.9930424690246582,
      -0.06471418589353561,
      -0.09838012605905533,
      0.06769231706857681,
      0.9973343014717102,
      0.02723768912255764,
      0.09635522216558456,
      -0.03370776027441025,
      0.9947759509086609
    ],
    [
      0.9973195195198059,
      0.05117732286453247,
      -0.052294570952653885,
      -0.051028311252593994,
      0.9986884593963623,
      0.0041815307922661304,
      0.05243998393416405,
      -0.0015018185367807746,
      0.9986230134963989
    ],
    [
      0.7391746640205383,
      -0.440203994512558,
      -0.5097463726997375,
      0.4661272168159485,
      0.8806639313697815,
      -0.08459567278623581,
      0.48615461587905884,
      -0.1750757098197937,
      0.856155514717102
    ],
    [
      0.9919859766960144,
      -0.03956910967826843,
      0.11999255418777466,
      0.042167115956544876,
      0.9989262819290161,
      -0.019189253449440002,
      -0.11910440772771835,
      0.024095209315419197,
      0.9925893545150757
    ],
    [
      0.9334266185760498,
      -0.12790708243846893,
      0.3351934552192688,
      -0.04698852077126503,
      0.8826559782028198,
      0.46766507625579834,
      -0.35567811131477356,
      -0.4522812068462372,
      0.8178844451904297
    ],
    [
      0.7609951496124268,
      0.4792446792125702,
      0.43727657198905945,
      -0.4886218011379242,
      0.8667888045310974,
      -0.0996282547712326,
      -0.426772803068161,
      -0.13784626126289368,
      0.8937914967536926
    ],
    [
      0.9915679693222046,
      0.11361923068761826,
      -0.062319230288267136,
      -0.11930638551712036,
      0.9881319403648376,
      -0.09675335139036179,
      0.050586581230163574,
      0.10337260365486145,
      0.9933554530143738
    ],
    [
      0.8530493974685669,
      -0.04767534136772156,
      -0.5196478366851807,
      0.23069533705711365,
      0.9276746511459351,
      0.2935975193977356,
      0.4680666923522949,
      -0.3703334927558899,
      0.8023507595062256
    ],
    [
      0.8069620132446289,
      -0.282213419675827,
      0.5188138484954834,
      0.2469715178012848,
      0.9591996669769287,
      0.13762623071670532,
      -0.5364860892295837,
      0.017073096707463264,
      0.8437363505363464
    ],
    [
      0.9697784781455994,
      -0.199051171541214,
      0.1410970538854599,
      0.1941460520029068,
      0.979804515838623,
      0.04785792529582977,
      -0.14777371287345886,
      -0.019018154591321945,
      0.9888383150100708
    ],
    [
      0.278939425945282,
      0.6781075596809387,
      -0.6799728274345398,
      -0.6790511012077332,
      0.6399587988853455,
      0.359641969203949,
      0.6790304780006409,
      0.3614180088043213,
      0.638979434967041
    ],
    [
      0.48101240396499634,
      -0.6212013959884644,
      0.6186565160751343,
      0.672328531742096,
      0.7142568230628967,
      0.1944519579410553,
      -0.5626734495162964,
      0.3224065899848938,
      0.7612178325653076
    ],
    [
      -0.6226162314414978,
      -0.3332494795322418,
      -0.7080211043357849,
      0.03524903953075409,
      0.8919256329536438,
      -0.45080626010894775,
      0.7817330360412598,
      -0.30563631653785706,
      -0.5435806512832642
    ],
    [
      0.8811156749725342,
      -0.06277646869421005,
      0.468715637922287,
      0.20129753649234772,
      0.9466606974601746,
      -0.25162041187286377,
      -0.42791882157325745,
      0.3160580098628998,
      0.8467543125152588
    ],
    [
      0.9213240742683411,
      -0.25090110301971436,
      0.29700255393981934,
      0.33372610807418823,
      0.9022644758224487,
      -0.2730306386947632,
      -0.1994711458683014,
      0.35066723823547363,
      0.9150102138519287
    ],
    [
      0.9460663199424744,
      0.08777274936437607,
      -0.31185659766197205,
      -0.24087849259376526,
      0.834283709526062,
      -0.4959317147731781,
      0.21664755046367645,
      0.5443037748336792,
      0.8104302883148193
    ],
    [
      0.8419991135597229,
      0.2834235727787018,
      -0.45903006196022034,
      -0.1785375028848648,
      0.9493257403373718,
      0.2586602568626404,
      0.5090793967247009,
      -0.1358376294374466,
      0.8499331474304199
    ],
    [
      0.9121673107147217,
      -0.27656641602516174,
      0.3024263381958008,
      0.11031848937273026,
      0.8764201402664185,
      0.4687402844429016,
      -0.3946903944015503,
      -0.3942064046859741,
      0.8299521803855896
    ]
  ],
  "root_rot": [
    0.06626949459314346,
    0.016735386103391647,
    0.9976614117622375,
    -0.09839240461587906,
    -0.9948766827583313,
    0.023224372416734695,
    0.9929386973381042,
    -0.09970137476921082,
    -0.0642833411693573
  ],
  "root_trans": [
    -0.24807269871234894,
    0.5752713084220886,
    2.649446964263916
  ]
}