{
  "betas": [
    -0.3512915372848511,
    0.8208135366439819,
    1.273972988128662,
    0.28957152366638184,
    0.27147966623306274,
    -0.4798179268836975,
    0.1308688521385193,
    0.7892336845397949,
    0.17309963703155518,
    1.1870136260986328
  ],
  "joints": [
    [
      0.9412868022918701,
      -0.3279580771923065,
      -0.08014188706874847,
      0.3342006504535675,
      0.8715115785598755,
      0.3588557839393616,
      -0.04784506559371948,
      -0.36456966400146484,
      0.9299461245536804
    ],
    [
      0.9182050228118896,
      0.303419828414917,
      -0.254628986120224,
      -0.2935165464878082,
      0.9528484344482422,
      0.07699324190616608,
      0.26598408818244934,
      0.004042236600071192,
      0.9639689326286316
    ],
    [
      0.9924747347831726,
      -0.011722193099558353,
      0.12188663333654404,
      0.030056076124310493,
      0.9882761836051941,
      -0.14968939125537872,
      -0.1187029555439949,
      0.15222638845443726,
      0.9811914563179016
    ],
    [
      0.9972299337387085,
      0.07414359599351883,
      -0.005933969747275114,
      -0.06793064624071121,
      0.8753551244735718,
      -0.47868451476097107,
      -0.030297059565782547,
      0.4777616262435913,
      0.8779669404029846
    ],
    [
      0.9992896318435669,
      -0.037675995379686356,
      0.0008956928504630923,
      0.034399520605802536,
      0.9021638035774231,
      -0.4300200641155243,
      0.015393370762467384,
      0.4297453761100769,
      0.9028189778327942
    ],
    [
      0.9940232038497925,
      0.10362565517425537,
      -0.0343465730547905,
      -0.10077887773513794,
      0.9919837713241577,
      0.07623562216758728,
      0.04197120666503906,
      -0.07231856137514114,
      0.996498167514801
    ],
    [
      0.9957032203674316,
      0.007600931916385889,
      -0.09228919446468353,
      -0.003641843795776367,
      0.9990687966346741,
      0.042991481721401215,
      0.0925300344824791,
      -0.04247065261006355,
      0.9948037266731262
    ],
    [
      0.9220187067985535,
      -0.23062509298324585,
      -0.3109559118747711,
      0.29657286405563354,
      0.9370378255844116,
      0.18440328538417816,
      0.24884945154190063,
      -0.2622443735599518,
      0.9323635697364807
    ],
    [
      0.9910542964935303,
      0.07688943296670914,
      0.10908403992652893,
      -0.06912073493003845,
      0.9949118494987488,
      -0.07329948991537094,
      -0.11416495591402054,
      0.06510380655527115,
      0.9913263320922852
    ],
    [
      0.9574284553527832,
      -0.22417216002941132,
      0.18187247216701508,
      0.07168581336736679,
      0.7949345707893372,
      0.6024450063705444,
      -0.2796281576156616,
      -0.5637603402137756,
      0.7771629691123962
    ],
    [
      0.9192519783973694,
      0.35062339901924133,
      0.17899447679519653,
      -0.33509156107902527,
      0.9355434775352478,
      -0.11167838424444199,
      -0.2066141664981842,
      0.04268103092908859,
      0.9774911403656006
    ],
    [
      0.9951034188270569,
      0.06497521698474884,
      0.07448195666074753,
      -0.06210731714963913,
      0.9972596764564514,
      -0.040197089314460754,
      -0.07688966393470764,
      0.03537438064813614,
      0.9964119791984558
    ],
    [
      0.9665821194648743,
      0.25564467906951904,
      0.01909872144460678,
      -0.25328347086906433,
      0.9408372640609741,
      0.22510607540607452,
      0.039578381925821304,
      -0.22242090106010437,
      0.9741470217704773
    ],
    [
      0.9800220131874084,
      0.049643147736787796,
      0.19259428977966309,
      -0.09364911913871765,
      0.9694643020629883,
      0.22664718329906464,
      -0.1754617840051651,
      -0.24015547335147858,
      0.9547454118728638
    ],
    [
      0.8736978769302368,
      0.016632037237286568,
      0.48618432879447937,
      -0.04870684817433357,
      0.9973840713500977,
      0.05340882018208504,
      -0.4840242862701416,
      -0.07034368813037872,
      0.8722224235534668
    ],
    [
      0.7164508700370789,
      0.5339937210083008,
      -0.4489419758319855,
      -0.6709445714950562,
      0.7037163972854614,
      -0.23370197415351868,
      0.19113247096538544,
      0.4686511158943176,
      0.8624584078788757
    ],
    [
      0.8651403784751892,
      -0.2675224840641022,
      0.4242214858531952,
      0.12069940567016602,
      0.9320545196533203,
      0.341622531414032,
      -0.4867892861366272,
      -0.24434813857078552,
      0.8386477828025818
    ],
    [
      -0.1258125752210617,
      -0.2750939726829529,
      -0.9531497955322266,
      -0.07789084315299988,
      0.9605573415756226,
      -0.2669505774974823,
      0.9889914989471436,
      0.04065590351819992,
      -0.14227749407291412
    ],
    [
      -0.3420954942703247,
      0.032117269933223724,
      0.9391161203384399,
      -0.5971736311912537,
      0.7642044425010681,
      -0.24367015063762665,
      -0.7255027890205383,
      -0.6441738605499268,
      -0.24225130677223206
    ],
    [
      0.965711236000061,
      -0.24796167016029358,
      -0.0769210085272789,
      0.22483856976032257,
      0.9469246864318848,
      -0.22974154353141785,
      0.1298055201768875,
      0.20456917583942413,
      0.970207154750824
    ],
    [
      0.8892170190811157,
      0.4230618476867676,
      0.17410291731357574,
      -0.35495254397392273,
      0.8781014680862427,
      -0.32085278630256653,
      -0.28862059116363525,
      0.22350949048995972,
      0.930989682674408
    ],
    [
      0.9313563108444214,
      0.29152214527130127,
      -0.21815183758735657,
      -0.1954408884048462,
      0.9057705402374268,
      0.3760087192058563,
      0.30721035599708557,
      -0.30756229162216187,
      0.9005704522132874
    ],
    [
      0.911153256893158,
      -0.33691972494125366,
      0.23724433779716492,
      0.27146103978157043,
      0.923933207988739,
      0.2695482075214386,
      -0.3100140690803528,
      -0.1811971217393875,
      0.9333053231239319
    ]
  ],
  "root_rot": [
    -0.6378911137580872,
    0.004677163902670145,
    -0.7701122760772705,
    0.075376495718956,
    -0.9948011040687561,
    -0.06847681850194931,
    -0.7664288878440857,
    -0.1017291322350502,
    0.6342222094535828
  ],
  "root_trans": [
    0.31857240200042725,
    0.5115451812744141,
    2.896101236343384
  ]
}