{
  "betas": [
    -0.5432918667793274,
    0.7762823700904846,
    0.9280723333358765,
    -0.34989479184150696,
    0.31518054008483887,
    -0.4090629816055298,
    0.2270890772342682,
    0.738838255405426,
    -0.2487432360649109,
    0.8514752388000488
  ],
  "joints": [
    [
      0.9484023451805115,
      -0.3137557804584503,
      0.04571990296244621,
      0.31687286496162415,
      0.9429853558540344,
      -0.10183403640985489,
      -0.011162180453538895,
      0.111067034304142,
      0.9937502145767212
    ],
    [
      0.8484509587287903,
      0.5025733709335327,
      0.16598473489284515,
      -0.2719918191432953,
      0.1449899673461914,
      0.9513139724731445,
      0.4540390074253082,
      -0.8522897362709045,
      0.25971272587776184
    ],
    [
      0.9965848326683044,
      -0.08255381137132645,
      -0.0018970021046698093,
      0.07668910175561905,
      0.9338160157203674,
      -0.34943729639053345,
      0.030618831515312195,
      0.34809839725494385,
      0.936957836151123
    ],
    [
      0.981881856918335,
      0.010549246333539486,
      -0.18919983506202698,
      -0.10025680065155029,
      0.8761780858039856,
      -0.47144514322280884,
      0.16079936921596527,
      0.4818720817565918,
      0.861361026763916
    ],
    [
      0.86341392993927,
      -0.30462130904197693,
      0.4021470248699188,
      0.2270585000514984,
      -0.4771885871887207,
      -0.8489614725112915,
      0.4505116939544678,
      0.8243160843849182,
      -0.3428444266319275
    ],
    [
      0.982043445110321,
      -0.16442541778087616,
      -0.09249339252710342,
      0.16210760176181793,
      0.986251175403595,
      -0.032089270651340485,
      0.09649800509214401,
      0.016519173979759216,
      0.9951961040496826
    ],
    [
      0.9971039295196533,
      -0.04663941636681557,
      0.060071319341659546,
      0.03756270557641983,
      0.9888299107551575,
      0.1442374736070633,
      -0.0661274716258049,
      -0.1415632963180542,
      0.9877181053161621
    ],
    [
      0.9235995411872864,
      -0.3751385509967804,
      0.07896169275045395,
      0.35465797781944275,
      0.757935106754303,
      -0.5474961400032043,
      0.1455390900373459,
      0.5336715579032898,
      0.8330743908882141
    ],
    [
      0.9948868155479431,
      -0.0888042077422142,
      0.04810577258467674,
      0.08985002338886261,
      0.9957538843154907,
      -0.020027771592140198,
      -0.0461229607462883,
      0.0242476686835289,
      0.9986414909362793
    ],
    [
      0.9137611389160156,
      0.029916731640696526,
      0.4051488935947418,
      -0.20526286959648132,
      0.8946230411529541,
      0.39688384532928467,
      -0.3505820631980896,
      -0.44581905007362366,
      0.8236125707626343
    ],
    [
      0.8281808495521545,
      0.3868464529514313,
      0.4055444598197937,
      -0.5066831707954407,
      0.8260708451271057,
      0.24673676490783691,
      -0.23955926299095154,
      -0.40982523560523987,
      0.8801446557044983
    ],
    [
      0.9686256647109985,
      -0.09498117119073868,
      -0.22965851426124573,
      0.005657159257680178,
      0.9322750568389893,
      -0.36170607805252075,
      0.24846015870571136,
      0.3490585386753082,
      0.9035628437995911
    ],
    [
      0.8676133751869202,
      -0.21119576692581177,
      -0.4501594007015228,
      0.37340933084487915,
      0.8745549321174622,
      0.30938512086868286,
      0.328348308801651,
      -0.4365203380584717,
      0.8376380205154419
    ],
    [
      0.938598096370697,
      -0.08110480010509491,
      0.3353439271450043,
      0.014010857790708542,
      0.9801349639892578,
      0.19783595204353333,
      -0.3447277843952179,
      -0.18099001049995422,
      0.9210891723632812
    ],
    [
      0.95332270860672,
      -0.21983420848846436,
      -0.20699943602085114,
      0.2503395676612854,
      0.9587360620498657,
      0.13474144041538239,
      0.1688370555639267,
      -0.1802722066640854,
      0.9690180420875549
    ],
    [
      0.9078523516654968,
      0.09130855649709702,
      -0.40922707319259644,
      -0.039766427129507065,
      0.9903513193130493,
      0.13275137543678284,
      0.41739988327026367,
      -0.1042451336979866,
      0.9027237892150879
    ],
    [
      0.9298989176750183,
      -0.17861992120742798,
      0.32153216004371643,
      0.11257605999708176,
      0.9704306125640869,
      0.21352092921733856,
      -0.35016369819641113,
      -0.16235606372356415,
      0.9225106835365295
    ],
    [
      0.4442824125289917,
      -0.1805817186832428,
      -0.8774983286857605,
      0.33691778779029846,
      0.941250205039978,
      -0.02311791479587555,
      0.8301202058792114,
      -0.2853739261627197,
      0.4790221154689789
    ],
    [
      0.7875950336456299,
      0.2488589733839035,
      0.5637049674987793,
      -0.275218665599823,
      0.9605684876441956,
      -0.03953351080417633,
      -0.5513154864311218,
      -0.12400572746992111,
      0.8250296115875244
    ],
    [
      0.9673088788986206,
      0.002893600147217512,
      0.25358474254608154,
      0.19514380395412445,
      0.6301237344741821,
      -0.7515736818313599,
      -0.16196449100971222,
      0.7764893174171448,
      0.6089596152305603
    ],
    [
      0.9730832576751709,
      -0.03631081059575081,
      -0.22757528722286224,
      -0.1489882916212082,
      0.654262900352478,
      -0.741446316242218,
      0.1758165806531906,
      0.7553950548171997,
      0.6312423944473267
    ],
    [
      0.9747632741928101,
      0.06160937249660492,
      -0.21457123756408691,
      -0.037339113652706146,
      0.9926190376281738,
      0.1153828427195549,
      0.2200961709022522,
      -0.10445905476808548,
      0.9698690176010132
    ],
    [
      0.9867050647735596,
      -0.030269892886281013,
      0.15967734158039093,
      0.018229758366942406,
      0.9969155788421631,
      0.07633597403764725,
      -0.16149547696113586,
      -0.0724102109670639,
      0.9842134714126587
    ]
  ],
  "root_rot": [
    -0.6008040308952332,
    -0.5360429286956787,
    0.5930366516113281,
    0.2949957847595215,
    -0.838165819644928,
    -0.45875436067581177,
    0.7429750561714172,
    -0.10067815333604813,
    0.6617038249969482
  ],
  "root_trans": [
    -0.14315944910049438,
    0.47269850969314575,
    2.671870231628418
  ]
}