{
  "betas": [
    -0.7185028195381165,
    0.7017029523849487,
    1.3123586177825928,
    0.515192449092865,
    0.3654929995536804,
    -0.24579989910125732,
    -0.32697856426239014,
    0.3706318736076355,
    0.0772370994091034,
    0.6384579539299011
  ],
  "joints": [
    [
      0.9517214894294739,
      -0.30045372247695923,
      -0.06287955492734909,
      0.3031986653804779,
      0.8881341814994812,
      0.34538137912750244,
      -0.04792564734816551,
      -0.34777185320854187,
      0.9363535642623901
    ],
    [
      0.9744327068328857,
      0.1490945816040039,
      -0.16808240115642548,
      -0.13275635242462158,
      0.9856102466583252,
      0.10463342070579529,
      0.1812640279531479,
      -0.07964422553777695,
      0.9802041053771973
    ],
    [
      0.9953460693359375,
      0.02760174311697483,
      0.09232764691114426,
      -0.011908000335097313,
      0.9859880805015564,
      -0.16639016568660736,
      -0.09562662243843079,
      0.1645163595676422,
      0.9817280173301697
    ],
    [
      0.9949553608894348,
      0.09873058646917343,
      0.017778027802705765,
      -0.08648644387722015,
      0.9339897632598877,
      -0.346674382686615,
      -0.05083185434341431,
      0.34338799118995667,
      0.9378169775009155
    ],
    [
      0.9983595609664917,
      -0.05693487823009491,
      0.006037733051925898,
      0.05613119900226593,
      0.9525379538536072,
      -0.2992000877857208,
      0.0112837515771389,
      0.29904821515083313,
      0.9541711807250977
    ],
    [
      0.9866002202033997,
      0.0249323807656765,
      -0.16124029457569122,
      -0.03713895007967949,
      0.9966299533843994,
      -0.07313885539770126,
      0.15887340903282166,
      0.07814710587263107,
      0.9842013120651245
    ],
    [
      0.9889734387397766,
      0.09383325278759003,
      0.11457304656505585,
      -0.07981433719396591,
      0.9893952012062073,
      -0.12135431170463562,
      -0.12474508583545685,
      0.11087161302566528,
      0.9859747886657715
    ],
    [
      0.9583119750022888,
      -0.06627798825502396,
      -0.2779303789138794,
      0.12300479412078857,
      0.9736690521240234,
      0.19193340837955475,
      0.2578912377357483,
      -0.21811886131763458,
      0.9412312507629395
    ],
    [
      0.9962797164916992,
      0.055562909692525864,
      0.06587467342615128,
      -0.056486811488866806,
      0.9983282089233398,
      0.01224515587091446,
      -0.06508417427539825,
      -0.015920652076601982,
      0.9977527260780334
    ],
    [
      0.9720879793167114,
      -0.22891734540462494,
      0.05139817297458649,
      0.14875781536102295,
      0.7707850337028503,
      0.6194849014282227,
      -0.18142779171466827,
      -0.5945479273796082,
      0.783324122428894
    ],
    [
      0.908628523349762,
      0.17145860195159912,
      0.38078367710113525,
      -0.1993361860513687,
      0.9793168902397156,
      0.034692198038101196,
      -0.3669596016407013,
      -0.10742627829313278,
      0.9240131378173828
    ],
    [
      0.9472390413284302,
      0.19923190772533417,
      0.2510870695114136,
      -0.21500682830810547,
      0.9759207367897034,
      0.036753542721271515,
      -0.2377185970544815,
      -0.08879983425140381,
      0.9672664403915405
    ],
    [
      0.9479473233222961,
      0.24554358422756195,
      -0.20274178683757782,
      -0.23864629864692688,
      0.9693619012832642,
      0.058184657245874405,
      0.21081702411174774,
      -0.006772411521524191,
      0.9775021076202393
    ],
    [
      0.9574739336967468,
      -0.2759724259376526,
      0.08416008204221725,
      0.28490981459617615,
      0.95037442445755,
      -0.12495972961187363,
      -0.04549814760684967,
      0.1436237096786499,
      0.9885860085487366
    ],
    [
      0.8863294124603271,
      -0.24043254554271698,
      0.39574283361434937,
      0.23294422030448914,
      0.9701318144798279,
      0.06768526881933212,
      -0.4001964330673218,
      0.03219455108046532,
      0.9158637523651123
    ],
    [
      0.6671753525733948,
      0.5938222408294678,
      -0.4497245252132416,
      -0.700246274471283,
      0.7058688402175903,
      -0.10679088532924652,
      0.2540317177772522,
      0.38616621494293213,
      0.8867601156234741
    ],
    [
      0.69180828332901,
      -0.7149966955184937,
      0.10090093314647675,
      0.7089954614639282,
      0.6461246609687805,
      -0.2825743556022644,
      0.13684514164924622,
      0.2670256197452545,
      0.953923761844635
    ],
    [
      0.25886282324790955,
      -0.1827431470155716,
      -0.9484698176383972,
      -0.12058906257152557,
      0.9681435227394104,
      -0.21944570541381836,
      0.9583570957183838,
      0.17118142545223236,
      0.2285795360803604
    ],
    [
      -0.1312052607536316,
      0.3088763356208801,
      0.9420087933540344,
      0.17287279665470123,
      0.9427928924560547,
      -0.2850553095340729,
      -0.9761660695075989,
      0.12544693052768707,
      -0.1770956963300705
    ],
    [
      0.9904289841651917,
      -0.12627148628234863,
      0.05572986975312233,
      0.13772933185100555,
      0.8778600692749023,
      -0.45868536829948425,
      0.008995836600661278,
      0.4619709849357605,
      0.8868493437767029
    ],
    [
      0.9719247817993164,
      0.1902521699666977,
      0.13844245672225952,
      -0.1552107334136963,
      0.9606209397315979,
      -0.23047155141830444,
      -0.17683841288089752,
      0.20251326262950897,
      0.9631804823875427
    ],
    [
      0.9407687783241272,
      0.17502298951148987,
      -0.2903810441493988,
      -0.07284555584192276,
      0.9407975673675537,
      0.3310491740703583,
      0.3311309814453125,
      -0.29028773307800293,
      0.8978226184844971
    ],
    [
      0.8712303042411804,
      -0.3496655523777008,
      0.3445168137550354,
      0.18225298821926117,
      0.8820948600769043,
      0.43438759446144104,
      -0.4557868242263794,
      -0.3156623840332031,
      0.8322353959083557
    ]
  ],
  "root_rot": [
    0.5127610564231873,
    -0.07541809231042862,
    0.8552123308181763,
    -0.08373875916004181,
    -0.9957778453826904,
    -0.03760666772723198,
    0.8544377684593201,
    -0.052331194281578064,
    -0.516911506652832
  ],
  "root_trans": [
    -0.41426336765289307,
    0.5628278255462646,
    2.303309917449951
  ]
}