{
  "betas": [
    -0.6439953446388245,
    1.4825125932693481,
    1.1515772342681885,
    0.031718164682388306,
    -0.07245367765426636,
    0.00493520125746727,
    0.41501280665397644,
    0.8225927948951721,
    0.01609104871749878,
    1.102027416229248
  ],
  "joints": [
    [
      0.9050182700157166,
      -0.42373085021972656,
      0.03733719140291214,
      0.4007459878921509,
      0.8787643313407898,
      0.25918301939964294,
      -0.14263445138931274,
      -0.21960264444351196,
      0.965106189250946
    ],
    [
      0.8903254270553589,
      0.449714720249176,
      -0.07125432044267654,
      -0.39289453625679016,
      0.8378762006759644,
      0.37894225120544434,
      0.23011824488639832,
      -0.3093865215778351,
      0.9226729273796082
    ],
    [
      0.9954925179481506,
      -0.09179359674453735,
      -0.023845886811614037,
      0.08665163815021515,
      0.9825237393379211,
      -0.1647382229566574,
      0.03855106234550476,
      0.16192936897277832,
      0.9860491156578064
    ],
    [
      0.9997665286064148,
      0.02160871960222721,
      1.6943652099143947e-06,
      -0.0205910112708807,
      0.9527040123939514,
      -0.3032015264034271,
      -0.006553411949425936,
      0.3031306862831116,
      0.952926516532898
    ],
    [
      0.9996961355209351,
      0.006610271520912647,
      0.023746682330965996,
      0.007368691265583038,
      0.839177131652832,
      -0.5438082218170166,
      -0.02352239564061165,
      0.543817937374115,
      0.8388734459877014
    ],
    [
      0.9904078245162964,
      0.11159014701843262,
      -0.08148622512817383,
      -0.10589593648910522,
      0.9918282628059387,
      0.07115396112203598,
      0.08876041322946548,
      -0.06184237822890282,
      0.9941313862800598
    ],
    [
      0.9745548367500305,
      0.20524898171424866,
      0.09008785337209702,
      -0.14963626861572266,
      0.8949686288833618,
      -0.42028582096099854,
      -0.166889026761055,
      0.3961111307144165,
      0.9029086828231812
    ],
    [
      0.9258697628974915,
      -0.30248284339904785,
      -0.22642762959003448,
      0.30146628618240356,
      0.9526407718658447,
      -0.03992000222206116,
      0.2277793139219284,
      -0.03129957616329193,
      0.9732096791267395
    ],
    [
      0.994708240032196,
      0.09747385233640671,
      0.03247113525867462,
      -0.09717521071434021,
      0.9952102899551392,
      -0.010655312798917294,
      -0.03335421904921532,
      0.007443537935614586,
      0.999415934085846
    ],
    [
      0.9800621867179871,
      -0.1893126517534256,
      0.060322754085063934,
      0.12372707575559616,
      0.8190422058105469,
      0.5602334141731262,
      -0.15546615421772003,
      -0.5416000485420227,
      0.8261353969573975
    ],
    [
      0.9129030704498291,
      0.39147713780403137,
      0.11555786430835724,
      -0.36201560497283936,
      0.9073173999786377,
      -0.213822141289711,
      -0.18855412304401398,
      0.1533651500940323,
      0.9700136780738831
    ],
    [
      0.965946614742279,
      0.19990482926368713,
      0.16427166759967804,
      -0.17835980653762817,
      0.9743868708610535,
      -0.13695964217185974,
      -0.1874430626630783,
      0.10299623757600784,
      0.9768607020378113
    ],
    [
      0.9348573684692383,
      0.35361266136169434,
      -0.03161822259426117,
      -0.34882044792175293,
      0.9314489960670471,
      0.1035718098282814,
      0.06607506424188614,
      -0.0857957974076271,
      0.9941192865371704
    ],
    [
      0.9985809326171875,
      0.0452658087015152,
      0.028054533526301384,
      -0.04819280281662941,
      0.9922687411308289,
      0.11436889320611954,
      -0.0226606335490942,
      -0.11555863171815872,
      0.9930421113967896
    ],
    [
      0.8749390244483948,
      0.016832921653985977,
      0.4839405119419098,
      -0.023793695494532585,
      0.9996828436851501,
      0.008245746605098248,
      -0.48364827036857605,
      -0.018729258328676224,
      0.8750620484352112
    ],
    [
      0.7901924252510071,
      0.53509521484375,
      -0.29877910017967224,
      -0.5852091908454895,
      0.8035829663276672,
      -0.10855711251497269,
      0.1820053905248642,
      0.2606293261051178,
      0.948127806186676
    ],
    [
      0.9525556564331055,
      -0.19368526339530945,
      0.2347845435142517,
      0.10862140357494354,
      0.9369255304336548,
      0.3322226405143738,
      -0.2843222916126251,
      -0.2909579277038574,
      0.9135120511054993
    ],
    [
      0.8517423272132874,
      -0.11122902482748032,
      -0.512018620967865,
      0.02114354632794857,
      0.9837082028388977,
      -0.17852485179901123,
      0.5235340595245361,
      0.14123128354549408,
      0.8402177095413208
    ],
    [
      -0.41290223598480225,
      -0.028579391539096832,
      0.9103268980979919,
      -0.4351006746292114,
      0.884266197681427,
      -0.16958992183208466,
      -0.80012446641922,
      -0.46610787510871887,
      -0.3775503933429718
    ],
    [
      0.9918599128723145,
      -0.11834966391324997,
      0.04698176309466362,
      0.12664595246315002,
      0.8785929083824158,
      -0.46047285199165344,
      0.01321897841989994,
      0.4626745879650116,
      0.8864296078681946
    ],
    [
      0.7978855967521667,
      0.5884175300598145,
      0.1309327781200409,
      -0.5163987278938293,
      0.7792478203773499,
      -0.35511285066604614,
      -0.31098368763923645,
      0.21572591364383698,
      0.9256086945533752
    ],
    [
      0.9683033227920532,
      0.1425875425338745,
      -0.2050793170928955,
      -0.1235714927315712,
      0.9869982004165649,
      0.10278444737195969,
      0.21706868708133698,
      -0.07418455928564072,
      0.9733334183692932
    ],
    [
      0.9445127248764038,
      -0.24273130297660828,
      0.22130785882472992,
      0.22213628888130188,
      0.9683262705802917,
      0.1140156239271164,
      -0.241973415017128,
      -0.05852869898080826,
      0.968515932559967
    ]
  ],
  "root_rot": [
    -0.6104718446731567,
    0.053401339799165726,
    -0.790235698223114,
    0.006180637050420046,
    -0.9973729252815247,
    -0.0721736028790474,
    -0.7920138835906982,
    -0.04894411563873291,
    0.608538031578064
  ],
  "root_trans": [
    0.410563588142395,
    0.5125977993011475,
    2.7103750705718994
  ]
}