{
  "betas": [
    -0.7481254935264587,
    1.0491918325424194,
    1.5444833040237427,
    -0.03216814994812012,
    -0.06791293621063232,
    -0.0068183355033397675,
    0.245321124792099,
    0.6542171239852905,
    0.0686853677034378,
    0.7843859195709229
  ],
  "joints": [
    [
      0.9906112551689148,
      -0.12683700025081635,
      -0.051007792353630066,
      0.11630146950483322,
      0.9779910445213318,
      -0.17322666943073273,
      0.07185671478509903,
      0.16566799581050873,
      0.9835602641105652
    ],
    [
      0.9975543022155762,
      -0.0006739068776369095,
      0.0698932558298111,
      -0.06392229348421097,
      0.3957086503505707,
      0.916148841381073,
      -0.02827475033700466,
      -0.9183758497238159,
      0.39469778537750244
    ],
    [
      0.9974402785301208,
      0.028148097917437553,
      -0.06573081761598587,
      -0.041939783841371536,
      0.9748308062553406,
      -0.2189657837152481,
      0.057912953197956085,
      0.22116203606128693,
      0.973516047000885
    ],
    [
      0.9933602809906006,
      -0.026676375418901443,
      -0.11190937459468842,
      -0.03935486823320389,
      0.8352643251419067,
      -0.5484383702278137,
      0.10810426622629166,
      0.5492010712623596,
      0.8286685347557068
    ],
    [
      0.9835496544837952,
      -0.17269451916217804,
      0.052978262305259705,
      0.04841015487909317,
      -0.030560210347175598,
      -0.9983599781990051,
      0.17403031885623932,
      0.9845012426376343,
      -0.02169731631875038
    ],
    [
      0.9765956997871399,
      -0.1444839984178543,
      -0.1593269407749176,
      0.15212833881378174,
      0.9876750707626343,
      0.03680870682001114,
      0.15204498171806335,
      -0.06018536910414696,
      0.986539363861084
    ],
    [
      0.9866200089454651,
      -0.11626342684030533,
      0.1142965704202652,
      0.08016815036535263,
      0.9564008116722107,
      0.28083887696266174,
      -0.1419646292924881,
      -0.26791831851005554,
      0.9529247879981995
    ],
    [
      0.9366375207901001,
      -0.3233613073825836,
      0.13471324741840363,
      0.3457019031047821,
      0.9153643846511841,
      -0.20639345049858093,
      -0.05657205358147621,
      0.23988646268844604,
      0.9691512584686279
    ],
    [
      0.9968594312667847,
      -0.06415869295597076,
      -0.04642161354422569,
      0.06374546885490417,
      0.9979127049446106,
      -0.010329369455575943,
      0.04698743671178818,
      0.007337761577218771,
      0.9988685250282288
    ],
    [
      0.9344742298126221,
      -0.16078047454357147,
      0.3176594078540802,
      -0.12020819634199142,
      0.6973490118980408,
      0.7065792083740234,
      -0.3351236581802368,
      -0.6984653472900391,
      0.6323275566101074
    ],
    [
      0.8457366824150085,
      0.406537264585495,
      0.3456254303455353,
      -0.4281117022037506,
      0.9035969376564026,
      -0.015265380963683128,
      -0.3185120224952698,
      -0.1350557804107666,
      0.9382484555244446
    ],
    [
      0.9935295581817627,
      0.10570583492517471,
      0.04153614491224289,
      -0.09039556235074997,
      0.957396924495697,
      -0.27426207065582275,
      -0.06875769048929214,
      0.26873278617858887,
      0.9607574939727783
    ],
    [
      0.7648610472679138,
      -0.15233898162841797,
      -0.6259236335754395,
      0.4140743017196655,
      0.8605865836143494,
      0.2965352535247803,
      0.4934876561164856,
      -0.4859871566295624,
      0.7213088274002075
    ],
    [
      0.9222962856292725,
      -0.15983039140701294,
      0.35188597440719604,
      0.13066810369491577,
      0.9858196377754211,
      0.1052875965833664,
      -0.3637242615222931,
      -0.05112609267234802,
      0.930102527141571
    ],
    [
      0.9734548330307007,
      -0.21454933285713196,
      -0.07971269637346268,
      0.2223399430513382,
      0.9690932631492615,
      0.1068788543343544,
      0.05431825667619705,
      -0.12176507711410522,
      0.9910714030265808
    ],
    [
      0.6699768900871277,
      0.31530192494392395,
      -0.6720979809761047,
      -0.08547969162464142,
      0.9320688843727112,
      0.3520524203777313,
      0.7374444007873535,
      -0.17841628193855286,
      0.651416540145874
    ],
    [
      0.518742561340332,
      -0.7532538175582886,
      0.40436968207359314,
      0.8209115862846375,
      0.5709592700004578,
      0.010474271140992641,
      -0.23876839876174927,
      0.32651829719543457,
      0.9145357012748718
    ],
    [
      0.5054969191551208,
      -0.24423272907733917,
      -0.8275405168533325,
      0.5755147933959961,
      0.8100180625915527,
      0.11248759180307388,
      0.6428496241569519,
      -0.5331239104270935,
      0.5500211715698242
    ],
    [
      -0.20029792189598083,
      0.3692973852157593,
      0.9074691534042358,
      0.2604961395263672,
      0.9129734635353088,
      -0.31404030323028564,
      -0.9444694519042969,
      0.17349059879779816,
      -0.2790672183036804
    ],
    [
      0.9142886996269226,
      -0.2603985369205475,
      0.31027212738990784,
      0.4026086926460266,
      0.6683947443962097,
      -0.6254236698150635,
      -0.044524841010570526,
      0.6967359781265259,
      0.7159444689750671
    ],
    [
      0.9630289077758789,
      0.2678225338459015,
      -0.02909201942384243,
      -0.26780349016189575,
      0.939998984336853,
      -0.21138378977775574,
      -0.029266878962516785,
      0.2113596647977829,
      0.9769700169563293
    ],
    [
      0.9790094494819641,
      0.060056425631046295,
      -0.1947658210992813,
      -0.024746989831328392,
      0.9835579991340637,
      0.17888887226581573,
      0.20230691134929657,
      -0.1703140288591385,
      0.9643988013267517
    ],
    [
      0.9482356905937195,
      -0.15066105127334595,
      0.27955394983291626,
      0.10978463292121887,
      0.9815413951873779,
      0.15660081803798676,
      -0.2979874312877655,
      -0.11780375242233276,
      0.9472728371620178
    ]
  ],
  "root_rot": [
    -0.7880971431732178,
    -0.3796451687812805,
    0.4845332205295563,
    0.1792832463979721,
    -0.8945961594581604,
    -0.4093351662158966,
    0.5888636112213135,
    -0.2357272207736969,
    0.7730926871299744
  ],
  "root_trans": [
    0.001483093947172165,
    0.4916386306285858,
    2.730404853820801
  ]
}