{
  "betas": [
    -0.3528929352760315,
    1.478564739227295,
    1.0483124256134033,
    -0.27776554226875305,
    -0.19946932792663574,
    0.05504410341382027,
    0.19136519730091095,
    0.33781707286834717,
    -0.01547202467918396,
    0.19924552738666534
  ],
  "joints": [
    [
      0.8899030089378357,
      -0.43176698684692383,
      -0.14713908731937408,
      0.4356008470058441,
      0.7086626887321472,
      0.5550218224525452,
      -0.13536810874938965,
      -0.5580095052719116,
      0.8187191486358643
    ],
    [
      0.8202974200248718,
      0.5312546491622925,
      -0.21185067296028137,
      -0.4916328489780426,
      0.8442369699478149,
      0.21345046162605286,
      0.2922486960887909,
      -0.07094009965658188,
      0.9537076354026794
    ],
    [
      0.9837000370025635,
      0.03218856081366539,
      0.17691296339035034,
      0.01867755688726902,
      0.9602358341217041,
      -0.27856478095054626,
      -0.17884474992752075,
      0.2773284614086151,
      0.9439828395843506
    ],
    [
      0.9772953391075134,
      0.21070124208927155,
      -0.02233472652733326,
      -0.17436061799526215,
      0.739859402179718,
      -0.6497741937637329,
      -0.12038365751504898,
      0.6389155387878418,
      0.7597991228103638
    ],
    [
      0.9995958209037781,
      -0.009697752073407173,
      0.02672400139272213,
      0.020285015925765038,
      0.9019031524658203,
      -0.43146178126335144,
      -0.019918251782655716,
      0.43182945251464844,
      0.9017353653907776
    ],
    [
      0.992982804775238,
      -0.06816071271896362,
      -0.09664034843444824,
      0.07325687259435654,
      0.9960488080978394,
      0.0502006895840168,
      0.09283679723739624,
      -0.056927986443042755,
      0.9940525889396667
    ],
    [
      0.9986646771430969,
      0.03300671651959419,
      -0.03974191099405289,
      -0.03210850805044174,
      0.9992190003395081,
      0.02303124964237213,
      0.04047105833888054,
      -0.021724442020058632,
      0.9989445209503174
    ],
    [
      0.7539570331573486,
      -0.3829074501991272,
      -0.5337889194488525,
      0.4551723003387451,
      0.8903934955596924,
      0.004200302064418793,
      0.47367385029792786,
      -0.24613279104232788,
      0.8456072807312012
    ],
    [
      0.9912851452827454,
      -0.04260622337460518,
      0.12465325742959976,
      0.045112237334251404,
      0.9988312721252441,
      -0.01734941266477108,
      -0.12376837432384491,
      0.02282160334289074,
      0.9920486807823181
    ],
    [
      0.9395755529403687,
      -0.08637171983718872,
      0.3312665820121765,
      -0.09168890118598938,
      0.8688087463378906,
      0.48658454418182373,
      -0.3298344612121582,
      -0.487556517124176,
      0.8083921074867249
    ],
    [
      0.7503002882003784,
      0.4746057689189911,
      0.4602159261703491,
      -0.47900035977363586,
      0.8700697422027588,
      -0.11634968966245651,
      -0.45564019680023193,
      -0.13314639031887054,
      0.8801499009132385
    ],
    [
      0.9888166189193726,
      0.1484074592590332,
      -0.014724860899150372,
      -0.14883071184158325,
      0.9882857799530029,
      -0.0337735079228878,
      0.009540129452943802,
      0.03558732196688652,
      0.9993209838867188
    ],
    [
      0.7900729775428772,
      -0.030304566025733948,
      -0.6122633218765259,
      0.2869685888290405,
      0.9008640646934509,
      0.32571911811828613,
      0.5416952967643738,
      -0.4330421984195709,
      0.7204447984695435
    ],
    [
      0.7736793756484985,
      -0.31475743651390076,
      0.54986172914505,
      0.2760392427444458,
      0.9486273527145386,
      0.15462365746498108,
      -0.5702828168869019,
      0.03215428441762924,
      0.8208188414573669
    ],
    [
      0.9616658091545105,
      -0.24675075709819794,
      0.11963623762130737,
      0.23469501733779907,
      0.9662358164787292,
      0.10633262991905212,
      -0.14183446764945984,
      -0.07417844235897064,
      0.9871070981025696
    ],
    [
      0.1884128451347351,
      0.693256676197052,
      -0.6956260800361633,
      -0.6484188437461853,
      0.6197914481163025,
      0.44205376505851746,
      0.7375999093055725,
      0.36776843667030334,
      0.5662973523139954
    ],
    [
      0.5139319896697998,
      -0.6055389046669006,
      0.6076154112815857,
      0.6670477986335754,
      0.7274606823921204,
      0.16077366471290588,
      -0.5393710732460022,
      0.3226817846298218,
      0.7777886986732483
    ],
    [
      -0.5446649789810181,
      -0.34034955501556396,
      -0.7664870023727417,
      0.08105321228504181,
      0.888308048248291,
      -0.45203909277915955,
      0.8347277641296387,
      -0.308336079120636,
      -0.4562438726425171
    ],
    [
      0.8945273756980896,
      -0.06689142435789108,
      0.4419799745082855,
      0.18236245214939117,
      0.9573291540145874,
      -0.2241981476545334,
      -0.4081233739852905,
      0.2811519503593445,
      0.8685556054115295
    ],
    [
      0.9235234260559082,
      -0.23833712935447693,
      0.30049940943717957,
      0.3226051926612854,
      0.90645432472229,
      -0.2725188732147217,
      -0.20743758976459503,
      0.3486202359199524,
      0.9140205979347229
    ],
    [
      0.9472819566726685,
      0.12339100241661072,
      -0.29568836092948914,
      -0.26152029633522034,
      0.8309388756752014,
      -0.49106791615486145,
      0.1851055920124054,
      0.5425082445144653,
      0.8194026350975037
    ],
    [
      0.8838534951210022,
      0.2723659873008728,
      -0.38028913736343384,
      -0.17740751802921295,
      0.9474401473999023,
      0.26624006032943726,
      0.43281590938568115,
      -0.1678510308265686,
      0.885718047618866
    ],
    [
      0.9140412211418152,
      -0.2793906331062317,
      0.2940570116043091,
      0.12621551752090454,
      0.8848710656166077,
      0.4484114646911621,
      -0.385484516620636,
      -0.37275201082229614,
      0.8440720438957214
    ]
  ],
  "root_rot": [
    0.135004460811615,
    0.027874188497662544,
    0.9904529452323914,
    -0.08043786138296127,
    -0.9959965944290161,
    0.038994353264570236,
    0.9875746369361877,
    -0.08493432402610779,
    -0.13222184777259827
  ],
  "root_trans": [
    -0.2553313672542572,
    0.5858373641967773,
    2.6561219692230225
  ]
}