{
  "betas": [
    -0.9729369282722473,
    1.604722261428833,
    1.5389169454574585,
    -0.2013607919216156,
    -0.15373802185058594,
    -0.03835148364305496,
    0.15914247930049896,
    0.2184094488620758,
    -0.1705266833305359,
    0.3122427761554718
  ],
  "joints": [
    [
      0.9410238265991211,
      -0.20523490011692047,
      -0.2689848840236664,
      0.2867077589035034,
      0.9058313965797424,
      0.3118784427642822,
      0.17964661121368408,
      -0.37060508131980896,
      0.9112513661384583
    ],
    [
      0.9254664778709412,
      0.349067360162735,
      -0.1471860259771347,
      -0.3315584361553192,
      0.9342922568321228,
      0.13102281093597412,
      0.1832505613565445,
      -0.07245645672082901,
      0.9803923964500427
    ],
    [
      0.9819658994674683,
      -0.03913867473602295,
      0.18496254086494446,
      0.06476439535617828,
      0.988780677318573,
      -0.13460494577884674,
      -0.1776190996170044,
      0.14415645599365234,
      0.973483681678772
    ],
    [
      0.9867170453071594,
      -0.043448273092508316,
      -0.15653030574321747,
      -0.0680469498038292,
      0.7644135355949402,
      -0.6411253213882446,
      0.1475096493959427,
      0.643260657787323,
      0.7513033151626587
    ],
    [
      0.9934714436531067,
      0.023155512288212776,
      0.11170720309019089,
      0.02045097015798092,
      0.9271737933158875,
      -0.3740728199481964,
      -0.11223383992910385,
      0.3739151358604431,
      0.920647144317627
    ],
    [
      0.9986950159072876,
      -0.003505133790895343,
      -0.05095142126083374,
      0.008449256420135498,
      0.9952341318130493,
      0.09714781492948532,
      0.05036807432770729,
      -0.09745153784751892,
      0.9939649701118469
    ],
    [
      0.9710075855255127,
      0.17042496800422668,
      -0.16762936115264893,
      -0.1514909863471985,
      0.9811490774154663,
      0.11998743563890457,
      0.18491823971271515,
      -0.09111437946557999,
      0.9785210490226746
    ],
    [
      0.8579409718513489,
      -0.4283657968044281,
      -0.28361964225769043,
      0.44044774770736694,
      0.897479236125946,
      -0.023169124498963356,
      0.26446759700775146,
      -0.10504189878702164,
      0.9586569666862488
    ],
    [
      0.9743418097496033,
      0.037895988672971725,
      0.2218601107597351,
      -0.014314102940261364,
      0.9941613674163818,
      -0.1069498211145401,
      -0.22461773455142975,
      0.10102995485067368,
      0.9691954255104065
    ],
    [
      0.9172016978263855,
      -0.3005455732345581,
      0.26155972480773926,
      0.04038495570421219,
      0.7232361435890198,
      0.6894189715385437,
      -0.3963712453842163,
      -0.6217731237411499,
      0.6754909157752991
    ],
    [
      0.8380917906761169,
      0.39760369062423706,
      0.37351498007774353,
      -0.45328330993652344,
      0.888513445854187,
      0.07126034796237946,
      -0.3035397231578827,
      -0.22903083264827728,
      0.9248829483985901
    ],
    [
      0.9932543635368347,
      0.1152014508843422,
      -0.013203865848481655,
      -0.11377012729644775,
      0.9901987910270691,
      0.08101089298725128,
      0.02240702323615551,
      -0.07896222174167633,
      0.9966257810592651
    ],
    [
      0.801225483417511,
      -0.1619824320077896,
      -0.5760204195976257,
      0.3995751738548279,
      0.8614054918289185,
      0.3135605454444885,
      0.44539591670036316,
      -0.4813961684703827,
      0.7549042105674744
    ],
    [
      0.6885791420936584,
      -0.13410720229148865,
      0.7126528024673462,
      -0.11520541459321976,
      0.9500389695167542,
      0.2900923192501068,
      -0.7159515023231506,
      -0.28185296058654785,
      0.6387271285057068
    ],
    [
      0.9811848998069763,
      -0.08294785022735596,
      0.17434389889240265,
      0.08566438406705856,
      0.9962911009788513,
      -0.008101237006485462,
      -0.17302529513835907,
      0.02288387529551983,
      0.9846514463424683
    ],
    [
      0.13503867387771606,
      0.8158149719238281,
      -0.5623260140419006,
      -0.768984854221344,
      0.4441808760166168,
      0.4597451686859131,
      0.6248413920402527,
      0.3703368604183197,
      0.687330961227417
    ],
    [
      0.405555784702301,
      -0.5564586520195007,
      0.7251746654510498,
      0.42052987217903137,
      0.8179867267608643,
      0.3924950659275055,
      -0.8115904927253723,
      0.14577893912792206,
      0.5657467246055603
    ],
    [
      -0.5263805985450745,
      -0.39781391620635986,
      -0.7514436841011047,
      0.05544397979974747,
      0.8658514618873596,
      -0.4972194731235504,
      0.8484394550323486,
      -0.30338969826698303,
      -0.4337110221385956
    ],
    [
      0.3854023218154907,
      0.332065612077713,
      0.8609281778335571,
      -0.267896831035614,
      0.9330838918685913,
      -0.23997007310390472,
      -0.8830041289329529,
      -0.13815492391586304,
      0.448572039604187
    ],
    [
      0.9391039609909058,
      -0.251232773065567,
      0.23444803059101105,
      0.3029174208641052,
      0.9273706674575806,
      -0.21960125863552094,
      -0.16224919259548187,
      0.2772468030452728,
      0.94700026512146
    ],
    [
      0.9274859428405762,
      0.2914090156555176,
      -0.23420216143131256,
      -0.3585505485534668,
      0.8707631826400757,
      -0.3364714980125427,
      0.10588378459215164,
      0.39604586362838745,
      0.9121055006980896
    ],
    [
      0.9175052046775818,
      0.23557499051094055,
      -0.3204508125782013,
      -0.1787206530570984,
      0.9639856815338135,
      0.19695313274860382,
      0.3553072214126587,
      -0.12343432009220123,
      0.9265639781951904
    ],
    [
      0.9430527091026306,
      -0.1913841962814331,
      0.2720728814601898,
      0.1168355867266655,
      0.9563730359077454,
      0.26776859164237976,
      -0.31144988536834717,
      -0.22073210775852203,
      0.9242706894874573
    ]
  ],
  "root_rot": [
    0.7455185651779175,
    0.04858366400003433,
    0.6647116541862488,
    0.021464496850967407,
    -0.9985724091529846,
    0.048911623656749725,
    0.6661390662193298,
    -0.022196825593709946,
    -0.7454971075057983
  ],
  "root_trans": [
    -0.08251890540122986,
    0.5392088890075684,
    2.2914047241210938
  ]
}