{
  "betas": [
    -0.7949885725975037,
    0.8221206665039062,
    1.4979511499404907,
    0.4792792797088623,
    0.3533168435096741,
    0.05160429701209068,
    -0.22339105606079102,
    0.30724161863327026,
    0.15404604375362396,
    0.846794068813324
  ],
  "joints": [
    [
      0.9813088774681091,
      -0.18952766060829163,
      -0.03334918990731239,
      0.19131307303905487,
      0.9420836567878723,
      0.2754592299461365,
      -0.020789409056305885,
      -0.2766907215118408,
      0.9607341885566711
    ],
    [
      0.982092559337616,
      0.0637369155883789,
      -0.17729023098945618,
      -0.07016146928071976,
      0.9970783591270447,
      -0.030201105400919914,
      0.1748473346233368,
      0.042099226266145706,
      0.9836950898170471
    ],
    [
      0.9935367703437805,
      0.015137697570025921,
      0.11249703168869019,
      -0.004908887669444084,
      0.9958705902099609,
      -0.09065155684947968,
      -0.11340473592281342,
      0.08951341360807419,
      0.989508330821991
    ],
    [
      0.9989207983016968,
      0.014036801643669605,
      0.044274795800447464,
      -0.010385490953922272,
      0.99660724401474,
      -0.08164608478546143,
      -0.045270632952451706,
      0.08109815418720245,
      0.9956774711608887
    ],
    [
      0.9967054724693298,
      -0.08083505928516388,
      0.006625100038945675,
      0.08107994496822357,
      0.9909800291061401,
      -0.10669863969087601,
      0.0020596501417458057,
      0.10688428580760956,
      0.9942693114280701
    ],
    [
      0.9872785806655884,
      0.009664496406912804,
      -0.15870578587055206,
      -0.015565905719995499,
      0.9992311596870422,
      -0.03598380088806152,
      0.15823599696159363,
      0.03799644112586975,
      0.9866699576377869
    ],
    [
      0.9876936674118042,
      0.10127302259206772,
      0.11918552219867706,
      -0.07539267092943192,
      0.9759588837623596,
      -0.20450028777122498,
      -0.13703051209449768,
      0.19299788773059845,
      0.9715836644172668
    ],
    [
      0.967125415802002,
      -0.1400453746318817,
      -0.21226350963115692,
      0.15695461630821228,
      0.9854683876037598,
      0.06494063884019852,
      0.20008434355258942,
      -0.09612148255109787,
      0.9750522971153259
    ],
    [
      0.9973390102386475,
      0.03927674889564514,
      0.061418790370225906,
      -0.03907708078622818,
      0.9992263317108154,
      -0.004449307452887297,
      -0.061546023935079575,
      0.0020374013110995293,
      0.9981022477149963
    ],
    [
      0.960703432559967,
      -0.24328453838825226,
      0.1336469054222107,
      0.13229744136333466,
      0.8245906233787537,
      0.5500431656837463,
      -0.24402102828025818,
      -0.5107472538948059,
      0.8243729472160339
    ],
    [
      0.9263229370117188,
      0.2376021146774292,
      0.29235413670539856,
      -0.27112987637519836,
      0.9592568278312683,
      0.07946673035621643,
      -0.26156121492385864,
      -0.1528778225183487,
      0.9530026316642761
    ],
    [
      0.9536119103431702,
      0.1785910278558731,
      0.24234195053577423,
      -0.17529883980751038,
      0.9838835000991821,
      -0.03526299446821213,
      -0.24473391473293304,
      -0.008855056017637253,
      0.969549834728241
    ],
    [
      0.9536107182502747,
      0.24527892470359802,
      -0.1745419204235077,
      -0.24043042957782745,
      0.9694420695304871,
      0.04873717576265335,
      0.18116247653961182,
      -0.004511104431003332,
      0.9834428429603577
    ],
    [
      0.9814058542251587,
      -0.19015514850616455,
      0.026143696159124374,
      0.19190692901611328,
      0.9693983197212219,
      -0.15309691429138184,
      0.0037685141433030367,
      0.1552673876285553,
      0.9878652691841125
    ],
    [
      0.8740713000297546,
      -0.20636655390262604,
      0.43978652358055115,
      0.21070291101932526,
      0.9767492413520813,
      0.039562422782182693,
      -0.4377255439758301,
      0.058083921670913696,
      0.8972305059432983
    ],
    [
      0.692487359046936,
      0.619314432144165,
      -0.37001487612724304,
      -0.6884000301361084,
      0.7206665277481079,
      -0.08212947100400925,
      0.21579334139823914,
      0.31159183382987976,
      0.925388514995575
    ],
    [
      0.6622859239578247,
      -0.7454515099525452,
      0.07536180317401886,
      0.724561333656311,
      0.6116056442260742,
      -0.31772539019584656,
      0.1907571703195572,
      0.26502928137779236,
      0.9451831579208374
    ],
    [
      0.850126326084137,
      -0.010774418711662292,
      -0.5264685750007629,
      -0.15130072832107544,
      0.9526338577270508,
      -0.2638121247291565,
      0.5043742060661316,
      0.3039287030696869,
      0.8082289695739746
    ],
    [
      -0.10482514649629593,
      0.2969829738140106,
      0.9491115808486938,
      0.24043016135692596,
      0.9336267113685608,
      -0.26558321714401245,
      -0.9649896621704102,
      0.20035526156425476,
      -0.16927123069763184
    ],
    [
      0.9949796199798584,
      -0.048523880541324615,
      0.08752688765525818,
      0.08918897062540054,
      0.8266656398773193,
      -0.5555800795555115,
      -0.04539657384157181,
      0.56059730052948,
      0.82684326171875
    ],
    [
      0.95958411693573,
      0.1659371554851532,
      0.2272954136133194,
      -0.13007307052612305,
      0.9777359962463379,
      -0.16466110944747925,
      -0.24955831468105316,
      0.12844118475914001,
      0.9598038792610168
    ],
    [
      0.9433255791664124,
      0.2575785517692566,
      -0.20926135778427124,
      -0.17995986342430115,
      0.9268187284469604,
      0.3295779526233673,
      0.2788395285606384,
      -0.2732406258583069,
      0.9206455945968628
    ],
    [
      0.7503845691680908,
      -0.5915781259536743,
      0.29488709568977356,
      0.29307976365089417,
      0.6976394057273865,
      0.653761088848114,
      -0.5924755930900574,
      -0.4041467308998108,
      0.6968774199485779
    ]
  ],
  "root_rot": [
    0.5029820203781128,
    -0.04301441088318825,
    0.8632258176803589,
    -0.06940113753080368,
    -0.9975457191467285,
    -0.009269094094634056,
    0.8615059852600098,
    -0.055246662348508835,
    -0.5047327876091003
  ],
  "root_trans": [
    -0.4058483839035034,
    0.5471360683441162,
    2.219454765319824
  ]
}