{
  "betas": [
    -0.5177960395812988,
    1.365339994430542,
    1.3256388902664185,
    0.0891980528831482,
    0.26429659128189087,
    -0.2593226134777069,
    0.290309339761734,
    0.8598175048828125,
    0.08541519194841385,
    1.0485687255859375
  ],
  "joints": [
    [
      0.9292123317718506,
      -0.3686417043209076,
      0.02583914063870907,
      0.323167622089386,
      0.8445199131965637,
      0.4270232021808624,
      -0.17924024164676666,
      -0.3884449005126953,
      0.9038713574409485
    ],
    [
      0.9482781887054443,
      0.20113109052181244,
      -0.24559056758880615,
      -0.19288872182369232,
      0.9795386791229248,
      0.05742693692445755,
      0.25211581587791443,
      -0.00708506116643548,
      0.9676710963249207
    ],
    [
      0.9957905411720276,
      -0.048508837819099426,
      0.07776916772127151,
      0.06087786331772804,
      0.9843238592147827,
      -0.16553083062171936,
      -0.06852033734321594,
      0.16956846415996552,
      0.9831334948539734
    ],
    [
      0.9907848238945007,
      0.10238444060087204,
      0.08867304027080536,
      -0.05788031965494156,
      0.9119377136230469,
      -0.40622594952583313,
      -0.12245550006628036,
      0.3973500728607178,
      0.9094600677490234
    ],
    [
      0.9993747472763062,
      -0.03390057757496834,
      0.010038278065621853,
      0.03467739373445511,
      0.884523332118988,
      -0.46520519256591797,
      0.006891634780913591,
      0.4652624726295471,
      0.8851458430290222
    ],
    [
      0.9925035238265991,
      0.09683120995759964,
      -0.07456842809915543,
      -0.09018859267234802,
      0.9920453429222107,
      0.08781810849905014,
      0.08247879892587662,
      -0.08043456077575684,
      0.9933415651321411
    ],
    [
      0.9769900441169739,
      0.11798983067274094,
      0.17767596244812012,
      -0.08117077499628067,
      0.9760504364967346,
      -0.20183376967906952,
      -0.19723504781723022,
      0.18276751041412354,
      0.9631688594818115
    ],
    [
      0.919370710849762,
      -0.16678805649280548,
      -0.3562852442264557,
      0.2589750587940216,
      0.9383447170257568,
      0.22900018095970154,
      0.2961238622665405,
      -0.3028050661087036,
      0.9058805704116821
    ],
    [
      0.994574785232544,
      0.08893263339996338,
      0.05396353453397751,
      -0.08547109365463257,
      0.9943225979804993,
      -0.06338219344615936,
      -0.05929390341043472,
      0.05842600762844086,
      0.9965293407440186
    ],
    [
      0.9550460577011108,
      -0.2964540123939514,
      0.0014425714034587145,
      0.25793492794036865,
      0.833333432674408,
      0.48890191316604614,
      -0.14613905549049377,
      -0.4665517508983612,
      0.8723376393318176
    ],
    [
      0.9114946722984314,
      0.33127477765083313,
      0.24379168450832367,
      -0.3155267536640167,
      0.9433942437171936,
      -0.10222563147544861,
      -0.2638564705848694,
      0.016255320981144905,
      0.9644249081611633
    ],
    [
      0.98460453748703,
      0.1279992014169693,
      0.11903885751962662,
      -0.10835745185613632,
      0.9813246726989746,
      -0.15893572568893433,
      -0.13715940713882446,
      0.1435900628566742,
      0.9800863862037659
    ],
    [
      0.9721060395240784,
      0.23333001136779785,
      -0.02380993403494358,
      -0.22844307124614716,
      0.9649369716644287,
      0.12926854193210602,
      0.05313732102513313,
      -0.1202235296368599,
      0.991323709487915
    ],
    [
      0.9481712579727173,
      0.24168318510055542,
      0.20630209147930145,
      -0.288412481546402,
      0.9270732998847961,
      0.23948560655117035,
      -0.13337752223014832,
      -0.2865734398365021,
      0.9487286806106567
    ],
    [
      0.8658680319786072,
      -0.0629410594701767,
      0.4962971806526184,
      0.009165874682366848,
      0.9938832521438599,
      0.11005426943302155,
      -0.5001884698867798,
      -0.09074348211288452,
      0.8611486554145813
    ],
    [
      0.7543792724609375,
      0.6017510294914246,
      -0.26231181621551514,
      -0.6510023474693298,
      0.737126350402832,
      -0.1812199354171753,
      0.08430766314268112,
      0.30747419595718384,
      0.9478141665458679
    ],
    [
      0.9361223578453064,
      0.02668033167719841,
      0.3506609797477722,
      -0.1943388283252716,
      0.8702844977378845,
      0.4525894522666931,
      -0.29309964179992676,
      -0.4918261468410492,
      0.8198778033256531
    ],
    [
      0.7434528470039368,
      -0.12933863699436188,
      -0.6561625599861145,
      -0.1407163143157959,
      0.9289067983627319,
      -0.3425362706184387,
      0.6538170576095581,
      0.3469923436641693,
      0.6723983287811279
    ],
    [
      -0.3177894651889801,
      -0.06193073093891144,
      0.9461365938186646,
      -0.6269474029541016,
      0.7623112201690674,
      -0.16068163514137268,
      -0.711299479007721,
      -0.6442407369613647,
      -0.28108179569244385
    ],
    [
      0.9972877502441406,
      -0.01406217459589243,
      0.07224475592374802,
      0.050344422459602356,
      0.8463583588600159,
      -0.5302290916442871,
      -0.05368880182504654,
      0.5324281454086304,
      0.8447707891464233
    ],
    [
      0.8162544369697571,
      0.5748178362846375,
      -0.05755915120244026,
      -0.5555936098098755,
      0.7538285851478577,
      -0.3507964015007019,
      -0.15825434029102325,
      0.318318635225296,
      0.9346810579299927
    ],
    [
      0.9422975778579712,
      0.23770713806152344,
      -0.23573413491249084,
      -0.18530504405498505,
      0.9567912817001343,
      0.22408129274845123,
      0.2788141071796417,
      -0.16746853291988373,
      0.9456304311752319
    ],
    [
      0.9426422119140625,
      -0.25392961502075195,
      0.21666884422302246,
      0.20803146064281464,
      0.9545146226882935,
      0.213599294424057,
      -0.26105278730392456,
      -0.1562737673521042,
      0.9525911211967468
    ]
  ],
  "root_rot": [
    -0.5258431434631348,
    0.03621773421764374,
    -0.8498101234436035,
    0.09288237988948822,
    -0.9906734228134155,
    -0.0996946319937706,
    -0.8454950451850891,
    -0.1313561201095581,
    0.5175748467445374
  ],
  "root_trans": [
    0.3910394012928009,
    0.48077261447906494,
    2.8627026081085205
  ]
}