{
  "betas": [
    -0.7639773488044739,
    0.7906434535980225,
    1.4954825639724731,
    0.5135622620582581,
    0.3434089422225952,
    -0.04714030772447586,
    -0.22296321392059326,
    0.3034607172012329,
    0.10985659807920456,
    0.7903066873550415
  ],
  "joints": [
    [
      0.9789949059486389,
      -0.1964883804321289,
      -0.05441712960600853,
      0.20363233983516693,
      0.9290427565574646,
      0.3088904917240143,
      -0.010137547738850117,
      -0.313483327627182,
      0.9495395421981812
    ],
    [
      0.9812639355659485,
      0.07757856696844101,
      -0.17635954916477203,
      -0.07946943491697311,
      0.9968305230140686,
      -0.0036732074804604053,
      0.17551562190055847,
      0.017619580030441284,
      0.9843189716339111
    ],
    [
      0.993401050567627,
      0.018055731430649757,
      0.11326229572296143,
      -0.0058792391791939735,
      0.9942489266395569,
      -0.10693278908729553,
      -0.11454164981842041,
      0.10556124895811081,
      0.9877941012382507
    ],
    [
      0.9984692335128784,
      0.0336880125105381,
      0.04386551305651665,
      -0.026126185432076454,
      0.9863151907920837,
      -0.1627873182296753,
      -0.04874919727444649,
      0.16139210760593414,
      0.9856855273246765
    ],
    [
      0.9970787763595581,
      -0.07573840022087097,
      0.00988171435892582,
      0.07636522501707077,
      0.9859315156936646,
      -0.14868512749671936,
      0.0015184793155640364,
      0.14900539815425873,
      0.9888351559638977
    ],
    [
      0.9876428842544556,
      0.014314268715679646,
      -0.1560656875371933,
      -0.022303082048892975,
      0.998522162437439,
      -0.049558501690626144,
      0.1551256626844406,
      0.05242685601115227,
      0.9865025877952576
    ],
    [
      0.9879498481750488,
      0.09689728170633316,
      0.12068987637758255,
      -0.07432758063077927,
      0.9810051321983337,
      -0.17917673289775848,
      -0.1357591301202774,
      0.16804704070091248,
      0.9763860106468201
    ],
    [
      0.9675948619842529,
      -0.12409665435552597,
      -0.2199094146490097,
      0.1508980691432953,
      0.9824620485305786,
      0.10953570902347565,
      0.20245963335037231,
      -0.1391700953245163,
      0.9693511724472046
    ],
    [
      0.9967199563980103,
      0.04435579478740692,
      0.06768971681594849,
      -0.04412341117858887,
      0.9990139603614807,
      -0.004925112705677748,
      -0.06784142553806305,
      0.0019222572445869446,
      0.9976942539215088
    ],
    [
      0.961316704750061,
      -0.2581402063369751,
      0.09609240293502808,
      0.151232048869133,
      0.7862229347229004,
      0.5991512537002563,
      -0.23021511733531952,
      -0.5614418983459473,
      0.7948483228683472
    ],
    [
      0.9211478233337402,
      0.22575335204601288,
      0.3170521557331085,
      -0.2615968883037567,
      0.9622699618339539,
      0.07485756278038025,
      -0.28819039463996887,
      -0.1518947333097458,
      0.9454492330551147
    ],
    [
      0.9547258019447327,
      0.18733307719230652,
      0.2310953289270401,
      -0.18566633760929108,
      0.982180655002594,
      -0.029141513630747795,
      -0.23243652284145355,
      -0.015084472484886646,
      0.9724946618080139
    ],
    [
      0.9569531679153442,
      0.2435416579246521,
      -0.15788625180721283,
      -0.23793132603168488,
      0.969790518283844,
      0.05380616337060928,
      0.16622062027454376,
      -0.01392389740794897,
      0.9859902858734131
    ],
    [
      0.9785407185554504,
      -0.20444904267787933,
      0.02566513977944851,
      0.20599597692489624,
      0.9677021503448486,
      -0.14532141387462616,
      0.004874611273407936,
      0.14748983085155487,
      0.9890516400337219
    ],
    [
      0.8822706341743469,
      -0.2275601178407669,
      0.41208600997924805,
      0.223532572388649,
      0.9729281663894653,
      0.05868532136082649,
      -0.41428452730178833,
      0.040338318794965744,
      0.9092530608177185
    ],
    [
      0.6858062744140625,
      0.6148372292518616,
      -0.3894161880016327,
      -0.6936948299407959,
      0.7140770554542542,
      -0.09424128383398056,
      0.22013013064861298,
      0.33476725220680237,
      0.9162279367446899
    ],
    [
      0.6811374425888062,
      -0.7291677594184875,
      0.06607603281736374,
      0.7056455016136169,
      0.6297305822372437,
      -0.32481351494789124,
      0.19523344933986664,
      0.26786893606185913,
      0.9434670209884644
    ],
    [
      0.7212729454040527,
      -0.07192602008581161,
      -0.6889063715934753,
      -0.15039846301078796,
      0.954601526260376,
      -0.25713077187538147,
      0.6761254668235779,
      0.2890719175338745,
      0.6777107119560242
    ],
    [
      -0.11939641833305359,
      0.29757946729660034,
      0.947201669216156,
      0.2378544807434082,
      0.9348176121711731,
      -0.26370683312416077,
      -0.9639345407485962,
      0.19381050765514374,
      -0.18239448964595795
    ],
    [
      0.9929317831993103,
      -0.0935513824224472,
      0.0730380266904831,
      0.11819248646497726,
      0.8354684710502625,
      -0.5366775989532471,
      -0.01081406231969595,
      0.5415168404579163,
      0.8406202793121338
    ],
    [
      0.9579981565475464,
      0.18158496916294098,
      0.22196032106876373,
      -0.14101028442382812,
      0.972231388092041,
      -0.18676763772964478,
      -0.24971099197864532,
      0.14762437343597412,
      0.9570012092590332
    ],
    [
      0.9415844082832336,
      0.2416912019252777,
      -0.23452970385551453,
      -0.15544503927230835,
      0.9296728372573853,
      0.333983838558197,
      0.298756867647171,
      -0.27801749110221863,
      0.9129351377487183
    ],
    [
      0.7731875777244568,
      -0.5574030876159668,
      0.3024611473083496,
      0.2896901071071625,
      0.7346992492675781,
      0.6134302020072937,
      -0.5641458630561829,
      -0.3866766393184662,
      0.7295345067977905
    ]
  ],
  "root_rot": [
    0.5057168006896973,
    -0.05407324805855751,
    0.8610032796859741,
    -0.06891175359487534,
    -0.997376561164856,
    -0.02216201089322567,
    0.8599429130554199,
    -0.04812554270029068,
    -0.5081163644790649
  ],
  "root_trans": [
    -0.40962716937065125,
    0.5520272254943848,
    2.2382636070251465
  ]
}