{
  "betas": [
    -0.7833736538887024,
    1.205159306526184,
    1.0605099201202393,
    0.015848308801651,
    -0.27096349000930786,
    -0.07061081379652023,
    0.057214319705963135,
    0.819054365158081,
    0.11121714860200882,
    0.861075222492218
  ],
  "joints": [
    [
      0.9464426636695862,
      -0.3223060071468353,
      0.019108502194285393,
      0.29826992750167847,
      0.8954529166221619,
      0.3304530084133148,
      -0.1236177459359169,
      -0.3070553243160248,
      0.9436290264129639
    ],
    [
      0.9624193906784058,
      0.18765610456466675,
      -0.19630084931850433,
      -0.19448943436145782,
      0.9807748794555664,
      -0.01595526561141014,
      0.1895328313112259,
      0.05353410169482231,
      0.9804139137268066
    ],
    [
      0.9957765340805054,
      -0.05006203055381775,
      0.0769597589969635,
      0.059961795806884766,
      0.9894026517868042,
      -0.13223862648010254,
      -0.06952404975891113,
      0.13629476726055145,
      0.9882257580757141
    ],
    [
      0.992601215839386,
      0.021259035915136337,
      0.11954469978809357,
      0.007984638214111328,
      0.9709933400154114,
      -0.23897303640842438,
      -0.1211574524641037,
      0.2381594330072403,
      0.9636394381523132
    ],
    [
      0.9981332421302795,
      -0.052224136888980865,
      0.03166331350803375,
      0.05659641698002815,
      0.9857841730117798,
      -0.15819738805294037,
      -0.02295147255063057,
      0.1596941202878952,
      0.9868996739387512
    ],
    [
      0.9946213960647583,
      0.00552709586918354,
      -0.10342981666326523,
      -0.002151076914742589,
      0.9994621276855469,
      0.03272375091910362,
      0.10355505347251892,
      -0.03232525661587715,
      0.9940983057022095
    ],
    [
      0.9588882923126221,
      0.2587231993675232,
      0.11660025268793106,
      -0.2246207743883133,
      0.9430591464042664,
      -0.24532604217529297,
      -0.17343248426914215,
      0.20904941856861115,
      0.9624029994010925
    ],
    [
      0.9448012709617615,
      -0.2801252603530884,
      -0.16994258761405945,
      0.2970438003540039,
      0.9512057304382324,
      0.08350232243537903,
      0.13825926184654236,
      -0.1293734908103943,
      0.9819098711013794
    ],
    [
      0.9996658563613892,
      -0.008586054667830467,
      0.024381469935178757,
      0.00991081353276968,
      0.9984512329101562,
      -0.05474429205060005,
      -0.023873671889305115,
      0.05496763810515404,
      0.9982026815414429
    ],
    [
      0.8978999853134155,
      -0.4399026930332184,
      -0.016161207109689713,
      0.38634803891181946,
      0.7699292302131653,
      0.5078821182250977,
      -0.2109757363796234,
      -0.46227124333381653,
      0.8612749576568604
    ],
    [
      0.9015389084815979,
      0.3357182741165161,
      0.2729851305484772,
      -0.2536476254463196,
      0.9211607575416565,
      -0.29517093300819397,
      -0.350557416677475,
      0.19686603546142578,
      0.9156163930892944
    ],
    [
      0.9986316561698914,
      0.052293822169303894,
      -0.00036344004911370575,
      -0.052233051508665085,
      0.9970847964286804,
      -0.05562162771821022,
      -0.002546286443248391,
      0.055564504116773605,
      0.9984518885612488
    ],
    [
      0.9823825359344482,
      0.08290443569421768,
      -0.16748596727848053,
      -0.058600667864084244,
      0.987669825553894,
      0.14517001807689667,
      0.1774560511112213,
      -0.13279768824577332,
      0.9751278162002563
    ],
    [
      0.9181777834892273,
      -0.08879248797893524,
      0.386089950799942,
      0.015329847112298012,
      0.9817928671836853,
      0.1893349140882492,
      -0.3958719074726105,
      -0.1679244041442871,
      0.9028216004371643
    ],
    [
      0.9631569385528564,
      0.06295901536941528,
      0.2614668309688568,
      -0.04985750466585159,
      0.9971597790718079,
      -0.05644921213388443,
      -0.26427820324897766,
      0.041333362460136414,
      0.9635603427886963
    ],
    [
      0.7160732746124268,
      0.5648291707038879,
      -0.4101305305957794,
      -0.6332913041114807,
      0.7728053331375122,
      -0.04140125587582588,
      0.29356643557548523,
      0.28937840461730957,
      0.9110866189002991
    ],
    [
      0.483768105506897,
      -0.6229270100593567,
      0.6147603988647461,
      0.5357951521873474,
      0.7662060856819153,
      0.3547559082508087,
      -0.6920202374458313,
      0.15776607394218445,
      0.7044273614883423
    ],
    [
      0.48677319288253784,
      -0.19192461669445038,
      -0.8521835207939148,
      -0.13103610277175903,
      0.9484827518463135,
      -0.2884613871574402,
      0.8636442422866821,
      0.25208207964897156,
      0.4365469217300415
    ],
    [
      -0.627412736415863,
      0.19679991900920868,
      0.7534077167510986,
      -0.26017701625823975,
      0.8589501976966858,
      -0.44103574752807617,
      -0.7339354753494263,
      -0.4727307856082916,
      -0.487713485956192
    ],
    [
      0.982039213180542,
      -0.07164382934570312,
      0.174545556306839,
      0.13653087615966797,
      0.908338725566864,
      -0.3953225314617157,
      -0.1302240937948227,
      0.41205310821533203,
      0.9018058180809021
    ],
    [
      0.8589855432510376,
      0.5012491941452026,
      -0.10437031835317612,
      -0.5114932656288147,
      0.8491833806037903,
      -0.13138633966445923,
      0.022772235795855522,
      0.16624365746974945,
      0.9858218431472778
    ],
    [
      0.8762321472167969,
      0.2556447684764862,
      -0.4084886908531189,
      -0.1512366682291031,
      0.9507406949996948,
      0.27059122920036316,
      0.4575420618057251,
      -0.1753222495317459,
      0.8717324137687683
    ],
    [
      0.9168842434883118,
      -0.3553585410118103,
      0.18177905678749084,
      0.20728185772895813,
      0.813089907169342,
      0.5439844131469727,
      -0.3411121964454651,
      -0.46109122037887573,
      0.8191686868667603
    ]
  ],
  "root_rot": [
    -0.17409810423851013,
    0.052535444498062134,
    -0.9833259582519531,
    0.11531620472669601,
    -0.9906176328659058,
    -0.07334177196025848,
    -0.9779529571533203,
    -0.1261620819568634,
    0.16640646755695343
  ],
  "root_trans": [
    0.516822099685669,
    0.4709020256996155,
    2.7012782096862793
  ]
}