{
  "betas": [
    -0.7055982947349548,
    0.7355722188949585,
    1.4155733585357666,
    0.5662161707878113,
    0.37304461002349854,
    -0.13599622249603271,
    -0.2667175531387329,
    0.32290077209472656,
    0.09534228593111038,
    0.7444645166397095
  ],
  "joints": [
    [
      0.9708887934684753,
      -0.2310289591550827,
      -0.063249871134758,
      0.23814232647418976,
      0.9026127457618713,
      0.35857847332954407,
      -0.025751877576112747,
      -0.363202303647995,
      0.9313543438911438
    ],
    [
      0.9791707992553711,
      0.11038319021463394,
      -0.1704118251800537,
      -0.10121901333332062,
      0.9929561614990234,
      0.06158600375056267,
      0.17600952088832855,
      -0.04305429756641388,
      0.9834465384483337
    ],
    [
      0.9943816065788269,
      0.02155749686062336,
      0.10363541543483734,
      -0.006582148373126984,
      0.9897407293319702,
      -0.14272300899028778,
      -0.1056489497423172,
      0.1412390172481537,
      0.9843218922615051
    ],
    [
      0.9961408972740173,
      0.0742167979478836,
      0.046853840351104736,
      -0.05837954580783844,
      0.9588906168937683,
      -0.2777060568332672,
      -0.06553817540407181,
      0.27389901876449585,
      0.9595229029655457
    ],
    [
      0.9976176619529724,
      -0.06828225404024124,
      0.009823906235396862,
      0.06872746348381042,
      0.971458375453949,
      -0.22703582048416138,
      0.00595899997279048,
      0.22717012465000153,
      0.9738368988037109
    ],
    [
      0.9874337315559387,
      0.01638813130557537,
      -0.15718171000480652,
      -0.025533007457852364,
      0.9980852603912354,
      -0.05633861944079399,
      0.1559574455022812,
      0.05964397266507149,
      0.9859614968299866
    ],
    [
      0.9898369908332825,
      0.08658050745725632,
      0.11281207948923111,
      -0.0660632848739624,
      0.9824628829956055,
      -0.17436298727989197,
      -0.12593010067939758,
      0.16513819992542267,
      0.9781978726387024
    ],
    [
      0.9611844420433044,
      -0.08085055649280548,
      -0.2637944221496582,
      0.12726449966430664,
      0.9782346487045288,
      0.1638919711112976,
      0.2448021024465561,
      -0.19110210239887238,
      0.9505533576011658
    ],
    [
      0.9967851042747498,
      0.04723343998193741,
      0.0647180825471878,
      -0.047486159950494766,
      0.9988691210746765,
      0.0023714397102594376,
      -0.06453287601470947,
      -0.005437029059976339,
      0.9979007840156555
    ],
    [
      0.9693416953086853,
      -0.23486647009849548,
      0.07221100479364395,
      0.141250878572464,
      0.7730914950370789,
      0.618367075920105,
      -0.20105938613414764,
      -0.5892090797424316,
      0.7825649380683899
    ],
    [
      0.914993166923523,
      0.20368094742298126,
      0.3482837677001953,
      -0.23126021027565002,
      0.9721077680587769,
      0.03905347362160683,
      -0.33061492443084717,
      -0.11627784371376038,
      0.9365752339363098
    ],
    [
      0.952305018901825,
      0.19182150065898895,
      0.2373175173997879,
      -0.1962083876132965,
      0.9805482625961304,
      -0.005225162021815777,
      -0.2337035983800888,
      -0.04158774018287659,
      0.971418023109436
    ],
    [
      0.9515270590782166,
      0.25985729694366455,
      -0.1645309031009674,
      -0.2547958493232727,
      0.9656208157539368,
      0.05153130739927292,
      0.17226524651050568,
      -0.007111647166311741,
      0.9850248694419861
    ],
    [
      0.9662225842475891,
      -0.25381797552108765,
      0.044612783938646317,
      0.25762197375297546,
      0.9558091759681702,
      -0.14163249731063843,
      -0.006692430470138788,
      0.14834176003932953,
      0.9889134764671326
    ],
    [
      0.8850393295288086,
      -0.2390415370464325,
      0.39945530891418457,
      0.23243354260921478,
      0.9703896641731262,
      0.0657159611582756,
      -0.40333613753318787,
      0.03468560799956322,
      0.9143942594528198
    ],
    [
      0.714325487613678,
      0.5824881196022034,
      -0.38787469267845154,
      -0.6680703163146973,
      0.7326331734657288,
      -0.13011831045150757,
      0.20837748050689697,
      0.35207438468933105,
      0.9124815464019775
    ],
    [
      0.7209280729293823,
      -0.691556453704834,
      0.04485858231782913,
      0.6651496291160583,
      0.6723252534866333,
      -0.3248918950557709,
      0.19452156126499176,
      0.2640613913536072,
      0.9446866512298584
    ],
    [
      0.5274857878684998,
      -0.12945856153964996,
      -0.8396422863006592,
      -0.14621472358703613,
      0.9597405791282654,
      -0.23983168601989746,
      0.8368870615959167,
      0.24927587807178497,
      0.48732078075408936
    ],
    [
      -0.14577904343605042,
      0.28484323620796204,
      0.9474242925643921,
      0.2202022820711136,
      0.9429736733436584,
      -0.2496229112148285,
      -0.9644995927810669,
      0.17223519086837769,
      -0.20018893480300903
    ],
    [
      0.9924270510673523,
      -0.10335513949394226,
      0.06637949496507645,
      0.1228342354297638,
      0.8373338580131531,
      -0.5327136516571045,
      -0.0005230974638834596,
      0.5368331074714661,
      0.8436883091926575
    ],
    [
      0.9612631797790527,
      0.1703743189573288,
      0.21666944026947021,
      -0.12367188185453415,
      0.9691123962402344,
      -0.21336941421031952,
      -0.24632969498634338,
      0.17830824851989746,
      0.952642560005188
    ],
    [
      0.9454063177108765,
      0.2026827484369278,
      -0.25519928336143494,
      -0.114833764731884,
      0.9400318264961243,
      0.321175217628479,
      0.30499207973480225,
      -0.2743355631828308,
      0.9119868278503418
    ],
    [
      0.8322321772575378,
      -0.44817915558815,
      0.3263818323612213,
      0.24785062670707703,
      0.8273292779922485,
      0.5040797591209412,
      -0.4959432780742645,
      -0.3386174440383911,
      0.799611508846283
    ]
  ],
  "root_rot": [
    0.5058716535568237,
    -0.06354055553674698,
    0.86026531457901,
    -0.06753860414028168,
    -0.9971393942832947,
    -0.033934786915779114,
    0.859960675239563,
    -0.040934473276138306,
    -0.5087159872055054
  ],
  "root_trans": [
    -0.4176304340362549,
    0.5575568675994873,
    2.2805049419403076
  ]
}