{
  "betas": [
    -0.8360757231712341,
    1.4468499422073364,
    1.367573857307434,
    -0.07682675123214722,
    -0.3222803473472595,
    -0.06120743602514267,
    0.26632532477378845,
    0.8790779709815979,
    0.1847897619009018,
    1.1825299263000488
  ],
  "joints": [
    [
      0.944591224193573,
      -0.3263877332210541,
      0.034904927015304565,
      0.29406577348709106,
      0.8886745572090149,
      0.3518277704715729,
      -0.14585140347480774,
      -0.32206910848617554,
      0.935413658618927
    ],
    [
      0.9740344285964966,
      0.14742903411388397,
      -0.17181842029094696,
      -0.15014471113681793,
      0.9886599779129028,
      -0.0028458209708333015,
      0.16945041716098785,
      0.028569556772708893,
      0.9851245284080505
    ],
    [
      0.9975443482398987,
      -0.023971635848283768,
      0.06580805778503418,
      0.03227122873067856,
      0.9912351965904236,
      -0.12810662388801575,
      -0.06216033920645714,
      0.1299157440662384,
      0.989574670791626
    ],
    [
      0.9906838536262512,
      0.024662144482135773,
      0.13393035531044006,
      0.00975660141557455,
      0.9680843949317932,
      -0.25043442845344543,
      -0.13583214581012726,
      0.2494080364704132,
      0.9588249325752258
    ],
    [
      0.9991867542266846,
      -0.019415296614170074,
      0.03533695265650749,
      0.025501785799860954,
      0.9831705093383789,
      -0.18090173602104187,
      -0.031229987740516663,
      0.18165580928325653,
      0.9828660488128662
    ],
    [
      0.9909093976020813,
      -0.013334184885025024,
      -0.13386836647987366,
      0.023173615336418152,
      0.9971199035644531,
      0.07221400737762451,
      0.1325199007987976,
      -0.07465975731611252,
      0.9883644580841064
    ],
    [
      0.9586133360862732,
      0.2131459265947342,
      0.18875768780708313,
      -0.16442303359508514,
      0.9556970596313477,
      -0.24414782226085663,
      -0.23243427276611328,
      0.20300720632076263,
      0.9511900544166565
    ],
    [
      0.9233270883560181,
      -0.3118695914745331,
      -0.22406338155269623,
      0.3336615562438965,
      0.9403746128082275,
      0.06607295572757721,
      0.19009734690189362,
      -0.13576829433441162,
      0.972332239151001
    ],
    [
      0.9999862313270569,
      -0.005244142841547728,
      -6.300422228378011e-06,
      0.0052179088816046715,
      0.9951031804084778,
      -0.0987040176987648,
      0.0005238871090114117,
      0.09870262444019318,
      0.9951168298721313
    ],
    [
      0.9484788775444031,
      -0.31650078296661377,
      0.014663534238934517,
      0.2642787992954254,
      0.8158138990402222,
      0.5143970251083374,
      -0.17476977407932281,
      -0.4840194582939148,
      0.8574267029762268
    ],
    [
      0.8771278858184814,
      0.3727571666240692,
      0.3028181195259094,
      -0.2890336811542511,
      0.9132815003395081,
      -0.2870129346847534,
      -0.38354429602622986,
      0.16422240436077118,
      0.9088040590286255
    ],
    [
      0.9928098320960999,
      0.09250020980834961,
      0.07597599178552628,
      -0.0886618047952652,
      0.994680643081665,
      -0.05243576318025589,
      -0.08042217046022415,
      0.04532257094979286,
      0.9957299828529358
    ],
    [
      0.9139727354049683,
      -0.14124563336372375,
      -0.38039907813072205,
      0.2193567305803299,
      0.9606596231460571,
      0.17033974826335907,
      0.34137430787086487,
      -0.239128977060318,
      0.9089998602867126
    ],
    [
      0.9086899757385254,
      0.004342985339462757,
      0.41744887828826904,
      -0.09875796735286713,
      0.973800003528595,
      0.2048422396183014,
      -0.40562212467193604,
      -0.22736451029777527,
      0.8853111863136292
    ],
    [
      0.9712644219398499,
      -0.00010170008317800239,
      0.23800283670425415,
      0.013632546178996563,
      0.9983819127082825,
      -0.05520634725689888,
      -0.23761211335659027,
      0.05686454847455025,
      0.969694197177887
    ],
    [
      0.7464615702629089,
      0.41550326347351074,
      -0.5197615623474121,
      -0.4655148684978485,
      0.8842111825942993,
      0.03829393908381462,
      0.4754903018474579,
      0.21337178349494934,
      0.8534526228904724
    ],
    [
      0.561371386051178,
      -0.621355414390564,
      0.5466073751449585,
      0.49086061120033264,
      0.7817729115486145,
      0.3845607340335846,
      -0.6662717461585999,
      0.05242663249373436,
      0.7438638210296631
    ],
    [
      -0.1988229751586914,
      -0.26100143790245056,
      -0.944641649723053,
      -0.29071903228759766,
      0.9362068772315979,
      -0.19748204946517944,
      0.9359230995178223,
      0.235361248254776,
      -0.26201751828193665
    ],
    [
      -0.7543815970420837,
      0.12696415185928345,
      0.6440407633781433,
      -0.2852337956428528,
      0.8202559351921082,
      -0.4958043396472931,
      -0.5912275314331055,
      -0.5577278733253479,
      -0.5825715065002441
    ],
    [
      0.9975929260253906,
      0.010202547535300255,
      0.06858764588832855,
      0.012872645631432533,
      0.9446759819984436,
      -0.32775235176086426,
      -0.06813701242208481,
      0.32784631848335266,
      0.9422707557678223
    ],
    [
      0.9048205614089966,
      0.4184269607067108,
      -0.07885834574699402,
      -0.42574983835220337,
      0.8917149901390076,
      -0.15356232225894928,
      0.00606456259265542,
      0.17252027988433838,
      0.9849872589111328
    ],
    [
      0.8722820281982422,
      0.32303643226623535,
      -0.3671123683452606,
      -0.1890127956867218,
      0.915116548538208,
      0.3561401963233948,
      0.45099687576293945,
      -0.24126575887203217,
      0.8592977523803711
    ],
    [
      0.9168745279312134,
      -0.2968232333660126,
      0.2669025659561157,
      0.17712323367595673,
      0.9017277359962463,
      0.39435309171676636,
      -0.3577266037464142,
      -0.3142976760864258,
      0.8793454766273499
    ]
  ],
  "root_rot": [
    -0.18146991729736328,
    0.030124474316835403,
    -0.9829350709915161,
    0.15340039134025574,
    -0.986427903175354,
    -0.05855238065123558,
    -0.9713583588600159,
    -0.16140812635421753,
    0.1743858903646469
  ],
  "root_trans": [
    0.5071206092834473,
    0.4676722288131714,
    2.6836330890655518
  ]
}