{
  "betas": [
    -0.7731403708457947,
    1.1168010234832764,
    1.2859382629394531,
    -0.10111495852470398,
    -0.2140485644340515,
    0.0039614103734493256,
    0.23643052577972412,
    0.5262553691864014,
    0.021039903163909912,
    0.45250433683395386
  ],
  "joints": [
    [
      0.9344371557235718,
      -0.34619638323783875,
      -0.08351790904998779,
      0.34980008006095886,
      0.8482240438461304,
      0.3976881504058838,
      -0.06683631241321564,
      -0.40082916617393494,
      0.9137116074562073
    ],
    [
      0.8515394330024719,
      0.45242995023727417,
      -0.264929860830307,
      -0.4311397969722748,
      0.8917961716651917,
      0.13717901706695557,
      0.29832732677459717,
      -0.002591537544503808,
      0.9544601440429688
    ],
    [
      0.9884217381477356,
      -0.023504097014665604,
      0.14989975094795227,
      0.054105184972286224,
      0.9775830507278442,
      -0.2034795582294464,
      -0.14175686240196228,
      0.20923399925231934,
      0.9675360321998596
    ],
    [
      0.9954758882522583,
      0.09292390197515488,
      0.019824353978037834,
      -0.07162713259458542,
      0.871012806892395,
      -0.48601052165031433,
      -0.062429267913103104,
      0.48239174485206604,
      0.8737280964851379
    ],
    [
      0.9997645020484924,
      -0.020710276439785957,
      0.006474883295595646,
      0.021532922983169556,
      0.9100911617279053,
      -0.413848340511322,
      0.002678177785128355,
      0.41389036178588867,
      0.9103227853775024
    ],
    [
      0.9988997578620911,
      0.025045160204172134,
      -0.039648693054914474,
      -0.02424618788063526,
      0.9994956851005554,
      0.020505458116531372,
      0.04014226049184799,
      -0.019521566107869148,
      0.9990032315254211
    ],
    [
      0.995745837688446,
      0.0845550149679184,
      0.036616500467061996,
      -0.08477068692445755,
      0.9963908195495605,
      0.004375252407044172,
      -0.036114402115345,
      -0.007460645399987698,
      0.9993197917938232
    ],
    [
      0.8307945728302002,
      -0.32609793543815613,
      -0.4510437250137329,
      0.33080512285232544,
      0.9410226345062256,
      -0.0710228905081749,
      0.4476028084754944,
      -0.09020215272903442,
      0.8896713852882385
    ],
    [
      0.9865461587905884,
      0.0015859386185184121,
      0.1634753793478012,
      0.002690966473892331,
      0.9996598958969116,
      -0.02593761309981346,
      -0.16346094012260437,
      0.026028558611869812,
      0.9862063527107239
    ],
    [
      0.917166531085968,
      -0.3984456956386566,
      0.006825463380664587,
      0.30587852001190186,
      0.7148616313934326,
      0.6288173198699951,
      -0.2554287910461426,
      -0.5746424198150635,
      0.7775231599807739
    ],
    [
      0.8641465902328491,
      0.3071732819080353,
      0.3986166715621948,
      -0.2319367229938507,
      0.9460591077804565,
      -0.22622431814670563,
      -0.44660505652427673,
      0.10303711891174316,
      0.8887785077095032
    ],
    [
      0.9856958389282227,
      0.11235056817531586,
      -0.12562254071235657,
      -0.11564255505800247,
      0.9931051731109619,
      -0.019203975796699524,
      0.12259882688522339,
      0.03345659375190735,
      0.9918921589851379
    ],
    [
      0.9407545924186707,
      0.06134352087974548,
      -0.3334932029247284,
      0.053868237882852554,
      0.9439738392829895,
      0.3255942463874817,
      0.3347819447517395,
      -0.32426899671554565,
      0.8847432732582092
    ],
    [
      0.769077718257904,
      -0.3157610595226288,
      0.5557107329368591,
      0.30452021956443787,
      0.9454441666603088,
      0.11577019840478897,
      -0.5619491934776306,
      0.08018887042999268,
      0.8232756853103638
    ],
    [
      0.9934337735176086,
      0.011414054781198502,
      0.1138373389840126,
      -0.0035248526837676764,
      0.9975920915603638,
      -0.06926429271697998,
      -0.11435382068157196,
      0.06840823590755463,
      0.9910818934440613
    ],
    [
      0.44275274872779846,
      0.5475128293037415,
      -0.7100702524185181,
      -0.607071042060852,
      0.7658485770225525,
      0.21199236810207367,
      0.6598747372627258,
      0.33720293641090393,
      0.671460747718811
    ],
    [
      0.48367181420326233,
      -0.6577164530754089,
      0.5774692296981812,
      0.7247990369796753,
      0.6708363890647888,
      0.15698708593845367,
      -0.4906403124332428,
      0.3426189124584198,
      0.801176905632019
    ],
    [
      -0.42532894015312195,
      -0.3625909388065338,
      -0.8292304873466492,
      0.15583093464374542,
      0.8732136487960815,
      -0.46175190806388855,
      0.8915222883224487,
      -0.3256162106990814,
      -0.31490015983581543
    ],
    [
      0.8978549838066101,
      -0.029313134029507637,
      0.43931448459625244,
      0.17041176557540894,
      0.9431517124176025,
      -0.28534987568855286,
      -0.4059757888317108,
      0.33106717467308044,
      0.8518087863922119
    ],
    [
      0.8734951019287109,
      -0.37828943133354187,
      0.30643659830093384,
      0.46952372789382935,
      0.8209620714187622,
      -0.32491350173950195,
      -0.12866146862506866,
      0.4276896119117737,
      0.8947222232818604
    ],
    [
      0.889069139957428,
      0.27085188031196594,
      -0.3690463900566101,
      -0.43890783190727234,
      0.7334089875221252,
      -0.5191059708595276,
      0.13006116449832916,
      0.6234984993934631,
      0.770930290222168
    ],
    [
      0.9265313148498535,
      0.1751081347465515,
      -0.33298176527023315,
      -0.12696020305156708,
      0.9786882400512695,
      0.16140124201774597,
      0.3541480302810669,
      -0.10726787149906158,
      0.9290170669555664
    ],
    [
      0.9713997840881348,
      -0.12065380811691284,
      0.20451171696186066,
      0.0820038691163063,
      0.9787548780441284,
      0.18792061507701874,
      -0.22284018993377686,
      -0.16577529907226562,
      0.9606563448905945
    ]
  ],
  "root_rot": [
    -0.30153682827949524,
    0.014575664885342121,
    -0.9533431529998779,
    0.10841143131256104,
    -0.9928744435310364,
    -0.0494699589908123,
    -0.9472711086273193,
    -0.11827030032873154,
    0.29780805110931396
  ],
  "root_trans": [
    0.30740097165107727,
    0.5324983596801758,
    2.554232120513916
  ]
}