{
  "betas": [
    -0.8016696572303772,
    1.124703049659729,
    1.5363645553588867,
    -0.12326648831367493,
    -0.3158395290374756,
    0.06758899986743927,
    0.261358380317688,
    0.4370655417442322,
    0.010893836617469788,
    0.2829141914844513
  ],
  "joints": [
    [
      0.937537431716919,
      -0.3324532210826874,
      -0.10246176272630692,
      0.343238890171051,
      0.8360151052474976,
      0.42809557914733887,
      -0.05666216462850571,
      -0.43652451038360596,
      0.8979063034057617
    ],
    [
      0.8524489998817444,
      0.4398725628852844,
      -0.2825649380683899,
      -0.416535884141922,
      0.8980557322502136,
      0.1413993537425995,
      0.3159567713737488,
      -0.0028372814413160086,
      0.9487694501876831
    ],
    [
      0.986540675163269,
      -0.019257677718997,
      0.16237837076187134,
      0.055669501423835754,
      0.973274290561676,
      -0.22279579937458038,
      -0.15374816954135895,
      0.22883661091327667,
      0.9612467288970947
    ],
    [
      0.9945322275161743,
      0.09800169616937637,
      0.03607408329844475,
      -0.06529558449983597,
      0.8531438112258911,
      -0.517573356628418,
      -0.08149944990873337,
      0.5123878717422485,
      0.8548780679702759
    ],
    [
      0.9990745186805725,
      -0.03996509686112404,
      -0.015900610014796257,
      0.029404614120721817,
      0.9044189453125,
      -0.42563095688819885,
      0.0313911959528923,
      0.4247695207595825,
      0.9047570824623108
    ],
    [
      0.9993040561676025,
      0.014205029234290123,
      -0.03448903188109398,
      -0.012652414850890636,
      0.9989146590232849,
      0.04482576251029968,
      0.03508835285902023,
      -0.04435820132493973,
      0.9983991980552673
    ],
    [
      0.9987079501152039,
      0.04758545011281967,
      0.017837660387158394,
      -0.047677285969257355,
      0.998851478099823,
      0.0047603691928088665,
      -0.01759064942598343,
      -0.005604669451713562,
      0.9998296499252319
    ],
    [
      0.8297833204269409,
      -0.31864258646965027,
      -0.4581772983074188,
      0.30556225776672363,
      0.9463890194892883,
      -0.1047833263874054,
      0.46700239181518555,
      -0.053054243326187134,
      0.8826629519462585
    ],
    [
      0.9847797155380249,
      0.0015671808505430818,
      0.17380006611347198,
      0.008574635721743107,
      0.9983036518096924,
      -0.0575871467590332,
      -0.17359548807144165,
      0.05820092558860779,
      0.9830957651138306
    ],
    [
      0.9375432133674622,
      -0.34526413679122925,
      0.04249028116464615,
      0.24381384253501892,
      0.7393071055412292,
      0.6276781558990479,
      -0.24812810122966766,
      -0.5781156420707703,
      0.7773125171661377
    ],
    [
      0.8653489947319031,
      0.2692720890045166,
      0.42268630862236023,
      -0.18855202198028564,
      0.956355631351471,
      -0.22323089838027954,
      -0.46434828639030457,
      0.1134742870926857,
      0.8783531785011292
    ],
    [
      0.9832549691200256,
      0.11153177917003632,
      -0.14411869645118713,
      -0.11705158650875092,
      0.9926611185073853,
      -0.030379943549633026,
      0.1396726816892624,
      0.04674055799841881,
      0.9890939593315125
    ],
    [
      0.8823568820953369,
      0.005111363250762224,
      -0.4705531597137451,
      0.1924440860748291,
      0.9085835814476013,
      0.3707306385040283,
      0.4294317960739136,
      -0.41767188906669617,
      0.8007113337516785
    ],
    [
      0.7562108635902405,
      -0.2908855080604553,
      0.5861148834228516,
      0.2604908049106598,
      0.9555423259735107,
      0.13814257085323334,
      -0.6002413034439087,
      0.048212651163339615,
      0.7983644604682922
    ],
    [
      0.9945052862167358,
      0.0016378468135371804,
      0.1046736016869545,
      0.002765212906524539,
      0.9991177916526794,
      -0.04190570116043091,
      -0.10464987903833389,
      0.04196488484740257,
      0.9936233758926392
    ],
    [
      0.21934320032596588,
      0.6337676644325256,
      -0.7417730093002319,
      -0.6232748031616211,
      0.6759469509124756,
      0.39322301745414734,
      0.7506111860275269,
      0.3760776221752167,
      0.543275773525238
    ],
    [
      0.44910386204719543,
      -0.706415593624115,
      0.5470675230026245,
      0.7399444580078125,
      0.6372430324554443,
      0.2154148668050766,
      -0.5007873177528381,
      0.30805590748786926,
      0.8088966012001038
    ],
    [
      -0.6086580157279968,
      -0.3540346920490265,
      -0.7100667953491211,
      0.16291095316410065,
      0.8200993537902832,
      -0.5485408902168274,
      0.7765278220176697,
      -0.44955143332481384,
      -0.44148391485214233
    ],
    [
      0.937666654586792,
      -0.0029218706768006086,
      0.3475237786769867,
      0.08369442075490952,
      0.9724333882331848,
      -0.21764329075813293,
      -0.33730781078338623,
      0.23316265642642975,
      0.9120628833770752
    ],
    [
      0.8750442862510681,
      -0.3447200357913971,
      0.3398023247718811,
      0.4451074004173279,
      0.8489024639129639,
      -0.2850331962108612,
      -0.19020240008831024,
      0.40066516399383545,
      0.8962646722793579
    ],
    [
      0.8987454175949097,
      0.2538639008998871,
      -0.3575049042701721,
      -0.4176582396030426,
      0.7438702583312988,
      -0.5217458009719849,
      0.1334848552942276,
      0.6182315349578857,
      0.774578332901001
    ],
    [
      0.9234187602996826,
      0.13184764981269836,
      -0.36043581366539,
      -0.10661417245864868,
      0.9902991652488708,
      0.08911185711622238,
      0.3686884939670563,
      -0.043859995901584625,
      0.9285176396369934
    ],
    [
      0.9782420992851257,
      -0.1018245592713356,
      0.1807597428560257,
      0.06995557993650436,
      0.9821396470069885,
      0.17466527223587036,
      -0.19531652331352234,
      -0.15821978449821472,
      0.9678935408592224
    ]
  ],
  "root_rot": [
    -0.288278192281723,
    -0.006645969580858946,
    -0.9575236439704895,
    0.12643496692180634,
    -0.9914846420288086,
    -0.03118363581597805,
    -0.9491627216339111,
    -0.1300540417432785,
    0.286663681268692
  ],
  "root_trans": [
    0.29032254219055176,
    0.542028546333313,
    2.5554935932159424
  ]
}