{
  "betas": [
    -0.6579045057296753,
    1.3651245832443237,
    1.3241337537765503,
    -0.008300244808197021,
    0.0096493661403656,
    -0.33086711168289185,
    -0.05266803503036499,
    0.3811585307121277,
    -0.01796206831932068,
    0.15974341332912445
  ],
  "joints": [
    [
      0.8564314246177673,
      -0.5148375630378723,
      -0.038306429982185364,
      0.5111772418022156,
      0.835273802280426,
      0.20252268016338348,
      -0.07226993888616562,
      -0.19302818179130554,
      0.9785279631614685
    ],
    [
      0.9377301335334778,
      0.33429309725761414,
      -0.0943940281867981,
      -0.2904854714870453,
      0.9036807417869568,
      0.31460973620414734,
      0.19047394394874573,
      -0.267598956823349,
      0.9445159435272217
    ],
    [
      0.9933613538742065,
      0.047906674444675446,
      0.10458555817604065,
      -0.024989638477563858,
      0.9773138761520386,
      -0.21031691133975983,
      -0.11228848993778229,
      0.20630714297294617,
      0.9720230102539062
    ],
    [
      0.9907044768333435,
      0.029581086710095406,
      -0.13277652859687805,
      -0.060594286769628525,
      0.9698500037193298,
      -0.2360493689775467,
      0.12179071456193924,
      0.24190066754817963,
      0.9626271724700928
    ],
    [
      0.9992884397506714,
      -0.031570758670568466,
      -0.02063797041773796,
      0.010863021947443485,
      0.7648796439170837,
      -0.6440815925598145,
      0.03611970692873001,
      0.6433990597724915,
      0.7646783590316772
    ],
    [
      0.9952467083930969,
      -0.014948578551411629,
      -0.09623155742883682,
      0.014094504527747631,
      0.9998551607131958,
      -0.009548872709274292,
      0.09636034071445465,
      0.008147147484123707,
      0.9953132271766663
    ],
    [
      0.9939116835594177,
      0.10968343168497086,
      0.010447469539940357,
      -0.10895568877458572,
      0.9925355911254883,
      -0.054788317531347275,
      -0.01637885719537735,
      0.05331643670797348,
      0.9984433650970459
    ],
    [
      0.8737239241600037,
      -0.2600659132003784,
      -0.4110623002052307,
      0.3589198887348175,
      0.9150591492652893,
      0.18396525084972382,
      0.3283032476902008,
      -0.3082732856273651,
      0.8928518891334534
    ],
    [
      0.9959957599639893,
      0.008171153254806995,
      0.08902598917484283,
      -0.004708635155111551,
      0.9992267489433289,
      -0.0390341617166996,
      -0.08927610516548157,
      0.03845866769552231,
      0.9952640533447266
    ],
    [
      0.9459109902381897,
      -0.1293872445821762,
      0.29750877618789673,
      -0.0794699415564537,
      0.7966836094856262,
      0.599149227142334,
      -0.31454262137413025,
      -0.5903847217559814,
      0.7433093786239624
    ],
    [
      0.8113559484481812,
      0.4096241593360901,
      0.4170246124267578,
      -0.4786713123321533,
      0.8750561475753784,
      0.07176729291677475,
      -0.335522323846817,
      -0.25784656405448914,
      0.9060573577880859
    ],
    [
      0.961338460445404,
      0.22769653797149658,
      0.15486302971839905,
      -0.2150959074497223,
      0.9720600247383118,
      -0.09398438036441803,
      -0.17193607985973358,
      0.05704040080308914,
      0.9834553003311157
    ],
    [
      0.8120156526565552,
      0.014008781872689724,
      -0.5834675431251526,
      0.19960737228393555,
      0.9327608942985535,
      0.3001900315284729,
      0.5484409928321838,
      -0.3602234125137329,
      0.7546201944351196
    ],
    [
      0.7720937132835388,
      -0.29455816745758057,
      0.5631223320960999,
      0.24140764772891998,
      0.955617368221283,
      0.16887199878692627,
      -0.5878721475601196,
      0.005557016469538212,
      0.80893474817276
    ],
    [
      0.9424347877502441,
      -0.1987864077091217,
      0.26888778805732727,
      0.1822306215763092,
      0.9795352816581726,
      0.08545511215925217,
      -0.28037241101264954,
      -0.0315362773835659,
      0.9593731164932251
    ],
    [
      0.1143699437379837,
      0.7403767704963684,
      -0.662390947341919,
      -0.7269917726516724,
      0.5167939066886902,
      0.45211392641067505,
      0.677054226398468,
      0.42984455823898315,
      0.5973535180091858
    ],
    [
      0.36811932921409607,
      -0.6522290110588074,
      0.6626352667808533,
      0.7640295028686523,
      0.6183348298072815,
      0.18417659401893616,
      -0.5298557877540588,
      0.4384739100933075,
      0.7259432077407837
    ],
    [
      -0.5667065382003784,
      -0.368094265460968,
      -0.7371229529380798,
      0.04836535081267357,
      0.878248929977417,
      -0.47575151920318604,
      0.8224989771842957,
      -0.3052627146244049,
      -0.4799064099788666
    ],
    [
      0.6762738227844238,
      0.12837617099285126,
      0.7253780364990234,
      0.23885567486286163,
      0.8932837247848511,
      -0.3807782828807831,
      -0.6968513131141663,
      0.4307710528373718,
      0.5734410285949707
    ],
    [
      0.9290241003036499,
      -0.2780049443244934,
      0.24418748915195465,
      0.3324010372161865,
      0.9169531464576721,
      -0.2206954061985016,
      -0.1625540852546692,
      0.28619951009750366,
      0.9442806839942932
    ],
    [
      0.9413210153579712,
      0.26006460189819336,
      -0.2151307314634323,
      -0.32216542959213257,
      0.8823592662811279,
      -0.34300369024276733,
      0.10061947256326675,
      0.39218422770500183,
      0.914367139339447
    ],
    [
      0.9363879561424255,
      0.23599502444267273,
      -0.2597765326499939,
      -0.1637991964817047,
      0.9484776854515076,
      0.2712193429470062,
      0.310398668050766,
      -0.2114153802394867,
      0.9267988801002502
    ],
    [
      0.8594552278518677,
      -0.3395097553730011,
      0.3821907341480255,
      0.12900333106517792,
      0.8674605488777161,
      0.4804896116256714,
      -0.49466630816459656,
      -0.3636554479598999,
      0.789341390132904
    ]
  ],
  "root_rot": [
    0.4468193054199219,
    -0.06151219457387924,
    0.8925071358680725,
    -0.15137839317321777,
    -0.9884462356567383,
    0.007660767994821072,
    0.8817239999771118,
    -0.13852925598621368,
    -0.450968474149704
  ],
  "root_trans": [
    -0.3464045524597168,
    0.6028755307197571,
    2.432878255844116
  ]
}