{
  "betas": [
    -0.7758301496505737,
    1.1548763513565063,
    0.99934983253479,
    -0.06110897660255432,
    -0.3010196089744568,
    -0.11528996378183365,
    0.025523066520690918,
    0.8122034072875977,
    0.37108713388442993,
    0.9086163640022278
  ],
  "joints": [
    [
      0.9547988772392273,
      -0.29701390862464905,
      0.011908581480383873,
      0.27933940291404724,
      0.9102372527122498,
      0.30567577481269836,
      -0.1016295850276947,
      -0.2885323464870453,
      0.9520611763000488
    ],
    [
      0.9587954878807068,
      0.18400731682777405,
      -0.2164541631937027,
      -0.19708995521068573,
      0.9795567393302917,
      -0.04030127823352814,
      0.20461338758468628,
      0.08130163699388504,
      0.9754605889320374
    ],
    [
      0.9966397881507874,
      -0.03222362697124481,
      0.07530438154935837,
      0.04116104543209076,
      0.991881251335144,
      -0.12032133340835571,
      -0.07081582397222519,
      0.12301664054393768,
      0.9898746609687805
    ],
    [
      0.9928807020187378,
      0.029996216297149658,
      0.11527448147535324,
      -0.004564556293189526,
      0.9766424894332886,
      -0.21482236683368683,
      -0.1190258115530014,
      0.21276679635047913,
      0.9698264002799988
    ],
    [
      0.9988820552825928,
      -0.047246601432561874,
      0.001539660501293838,
      0.046905480325222015,
      0.9865720272064209,
      -0.1564469039440155,
      0.0058725979179143906,
      0.1563442349433899,
      0.9876852035522461
    ],
    [
      0.9942572712898254,
      0.007138779852539301,
      -0.10677756369113922,
      -0.009723707102239132,
      0.9996715784072876,
      -0.02370750717818737,
      0.10657326877117157,
      0.024609636515378952,
      0.9940001368522644
    ],
    [
      0.9638417363166809,
      0.237213596701622,
      0.12140331417322159,
      -0.20481038093566895,
      0.9509117007255554,
      -0.23199056088924408,
      -0.17047517001628876,
      0.19873754680156708,
      0.9651122093200684
    ],
    [
      0.9462605118751526,
      -0.267283171415329,
      -0.1820734441280365,
      0.28938326239585876,
      0.9511349201202393,
      0.10770132392644882,
      0.14438967406749725,
      -0.154602512717247,
      0.9773687124252319
    ],
    [
      0.9995549321174622,
      -0.0033965501934289932,
      0.029636994004249573,
      0.004362211097031832,
      0.9994596242904663,
      -0.03257942944765091,
      -0.029510321095585823,
      0.03269421309232712,
      0.9990296363830566
    ],
    [
      0.8946232795715332,
      -0.4462186098098755,
      -0.023198772221803665,
      0.4088030755519867,
      0.7964422106742859,
      0.4456004500389099,
      -0.18035873770713806,
      -0.4081282615661621,
      0.8949313163757324
    ],
    [
      0.9072526097297668,
      0.34206971526145935,
      0.2447061538696289,
      -0.273816853761673,
      0.9220185875892639,
      -0.2736898362636566,
      -0.3192446231842041,
      0.18130114674568176,
      0.9301682114601135
    ],
    [
      0.9981594681739807,
      0.06063168868422508,
      0.0012072859099134803,
      -0.060537394136190414,
      0.9973903298377991,
      -0.03934001550078392,
      -0.003589387284591794,
      0.03919452428817749,
      0.9992250800132751
    ],
    [
      0.976770281791687,
      0.1758633255958557,
      -0.12244169414043427,
      -0.15737339854240417,
      0.9765163660049438,
      0.14713741838932037,
      0.14544238150119781,
      -0.12445038557052612,
      0.9815083742141724
    ],
    [
      0.9183302521705627,
      -0.22231163084506989,
      0.32748591899871826,
      0.19405965507030487,
      0.9739869236946106,
      0.11700581014156342,
      -0.3449787497520447,
      -0.04389817267656326,
      0.9375833868980408
    ],
    [
      0.9722713232040405,
      0.022801531478762627,
      0.23274116218090057,
      0.0037988093681633472,
      0.9935640096664429,
      -0.11320837587118149,
      -0.23382456600666046,
      0.11095340549945831,
      0.9659271836280823
    ],
    [
      0.6495964527130127,
      0.6239800453186035,
      -0.4343653917312622,
      -0.6664149165153503,
      0.7423133254051208,
      0.06972911953926086,
      0.3659447729587555,
      0.24417176842689514,
      0.8980336785316467
    ],
    [
      0.4294802248477936,
      -0.6734734177589417,
      0.6016479730606079,
      0.6756048798561096,
      0.6816948056221008,
      0.28080278635025024,
      -0.5992535352706909,
      0.2858770489692688,
      0.7477763295173645
    ],
    [
      0.24160026013851166,
      -0.2765684425830841,
      -0.9301285147666931,
      0.24584978818893433,
      0.944696307182312,
      -0.2170407623052597,
      0.9387156963348389,
      -0.17623481154441833,
      0.2962331771850586
    ],
    [
      -0.5202208757400513,
      0.3459024429321289,
      0.780846893787384,
      -0.0722775086760521,
      0.8931944966316223,
      -0.44382384419441223,
      -0.8509678244590759,
      -0.28732407093048096,
      -0.43965744972229004
    ],
    [
      0.9540033936500549,
      -0.2619493305683136,
      0.14580830931663513,
      0.29169484972953796,
      0.923343300819397,
      -0.24970249831676483,
      -0.06922171264886856,
      0.280748575925827,
      0.9572818875312805
    ],
    [
      0.8551852107048035,
      0.49988964200019836,
      -0.1369987279176712,
      -0.5163215398788452,
      0.8447912335395813,
      -0.1404985636472702,
      0.045501548796892166,
      0.1908876746892929,
      0.9805567860603333
    ],
    [
      0.9552754163742065,
      0.07436738163232803,
      -0.28621411323547363,
      -0.07221800833940506,
      0.9972250461578369,
      0.018073666840791702,
      0.286763995885849,
      0.0034044852945953608,
      0.9579952359199524
    ],
    [
      0.9535386562347412,
      -0.22561216354370117,
      0.19965769350528717,
      0.14545615017414093,
      0.9251214861869812,
      0.3507032096385956,
      -0.2638305425643921,
      -0.3053676187992096,
      0.9149557948112488
    ]
  ],
  "root_rot": [
    -0.14665977656841278,
    0.0710090845823288,
    -0.9866349101066589,
    0.11522728949785233,
    -0.989403486251831,
    -0.08833646029233932,
    -0.9824527502059937,
    -0.12664268910884857,
    0.13692350685596466
  ],
  "root_trans": [
    0.5150365233421326,
    0.46921661496162415,
    2.6914210319519043
  ]
}