{
  "betas": [
    -0.723170816898346,
    1.1081759929656982,
    1.2914122343063354,
    0.1775652915239334,
    0.13886260986328125,
    -0.39654022455215454,
    -0.02973860502243042,
    0.5331740379333496,
    -0.0809449851512909,
    0.9272207617759705
  ],
  "joints": [
    [
      0.8984785079956055,
      -0.4384985566139221,
      0.021339666098356247,
      0.41790303587913513,
      0.8691484332084656,
      0.264458030462265,
      -0.1345118135213852,
      -0.228691965341568,
      0.9641610383987427
    ],
    [
      0.9120671153068542,
      0.40126723051071167,
      -0.08436917513608932,
      -0.37559807300567627,
      0.9001235365867615,
      0.2206890881061554,
      0.1644979566335678,
      -0.16959436237812042,
      0.9716882705688477
    ],
    [
      0.9989162087440491,
      -0.04125935211777687,
      0.02154364250600338,
      0.04377712309360504,
      0.9900521039962769,
      -0.13371798396110535,
      -0.015812208876013756,
      0.134516179561615,
      0.9907853007316589
    ],
    [
      0.9954594969749451,
      0.07256609201431274,
      -0.06160064786672592,
      -0.08697710931301117,
      0.9563626050949097,
      -0.2789364755153656,
      0.03867122158408165,
      0.2830277681350708,
      0.958331823348999
    ],
    [
      0.99684077501297,
      0.043609946966171265,
      0.0663827434182167,
      -0.006007804535329342,
      0.8747862577438354,
      -0.48447170853614807,
      -0.07919850200414658,
      0.4825423061847687,
      0.8722845911979675
    ],
    [
      0.9851042032241821,
      0.05786523222923279,
      -0.16193026304244995,
      -0.06563787907361984,
      0.9969137907028198,
      -0.04306485876441002,
      0.15893855690956116,
      0.05305212736129761,
      0.985862135887146
    ],
    [
      0.9859039187431335,
      0.12244010716676712,
      0.11402544379234314,
      -0.10060389339923859,
      0.9783757925033569,
      -0.1807197779417038,
      -0.1336870789527893,
      0.16670094430446625,
      0.9769024848937988
    ],
    [
      0.8728511929512024,
      -0.3003625273704529,
      -0.384594589471817,
      0.36241549253463745,
      0.9267737865447998,
      0.09871876984834671,
      0.3267807364463806,
      -0.2255498468875885,
      0.9177916646003723
    ],
    [
      0.9952131509780884,
      0.09345496445894241,
      0.02858074940741062,
      -0.0925644263625145,
      0.9952226877212524,
      -0.031040219590067863,
      -0.031345076858997345,
      0.0282460767775774,
      0.9991093277931213
    ],
    [
      0.9707000851631165,
      -0.20558668673038483,
      0.12440035492181778,
      0.10220722109079361,
      0.8217794895172119,
      0.5605641007423401,
      -0.21747419238090515,
      -0.5314249992370605,
      0.8187138438224792
    ],
    [
      0.845928430557251,
      0.37778955698013306,
      0.3764042854309082,
      -0.4508854150772095,
      0.8835735321044922,
      0.1264914870262146,
      -0.2847937345504761,
      -0.2767179608345032,
      0.917779803276062
    ],
    [
      0.9463318586349487,
      0.24881745874881744,
      0.20626652240753174,
      -0.21407335996627808,
      0.9606970548629761,
      -0.17673122882843018,
      -0.24213340878486633,
      0.1230902224779129,
      0.962403416633606
    ],
    [
      0.9503368735313416,
      0.27553966641426086,
      -0.14469878375530243,
      -0.2645932734012604,
      0.9601048827171326,
      0.0904930830001831,
      0.16386044025421143,
      -0.04771258682012558,
      0.9853290319442749
    ],
    [
      0.9994457364082336,
      -0.029775267466902733,
      0.014882535673677921,
      0.02830890566110611,
      0.9954887628555298,
      0.09055782854557037,
      -0.017511781305074692,
      -0.09008634090423584,
      0.9957799315452576
    ],
    [
      0.8599373698234558,
      -0.179665207862854,
      0.47773224115371704,
      0.13206733763217926,
      0.9824458956718445,
      0.13175100088119507,
      -0.49301713705062866,
      -0.050204798579216,
      0.8685698509216309
    ],
    [
      0.7537197470664978,
      0.5782252550125122,
      -0.3123492896556854,
      -0.6238453984260559,
      0.7789779901504517,
      -0.0633259266614914,
      0.20669659972190857,
      0.24258767068386078,
      0.9478542804718018
    ],
    [
      0.9492523670196533,
      -0.305471807718277,
      0.07487901300191879,
      0.28875747323036194,
      0.9408122897148132,
      0.17745792865753174,
      -0.12465548515319824,
      -0.1468304842710495,
      0.9812755584716797
    ],
    [
      0.37506547570228577,
      -0.22551873326301575,
      -0.8991481065750122,
      0.13776421546936035,
      0.9727457761764526,
      -0.18651188910007477,
      0.9167044162750244,
      -0.053916264325380325,
      0.3959117531776428
    ],
    [
      -0.4568442702293396,
      0.03173170983791351,
      0.8889804482460022,
      -0.2897215187549591,
      0.9395651817321777,
      -0.18242426216602325,
      -0.8410437703132629,
      -0.34089627861976624,
      -0.42004162073135376
    ],
    [
      0.952416181564331,
      -0.27680373191833496,
      0.12760528922080994,
      0.3038785755634308,
      0.8297778964042664,
      -0.46810945868492126,
      0.023690402507781982,
      0.48461154103279114,
      0.8744086027145386
    ],
    [
      0.9143924713134766,
      0.3466718792915344,
      0.20905737578868866,
      -0.2941662669181824,
      0.9237663149833679,
      -0.24519769847393036,
      -0.27812331914901733,
      0.1627093106508255,
      0.9466641545295715
    ],
    [
      0.9605041742324829,
      0.09435875713825226,
      -0.26177889108657837,
      -0.05254463478922844,
      0.9853298664093018,
      0.1623704731464386,
      0.27325960993766785,
      -0.1422024369239807,
      0.9513714909553528
    ],
    [
      0.9479358196258545,
      -0.24515841901302338,
      0.20326071977615356,
      0.19796614348888397,
      0.9535852670669556,
      0.2269018590450287,
      -0.2494533360004425,
      -0.17484967410564423,
      0.9524707198143005
    ]
  ],
  "root_rot": [
    0.40481022000312805,
    -0.10242732614278793,
    0.9086458086967468,
    -0.20066003501415253,
    -0.9794355630874634,
    -0.021011192351579666,
    0.8921121954917908,
    -0.17382337152957916,
    -0.41703858971595764
  ],
  "root_trans": [
    -0.34045666456222534,
    0.5663672685623169,
    2.4255430698394775
  ]
}