{
  "betas": [
    -0.29187634587287903,
    0.6584072113037109,
    0.921698808670044,
    0.3185296356678009,
    0.3350156545639038,
    0.3210664689540863,
    0.016041815280914307,
    0.4199537932872772,
    -0.061467140913009644,
    0.4903096556663513
  ],
  "joints": [
    [
      0.9924267530441284,
      -0.012846386060118675,
      -0.12216406315565109,
      0.044988326728343964,
      0.9634286165237427,
      0.26416146755218506,
      0.11430284380912781,
      -0.2676568925380707,
      0.9567102789878845
    ],
    [
      0.9782306551933289,
      0.20557095110416412,
      -0.02837853878736496,
      -0.1782216876745224,
      0.9022818803787231,
      0.39258673787117004,
      0.10630988329648972,
      -0.3789827227592468,
      0.919277012348175
    ],
    [
      0.9962409138679504,
      0.00882481224834919,
      0.08617474883794785,
      0.0031353947706520557,
      0.9904720187187195,
      -0.137677863240242,
      -0.0865686759352684,
      0.13743051886558533,
      0.9867210984230042
    ],
    [
      0.9936949610710144,
      0.10068946331739426,
      -0.04931497946381569,
      -0.10973504185676575,
      0.783251166343689,
      -0.611944317817688,
      -0.022990329191088676,
      0.6134975552558899,
      0.7893618941307068
    ],
    [
      0.984279990196228,
      -0.0718747228384018,
      0.1613285392522812,
      0.15850505232810974,
      -0.04342992603778839,
      -0.9864026308059692,
      0.07790390402078629,
      0.9964677691459656,
      -0.03135469928383827
    ],
    [
      0.9907073378562927,
      -0.08935055881738663,
      -0.10254455357789993,
      0.10001131892204285,
      0.9895341992378235,
      0.10401836782693863,
      0.09217724204063416,
      -0.11330738663673401,
      0.9892748594284058
    ],
    [
      0.9686141014099121,
      -0.227582186460495,
      0.09996594488620758,
      0.20355920493602753,
      0.957050085067749,
      0.20644301176071167,
      -0.1426551789045334,
      -0.1796146035194397,
      0.9733386635780334
    ],
    [
      0.8053939342498779,
      -0.5764200687408447,
      0.13813211023807526,
      0.5691244602203369,
      0.6868906021118164,
      -0.45197200775146484,
      0.1656440943479538,
      0.442629873752594,
      0.8812722563743591
    ],
    [
      0.9969382882118225,
      -0.04519475996494293,
      0.06380771100521088,
      0.04994819313287735,
      0.9959333539009094,
      -0.07498002797365189,
      -0.06015951931476593,
      0.0779375433921814,
      0.9951415061950684
    ],
    [
      0.9360151886940002,
      -0.042247120290994644,
      0.3494149148464203,
      -0.203553706407547,
      0.7449157238006592,
      0.6353475451469421,
      -0.28712624311447144,
      -0.6658196449279785,
      0.6886528730392456
    ],
    [
      0.6813823580741882,
      0.4944611191749573,
      0.5396539568901062,
      -0.6430477499961853,
      0.7565680146217346,
      0.11872037500143051,
      -0.3495822846889496,
      -0.4279171824455261,
      0.8334742188453674
    ],
    [
      0.9637075066566467,
      -0.07879067212343216,
      -0.25506818294525146,
      0.014029919169843197,
      0.9690815806388855,
      -0.24634142220020294,
      0.26659128069877625,
      0.2338225245475769,
      0.9350166320800781
    ],
    [
      0.8624217510223389,
      -0.23408323526382446,
      -0.4488137662410736,
      0.39963045716285706,
      0.8590598106384277,
      0.31986212730407715,
      0.3106835186481476,
      -0.455215722322464,
      0.8344186544418335
    ],
    [
      0.9284094572067261,
      -0.12256856262683868,
      0.3507603406906128,
      0.05755132436752319,
      0.9800682663917542,
      0.19014222919940948,
      -0.36707454919815063,
      -0.15634311735630035,
      0.9169586300849915
    ],
    [
      0.9662376046180725,
      -0.1588645577430725,
      -0.20284689962863922,
      0.171162948012352,
      0.9842379093170166,
      0.04448447749018669,
      0.1925826221704483,
      -0.07770245522260666,
      0.9781994223594666
    ],
    [
      0.8835774064064026,
      0.09537502378225327,
      -0.4584697484970093,
      -0.029398271813988686,
      0.9884061217308044,
      0.14895981550216675,
      0.4673613905906677,
      -0.11813929677009583,
      0.8761371970176697
    ],
    [
      0.9177262187004089,
      -0.15480124950408936,
      0.36580750346183777,
      0.085423544049263,
      0.9763018488883972,
      0.1988404542207718,
      -0.3879193067550659,
      -0.1512325257062912,
      0.9092015027999878
    ],
    [
      0.47616466879844666,
      -0.07666550576686859,
      -0.8760077357292175,
      0.29446956515312195,
      0.9525783658027649,
      0.07669579237699509,
      0.8285860419273376,
      -0.2944774627685547,
      0.47615981101989746
    ],
    [
      0.8343237042427063,
      0.20245419442653656,
      0.5127536654472351,
      -0.2589016556739807,
      0.9650657176971436,
      0.04022634029388428,
      -0.4866969585418701,
      -0.16631455719470978,
      0.8575929403305054
    ],
    [
      0.9732542634010315,
      0.053656209260225296,
      0.2233767807483673,
      0.13365337252616882,
      0.658600926399231,
      -0.7405279874801636,
      -0.18685007095336914,
      0.7505770325660706,
      0.633814811706543
    ],
    [
      0.9826502203941345,
      -0.02904602140188217,
      -0.18317975103855133,
      -0.1146160215139389,
      0.6813888549804688,
      -0.722891628742218,
      0.14581379294395447,
      0.731344997882843,
      0.6662377715110779
    ],
    [
      0.9046861529350281,
      0.24142751097679138,
      -0.35107818245887756,
      -0.10106680542230606,
      0.9220531582832336,
      0.37363550066947937,
      0.4139186143875122,
      -0.30254048109054565,
      0.8585690259933472
    ],
    [
      0.9719334244728088,
      -0.1271360218524933,
      0.19794367253780365,
      0.06607935577630997,
      0.9550583362579346,
      0.2889586389064789,
      -0.2257847934961319,
      -0.26776859164237976,
      0.9366542100906372
    ]
  ],
  "root_rot": [
    -0.6176490783691406,
    -0.24173535406589508,
    0.748380720615387,
    0.07147824764251709,
    -0.9649052023887634,
    -0.25268319249153137,
    0.783198893070221,
    -0.1025765985250473,
    0.6132516264915466
  ],
  "root_trans": [
    -0.19830204546451569,
    0.5363661646842957,
    2.6805777549743652
  ]
}