{
  "betas": [
    -0.5111350417137146,
    0.8549941778182983,
    1.3189939260482788,
    0.405860960483551,
    0.38089853525161743,
    -0.5384829640388489,
    -0.27077895402908325,
    0.5091299414634705,
    0.12960726022720337,
    0.44296663999557495
  ],
  "joints": [
    [
      0.9004112482070923,
      -0.4341992139816284,
      -0.027032144367694855,
      0.43253690004348755,
      0.8868448138237,
      0.16253657639026642,
      -0.04659993574023247,
      -0.15804213285446167,
      0.9863322377204895
    ],
    [
      0.9492048621177673,
      0.30757448077201843,
      -0.06639271229505539,
      -0.2704622447490692,
      0.9053472280502319,
      0.32740896940231323,
      0.16081109642982483,
      -0.2928214967250824,
      0.9425472617149353
    ],
    [
      0.9986266493797302,
      -0.0007645392324775457,
      0.0523851253092289,
      0.009899258613586426,
      0.984635591506958,
      -0.1743408590555191,
      -0.05144696682691574,
      0.17462001740932465,
      0.9832909107208252
    ],
    [
      0.9941738843917847,
      0.017978794872760773,
      -0.10627827793359756,
      -0.03442690521478653,
      0.9873106479644775,
      -0.15502409636974335,
      0.10214253515005112,
      0.1577797383069992,
      0.9821774363517761
    ],
    [
      0.999815046787262,
      -0.016186850145459175,
      -0.01038002036511898,
      0.007995679043233395,
      0.8408887386322021,
      -0.5411489605903625,
      0.017487937584519386,
      0.5409659743309021,
      0.8408626317977905
    ],
    [
      0.9911419749259949,
      0.03431927040219307,
      -0.12829598784446716,
      -0.040411580353975296,
      0.9981607794761658,
      -0.04518818482756615,
      0.12650920450687408,
      0.049972545355558395,
      0.9907059669494629
    ],
    [
      0.9853193759918213,
      0.16067026555538177,
      0.0577131025493145,
      -0.1533995121717453,
      0.9815942049026489,
      -0.11376060545444489,
      -0.07492879033088684,
      0.10323736816644669,
      0.9918305277824402
    ],
    [
      0.9313066601753235,
      -0.15804801881313324,
      -0.32815977931022644,
      0.230303093791008,
      0.9535110592842102,
      0.19436350464820862,
      0.28218522667884827,
      -0.2565882205963135,
      0.9244101643562317
    ],
    [
      0.9970958828926086,
      0.05022718757390976,
      0.05724583566188812,
      -0.049227241426706314,
      0.9986116290092468,
      -0.0187468733638525,
      -0.05810796096920967,
      0.01587437465786934,
      0.998184084892273
    ],
    [
      0.964715838432312,
      -0.22665800154209137,
      0.1339755654335022,
      0.08802565932273865,
      0.7572172284126282,
      0.6472044587135315,
      -0.24814265966415405,
      -0.612575113773346,
      0.7504511475563049
    ],
    [
      0.9216018319129944,
      0.23728638887405396,
      0.3071567118167877,
      -0.2941160798072815,
      0.9433251619338989,
      0.15373148024082184,
      -0.2532702684402466,
      -0.23201893270015717,
      0.9391599297523499
    ],
    [
      0.9255039691925049,
      0.26292434334754944,
      0.2726045250892639,
      -0.25509193539619446,
      0.9647658467292786,
      -0.06445914506912231,
      -0.2799474000930786,
      -0.009882008656859398,
      0.9599645137786865
    ],
    [
      0.9416803121566772,
      0.10291410237550735,
      -0.3203854262828827,
      -0.05873120576143265,
      0.9877372980117798,
      0.1446572095155716,
      0.3313438892364502,
      -0.11740422993898392,
      0.9361770153045654
    ],
    [
      0.9227093458175659,
      -0.20245219767093658,
      0.3280559182167053,
      0.1981656551361084,
      0.9790494441986084,
      0.046825580298900604,
      -0.33066287636756897,
      0.02180301398038864,
      0.9434971213340759
    ],
    [
      0.8935067057609558,
      -0.19043807685375214,
      0.40666836500167847,
      0.15452904999256134,
      0.9807063937187195,
      0.11973176151514053,
      -0.42162376642227173,
      -0.04413905367255211,
      0.9056959748268127
    ],
    [
      0.3944782316684723,
      0.693082869052887,
      -0.6033432483673096,
      -0.8160470724105835,
      0.5660764575004578,
      0.11672478169202805,
      0.4224383533000946,
      0.4463110864162445,
      0.7888931035995483
    ],
    [
      0.4552536606788635,
      -0.7010354995727539,
      0.5489018559455872,
      0.8258640766143799,
      0.5628500580787659,
      0.03388629108667374,
      -0.33270496129989624,
      0.43789148330688477,
      0.8351995944976807
    ],
    [
      -0.47083327174186707,
      -0.30830439925193787,
      -0.826598048210144,
      -0.025355177000164986,
      0.9412918090820312,
      -0.33664044737815857,
      0.8818577527999878,
      -0.1375429928302765,
      -0.4510086178779602
    ],
    [
      0.24001507461071014,
      0.3423865735530853,
      0.9083853960037231,
      0.2848948836326599,
      0.8696914911270142,
      -0.40307751297950745,
      -0.9280235171318054,
      0.3555390536785126,
      0.11119487881660461
    ],
    [
      0.9649000763893127,
      -0.26039135456085205,
      -0.03412028029561043,
      0.24208655953407288,
      0.9322876930236816,
      -0.26876354217529297,
      0.10179360955953598,
      0.25106990337371826,
      0.9626017212867737
    ],
    [
      0.9883702993392944,
      0.12365792691707611,
      -0.08850345015525818,
      -0.14843107759952545,
      0.9110104441642761,
      -0.38474446535110474,
      0.03305085375905037,
      0.3934066593647003,
      0.9187703728675842
    ],
    [
      0.9332315325737,
      0.22962646186351776,
      -0.27631616592407227,
      -0.13765236735343933,
      0.9389318227767944,
      0.31537094712257385,
      0.3318595588207245,
      -0.25627854466438293,
      0.9078494310379028
    ],
    [
      0.8689545392990112,
      -0.3173578679561615,
      0.37973934412002563,
      0.12606395781040192,
      0.8839494585990906,
      0.4502679109573364,
      -0.478566437959671,
      -0.34339088201522827,
      0.8081192970275879
    ]
  ],
  "root_rot": [
    0.5619421601295471,
    -0.07218481600284576,
    0.8240209221839905,
    -0.1504453420639038,
    -0.9884887933731079,
    0.01600406877696514,
    0.8133801817893982,
    -0.13296344876289368,
    -0.5663334131240845
  ],
  "root_trans": [
    -0.3854936957359314,
    0.5954045653343201,
    2.428508996963501
  ]
}