{
  "betas": [
    -0.385156512260437,
    0.9847662448883057,
    0.483394593000412,
    -0.42318370938301086,
    0.18849901854991913,
    -0.5135893821716309,
    0.03339505195617676,
    0.7985296845436096,
    -0.27705737948417664,
    0.49018895626068115
  ],
  "joints": [
    [
      0.8644986748695374,
      -0.46243423223495483,
      0.19696858525276184,
      0.4988994300365448,
      0.8371327519416809,
      -0.22429464757442474,
      -0.06116733327507973,
      0.2921699285507202,
      0.9544083476066589
    ],
    [
      0.6211639642715454,
      0.6059158444404602,
      0.4970124065876007,
      -0.32374802231788635,
      -0.37915322184562683,
      0.8668506741523743,
      0.7136823534965515,
      -0.6993632316589355,
      -0.039352260529994965
    ],
    [
      0.9802054166793823,
      -0.19122359156608582,
      -0.051291536539793015,
      0.14624464511871338,
      0.8739609122276306,
      -0.46347054839134216,
      0.13345327973365784,
      0.4467952847480774,
      0.8846266269683838
    ],
    [
      0.9802050590515137,
      -0.05170205235481262,
      -0.19111554324626923,
      -0.059346918016672134,
      0.8441845774650574,
      -0.5327574014663696,
      0.18888142704963684,
      0.5335534811019897,
      0.8244056105613708
    ],
    [
      0.917614221572876,
      -0.03151281923055649,
      -0.39622098207473755,
      -0.05660355091094971,
      0.9763317704200745,
      -0.20874005556106567,
      0.39342108368873596,
      0.2139703631401062,
      0.8941121697425842
    ],
    [
      0.9798173308372498,
      -0.15699809789657593,
      -0.12373188883066177,
      0.14062997698783875,
      0.9812920093536377,
      -0.13148829340934753,
      0.1420605331659317,
      0.11143410205841064,
      0.9835655689239502
    ],
    [
      0.9628075957298279,
      0.02568492852151394,
      0.26896414160728455,
      -0.10554158687591553,
      0.9521346092224121,
      0.28688105940818787,
      -0.24872152507305145,
      -0.3045981824398041,
      0.9194332361221313
    ],
    [
      0.8932984471321106,
      -0.3989684283733368,
      -0.2069835662841797,
      0.17724727094173431,
      0.7358892560005188,
      -0.6534909605979919,
      0.4130392372608185,
      0.5470751523971558,
      0.7280848026275635
    ],
    [
      0.9909093379974365,
      -0.11022353917360306,
      0.07713299989700317,
      0.10927189886569977,
      0.9938755035400391,
      0.016464347019791603,
      -0.07847536355257034,
      -0.007886204868555069,
      0.9968848824501038
    ],
    [
      0.9777694940567017,
      -0.15010279417037964,
      0.1464104950428009,
      0.04988156631588936,
      0.8447118997573853,
      0.5328918099403381,
      -0.20366322994232178,
      -0.5137420892715454,
      0.8334208726882935
    ],
    [
      0.9276085495948792,
      0.373391330242157,
      0.011012852191925049,
      -0.3735526502132416,
      0.9272754192352295,
      0.024875199422240257,
      -0.0009237610502168536,
      -0.02718832716345787,
      0.9996299147605896
    ],
    [
      0.9652876257896423,
      -0.12972885370254517,
      -0.2266940027475357,
      0.02571570686995983,
      0.9109178781509399,
      -0.41178539395332336,
      0.2599200904369354,
      0.39166179299354553,
      0.8826338052749634
    ],
    [
      0.8822112679481506,
      -0.14518097043037415,
      -0.44791272282600403,
      0.3141727149486542,
      0.8900527358055115,
      0.33030545711517334,
      0.3507118821144104,
      -0.4321211576461792,
      0.830826461315155
    ],
    [
      0.9477769136428833,
      -0.03680690750479698,
      0.316802978515625,
      -0.05011766403913498,
      0.9637895822525024,
      0.26191192865371704,
      -0.31497159600257874,
      -0.2641115188598633,
      0.911612868309021
    ],
    [
      0.9783676266670227,
      -0.13651344180107117,
      -0.15543781220912933,
      0.17551541328430176,
      0.945466935634613,
      0.2743839621543884,
      0.10950422286987305,
      -0.2957300841808319,
      0.9489744305610657
    ],
    [
      0.8780776262283325,
      0.13325978815555573,
      -0.45958852767944336,
      -0.09115365892648697,
      0.989435076713562,
      0.11273558437824249,
      0.4697561264038086,
      -0.05709744244813919,
      0.8809479475021362
    ],
    [
      0.9501439332962036,
      0.017453568056225777,
      0.31132280826568604,
      -0.10046408325433731,
      0.9623247981071472,
      0.25266173481941223,
      -0.29518383741378784,
      -0.27134180068969727,
      0.9161005020141602
    ],
    [
      0.4556436836719513,
      -0.3166157305240631,
      -0.8319514393806458,
      0.36020800471305847,
      0.9202496409416199,
      -0.15294039249420166,
      0.8140263557434082,
      -0.22998927533626556,
      0.5333534479141235
    ],
    [
      0.772922158241272,
      0.22133514285087585,
      0.5946444869041443,
      -0.4267321825027466,
      0.8749001026153564,
      0.22901859879493713,
      -0.46956464648246765,
      -0.4307675063610077,
      0.7706804871559143
    ],
    [
      0.9249818921089172,
      -0.21291276812553406,
      0.31476444005966187,
      0.3675341010093689,
      0.7117407917976379,
      -0.5986181497573853,
      -0.09657725691795349,
      0.6693976521492004,
      0.7366000413894653
    ],
    [
      0.9422889947891235,
      0.1969134509563446,
      -0.27077019214630127,
      -0.3171655237674713,
      0.7840338945388794,
      -0.533569872379303,
      0.10722598433494568,
      0.5886560082435608,
      0.8012406826019287
    ],
    [
      0.9728904962539673,
      0.14534050226211548,
      -0.17988938093185425,
      -0.1076773926615715,
      0.9730659127235413,
      0.20383401215076447,
      0.20466956496238708,
      -0.17893816530704498,
      0.9623364806175232
    ],
    [
      0.9715540409088135,
      -0.09211460500955582,
      0.21816886961460114,
      0.08540163934230804,
      0.9955424070358276,
      0.04002254828810692,
      -0.22088304162025452,
      -0.020252084359526634,
      0.975089967250824
    ]
  ],
  "root_rot": [
    -0.6621124148368835,
    -0.6672518253326416,
    0.3411482274532318,
    0.41046321392059326,
    -0.7037665247917175,
    -0.5798556208610535,
    0.6269984841346741,
    -0.24390080571174622,
    0.7398548722267151
  ],
  "root_trans": [
    -0.06135381758213043,
    0.47252392768859863,
    2.66029953956604
  ]
}