{
  "betas": [
    -0.3658357262611389,
    0.7151111960411072,
    1.3741657733917236,
    0.5961076021194458,
    0.4573456048965454,
    -0.04650915414094925,
    0.03473213315010071,
    0.29772889614105225,
    -0.14814361929893494,
    0.6123412847518921
  ],
  "joints": [
    [
      0.9765713214874268,
      -0.17490632832050323,
      -0.12536439299583435,
      0.2129582315683365,
      0.8692531585693359,
      0.4461476504802704,
      0.03093934990465641,
      -0.4623923599720001,
      0.886135458946228
    ],
    [
      0.9549871683120728,
      0.2219969928264618,
      -0.19676604866981506,
      -0.2153320163488388,
      0.9749952554702759,
      0.05492166802287102,
      0.20403841137886047,
      -0.0100794592872262,
      0.9789110422134399
    ],
    [
      0.9910245537757874,
      -0.06272923946380615,
      0.11804793775081635,
      0.07637185603380203,
      0.9904439449310303,
      -0.11483975499868393,
      -0.10971605032682419,
      0.12282456457614899,
      0.9863449931144714
    ],
    [
      0.9991514086723328,
      0.038411252200603485,
      0.01486240141093731,
      -0.030994534492492676,
      0.9388830065727234,
      -0.3428381383419037,
      -0.02712288498878479,
      0.3420866131782532,
      0.9392768144607544
    ],
    [
      0.9987565279006958,
      -0.026087209582328796,
      0.04248430207371712,
      0.041729431599378586,
      0.903718888759613,
      -0.42608773708343506,
      -0.02727843075990677,
      0.42733073234558105,
      0.9036837220191956
    ],
    [
      0.9925478100776672,
      0.0742172971367836,
      -0.0966467335820198,
      -0.06799783557653427,
      0.9954912066459656,
      0.06613310426473618,
      0.10111919045448303,
      -0.059068500995635986,
      0.9931192398071289
    ],
    [
      0.996910035610199,
      0.024723319336771965,
      0.07455871999263763,
      -0.014200447127223015,
      0.990261435508728,
      -0.13849443197250366,
      -0.07725665718317032,
      0.1370077282190323,
      0.9875526428222656
    ],
    [
      0.9183857440948486,
      -0.09333210438489914,
      -0.3845215141773224,
      0.19036273658275604,
      0.9561484456062317,
      0.22258076071739197,
      0.3468857407569885,
      -0.2776135504245758,
      0.8958800435066223
    ],
    [
      0.9893786907196045,
      0.09687643498182297,
      0.10837327688932419,
      -0.08464804291725159,
      0.9900676608085632,
      -0.11225318908691406,
      -0.1181715577840805,
      0.10188732296228409,
      0.9877522587776184
    ],
    [
      0.9800416231155396,
      -0.10800573229789734,
      0.1668926179409027,
      -0.009149221703410149,
      0.8141366839408875,
      0.5806012153625488,
      -0.19858166575431824,
      -0.5705403089523315,
      0.796899676322937
    ],
    [
      0.8836501240730286,
      0.21999001502990723,
      0.4132395088672638,
      -0.29276955127716064,
      0.948481559753418,
      0.12111467123031616,
      -0.36530601978302,
      -0.22800692915916443,
      0.9025322198867798
    ],
    [
      0.9947628378868103,
      0.09843657165765762,
      -0.027515258640050888,
      -0.10187182575464249,
      0.9767466187477112,
      -0.1886480301618576,
      0.008305568248033524,
      0.1904630810022354,
      0.9816591739654541
    ],
    [
      0.9762291312217712,
      0.14857015013694763,
      -0.1578090339899063,
      -0.1281587928533554,
      0.9828611612319946,
      0.13251133263111115,
      0.1747916042804718,
      -0.10913679003715515,
      0.9785382747650146
    ],
    [
      0.9440640807151794,
      0.1679939478635788,
      0.2837624251842499,
      -0.23891623318195343,
      0.9415645003318787,
      0.23743487894535065,
      -0.2272930145263672,
      -0.29194918274879456,
      0.9290336966514587
    ],
    [
      0.9593853950500488,
      -0.2039353996515274,
      0.19491033256053925,
      0.16212698817253113,
      0.96402508020401,
      0.21064336597919464,
      -0.2308560609817505,
      -0.17048794031143188,
      0.9579350352287292
    ],
    [
      0.6693167090415955,
      0.673132598400116,
      -0.3144959807395935,
      -0.7416424751281738,
      0.6306688785552979,
      -0.2285240888595581,
      0.04451581463217735,
      0.3861985504627228,
      0.9213409423828125
    ],
    [
      0.9365701079368591,
      -0.054322272539138794,
      0.3462449908256531,
      -0.07045450061559677,
      0.9385677576065063,
      0.3378264605998993,
      -0.3433258831501007,
      -0.3407926559448242,
      0.875207245349884
    ],
    [
      0.17396117746829987,
      -0.2804873287677765,
      -0.943962037563324,
      -0.16525818407535553,
      0.936668336391449,
      -0.3087752163410187,
      0.9707868695259094,
      0.20971237123012543,
      0.11659110337495804
    ],
    [
      -0.3199707567691803,
      -0.01058327965438366,
      0.947368323802948,
      -0.42679187655448914,
      0.8943437337875366,
      -0.1341567188501358,
      -0.8458530306816101,
      -0.44725531339645386,
      -0.2906807065010071
    ],
    [
      0.9793636202812195,
      -0.13372036814689636,
      0.15154485404491425,
      0.1936882585287094,
      0.8351429104804993,
      -0.5148020386695862,
      -0.05772209167480469,
      0.5335308313369751,
      0.843808650970459
    ],
    [
      0.9104203581809998,
      0.411019504070282,
      -0.0468791127204895,
      -0.39864805340766907,
      0.8414032459259033,
      -0.36485639214515686,
      -0.11051886528730392,
      0.35086098313331604,
      0.9298827648162842
    ],
    [
      0.9106181263923645,
      0.2613478899002075,
      -0.32011234760284424,
      -0.1568135917186737,
      0.9352186322212219,
      0.31745150685310364,
      0.38234037160873413,
      -0.23887909948825836,
      0.8926099538803101
    ],
    [
      0.9436001181602478,
      -0.2803027927875519,
      0.1762075424194336,
      0.21339184045791626,
      0.9218035936355591,
      0.3236386179924011,
      -0.25314557552337646,
      -0.2677842080593109,
      0.929628312587738
    ]
  ],
  "root_rot": [
    0.4061369299888611,
    -0.07931744307279587,
    0.9103633761405945,
    -0.09159117937088013,
    -0.9947425127029419,
    -0.045807939022779465,
    0.9092105627059937,
    -0.0647769644856453,
    -0.4112664461135864
  ],
  "root_trans": [
    -0.3111790418624878,
    0.5867781639099121,
    2.324079751968384
  ]
}