{
  "betas": [
    -0.6877636313438416,
    1.0669258832931519,
    0.7207590341567993,
    -0.5276588201522827,
    0.2784409821033478,
    0.009010698646306992,
    0.07671742141246796,
    0.5599427223205566,
    -0.5688940286636353,
    0.5544357895851135
  ],
  "joints": [
    [
      0.7831424474716187,
      -0.5747587084770203,
      0.2373613566160202,
      0.6134920716285706,
      0.7764694690704346,
      -0.14395380020141602,
      -0.10156513750553131,
      0.25835561752319336,
      0.9606961011886597
    ],
    [
      0.6040533185005188,
      0.5898788571357727,
      0.5358755588531494,
      -0.39263784885406494,
      -0.364861398935318,
      0.8442226648330688,
      0.6935093402862549,
      -0.7203604578971863,
      0.011213024146854877
    ],
    [
      0.9864382743835449,
      -0.15770991146564484,
      -0.04546528309583664,
      0.11617662757635117,
      0.8665729761123657,
      -0.48533928394317627,
      0.11594181507825851,
      0.47347524762153625,
      0.8731429576873779
    ],
    [
      0.9842810034751892,
      -0.08181938529014587,
      -0.1565139889717102,
      -0.018010392785072327,
      0.8350915312767029,
      -0.5498161911964417,
      0.17568910121917725,
      0.5439924001693726,
      0.8204911351203918
    ],
    [
      0.9771506190299988,
      -0.2125423103570938,
      0.0015421381685882807,
      0.11575374007225037,
      0.5260578393936157,
      -0.8425344228744507,
      0.17826294898986816,
      0.8234615921974182,
      0.5386403203010559
    ],
    [
      0.971606969833374,
      -0.2176733911037445,
      -0.09272675216197968,
      0.2106233537197113,
      0.9742769002914429,
      -0.08013929426670074,
      0.10778573155403137,
      0.05833347514271736,
      0.9924613237380981
    ],
    [
      0.954007089138031,
      -0.025442402809858322,
      0.2987024486064911,
      -0.0687098279595375,
      0.9513108730316162,
      0.3004772961139679,
      -0.2918037474155426,
      -0.3071812689304352,
      0.9058091640472412
    ],
    [
      0.908268392086029,
      -0.3694503903388977,
      -0.19635428488254547,
      0.24974562227725983,
      0.855278491973877,
      -0.4540107548236847,
      0.3356720805168152,
      0.36332497000694275,
      0.8690910339355469
    ],
    [
      0.9839065074920654,
      -0.17868247628211975,
      -0.00071283447323367,
      0.17866159975528717,
      0.9837130308151245,
      0.019715867936611176,
      -0.0028216552454978228,
      -0.019525928422808647,
      0.9998053312301636
    ],
    [
      0.9472880363464355,
      -0.14553257822990417,
      0.28542205691337585,
      -0.10768040269613266,
      0.6944279670715332,
      0.7114596366882324,
      -0.30174562335014343,
      -0.704691469669342,
      0.6421523094177246
    ],
    [
      0.863194465637207,
      0.43977445363998413,
      0.24797916412353516,
      -0.4493841230869293,
      0.8931229710578918,
      -0.01962592825293541,
      -0.2301069051027298,
      -0.09449690580368042,
      0.9685664772987366
    ],
    [
      0.9646486639976501,
      -0.11534153670072556,
      -0.236958310008049,
      0.030515868216753006,
      0.9419772624969482,
      -0.33428671956062317,
      0.2617664933204651,
      0.31523826718330383,
      0.9121968746185303
    ],
    [
      0.7701852321624756,
      -0.19798113405704498,
      -0.6063151359558105,
      0.4700644612312317,
      0.8187112808227539,
      0.32977455854415894,
      0.43110790848731995,
      -0.5389947295188904,
      0.7236232161521912
    ],
    [
      0.9220596551895142,
      -0.08820651471614838,
      0.3768628239631653,
      0.024319101125001907,
      0.9849647879600525,
      0.1710347682237625,
      -0.3862830102443695,
      -0.14853928983211517,
      0.9103413820266724
    ],
    [
      0.9885727763175964,
      -0.09010755270719528,
      -0.12084884941577911,
      0.11611290276050568,
      0.9664172530174255,
      0.2292494922876358,
      0.09613331407308578,
      -0.24066193401813507,
      0.9658364653587341
    ],
    [
      0.814854621887207,
      0.04665657505393028,
      -0.5777845978736877,
      0.03958401083946228,
      0.9899500012397766,
      0.13576489686965942,
      0.5783122181892395,
      -0.13349968194961548,
      0.8048184514045715
    ],
    [
      0.9780034422874451,
      -0.05870090425014496,
      0.20015862584114075,
      0.010369401425123215,
      0.972080647945404,
      0.23441767692565918,
      -0.20833086967468262,
      -0.22718577086925507,
      0.951306939125061
    ],
    [
      0.07789669930934906,
      -0.22238002717494965,
      -0.9718432426452637,
      0.3478078246116638,
      0.9196218848228455,
      -0.1825525164604187,
      0.9343242049217224,
      -0.3237944543361664,
      0.1489810198545456
    ],
    [
      0.6615872383117676,
      0.21520693600177765,
      0.7183232307434082,
      -0.4890327453613281,
      0.8500182032585144,
      0.1957448273897171,
      -0.5684621334075928,
      -0.48078590631484985,
      0.6676044464111328
    ],
    [
      0.871138870716095,
      -0.3846173882484436,
      0.3052646517753601,
      0.4890376329421997,
      0.735604465007782,
      -0.46875181794166565,
      -0.044263917952775955,
      0.5576338171958923,
      0.8289059996604919
    ],
    [
      0.9063003659248352,
      0.2188417911529541,
      -0.3615632951259613,
      -0.40376386046409607,
      0.7011112570762634,
      -0.5877225399017334,
      0.12487784773111343,
      0.67863929271698,
      0.7237777709960938
    ],
    [
      0.9341562390327454,
      0.2307472676038742,
      -0.27222776412963867,
      -0.17999297380447388,
      0.9633473753929138,
      0.19890785217285156,
      0.3081473410129547,
      -0.13681191205978394,
      0.9414498209953308
    ],
    [
      0.9601361751556396,
      -0.14151164889335632,
      0.24106617271900177,
      0.14166279137134552,
      0.9897724986076355,
      0.01679539680480957,
      -0.24097740650177002,
      0.018024228513240814,
      0.9703633189201355
    ]
  ],
  "root_rot": [
    0.6503835320472717,
    0.7197113633155823,
    -0.2429337352514267,
    0.6092566847801208,
    -0.6852591633796692,
    -0.3990315794944763,
    -0.45366010069847107,
    0.11151456087827682,
    -0.8841702342033386
  ],
  "root_trans": [
    0.0925343781709671,
    0.47306308150291443,
    2.467975616455078
  ]
}