{
  "betas": [
    -0.8176122307777405,
    0.9264317750930786,
    1.3808454275131226,
    0.3069308400154114,
    0.2952137589454651,
    0.06395276635885239,
    0.08497467637062073,
    0.5556031465530396,
    -0.1474038064479828,
    0.9713200926780701
  ],
  "joints": [
    [
      0.9657889604568481,
      -0.25432804226875305,
      -0.05068456754088402,
      0.2568262219429016,
      0.9109323024749756,
      0.32286641001701355,
      -0.03594376519322395,
      -0.32483795285224915,
      0.9450864791870117
    ],
    [
      0.9174388647079468,
      0.35111621022224426,
      -0.18714530766010284,
      -0.31329482793807983,
      0.9274452924728394,
      0.20418496429920197,
      0.24525970220565796,
      -0.1286955624818802,
      0.9608772397041321
    ],
    [
      0.9925398230552673,
      -0.0787542387843132,
      0.09307228773832321,
      0.0903119295835495,
      0.9877424836158752,
      -0.12731264531612396,
      -0.08190504461526871,
      0.13476841151714325,
      0.9874861836433411
    ],
    [
      0.9994697570800781,
      -0.02150174044072628,
      -0.024448832497000694,
      0.018168702721595764,
      0.9914516806602478,
      -0.1292036473751068,
      0.02701793797314167,
      0.1286909431219101,
      0.9913166165351868
    ],
    [
      0.9993737936019897,
      -0.026584863662719727,
      0.023351799696683884,
      0.030729537829756737,
      0.979256808757782,
      -0.2002793252468109,
      -0.01754300855100155,
      0.20087148249149323,
      0.9794605374336243
    ],
    [
      0.9944122433662415,
      0.019194157794117928,
      -0.10380636900663376,
      -0.01151131559163332,
      0.9971836805343628,
      0.07410981506109238,
      0.10493648052215576,
      -0.07250076532363892,
      0.9918326139450073
    ],
    [
      0.9895995855331421,
      0.11095468699932098,
      -0.09155119955539703,
      -0.13298217952251434,
      0.9483087062835693,
      -0.28814294934272766,
      0.05484798550605774,
      0.2973208427429199,
      0.9532008767127991
    ],
    [
      0.8975971341133118,
      -0.2434058040380478,
      -0.36752283573150635,
      0.2775912880897522,
      0.9597668051719666,
      0.04231659322977066,
      0.34243616461753845,
      -0.14000439643859863,
      0.9290512800216675
    ],
    [
      0.9962444305419922,
      0.04608125984668732,
      0.07330421358346939,
      -0.04218892380595207,
      0.9976606965065002,
      -0.05378904938697815,
      -0.07561139762401581,
      0.050494417548179626,
      0.9958580136299133
    ],
    [
      0.9495084285736084,
      -0.15218982100486755,
      0.2743576467037201,
      0.026042865589261055,
      0.9096840620040894,
      0.41448354721069336,
      -0.31265896558761597,
      -0.38641050457954407,
      0.8677161335945129
    ],
    [
      0.9019550085067749,
      0.33301594853401184,
      0.2749137878417969,
      -0.34046444296836853,
      0.9400079846382141,
      -0.02165781706571579,
      -0.2656335234642029,
      -0.0740639865398407,
      0.9612249732017517
    ],
    [
      0.9821441769599915,
      0.17394112050533295,
      0.07167520374059677,
      -0.16422349214553833,
      0.9785446524620056,
      -0.12442265450954437,
      -0.09177961200475693,
      0.11043023318052292,
      0.9896371364593506
    ],
    [
      0.9530404806137085,
      0.233888640999794,
      -0.19237977266311646,
      -0.2140457034111023,
      0.9696151614189148,
      0.11845198273658752,
      0.21423892676830292,
      -0.071711465716362,
      0.9741453528404236
    ],
    [
      0.9548460841178894,
      -0.12820233404636383,
      0.2680169939994812,
      0.06574932485818863,
      0.9709227085113525,
      0.23018717765808105,
      -0.2897343337535858,
      -0.20217138528823853,
      0.9355109930038452
    ],
    [
      0.9383650422096252,
      -0.12678535282611847,
      0.32155323028564453,
      0.10300720483064651,
      0.9906018376350403,
      0.08998643606901169,
      -0.32994017004966736,
      -0.05131782963871956,
      0.9426059126853943
    ],
    [
      0.9097597599029541,
      0.41126060485839844,
      -0.05658528953790665,
      -0.4151250720024109,
      0.9002964496612549,
      -0.13091059029102325,
      -0.0028948402032256126,
      0.14258715510368347,
      0.9897780418395996
    ],
    [
      0.7992886900901794,
      -0.3365281820297241,
      0.4978819489479065,
      0.1438176929950714,
      0.9115386009216309,
      0.385245144367218,
      -0.5834844708442688,
      -0.23631784319877625,
      0.7769811749458313
    ],
    [
      0.9831218719482422,
      0.046864867210388184,
      -0.17684777081012726,
      -0.0546119250357151,
      0.9977381229400635,
      -0.039193689823150635,
      0.17461097240447998,
      0.048190172761678696,
      0.9834575653076172
    ],
    [
      -0.7040154933929443,
      -0.02997673861682415,
      0.7095517516136169,
      -0.5980167388916016,
      0.56392902135849,
      -0.5695262551307678,
      -0.383064329624176,
      -0.8252790570259094,
      -0.41494137048721313
    ],
    [
      0.9941936731338501,
      -0.03923310711979866,
      0.10019843280315399,
      0.09653367102146149,
      0.7365881204605103,
      -0.6694170832633972,
      -0.04754168167710304,
      0.6752027273178101,
      0.73609858751297
    ],
    [
      0.8105189800262451,
      0.5665912628173828,
      -0.1484363079071045,
      -0.5713137984275818,
      0.7089368104934692,
      -0.4135326147079468,
      -0.12907201051712036,
      0.4199797213077545,
      0.8983081579208374
    ],
    [
      0.9203424453735352,
      0.23065580427646637,
      -0.3158603012561798,
      -0.1600535660982132,
      0.9589868187904358,
      0.23393820226192474,
      0.3568650782108307,
      -0.1647486835718155,
      0.9195135831832886
    ],
    [
      0.9400951862335205,
      -0.3119734525680542,
      0.13745395839214325,
      0.26800423860549927,
      0.9255053997039795,
      0.26760685443878174,
      -0.2107006311416626,
      -0.214737668633461,
      0.9536733627319336
    ]
  ],
  "root_rot": [
    0.33177465200424194,
    -0.050973761826753616,
    0.9419805407524109,
    -0.2011943757534027,
    -0.979388415813446,
    0.017864573746919632,
    0.921654224395752,
    -0.19544818997383118,
    -0.33519187569618225
  ],
  "root_trans": [
    -0.41802096366882324,
    0.5383399724960327,
    2.406660318374634
  ]
}