{
  "betas": [
    -0.35819345712661743,
    1.3353171348571777,
    1.2843068838119507,
    0.151085764169693,
    0.09112638235092163,
    0.05187906697392464,
    0.4090054929256439,
    0.6378049850463867,
    -0.08020743727684021,
    0.9871047139167786
  ],
  "joints": [
    [
      0.9098419547080994,
      -0.4140760898590088,
      0.02699356898665428,
      0.38891443610191345,
      0.8736202120780945,
      0.2924608290195465,
      -0.14468315243721008,
      -0.255594938993454,
      0.9558964967727661
    ],
    [
      0.8994995355606079,
      0.43082380294799805,
      -0.0727422684431076,
      -0.37120893597602844,
      0.8413598537445068,
      0.39283275604248047,
      0.23044410347938538,
      -0.32635030150413513,
      0.9167284369468689
    ],
    [
      0.9950553178787231,
      -0.09763970971107483,
      -0.018206866458058357,
      0.09260039776563644,
      0.9782805442810059,
      -0.18545189499855042,
      0.035918887704610825,
      0.18284891545772552,
      0.982484757900238
    ],
    [
      0.9991729855537415,
      0.04032941162586212,
      0.005175361875444651,
      -0.03623295575380325,
      0.9408970475196838,
      -0.33674901723861694,
      -0.018450360745191574,
      0.33628302812576294,
      0.9415801763534546
    ],
    [
      0.9998925924301147,
      -0.0036988547071814537,
      0.01418462023139,
      0.01126005593687296,
      0.8133702278137207,
      -0.5816373825073242,
      -0.009385955519974232,
      0.5817345380783081,
      0.813324511051178
    ],
    [
      0.9899355173110962,
      0.12462455779314041,
      -0.06705586612224579,
      -0.1164875328540802,
      0.9866299629211426,
      0.11398237943649292,
      0.08036432415246964,
      -0.10502402484416962,
      0.9912172555923462
    ],
    [
      0.9819722175598145,
      0.15191902220249176,
      0.1124766543507576,
      -0.10241623222827911,
      0.927731990814209,
      -0.358921080827713,
      -0.15887512266635895,
      0.34093114733695984,
      0.9265660047531128
    ],
    [
      0.9304109215736389,
      -0.28187257051467896,
      -0.2342720478773117,
      0.2939241826534271,
      0.9556690454483032,
      0.017472734674811363,
      0.2189614474773407,
      -0.08511503785848618,
      0.9720140695571899
    ],
    [
      0.99318528175354,
      0.10881958156824112,
      0.041727688163518906,
      -0.10770123451948166,
      0.9937837719917297,
      -0.028179725632071495,
      -0.04453481361269951,
      0.023493567481637,
      0.9987314343452454
    ],
    [
      0.9817991852760315,
      -0.1709991991519928,
      0.0826413631439209,
      0.08779928088188171,
      0.7945008873939514,
      0.6008824110031128,
      -0.16840903460979462,
      -0.5826900601387024,
      0.7950539588928223
    ],
    [
      0.9174615740776062,
      0.3753352463245392,
      0.1318625658750534,
      -0.3420828878879547,
      0.913519561290741,
      -0.22013960778713226,
      -0.20308516919612885,
      0.15686169266700745,
      0.9665148854255676
    ],
    [
      0.96355801820755,
      0.21363183856010437,
      0.16098882257938385,
      -0.1895662248134613,
      0.9699496030807495,
      -0.15252020955085754,
      -0.18873420357704163,
      0.11644402891397476,
      0.9751001000404358
    ],
    [
      0.9470954537391663,
      0.3203522264957428,
      0.01961408369243145,
      -0.32022520899772644,
      0.9390736818313599,
      0.12488599866628647,
      0.021588433533906937,
      -0.12455987930297852,
      0.9919772744178772
    ],
    [
      0.9904950857162476,
      0.1348528265953064,
      0.027098268270492554,
      -0.13745343685150146,
      0.977736234664917,
      0.1585507094860077,
      -0.005113952327519655,
      -0.16076841950416565,
      0.9869789481163025
    ],
    [
      0.8558821678161621,
      0.019237959757447243,
      0.5168129205703735,
      -0.04633312672376633,
      0.9981417059898376,
      0.03957618772983551,
      -0.5150912404060364,
      -0.05781811475753784,
      0.8551830649375916
    ],
    [
      0.7570837736129761,
      0.5861173272132874,
      -0.2886010408401489,
      -0.6372331976890564,
      0.7599064111709595,
      -0.12835878133773804,
      0.14407651126384735,
      0.28108450770378113,
      0.9488062262535095
    ],
    [
      0.967671275138855,
      -0.06740780919790268,
      0.24304021894931793,
      -0.0230121873319149,
      0.9360073208808899,
      0.35122764110565186,
      -0.25116288661956787,
      -0.3454657793045044,
      0.9041962027549744
    ],
    [
      0.8711672425270081,
      -0.09430940449237823,
      -0.48184365034103394,
      0.0052787624299526215,
      0.9831213355064392,
      -0.18287859857082367,
      0.49095794558525085,
      0.15677431225776672,
      0.8569609522819519
    ],
    [
      -0.4653777778148651,
      -0.06744403392076492,
      0.8825388550758362,
      -0.4071388840675354,
      0.901656448841095,
      -0.14578628540039062,
      -0.785914421081543,
      -0.4271616041660309,
      -0.4470699727535248
    ],
    [
      0.9902359843254089,
      -0.1237318366765976,
      0.0642106905579567,
      0.13940061628818512,
      0.8795695304870605,
      -0.45488983392715454,
      -0.00019343590247444808,
      0.45939934253692627,
      0.8882296681404114
    ],
    [
      0.8064435720443726,
      0.580317497253418,
      0.11349190026521683,
      -0.5152588486671448,
      0.7838194370269775,
      -0.34660547971725464,
      -0.2900983691215515,
      0.2210400551557541,
      0.9311198592185974
    ],
    [
      0.9637416005134583,
      0.1580859124660492,
      -0.21496731042861938,
      -0.13273993134498596,
      0.9828884601593018,
      0.127711683511734,
      0.23147833347320557,
      -0.09454631805419922,
      0.9682348370552063
    ],
    [
      0.9296864867210388,
      -0.27827367186546326,
      0.2413436621427536,
      0.24603916704654694,
      0.956728994846344,
      0.15535201132297516,
      -0.2741308808326721,
      -0.08504867553710938,
      0.9579242467880249
    ]
  ],
  "root_rot": [
    -0.6375391483306885,
    0.05689983069896698,
    -0.768314003944397,
    -0.004813692532479763,
    -0.9975436925888062,
    -0.06988178938627243,
    -0.7704029679298401,
    -0.04085394740104675,
    0.6362470388412476
  ],
  "root_trans": [
    0.4308473467826843,
    0.5217519998550415,
    2.769801139831543
  ]
}