{
  "betas": [
    -0.9367073178291321,
    0.8453308343887329,
    1.7325819730758667,
    0.48273324966430664,
    0.3083421587944031,
    -0.016462795436382294,
    0.13748306035995483,
    0.7218502759933472,
    -0.3170648515224457,
    1.1191691160202026
  ],
  "joints": [
    [
      0.9639536142349243,
      -0.25432226061820984,
      -0.0781891942024231,
      0.2659628093242645,
      0.9126700162887573,
      0.31031790375709534,
      -0.007559817750006914,
      -0.31992748379707336,
      0.947411835193634
    ],
    [
      0.942490816116333,
      0.2898096442222595,
      -0.16649754345417023,
      -0.2686959207057953,
      0.9532520771026611,
      0.13824963569641113,
      0.19878020882606506,
      -0.08556179702281952,
      0.9763019680976868
    ],
    [
      0.9921441674232483,
      -0.06585680693387985,
      0.1063624769449234,
      0.07554186880588531,
      0.9930950999259949,
      -0.08975297957658768,
      -0.09971720725297928,
      0.0970826968550682,
      0.9902684688568115
    ],
    [
      0.9975824952125549,
      -0.05323518440127373,
      -0.044665999710559845,
      0.046882472932338715,
      0.9900234937667847,
      -0.1328742355108261,
      0.05129397660493851,
      0.1304589807987213,
      0.9901258945465088
    ],
    [
      0.9991793632507324,
      -0.003487106179818511,
      0.040354374796152115,
      0.011914797127246857,
      0.977512001991272,
      -0.2105429619550705,
      -0.038712698966264725,
      0.21085098385810852,
      0.9767513871192932
    ],
    [
      0.9940111041069031,
      -0.012552300468087196,
      -0.10855577886104584,
      0.0190823283046484,
      0.9980562925338745,
      0.059325654059648514,
      0.10760010033845901,
      -0.06104185804724693,
      0.9923185706138611
    ],
    [
      0.9883229732513428,
      0.12716342508792877,
      -0.08394818753004074,
      -0.14432594180107117,
      0.9579213857650757,
      -0.2481057494878769,
      0.04886579141020775,
      0.2573244869709015,
      0.9650886654853821
    ],
    [
      0.8975257873535156,
      -0.2507965862751007,
      -0.36269640922546387,
      0.2963133454322815,
      0.9521523118019104,
      0.07486244291067123,
      0.32656699419021606,
      -0.1746627539396286,
      0.9288956522941589
    ],
    [
      0.9980399012565613,
      0.034589432179927826,
      0.05215310677886009,
      -0.031045150011777878,
      0.9972495436668396,
      -0.06730174273252487,
      -0.05433759465813637,
      0.06555072218179703,
      0.9963686466217041
    ],
    [
      0.9298349618911743,
      -0.20431114733219147,
      0.3060455024242401,
      0.03914991021156311,
      0.8819046020507812,
      0.46979936957359314,
      -0.36588823795318604,
      -0.42485424876213074,
      0.8280245065689087
    ],
    [
      0.8781168460845947,
      0.3571755886077881,
      0.31833377480506897,
      -0.35399383306503296,
      0.9326289296150208,
      -0.06994029134511948,
      -0.32186827063560486,
      -0.0512724407017231,
      0.9453951120376587
    ],
    [
      0.9827235341072083,
      0.16154745221138,
      0.09031553566455841,
      -0.1488114297389984,
      0.9798265099525452,
      -0.13339866697788239,
      -0.11004376411437988,
      0.11765402555465698,
      0.9869386553764343
    ],
    [
      0.9696305990219116,
      0.08960799127817154,
      -0.22756724059581757,
      -0.06582050770521164,
      0.9917429685592651,
      0.11006204783916473,
      0.2355506271123886,
      -0.09174094349145889,
      0.967522382736206
    ],
    [
      0.9300976991653442,
      -0.14472438395023346,
      0.3375990390777588,
      0.05779650807380676,
      0.9653205871582031,
      0.2545890510082245,
      -0.36273661255836487,
      -0.21728064119815826,
      0.9062070250511169
    ],
    [
      0.9479885101318359,
      -0.12384841591119766,
      0.2932223975658417,
      0.10331563651561737,
      0.9910468459129333,
      0.08456913381814957,
      -0.301070898771286,
      -0.04987611249089241,
      0.9522964954376221
    ],
    [
      0.957187831401825,
      0.28760266304016113,
      -0.032805267721414566,
      -0.28541895747184753,
      0.9188317060470581,
      -0.27255141735076904,
      -0.048243988305330276,
      0.27024614810943604,
      0.9615817666053772
    ],
    [
      0.7328214049339294,
      -0.3381692171096802,
      0.590435802936554,
      0.14088672399520874,
      0.9243583679199219,
      0.35455968976020813,
      -0.6656754016876221,
      -0.17664436995983124,
      0.725033164024353
    ],
    [
      -0.019882168620824814,
      -0.23764535784721375,
      -0.9711484909057617,
      -0.3052557110786438,
      0.9264028668403625,
      -0.2204464226961136,
      0.9520628452301025,
      0.29206565022468567,
      -0.0909615010023117
    ],
    [
      -0.7546356916427612,
      -0.11210315674543381,
      0.646496593952179,
      -0.5544512271881104,
      0.6358292102813721,
      -0.5369405746459961,
      -0.3508686125278473,
      -0.763645350933075,
      -0.5419751405715942
    ],
    [
      0.9951724410057068,
      -0.09803520888090134,
      -0.004571248777210712,
      0.08184178918600082,
      0.8546940088272095,
      -0.5126401782035828,
      0.05416380614042282,
      0.5097913146018982,
      0.8585913181304932
    ],
    [
      0.8503167629241943,
      0.5197262167930603,
      -0.08274059742689133,
      -0.507991373538971,
      0.7694964408874512,
      -0.3870658278465271,
      -0.13749969005584717,
      0.371160089969635,
      0.9183321595191956
    ],
    [
      0.7553356289863586,
      0.3131157457828522,
      -0.5756967067718506,
      -0.164390429854393,
      0.9409143328666687,
      0.29606762528419495,
      0.6343846917152405,
      -0.12899139523506165,
      0.7621793746948242
    ],
    [
      0.9409667253494263,
      -0.2964683771133423,
      0.16336484253406525,
      0.2388201504945755,
      0.9234667420387268,
      0.30028992891311646,
      -0.23988847434520721,
      -0.24354802072048187,
      0.939754068851471
    ]
  ],
  "root_rot": [
    0.29770588874816895,
    -0.048492707312107086,
    0.9534252882003784,
    -0.17072941362857819,
    -0.985312819480896,
    0.003195490688085556,
    0.939267098903656,
    -0.16372902691364288,
    -0.3016125559806824
  ],
  "root_trans": [
    -0.40171220898628235,
    0.5464195013046265,
    2.3976006507873535
  ]
}