{
  "betas": [
    -0.8457968831062317,
    0.7338931560516357,
    1.580496072769165,
    0.5915645360946655,
    0.6066960692405701,
    -0.31982606649398804,
    -0.03366008400917053,
    0.484735906124115,
    -0.14945214986801147,
    0.7553585767745972
  ],
  "joints": [
    [
      0.9662818908691406,
      -0.25101128220558167,
      -0.05738212913274765,
      0.2525556981563568,
      0.8805376887321472,
      0.40108487010002136,
      -0.05014970153570175,
      -0.40205320715904236,
      0.9142419695854187
    ],
    [
      0.967998206615448,
      0.18173474073410034,
      -0.17306643724441528,
      -0.16807471215724945,
      0.9815945625305176,
      0.09068083763122559,
      0.1863609254360199,
      -0.05869079381227493,
      0.9807267785072327
    ],
    [
      0.9960227608680725,
      -0.04925642907619476,
      0.07424602657556534,
      0.05864978954195976,
      0.9897552728652954,
      -0.13017144799232483,
      -0.06707362085580826,
      0.1340082436800003,
      0.9887076616287231
    ],
    [
      0.9995264410972595,
      0.005517848767340183,
      0.030272331088781357,
      0.0002841070818249136,
      0.9820942282676697,
      -0.18838998675346375,
      -0.03076978772878647,
      0.18830937147140503,
      0.9816275835037231
    ],
    [
      0.9971659183502197,
      -0.06319918483495712,
      0.04081607609987259,
      0.07367762178182602,
      0.9301009774208069,
      -0.3598385751247406,
      -0.015221569687128067,
      0.36182600259780884,
      0.9321213364601135
    ],
    [
      0.9871373772621155,
      0.08349460363388062,
      -0.1363392323255539,
      -0.07681030035018921,
      0.9956048727035522,
      0.05358193814754486,
      0.14021381735801697,
      -0.04242048040032387,
      0.9892120361328125
    ],
    [
      0.9894028902053833,
      0.09155040979385376,
      0.11269572377204895,
      -0.06724580377340317,
      0.9768319725990295,
      -0.20316793024539948,
      -0.1286849081516266,
      0.1934366375207901,
      0.9726367592811584
    ],
    [
      0.9567456245422363,
      -0.13295134902000427,
      -0.2587697207927704,
      0.19894729554653168,
      0.947978138923645,
      0.2485104650259018,
      0.21226824820041656,
      -0.28924283385276794,
      0.9334242343902588
    ],
    [
      0.9945041537284851,
      0.09087666124105453,
      0.051990654319524765,
      -0.0865195021033287,
      0.992978036403656,
      -0.08067861199378967,
      -0.058957379311323166,
      0.07573700696229935,
      0.9953833818435669
    ],
    [
      0.9691711068153381,
      -0.1541057527065277,
      0.1922467201948166,
      0.02929011359810829,
      0.8467857837677002,
      0.5311270356178284,
      -0.2446415275335312,
      -0.5091220140457153,
      0.8251940608024597
    ],
    [
      0.9272968769073486,
      0.22328698635101318,
      0.30043888092041016,
      -0.2790209650993347,
      0.9473435282707214,
      0.1571226716041565,
      -0.24953538179397583,
      -0.22952808439731598,
      0.9407704472541809
    ],
    [
      0.9520900249481201,
      0.1903150975704193,
      0.23938409984111786,
      -0.15512308478355408,
      0.9751319289207458,
      -0.15828613936901093,
      -0.2635553479194641,
      0.11356864124536514,
      0.957935631275177
    ],
    [
      0.9598395824432373,
      0.2614753246307373,
      -0.10168001800775528,
      -0.2462311089038849,
      0.9588479995727539,
      0.14135299623012543,
      0.13445600867271423,
      -0.11063938587903976,
      0.9847236275672913
    ],
    [
      0.9895325303077698,
      0.12512387335300446,
      0.0718986839056015,
      -0.1392315924167633,
      0.9587891697883606,
      0.2476649433374405,
      -0.03794688358902931,
      -0.2550830841064453,
      0.9661742448806763
    ],
    [
      0.8467397093772888,
      -0.16676416993141174,
      0.5051946043968201,
      0.11632218211889267,
      0.9846577048301697,
      0.13007068634033203,
      -0.5191348791122437,
      -0.05137067288160324,
      0.8531471490859985
    ],
    [
      0.7433046102523804,
      0.6348036527633667,
      -0.21100381016731262,
      -0.6669664978981018,
      0.7275558710098267,
      -0.16068050265312195,
      0.05151648074388504,
      0.26016703248023987,
      0.9641883969306946
    ],
    [
      0.9774954915046692,
      -0.021020738407969475,
      0.2099064439535141,
      -0.06722436100244522,
      0.912111222743988,
      0.40439334511756897,
      -0.1999586671590805,
      -0.4094034731388092,
      0.8901715278625488
    ],
    [
      0.8645520806312561,
      -0.05213093012571335,
      -0.499831885099411,
      -0.06086200848221779,
      0.9764226675033569,
      -0.2071099877357483,
      0.49884405732154846,
      0.20947815477848053,
      0.8409954309463501
    ],
    [
      -0.33673569560050964,
      -0.02003880776464939,
      0.9413858652114868,
      -0.6159136891365051,
      0.7609118223190308,
      -0.20411646366119385,
      -0.7122213840484619,
      -0.6485458016395569,
      -0.26856833696365356
    ],
    [
      0.9661084413528442,
      -0.10790611058473587,
      0.2345012128353119,
      0.2323480248451233,
      0.7593029737472534,
      -0.6078432202339172,
      -0.11246748268604279,
      0.6417283415794373,
      0.7586407661437988
    ],
    [
      0.8452767729759216,
      0.49645355343818665,
      -0.19758805632591248,
      -0.5303006768226624,
      0.7341203689575195,
      -0.42408543825149536,
      -0.06548529118299484,
      0.46325066685676575,
      0.8838045597076416
    ],
    [
      0.9246155619621277,
      0.2200002670288086,
      -0.3109435737133026,
      -0.14922286570072174,
      0.9602988362312317,
      0.2357090264558792,
      0.35045477747917175,
      -0.17154034972190857,
      0.9207363128662109
    ],
    [
      0.9487130045890808,
      -0.26290762424468994,
      0.17556557059288025,
      0.204620361328125,
      0.9339861869812012,
      0.2929169237613678,
      -0.2409859299659729,
      -0.24196980893611908,
      0.9398810863494873
    ]
  ],
  "root_rot": [
    0.5507954359054565,
    -0.09020411223173141,
    0.8297514915466309,
    -0.10863607376813889,
    -0.9934335947036743,
    -0.03588490188121796,
    0.8275400996208191,
    -0.0703757032752037,
    -0.5569781064987183
  ],
  "root_trans": [
    -0.3753071427345276,
    0.5919215679168701,
    2.2816896438598633
  ]
}