{
  "betas": [
    -0.7597207427024841,
    1.0250002145767212,
    1.0791524648666382,
    0.18856272101402283,
    0.12219998240470886,
    -0.531823992729187,
    -0.11009454727172852,
    0.6081253886222839,
    -0.030900314450263977,
    0.9731665253639221
  ],
  "joints": [
    [
      0.8693363070487976,
      -0.49401649832725525,
      0.014211640693247318,
      0.4789259433746338,
      0.8491826057434082,
      0.22252817451953888,
      -0.12200088053941727,
      -0.1866455227136612,
      0.9748225808143616
    ],
    [
      0.9071662425994873,
      0.39937061071395874,
      -0.1324862688779831,
      -0.37152981758117676,
      0.9080657362937927,
      0.19334478676319122,
      0.19752247631549835,
      -0.1261732578277588,
      0.9721446633338928
    ],
    [
      0.9988004565238953,
      0.005371178966015577,
      0.04866919293999672,
      0.0005342592485249043,
      0.9927107095718384,
      -0.12052058428525925,
      -0.04896176606416702,
      0.120402030646801,
      0.9915170669555664
    ],
    [
      0.992900550365448,
      0.06140730157494545,
      -0.10187085717916489,
      -0.08177217841148376,
      0.9743460416793823,
      -0.2096739113330841,
      0.0863819494843483,
      0.21651554107666016,
      0.9724501371383667
    ],
    [
      0.9982872605323792,
      0.014179697260260582,
      0.05675835162401199,
      0.014774642884731293,
      0.8776273131370544,
      -0.4791158437728882,
      -0.05660639703273773,
      0.47913381457328796,
      0.8759146928787231
    ],
    [
      0.9862509369850159,
      0.04741417616605759,
      -0.15830646455287933,
      -0.05920148268342018,
      0.9957470297813416,
      -0.07059089839458466,
      0.15428617596626282,
      0.0789923220872879,
      0.9848634600639343
    ],
    [
      0.9824456572532654,
      0.1658768504858017,
      0.08535493165254593,
      -0.14829812943935394,
      0.9720329642295837,
      -0.1820976734161377,
      -0.11317360401153564,
      0.1662430763244629,
      0.9795687794685364
    ],
    [
      0.8745037317276001,
      -0.2747730016708374,
      -0.3996787369251251,
      0.3332270681858063,
      0.9391456246376038,
      0.08345818519592285,
      0.3524244725704193,
      -0.2061682641506195,
      0.912848174571991
    ],
    [
      0.9950236678123474,
      0.09111422300338745,
      0.04032513499259949,
      -0.09093776345252991,
      0.9958373308181763,
      -0.0061927116475999355,
      -0.04072152078151703,
      0.0024948169011622667,
      0.9991674423217773
    ],
    [
      0.9681954383850098,
      -0.2253408432006836,
      0.10871537774801254,
      0.1408344805240631,
      0.8500009179115295,
      0.5076062679290771,
      -0.20679259300231934,
      -0.4761512279510498,
      0.8547027707099915
    ],
    [
      0.8420407176017761,
      0.3857283592224121,
      0.3770690858364105,
      -0.452146053314209,
      0.8859273791313171,
      0.10342410951852798,
      -0.29416224360466003,
      -0.2575775980949402,
      0.9203925132751465
    ],
    [
      0.9513923525810242,
      0.2197125107049942,
      0.2158215492963791,
      -0.1949823647737503,
      0.9721353650093079,
      -0.13013339042663574,
      -0.2383996993303299,
      0.08172652870416641,
      0.9677222371101379
    ],
    [
      0.9531407952308655,
      0.2558530569076538,
      -0.16143657267093658,
      -0.2426793873310089,
      0.965248167514801,
      0.0969674289226532,
      0.18063578009605408,
      -0.05324629321694374,
      0.9821076393127441
    ],
    [
      0.9875558614730835,
      -0.15583108365535736,
      0.021218014881014824,
      0.1551051288843155,
      0.9873665571212769,
      0.032398488372564316,
      -0.02599865011870861,
      -0.028704291209578514,
      0.9992498159408569
    ],
    [
      0.8875778317451477,
      -0.225616917014122,
      0.40162497758865356,
      0.19919076561927795,
      0.9741010069847107,
      0.10700618475675583,
      -0.41536569595336914,
      -0.01497633196413517,
      0.90953129529953
    ],
    [
      0.8458294868469238,
      0.43873831629753113,
      -0.30344873666763306,
      -0.48348769545555115,
      0.8708617091178894,
      -0.0885414108633995,
      0.22541536390781403,
      0.22160467505455017,
      0.9487251043319702
    ],
    [
      0.8922070860862732,
      -0.4459560811519623,
      0.07134207338094711,
      0.4433470666408539,
      0.8949626684188843,
      0.04985301196575165,
      -0.08608073741197586,
      -0.012849913910031319,
      0.9962053298950195
    ],
    [
      0.2565234303474426,
      -0.14619776606559753,
      -0.9554171562194824,
      0.08519802987575531,
      0.9880666136741638,
      -0.128318652510643,
      0.9627756476402283,
      -0.048482902348041534,
      0.26591798663139343
    ],
    [
      -0.5174520015716553,
      0.10465072840452194,
      0.8492888808250427,
      -0.15667679905891418,
      0.9641289114952087,
      -0.2142610400915146,
      -0.8412466049194336,
      -0.24393366277217865,
      -0.4824940860271454
    ],
    [
      0.9614680409431458,
      -0.2686960697174072,
      0.058151595294475555,
      0.265186607837677,
      0.8506763577461243,
      -0.4539005756378174,
      0.07249312102794647,
      0.4518319368362427,
      0.8891527056694031
    ],
    [
      0.9516737461090088,
      0.22359950840473175,
      0.2105240821838379,
      -0.1828169822692871,
      0.9632735252380371,
      -0.19667762517929077,
      -0.2467692792415619,
      0.1486855447292328,
      0.957599937915802
    ],
    [
      0.9733633399009705,
      0.06750646233558655,
      -0.2191043347120285,
      -0.033775560557842255,
      0.9874633550643921,
      0.15419258177280426,
      0.22676649689674377,
      -0.14268504083156586,
      0.9634407162666321
    ],
    [
      0.9590345025062561,
      -0.181105375289917,
      0.2178385704755783,
      0.13972066342830658,
      0.9713172912597656,
      0.19240780174732208,
      -0.2464364767074585,
      -0.15408916771411896,
      0.9568309783935547
    ]
  ],
  "root_rot": [
    0.36162105202674866,
    -0.09550956636667252,
    0.9274203181266785,
    -0.16691076755523682,
    -0.9853003621101379,
    -0.03638821840286255,
    0.917262852191925,
    -0.1416376531124115,
    -0.3722469210624695
  ],
  "root_trans": [
    -0.323472261428833,
    0.570240318775177,
    2.4254958629608154
  ]
}