{
  "betas": [
    -0.6525780558586121,
    1.1814604997634888,
    1.3060884475708008,
    0.15628865361213684,
    0.14943751692771912,
    -0.22352981567382812,
    0.3378913998603821,
    0.88485187292099,
    0.16884252429008484,
    1.256481409072876
  ],
  "joints": [
    [
      0.9192163944244385,
      -0.391711950302124,
      0.040037352591753006,
      0.36190909147262573,
      0.8805567622184753,
      0.30600929260253906,
      -0.15512265264987946,
      -0.26679888367652893,
      0.9511863589286804
    ],
    [
      0.958901047706604,
      0.19447830319404602,
      -0.2066081315279007,
      -0.18114520609378815,
      0.9800495505332947,
      0.08178792148828506,
      0.21839219331741333,
      -0.041000451892614365,
      0.9749993681907654
    ],
    [
      0.9982650876045227,
      -0.013364634476602077,
      0.057343654334545135,
      0.020988551899790764,
      0.9906932711601257,
      -0.1344853937625885,
      -0.055012624710798264,
      0.13545562326908112,
      0.9892550110816956
    ],
    [
      0.9993475675582886,
      0.01720784790813923,
      0.031754933297634125,
      -0.008207948878407478,
      0.9644060730934143,
      -0.2642982006072998,
      -0.035172656178474426,
      0.2638651132583618,
      0.9639180898666382
    ],
    [
      0.9996383190155029,
      -0.0220283642411232,
      0.015423254109919071,
      0.026721954345703125,
      0.8779379725456238,
      -0.47802799940109253,
      -0.0030104832258075476,
      0.47826728224754333,
      0.8782090544700623
    ],
    [
      0.9911243319511414,
      0.10623341798782349,
      -0.07991920411586761,
      -0.10185784846544266,
      0.9931658506393433,
      0.056978050619363785,
      0.08542600274085999,
      -0.04833193123340607,
      0.9951715469360352
    ],
    [
      0.9825220108032227,
      0.1280192732810974,
      0.13513506948947906,
      -0.08668165653944016,
      0.9571045637130737,
      -0.27647292613983154,
      -0.16473224759101868,
      0.25992703437805176,
      0.9514732360839844
    ],
    [
      0.9370341897010803,
      -0.15718309581279755,
      -0.3118659555912018,
      0.23379704356193542,
      0.9456955790519714,
      0.22582925856113434,
      0.25943368673324585,
      -0.284523069858551,
      0.9228980541229248
    ],
    [
      0.995576798915863,
      0.08979697525501251,
      0.027627576142549515,
      -0.08917003870010376,
      0.9957473874092102,
      -0.02314647100865841,
      -0.029588572680950165,
      0.020580537617206573,
      0.9993501901626587
    ],
    [
      0.9748135209083557,
      -0.18521606922149658,
      0.12423180043697357,
      0.10899870842695236,
      0.8816450238227844,
      0.4591529369354248,
      -0.19457083940505981,
      -0.4340474009513855,
      0.8796278238296509
    ],
    [
      0.9216521978378296,
      0.3324293792247772,
      0.20011983811855316,
      -0.3124624192714691,
      0.9416470527648926,
      -0.12517234683036804,
      -0.23005320131778717,
      0.05283543840050697,
      0.9717427492141724
    ],
    [
      0.968156099319458,
      0.14341992139816284,
      0.2051939219236374,
      -0.11093592643737793,
      0.9805470108985901,
      -0.1619281768798828,
      -0.2244260162115097,
      0.13400836288928986,
      0.9652329683303833
    ],
    [
      0.9165223240852356,
      0.3996025621891022,
      -0.01745469681918621,
      -0.3947616219520569,
      0.9107235074043274,
      0.12143303453922272,
      0.06442134827375412,
      -0.10440564155578613,
      0.9924461841583252
    ],
    [
      0.9936995506286621,
      0.09988505393266678,
      0.050834670662879944,
      -0.10687238723039627,
      0.981092095375061,
      0.16135847568511963,
      -0.03375619277358055,
      -0.16577467322349548,
      0.9855857491493225
    ],
    [
      0.8122380375862122,
      -0.06908445805311203,
      0.579220712184906,
      0.029428986832499504,
      0.9965507984161377,
      0.07759188115596771,
      -0.5825832486152649,
      -0.04597720131278038,
      0.811469554901123
    ],
    [
      0.786903977394104,
      0.5526378750801086,
      -0.2745424807071686,
      -0.6027302742004395,
      0.7837235927581787,
      -0.14997853338718414,
      0.1322816163301468,
      0.2834937572479248,
      0.949806809425354
    ],
    [
      0.972041130065918,
      -0.06721485406160355,
      0.22498473525047302,
      -0.039552170783281326,
      0.8975949287414551,
      0.43904322385787964,
      -0.23145537078380585,
      -0.4356667399406433,
      0.869840681552887
    ],
    [
      0.9389297962188721,
      -0.03287433460354805,
      -0.3425348401069641,
      -0.043235231190919876,
      0.976267397403717,
      -0.21220900118350983,
      0.34138184785842896,
      0.21405892074108124,
      0.9152252078056335
    ],
    [
      -0.20462051033973694,
      0.0008067642920650542,
      0.9788410067558289,
      -0.6820131540298462,
      0.7171909809112549,
      -0.1431616097688675,
      -0.7021313905715942,
      -0.6968761682510376,
      -0.14620175957679749
    ],
    [
      0.9933754801750183,
      -0.11084306985139847,
      0.03031500242650509,
      0.10643847286701202,
      0.7880819439888,
      -0.6062982678413391,
      0.04331326112151146,
      0.6055085062980652,
      0.7946592569351196
    ],
    [
      0.7607801556587219,
      0.6466889977455139,
      -0.05483613163232803,
      -0.6292706727981567,
      0.7143244743347168,
      -0.30620113015174866,
      -0.15884609520435333,
      0.2674584984779358,
      0.9503862857818604
    ],
    [
      0.9625942707061768,
      0.1961933821439743,
      -0.18687008321285248,
      -0.16380120813846588,
      0.9707680344581604,
      0.17543832957744598,
      0.2158273458480835,
      -0.13826638460159302,
      0.9665924310684204
    ],
    [
      0.953234851360321,
      -0.23294450342655182,
      0.19256186485290527,
      0.20424489676952362,
      0.9661372303962708,
      0.15767915546894073,
      -0.22277170419692993,
      -0.1109754890203476,
      0.9685333967208862
    ]
  ],
  "root_rot": [
    -0.6191572546958923,
    0.06550002098083496,
    -0.7825304865837097,
    0.07749201357364655,
    -0.9865548014640808,
    -0.14389100670814514,
    -0.7814340591430664,
    -0.14973102509975433,
    0.6057568192481995
  ],
  "root_trans": [
    0.42824405431747437,
    0.4805891513824463,
    2.8758015632629395
  ]
}