{
  "betas": [
    -0.6898773908615112,
    1.0591827630996704,
    1.2247586250305176,
    -0.12310981750488281,
    0.2985774278640747,
    -0.03253432363271713,
    -0.12953418493270874,
    0.596388041973114,
    0.017171084880828857,
    0.60295170545578
  ],
  "joints": [
    [
      0.8888381123542786,
      -0.4300091862678528,
      0.15830005705356598,
      0.45270729064941406,
      0.8775088787078857,
      -0.15822258591651917,
      -0.07087251543998718,
      0.21229785680770874,
      0.9746316075325012
    ],
    [
      0.9851490259170532,
      0.16606789827346802,
      -0.04362163320183754,
      0.020718587562441826,
      0.1372247189283371,
      0.9903232455253601,
      0.17044685781002045,
      -0.976519763469696,
      0.1317461133003235
    ],
    [
      0.9953247308731079,
      0.05143650248646736,
      -0.08174975216388702,
      -0.0767754465341568,
      0.9348905086517334,
      -0.34653329849243164,
      0.05860260874032974,
      0.351189523935318,
      0.934468686580658
    ],
    [
      0.9896278381347656,
      -0.03682124987244606,
      -0.13885626196861267,
      -0.02790355123579502,
      0.8989129066467285,
      -0.4372378885746002,
      0.14091932773590088,
      0.43657732009887695,
      0.8885617852210999
    ],
    [
      0.9177941679954529,
      -0.32762518525123596,
      0.22431102395057678,
      0.17426495254039764,
      -0.17524142563343048,
      -0.9689798951148987,
      0.3567708432674408,
      0.9284138083457947,
      -0.10374197363853455
    ],
    [
      0.9747727513313293,
      -0.1806289404630661,
      -0.13111498951911926,
      0.18689608573913574,
      0.9816797375679016,
      0.037077732384204865,
      0.12201561778783798,
      -0.06064724549651146,
      0.9906734824180603
    ],
    [
      0.9449235200881958,
      -0.07286553829908371,
      0.3190770447254181,
      0.013475785963237286,
      0.9827375411987305,
      0.18451377749443054,
      -0.32701370120048523,
      -0.17005158960819244,
      0.9295937418937683
    ],
    [
      0.8944951891899109,
      -0.44702377915382385,
      0.006929771043360233,
      0.399761438369751,
      0.7927911281585693,
      -0.4600793421268463,
      0.2001725435256958,
      0.4143090546131134,
      0.8878507018089294
    ],
    [
      0.9856065511703491,
      -0.11113376915454865,
      -0.1273931860923767,
      0.10386478900909424,
      0.9926340579986572,
      -0.06236858293414116,
      0.1333860456943512,
      0.04823921620845795,
      0.9898895025253296
    ],
    [
      0.8913946151733398,
      -0.1837552785873413,
      0.41430625319480896,
      -0.15566186606884003,
      0.7343925833702087,
      0.6606336832046509,
      -0.4256584048271179,
      -0.6533769965171814,
      0.626029908657074
    ],
    [
      0.7639835476875305,
      0.2831449806690216,
      0.5797913670539856,
      -0.46769413352012634,
      0.8620467782020569,
      0.19528818130493164,
      -0.4445124566555023,
      -0.4203619956970215,
      0.7910147905349731
    ],
    [
      0.9983265995979309,
      -0.0346214659512043,
      -0.04631704092025757,
      0.02169262059032917,
      0.9666913151741028,
      -0.2550238072872162,
      0.05360358953475952,
      0.2535923421382904,
      0.9658246636390686
    ],
    [
      0.7820049524307251,
      -0.3370911777019501,
      -0.5242496728897095,
      0.5282060503959656,
      0.8049324154853821,
      0.2703370749950409,
      0.3308572769165039,
      -0.4883168041706085,
      0.8075147271156311
    ],
    [
      0.9542917013168335,
      -0.14953835308551788,
      0.25877711176872253,
      0.13849245011806488,
      0.988513171672821,
      0.06050943583250046,
      -0.2648530900478363,
      -0.02190498076379299,
      0.9640398621559143
    ],
    [
      0.9874128699302673,
      -0.15539510548114777,
      -0.02946769818663597,
      0.15795426070690155,
      0.978436291217804,
      0.1330898106098175,
      0.00815076194703579,
      -0.13606911897659302,
      0.9906659126281738
    ],
    [
      0.7806763648986816,
      0.2041427195072174,
      -0.5906524062156677,
      -0.02601233869791031,
      0.9549370408058167,
      0.2956666350364685,
      0.6243939399719238,
      -0.21545569598674774,
      0.750806987285614
    ],
    [
      0.6537184119224548,
      -0.7003267407417297,
      0.2866961658000946,
      0.7236064672470093,
      0.6893740296363831,
      0.03401567414402962,
      -0.22146297991275787,
      0.18521854281425476,
      0.9574174284934998
    ],
    [
      0.23709845542907715,
      -0.11114277690649033,
      -0.9651070833206177,
      0.4012197256088257,
      0.9159557819366455,
      -0.006914548575878143,
      0.8847638368606567,
      -0.38558056950569153,
      0.26176437735557556
    ],
    [
      0.25935837626457214,
      0.41239646077156067,
      0.8733053207397461,
      -0.14707621932029724,
      0.9105663299560547,
      -0.3863126039505005,
      -0.9545164704322815,
      -0.028249023482203484,
      0.29681670665740967
    ],
    [
      0.8586997389793396,
      -0.31875672936439514,
      0.4012840986251831,
      0.504737377166748,
      0.6616236567497253,
      -0.5545217394828796,
      -0.0887414962053299,
      0.6787106394767761,
      0.7290244698524475
    ],
    [
      0.8644436001777649,
      0.2352706640958786,
      -0.44428035616874695,
      -0.46362173557281494,
      0.7148119211196899,
      -0.5235445499420166,
      0.19440220296382904,
      0.6585527062416077,
      0.7269911766052246
    ],
    [
      0.9466261863708496,
      0.2023424655199051,
      -0.2509109675884247,
      -0.1488965004682541,
      0.9648910760879517,
      0.21636804938316345,
      0.2858821749687195,
      -0.16745992004871368,
      0.9435192346572876
    ],
    [
      0.9477171897888184,
      -0.12337329238653183,
      0.29429784417152405,
      0.10340707004070282,
      0.9912092685699463,
      0.08252894878387451,
      -0.3018926680088043,
      -0.04778161272406578,
      0.9521437287330627
    ]
  ],
  "root_rot": [
    0.7884759902954102,
    0.540949285030365,
    -0.29271042346954346,
    0.47536200284957886,
    -0.8379465341567993,
    -0.26809805631637573,
    -0.3903031647205353,
    0.07224547863006592,
    -0.9178474545478821
  ],
  "root_trans": [
    0.05670643225312233,
    0.4968179166316986,
    2.5013985633850098
  ]
}