{
  "betas": [
    -0.6488083004951477,
    1.1440085172653198,
    0.943149209022522,
    0.048022568225860596,
    0.2824157476425171,
    0.5233048796653748,
    -0.026766598224639893,
    0.6587871313095093,
    -0.05273386836051941,
    0.38133442401885986
  ],
  "joints": [
    [
      0.9914412498474121,
      -0.03338097408413887,
      -0.12621361017227173,
      0.080906942486763,
      0.9158321619033813,
      0.39332616329193115,
      0.10246087610721588,
      -0.4001713693141937,
      0.9106945395469666
    ],
    [
      0.9690393209457397,
      0.15955407917499542,
      -0.1884283870458603,
      -0.18784010410308838,
      0.9717027544975281,
      -0.14321276545524597,
      0.16024619340896606,
      0.17417322099208832,
      0.9715888500213623
    ],
    [
      0.981604278087616,
      -0.004142878111451864,
      0.19088193774223328,
      0.01691073179244995,
      0.997721791267395,
      -0.06530842185020447,
      -0.19017651677131653,
      0.06733497232198715,
      0.979438066482544
    ],
    [
      0.9992135763168335,
      0.03270971402525902,
      -0.022410212084650993,
      -0.03956504911184311,
      0.8595676422119141,
      -0.509488046169281,
      0.0025978891644626856,
      0.5099741220474243,
      0.8601858019828796
    ],
    [
      0.9950416684150696,
      0.0027881786227226257,
      0.099419966340065,
      0.05446629226207733,
      0.8211191892623901,
      -0.5681519508361816,
      -0.0832197517156601,
      0.5707498788833618,
      0.8168959617614746
    ],
    [
      0.997879683971405,
      -0.03305621072649956,
      -0.056066110730171204,
      0.040714964270591736,
      0.9891024231910706,
      0.14148753881454468,
      0.05077808350324631,
      -0.14347027242183685,
      0.9883511066436768
    ],
    [
      0.9787828326225281,
      0.05270153284072876,
      0.19800706207752228,
      -0.07815476506948471,
      0.9893226027488708,
      0.12301456928253174,
      -0.18940980732440948,
      -0.1358797401189804,
      0.972450852394104
    ],
    [
      0.8063650131225586,
      -0.4243403375148773,
      -0.4119596481323242,
      0.37520208954811096,
      0.9054871201515198,
      -0.19828367233276367,
      0.45716392993927,
      0.005320890340954065,
      0.8893665075302124
    ],
    [
      0.9889359474182129,
      -0.037227973341941833,
      0.14359581470489502,
      0.04682096466422081,
      0.9968500137329102,
      -0.06401461362838745,
      -0.1407603621482849,
      0.07002964615821838,
      0.9875638484954834
    ],
    [
      0.9203820824623108,
      -0.38168931007385254,
      0.0849115177989006,
      0.22296513617038727,
      0.6906824707984924,
      0.6879274845123291,
      -0.3212214708328247,
      -0.6142238974571228,
      0.7207951545715332
    ],
    [
      0.7362891435623169,
      0.35778599977493286,
      0.5743408203125,
      -0.35624057054519653,
      0.9265881776809692,
      -0.12052800506353378,
      -0.5753006339073181,
      -0.11586006730794907,
      0.8096947073936462
    ],
    [
      0.9362889528274536,
      -0.01117642130702734,
      -0.3510529696941376,
      -0.01934453286230564,
      0.9963356256484985,
      -0.08331374824047089,
      0.35069769620895386,
      0.08479668945074081,
      0.932641863822937
    ],
    [
      0.7867090702056885,
      -0.4137156903743744,
      -0.45817917585372925,
      0.572273850440979,
      0.7670859098434448,
      0.28996872901916504,
      0.23149816691875458,
      -0.490325003862381,
      0.8402321338653564
    ],
    [
      0.8529399037361145,
      -0.03913016617298126,
      0.5205405354499817,
      -0.03338624909520149,
      0.9910556674003601,
      0.1292053908109665,
      -0.5209404826164246,
      -0.1275833249092102,
      0.8440045118331909
    ],
    [
      0.9832276701927185,
      -0.024034105241298676,
      -0.18079139292240143,
      0.02342054434120655,
      0.9997103810310364,
      -0.0055280281230807304,
      0.1808719038963318,
      0.0012010786449536681,
      0.9835057854652405
    ],
    [
      0.8779821395874023,
      0.05459050461649895,
      -0.475570410490036,
      0.015255836769938469,
      0.9897804856300354,
      0.14178109169006348,
      0.4784501791000366,
      -0.13173645734786987,
      0.8681767582893372
    ],
    [
      0.8987278342247009,
      -0.21334195137023926,
      0.3831101953983307,
      0.1149078831076622,
      0.9577184915542603,
      0.26376378536224365,
      -0.4231836497783661,
      -0.1930294930934906,
      0.8852429389953613
    ],
    [
      -0.03305311128497124,
      0.017715763300657272,
      -0.9992966055870056,
      0.24884162843227386,
      0.9685029983520508,
      0.008939066901803017,
      0.9679800271987915,
      -0.24837110936641693,
      -0.03642045706510544
    ],
    [
      0.8844507932662964,
      0.14696148037910461,
      0.44288739562034607,
      -0.2681201100349426,
      0.9368460178375244,
      0.22456902265548706,
      -0.38191425800323486,
      -0.3173672556877136,
      0.8679975271224976
    ],
    [
      0.9825795292854309,
      0.05389794707298279,
      0.1778556853532791,
      0.04780544713139534,
      0.8515125513076782,
      -0.522150456905365,
      -0.1795891672372818,
      0.5215567350387573,
      0.834102213382721
    ],
    [
      0.9896553158760071,
      0.020198717713356018,
      -0.1420365571975708,
      -0.1130741760134697,
      0.7191555500030518,
      -0.6855868697166443,
      0.08829840272665024,
      0.6945553421974182,
      0.7140000462532043
    ],
    [
      0.8818906545639038,
      0.2958375811576843,
      -0.3670816421508789,
      -0.17961131036281586,
      0.9307231903076172,
      0.31858134269714355,
      0.4358997344970703,
      -0.21502190828323364,
      0.873931884765625
    ],
    [
      0.9661877751350403,
      -0.16249005496501923,
      0.20019541680812836,
      0.1021680161356926,
      0.9541490077972412,
      0.2813563346862793,
      -0.23673386871814728,
      -0.2513894736766815,
      0.9384883642196655
    ]
  ],
  "root_rot": [
    0.36125415563583374,
    0.08026879280805588,
    -0.929006040096283,
    0.17601174116134644,
    -0.9842481017112732,
    -0.016597777605056763,
    -0.9157047867774963,
    -0.15751996636390686,
    -0.36969196796417236
  ],
  "root_trans": [
    0.3250430226325989,
    0.516313910484314,
    2.570479393005371
  ]
}