{
  "betas": [
    -0.3381802439689636,
    0.7142021656036377,
    0.9178715944290161,
    0.14915555715560913,
    0.1254744529724121,
    0.3063127398490906,
    0.1149229109287262,
    0.4444390535354614,
    0.037537604570388794,
    0.5307753682136536
  ],
  "joints": [
    [
      0.980485737323761,
      0.017172500491142273,
      -0.19583889842033386,
      0.07412996888160706,
      0.8903453946113586,
      0.4492102563381195,
      0.1820783168077469,
      -0.45496174693107605,
      0.8716979622840881
    ],
    [
      0.9920337200164795,
      0.07593491673469543,
      -0.10051283985376358,
      -0.08850859850645065,
      0.987919270992279,
      -0.12720732390880585,
      0.0896390974521637,
      0.13509021699428558,
      0.9867700934410095
    ],
    [
      0.9797260761260986,
      0.01300869695842266,
      0.1999187469482422,
      -0.006255849730223417,
      0.9993894696235657,
      -0.034372635185718536,
      -0.20024384558200836,
      0.032425105571746826,
      0.979209303855896
    ],
    [
      0.9981365203857422,
      0.05024317651987076,
      -0.03462875634431839,
      -0.060922034084796906,
      0.7882534861564636,
      -0.612327516078949,
      -0.0034690473694354296,
      0.6132960915565491,
      0.7898455262184143
    ],
    [
      0.9966573119163513,
      0.03359111025929451,
      0.07447097450494766,
      0.026714056730270386,
      0.7274472117424011,
      -0.6856433749198914,
      -0.07720524072647095,
      0.6853408813476562,
      0.7241182327270508
    ],
    [
      0.995445191860199,
      -0.0435626283288002,
      -0.08479968458414078,
      0.05398869141936302,
      0.9907091856002808,
      0.12482212483882904,
      0.07857424020767212,
      -0.12883183360099792,
      0.9885485768318176
    ],
    [
      0.9969586133956909,
      -0.029343223199248314,
      0.07219716161489487,
      0.027986958622932434,
      0.9994136095046997,
      0.019726237282156944,
      -0.07273365557193756,
      -0.017645664513111115,
      0.9971952438354492
    ],
    [
      0.8451064229011536,
      -0.5285226106643677,
      -0.08036846667528152,
      0.4821788966655731,
      0.8184995055198669,
      -0.3123492896556854,
      0.23086519539356232,
      0.22521638870239258,
      0.9465616345405579
    ],
    [
      0.9930735230445862,
      -0.02893100120127201,
      0.11387643218040466,
      0.040399469435214996,
      0.9941943287849426,
      -0.09972735494375229,
      -0.11033008992671967,
      0.10363715887069702,
      0.9884768724441528
    ],
    [
      0.9257516264915466,
      -0.15525609254837036,
      0.3447889983654022,
      -0.0809318795800209,
      0.809338390827179,
      0.5817399024963379,
      -0.36936965584754944,
      -0.5664510726928711,
      0.7366811633110046
    ],
    [
      0.7553746700286865,
      0.5268048644065857,
      0.3897252082824707,
      -0.5629217028617859,
      0.8261131644248962,
      -0.02561708353459835,
      -0.3354523181915283,
      -0.20003429055213928,
      0.9205748438835144
    ],
    [
      0.9676415324211121,
      -0.03597742319107056,
      -0.24975095689296722,
      -0.026876863092184067,
      0.9694566130638123,
      -0.24378572404384613,
      0.2508935034275055,
      0.24260970950126648,
      0.9371195435523987
    ],
    [
      0.860924482345581,
      -0.29782599210739136,
      -0.41244229674339294,
      0.44081664085388184,
      0.8414192795753479,
      0.3125607669353485,
      0.2539482116699219,
      -0.45090264081954956,
      0.8556851148605347
    ],
    [
      0.9289459586143494,
      -0.0678379014134407,
      0.3639470040798187,
      0.0033303340896964073,
      0.9845598340034485,
      0.1750165969133377,
      -0.37020039558410645,
      -0.16136889159679413,
      0.9148287773132324
    ],
    [
      0.9558147192001343,
      -0.14475607872009277,
      -0.2558591365814209,
      0.1616808921098709,
      0.985757052898407,
      0.04628587141633034,
      0.24551478028297424,
      -0.08560825139284134,
      0.9656053781509399
    ],
    [
      0.8844454884529114,
      0.13862480223178864,
      -0.44557756185531616,
      -0.05963873490691185,
      0.9806052446365356,
      0.18669922649860382,
      0.46281683444976807,
      -0.13855159282684326,
      0.8755592703819275
    ],
    [
      0.9012637138366699,
      -0.16610613465309143,
      0.4001656472682953,
      0.07262719422578812,
      0.9684423804283142,
      0.23842133581638336,
      -0.42714059352874756,
      -0.18581759929656982,
      0.8848857879638672
    ],
    [
      0.4114915728569031,
      -0.07840140163898468,
      -0.908035159111023,
      0.3127005100250244,
      0.9479638934135437,
      0.05985662341117859,
      0.8560917377471924,
      -0.30857354402542114,
      0.4145953059196472
    ],
    [
      0.8712217211723328,
      0.17817914485931396,
      0.45741111040115356,
      -0.2237485945224762,
      0.9735155701637268,
      0.04694784805178642,
      -0.43693166971206665,
      -0.1432470679283142,
      0.8880152702331543
    ],
    [
      0.9718242883682251,
      0.0934821143746376,
      0.21637623012065887,
      0.08481879532337189,
      0.7177978157997131,
      -0.6910658478736877,
      -0.2199167013168335,
      0.6899473071098328,
      0.6896443367004395
    ],
    [
      0.9833770394325256,
      -0.04927201196551323,
      -0.17476233839988708,
      -0.09079785645008087,
      0.7000606656074524,
      -0.7082871794700623,
      0.15724299848079681,
      0.7123814225196838,
      0.6839497685432434
    ],
    [
      0.927668571472168,
      0.16870440542697906,
      -0.33312124013900757,
      -0.08055129647254944,
      0.9615272879600525,
      0.2626340687274933,
      0.36461272835731506,
      -0.21680402755737305,
      0.90556800365448
    ],
    [
      0.9801115393638611,
      -0.10628978908061981,
      0.16758260130882263,
      0.06783147156238556,
      0.9730392694473267,
      0.22043921053409576,
      -0.18649490177631378,
      -0.20468762516975403,
      0.9608967900276184
    ]
  ],
  "root_rot": [
    -0.5049382448196411,
    -0.11137396842241287,
    0.855940043926239,
    -0.036531973630189896,
    -0.9879944920539856,
    -0.15010778605937958,
    0.8623821139335632,
    -0.10706432908773422,
    0.49480748176574707
  ],
  "root_trans": [
    -0.21963241696357727,
    0.5616275668144226,
    2.609212875366211
  ]
}