{
  "betas": [
    -0.8368803858757019,
    1.221605658531189,
    1.6606498956680298,
    0.002832263708114624,
    0.3396349847316742,
    -0.041881002485752106,
    0.37157660722732544,
    0.326288640499115,
    -0.31474772095680237,
    0.7856167554855347
  ],
  "joints": [
    [
      0.9696716666221619,
      -0.2072722315788269,
      -0.12951889634132385,
      0.2014172524213791,
      0.9778501391410828,
      -0.05692283809185028,
      0.1384485960006714,
      0.02910912036895752,
      0.9899417757987976
    ],
    [
      0.9275500774383545,
      0.37067756056785583,
      0.047423575073480606,
      -0.3491722345352173,
      0.8144492506980896,
      0.4634126126766205,
      0.1331525593996048,
      -0.4463973939418793,
      0.8848727941513062
    ],
    [
      0.9988892674446106,
      -0.011161252856254578,
      0.04577768221497536,
      0.018915098160505295,
      0.9848058223724365,
      -0.17262615263462067,
      -0.043155401945114136,
      0.17330031096935272,
      0.983923077583313
    ],
    [
      0.9907703399658203,
      -0.03181210905313492,
      -0.13176529109477997,
      -0.023440098389983177,
      0.9172182083129883,
      -0.39769500494003296,
      0.13350903987884521,
      0.39711299538612366,
      0.9080069065093994
    ],
    [
      0.998968243598938,
      -0.00120081240311265,
      0.045399077236652374,
      0.03000994585454464,
      0.7677585482597351,
      -0.6400361061096191,
      -0.03408696502447128,
      0.6407381296157837,
      0.7670024633407593
    ],
    [
      0.9979867339134216,
      -0.010716436430811882,
      -0.06251132488250732,
      0.016404611989855766,
      0.9956971406936646,
      0.09120394289493561,
      0.06126496568322182,
      -0.09204579889774323,
      0.993868350982666
    ],
    [
      0.998563289642334,
      0.05334571748971939,
      -0.005072595085948706,
      -0.05110068619251251,
      0.976464033126831,
      0.2095392346382141,
      0.01613122783601284,
      -0.20897895097732544,
      0.9777871370315552
    ],
    [
      0.8875159621238708,
      -0.45784854888916016,
      0.05186748132109642,
      0.45722657442092896,
      0.861132800579071,
      -0.22224806249141693,
      0.057091157883405685,
      0.22096386551856995,
      0.9736096262931824
    ],
    [
      0.9928162693977356,
      0.02245248295366764,
      0.1175239309668541,
      -0.01679006777703762,
      0.9986599683761597,
      -0.04895128309726715,
      -0.11846554279327393,
      0.046626389026641846,
      0.9918628334999084
    ],
    [
      0.986257016658783,
      -0.08726292848587036,
      0.1402934044599533,
      -0.017473893240094185,
      0.7892849445343018,
      0.6137784123420715,
      -0.16429157555103302,
      -0.6077947616577148,
      0.7769129872322083
    ],
    [
      0.8989431262016296,
      0.4345303177833557,
      0.05554018169641495,
      -0.4256379306316376,
      0.896377444267273,
      -0.12385395169258118,
      -0.10360325872898102,
      0.08769764751195908,
      0.990744948387146
    ],
    [
      0.9949776530265808,
      0.09968327730894089,
      -0.009093592874705791,
      -0.09847931563854218,
      0.9911155700683594,
      0.08939607441425323,
      0.017924096435308456,
      -0.08805157244205475,
      0.9959545731544495
    ],
    [
      0.7221178412437439,
      0.00320398504845798,
      -0.6917626261711121,
      0.3417876362800598,
      0.8677564263343811,
      0.3608047068119049,
      0.6014374494552612,
      -0.4969794452190399,
      0.6255273222923279
    ],
    [
      0.6285348534584045,
      -0.27752363681793213,
      0.7265841960906982,
      -0.03476724028587341,
      0.9232165217399597,
      0.3827042281627655,
      -0.7770040035247803,
      -0.2658042907714844,
      0.5706250071525574
    ],
    [
      0.9994295239448547,
      -0.027566518634557724,
      0.019514020532369614,
      0.024615511298179626,
      0.9901266694068909,
      0.1379973292350769,
      -0.023125458508729935,
      -0.13743825256824493,
      0.9902403950691223
    ],
    [
      0.346723347902298,
      0.6668064594268799,
      -0.6596605181694031,
      -0.5726434588432312,
      0.7074910998344421,
      0.4141688048839569,
      0.7428744435310364,
      0.23414824903011322,
      0.6271460056304932
    ],
    [
      0.3718096911907196,
      -0.6443469524383545,
      0.6682624220848083,
      0.6155173182487488,
      0.709993839263916,
      0.3421216607093811,
      -0.6949071884155273,
      0.28412294387817383,
      0.6605892777442932
    ],
    [
      -0.03171360865235329,
      -0.33015188574790955,
      -0.9433949589729309,
      0.41941210627555847,
      0.8523532152175903,
      -0.31238996982574463,
      0.9072418808937073,
      -0.40557825565338135,
      0.11143849790096283
    ],
    [
      0.29460427165031433,
      0.2835817039012909,
      0.9125732183456421,
      0.15076979994773865,
      0.9292013645172119,
      -0.33742162585258484,
      -0.9436507821083069,
      0.23699432611465454,
      0.23099114000797272
    ],
    [
      0.9009329676628113,
      -0.257262259721756,
      0.3494795262813568,
      0.3834380805492401,
      0.8490351438522339,
      -0.3634755313396454,
      -0.20321187376976013,
      0.4614708423614502,
      0.8635678887367249
    ],
    [
      0.9329624772071838,
      0.313551127910614,
      -0.17682400345802307,
      -0.35825541615486145,
      0.856704831123352,
      -0.3710927963256836,
      0.03512942045927048,
      0.409563809633255,
      0.9116048812866211
    ],
    [
      0.9950234889984131,
      0.009733418002724648,
      -0.09916405379772186,
      -0.006306525785475969,
      0.9993739724159241,
      0.034812793135643005,
      0.0994408130645752,
      -0.03401416912674904,
      0.9944619536399841
    ],
    [
      0.989075779914856,
      -0.0003841033612843603,
      0.14740777015686035,
      -0.0006288536242209375,
      0.9999765157699585,
      0.006825018674135208,
      -0.1474069207906723,
      -0.006843155715614557,
      0.9890522956848145
    ]
  ],
  "root_rot": [
    -0.9849549531936646,
    -0.17199023067951202,
    -0.016830580309033394,
    0.1723930984735489,
    -0.9711222648620605,
    -0.16493070125579834,
    0.012021913193166256,
    -0.1653507500886917,
    0.9861615896224976
  ],
  "root_trans": [
    0.07324224710464478,
    0.4763675630092621,
    2.7577409744262695
  ]
}