{
  "betas": [
    -1.0576436519622803,
    1.1368669271469116,
    1.3982915878295898,
    0.2570543587207794,
    0.07983648777008057,
    -0.22868198156356812,
    -0.008287787437438965,
    0.42839866876602173,
    -0.15242904424667358,
    0.5737860202789307
  ],
  "joints": [
    [
      0.9407440423965454,
      -0.1849437952041626,
      -0.2842472195625305,
      0.28215375542640686,
      0.891852617263794,
      0.3535367548465729,
      0.18812216818332672,
      -0.412788987159729,
      0.8911876082420349
    ],
    [
      0.9223038554191589,
      0.35308822989463806,
      -0.15711236000061035,
      -0.35041195154190063,
      0.9354966282844543,
      0.0453597716987133,
      0.16299408674240112,
      0.013218550011515617,
      0.9865384697914124
    ],
    [
      0.9810779094696045,
      -0.0452774241566658,
      0.1882447600364685,
      0.06744920462369919,
      0.9912919402122498,
      -0.11309623718261719,
      -0.18148483335971832,
      0.12365317344665527,
      0.9755885601043701
    ],
    [
      0.9798546433448792,
      -0.032971449196338654,
      -0.1969710737466812,
      -0.06257127225399017,
      0.8859362602233887,
      -0.4595668613910675,
      0.18965642154216766,
      0.46263355016708374,
      0.8660256862640381
    ],
    [
      0.9898895621299744,
      0.0536494106054306,
      0.13130269944667816,
      -0.011264706030488014,
      0.9525196552276611,
      -0.3042686879634857,
      -0.14139223098754883,
      0.2997133135795593,
      0.9434936046600342
    ],
    [
      0.9976322650909424,
      0.046480320394039154,
      -0.05068954825401306,
      -0.043108969926834106,
      0.9969085454940796,
      0.0656886175274849,
      0.053586069494485855,
      -0.06334790587425232,
      0.9965518712997437
    ],
    [
      0.9088093042373657,
      0.3063988983631134,
      -0.2831699252128601,
      -0.27793562412261963,
      0.9508094787597656,
      0.1367957442998886,
      0.31115472316741943,
      -0.04561823233962059,
      0.9492636919021606
    ],
    [
      0.8746882081031799,
      -0.36288854479789734,
      -0.321298211812973,
      0.39964449405670166,
      0.9150500893592834,
      0.05447622761130333,
      0.27423515915870667,
      -0.17605476081371307,
      0.9454099535942078
    ],
    [
      0.9768063426017761,
      0.08425604552030563,
      0.1968510001897812,
      -0.06482823938131332,
      0.9925516843795776,
      -0.10314320027828217,
      -0.20407521724700928,
      0.0879894271492958,
      0.9749929308891296
    ],
    [
      0.8832799196243286,
      -0.4127580225467682,
      0.2223675400018692,
      0.1607774943113327,
      0.7121886610984802,
      0.6833284497261047,
      -0.44041699171066284,
      -0.5678186416625977,
      0.6954241394996643
    ],
    [
      0.8713366389274597,
      0.2943890392780304,
      0.3925653398036957,
      -0.3689945936203003,
      0.9204710721969604,
      0.12874770164489746,
      -0.32344314455986023,
      -0.25703707337379456,
      0.910668134689331
    ],
    [
      0.9975189566612244,
      0.05651826411485672,
      -0.04197165369987488,
      -0.05372612178325653,
      0.9964436888694763,
      0.06491143256425858,
      0.04549107328057289,
      -0.062495406717061996,
      0.9970079660415649
    ],
    [
      0.9157535433769226,
      -0.030042709782719612,
      -0.4006156921386719,
      0.14657272398471832,
      0.9534465670585632,
      0.26354530453681946,
      0.37404802441596985,
      -0.3000618517398834,
      0.8775255084037781
    ],
    [
      0.7934503555297852,
      -0.05704542621970177,
      0.6059557199478149,
      -0.16194486618041992,
      0.9399202466011047,
      0.3005390465259552,
      -0.5866944789886475,
      -0.33659422397613525,
      0.7365418672561646
    ],
    [
      0.9706413745880127,
      -0.07093442976474762,
      0.22983385622501373,
      0.07462643831968307,
      0.9971840977668762,
      -0.007400220260024071,
      -0.22866174578666687,
      0.02433464303612709,
      0.9732017517089844
    ],
    [
      0.5003023743629456,
      0.6724740862846375,
      -0.5454137325286865,
      -0.731192409992218,
      0.6655124425888062,
      0.14983578026294708,
      0.4637402892112732,
      0.3238392770290375,
      0.8246654272079468
    ],
    [
      0.5409203767776489,
      -0.4712959825992584,
      0.6966242790222168,
      0.27776679396629333,
      0.8818856477737427,
      0.3809506595134735,
      -0.7938833832740784,
      -0.01256490033119917,
      0.6079402565956116
    ],
    [
      -0.5816628932952881,
      -0.35613614320755005,
      -0.7313243746757507,
      0.08004838228225708,
      0.8696374893188477,
      -0.48715800046920776,
      0.809481680393219,
      -0.34190303087234497,
      -0.47732773423194885
    ],
    [
      0.26349371671676636,
      0.3197430372238159,
      0.9101293683052063,
      -0.37405022978782654,
      0.9035215973854065,
      -0.2091294229030609,
      -0.8891891837120056,
      -0.2853298485279083,
      0.35767221450805664
    ],
    [
      0.9053359627723694,
      -0.3838724195957184,
      0.1816832572221756,
      0.4224122166633606,
      0.8582170605659485,
      -0.29160159826278687,
      -0.04398585855960846,
      0.3407426178455353,
      0.9391271471977234
    ],
    [
      0.9360231161117554,
      0.24567024409770966,
      -0.2520056664943695,
      -0.33455193042755127,
      0.8433911800384521,
      -0.4204358458518982,
      0.10925079882144928,
      0.4778466522693634,
      0.8716230988502502
    ],
    [
      0.8845421671867371,
      0.2934655547142029,
      -0.3625786304473877,
      -0.18668539822101593,
      0.9350501298904419,
      0.301379919052124,
      0.4274738132953644,
      -0.19889506697654724,
      0.8818770051002502
    ],
    [
      0.9587463736534119,
      -0.1300736665725708,
      0.25275731086730957,
      0.07246246188879013,
      0.9716246128082275,
      0.2251553237438202,
      -0.27487197518348694,
      -0.197551429271698,
      0.9409670233726501
    ]
  ],
  "root_rot": [
    0.6270416378974915,
    -0.012582283467054367,
    0.7788841128349304,
    -0.04751000925898552,
    -0.9986258745193481,
    0.02211594767868519,
    0.7775355577468872,
    -0.05087241157889366,
    -0.6267777681350708
  ],
  "root_trans": [
    -0.1367884874343872,
    0.5545690059661865,
    2.305410861968994
  ]
}