{
  "betas": [
    -0.7432265281677246,
    1.1112642288208008,
    1.3870861530303955,
    0.07527467608451843,
    -0.32100898027420044,
    -0.17663881182670593,
    0.13859295845031738,
    0.7835946679115295,
    0.256504088640213,
    1.2737113237380981
  ],
  "joints": [
    [
      0.9534424543380737,
      -0.3015715777873993,
      0.0014485310530290008,
      0.284871369600296,
      0.9021990895271301,
      0.32385993003845215,
      -0.09897380322217941,
      -0.30836915969848633,
      0.9461040496826172
    ],
    [
      0.9717397093772888,
      0.12671582400798798,
      -0.1991611123085022,
      -0.1413961797952652,
      0.9880567193031311,
      -0.06124618649482727,
      0.18902160227298737,
      0.08767596632242203,
      0.9780510663986206
    ],
    [
      0.9957983493804932,
      -0.010873738676309586,
      0.09092531353235245,
      0.020298857241868973,
      0.9944342374801636,
      -0.10338541865348816,
      -0.08929505944252014,
      0.10479671508073807,
      0.990476667881012
    ],
    [
      0.9945563077926636,
      0.02170438878238201,
      0.10191497206687927,
      -0.0038270396180450916,
      0.985014796257019,
      -0.17242731153964996,
      -0.10413018614053726,
      0.17109863460063934,
      0.9797357320785522
    ],
    [
      0.9998689889907837,
      -0.01618223451077938,
      -0.0002193167310906574,
      0.016010155901312828,
      0.991034746170044,
      -0.13264182209968567,
      0.0023637907579541206,
      0.1326209455728531,
      0.991163969039917
    ],
    [
      0.9934597611427307,
      -0.00926460511982441,
      -0.11380619555711746,
      0.00536371860653162,
      0.999389111995697,
      -0.03453509509563446,
      0.11405662447214127,
      0.033698804676532745,
      0.9929025769233704
    ],
    [
      0.9799304008483887,
      0.1925414353609085,
      0.05161547288298607,
      -0.17205309867858887,
      0.9477096796035767,
      -0.26878249645233154,
      -0.10066825896501541,
      0.25450754165649414,
      0.9618168473243713
    ],
    [
      0.9524492025375366,
      -0.2571345865726471,
      -0.16346950829029083,
      0.2774510085582733,
      0.9536526799201965,
      0.11648010462522507,
      0.12594205141067505,
      -0.15629617869853973,
      0.9796479940414429
    ],
    [
      0.9987481832504272,
      0.009376893751323223,
      0.04913293570280075,
      -0.009829159826040268,
      0.9999114871025085,
      0.008971341885626316,
      -0.04904446005821228,
      -0.00944304745644331,
      0.9987519383430481
    ],
    [
      0.8997940421104431,
      -0.42150574922561646,
      0.11271031945943832,
      0.2991470396518707,
      0.7840278148651123,
      0.5438854694366455,
      -0.31761887669563293,
      -0.4556679427623749,
      0.8315557241439819
    ],
    [
      0.9364281296730042,
      0.2971695065498352,
      0.1865277737379074,
      -0.2338745892047882,
      0.9249805212020874,
      -0.2995222508907318,
      -0.2615434527397156,
      0.23685696721076965,
      0.9356781840324402
    ],
    [
      0.9915662407875061,
      0.1295049637556076,
      -0.004983655177056789,
      -0.12959912419319153,
      0.9906235933303833,
      -0.04323068633675575,
      -0.000661661964841187,
      0.04351196810603142,
      0.9990526437759399
    ],
    [
      0.9755434393882751,
      0.20803003013134003,
      -0.07098240405321121,
      -0.19235053658485413,
      0.9642354249954224,
      0.18234948813915253,
      0.10637790709733963,
      -0.16423633694648743,
      0.9806682467460632
    ],
    [
      0.9475870728492737,
      -0.3101575970649719,
      0.07668770849704742,
      0.3168727159500122,
      0.9430327415466309,
      -0.10139487683773041,
      -0.040870629251003265,
      0.12038072198629379,
      0.9918861389160156
    ],
    [
      0.9829196929931641,
      -0.054614171385765076,
      0.17574457824230194,
      0.06759779900312424,
      0.9953407049179077,
      -0.06875602155923843,
      -0.1711706817150116,
      0.07946159690618515,
      0.9820317625999451
    ],
    [
      0.5766280293464661,
      0.5895392894744873,
      -0.5656355023384094,
      -0.6114773750305176,
      0.770569384098053,
      0.17977279424667358,
      0.5418444871902466,
      0.24221131205558777,
      0.8048218488693237
    ],
    [
      0.616610050201416,
      -0.769816517829895,
      0.16484737396240234,
      0.7872113585472107,
      0.6003679633140564,
      -0.1409134715795517,
      0.009508438408374786,
      0.21665836870670319,
      0.9762012362480164
    ],
    [
      -0.07360421121120453,
      -0.3151291310787201,
      -0.9461902976036072,
      0.42094287276268005,
      0.8502896428108215,
      -0.31593456864356995,
      0.9040960073471069,
      -0.42154619097709656,
      0.07006645947694778
    ],
    [
      0.3373815417289734,
      0.3093119263648987,
      0.8891006112098694,
      0.08139850199222565,
      0.9313542246818542,
      -0.35489949584007263,
      -0.9378422498703003,
      0.19210797548294067,
      0.28904420137405396
    ],
    [
      0.95196133852005,
      -0.26008161902427673,
      0.1616392433643341,
      0.30087557435035706,
      0.8926000595092773,
      -0.3357665538787842,
      -0.05695246905088425,
      0.36827003955841064,
      0.9279729723930359
    ],
    [
      0.9630873799324036,
      0.07403082400560379,
      0.25880903005599976,
      0.02470056712627411,
      0.9330803155899048,
      -0.35881876945495605,
      -0.2680532932281494,
      0.3519665598869324,
      0.8968092799186707
    ],
    [
      0.9788339734077454,
      0.12380027025938034,
      -0.16296489536762238,
      -0.11995360255241394,
      0.9922217130661011,
      0.03327494487166405,
      0.1658167541027069,
      -0.013022420927882195,
      0.9860706329345703
    ],
    [
      0.8592718243598938,
      -0.23980897665023804,
      0.45182251930236816,
      0.1874474585056305,
      0.9694725871086121,
      0.15807074308395386,
      -0.47593632340431213,
      -0.05113275349140167,
      0.8779920339584351
    ]
  ],
  "root_rot": [
    -0.0867438018321991,
    0.04593483358621597,
    -0.9951710104942322,
    0.13089199364185333,
    -0.9897512197494507,
    -0.05709382891654968,
    -0.9875944256782532,
    -0.13521245121955872,
    0.07984228432178497
  ],
  "root_trans": [
    0.5153573751449585,
    0.4758762717247009,
    2.7013237476348877
  ]
}