{
  "betas": [
    -0.699072539806366,
    0.7160425186157227,
    1.3520852327346802,
    0.5407301187515259,
    0.36513054370880127,
    -0.20229464769363403,
    -0.3060252070426941,
    0.32997459173202515,
    0.09492851793766022,
    0.656271755695343
  ],
  "joints": [
    [
      0.9642490744590759,
      -0.2576419711112976,
      -0.062002599239349365,
      0.26230648159980774,
      0.8947039246559143,
      0.3615248203277588,
      -0.03767000883817673,
      -0.36486366391181946,
      0.9302985668182373
    ],
    [
      0.9771671891212463,
      0.13518701493740082,
      -0.1639169156551361,
      -0.12161693722009659,
      0.9884686470031738,
      0.09021665900945663,
      0.17422284185886383,
      -0.06822168827056885,
      0.9823401570320129
    ],
    [
      0.9951146245002747,
      0.023158418014645576,
      0.09597145020961761,
      -0.00794267188757658,
      0.987727165222168,
      -0.15598726272583008,
      -0.09840602427721024,
      0.15446294844150543,
      0.9830856919288635
    ],
    [
      0.9947413802146912,
      0.09503266215324402,
      0.038189489394426346,
      -0.0775739848613739,
      0.942560076713562,
      -0.32490432262420654,
      -0.06687240302562714,
      0.32023322582244873,
      0.9449755549430847
    ],
    [
      0.9980251789093018,
      -0.06189446523785591,
      0.010712078772485256,
      0.062436047941446304,
      0.958785355091095,
      -0.27718645334243774,
      0.00688572321087122,
      0.2773078978061676,
      0.9607563614845276
    ],
    [
      0.9868962168693542,
      0.021038774400949478,
      -0.1599782109260559,
      -0.03264705091714859,
      0.9969927668571472,
      -0.07028315216302872,
      0.15801842510700226,
      0.07458501309156418,
      0.9846152663230896
    ],
    [
      0.9897058606147766,
      0.07972483336925507,
      0.11885342746973038,
      -0.06243465095758438,
      0.9877954125404358,
      -0.1426955610513687,
      -0.12877926230430603,
      0.13380607962608337,
      0.9826045036315918
    ],
    [
      0.9599167704582214,
      -0.07652105391025543,
      -0.2696373760700226,
      0.12811529636383057,
      0.9754210710525513,
      0.1792769581079483,
      0.24929149448871613,
      -0.20663562417030334,
      0.9461265802383423
    ],
    [
      0.9964498281478882,
      0.052376698702573776,
      0.06591223180294037,
      -0.05307696387171745,
      0.9985505938529968,
      0.008917024359107018,
      -0.06534966081380844,
      -0.012383788824081421,
      0.9977855682373047
    ],
    [
      0.9710924029350281,
      -0.2332804650068283,
      0.05059347301721573,
      0.14969970285892487,
      0.7602612376213074,
      0.6321336627006531,
      -0.18592867255210876,
      -0.6062864065170288,
      0.7732059359550476
    ],
    [
      0.9103937745094299,
      0.17775844037532806,
      0.37361106276512146,
      -0.21226681768894196,
      0.9757745265960693,
      0.052980780601501465,
      -0.3551423251628876,
      -0.12753857672214508,
      0.926071286201477
    ],
    [
      0.9487411379814148,
      0.20287907123565674,
      0.24234330654144287,
      -0.21289284527301788,
      0.9769511818885803,
      0.015586276538670063,
      -0.23359547555446625,
      -0.06638050079345703,
      0.9700652956962585
    ],
    [
      0.9454501867294312,
      0.2615680992603302,
      -0.19418062269687653,
      -0.2545716464519501,
      0.9651529788970947,
      0.06060566380620003,
      0.20326651632785797,
      -0.007866756059229374,
      0.9790918827056885
    ],
    [
      0.9625595211982727,
      -0.26299533247947693,
      0.06567125767469406,
      0.26968592405319214,
      0.9535700678825378,
      -0.13406620919704437,
      -0.027363352477550507,
      0.1467573195695877,
      0.9887940883636475
    ],
    [
      0.884806215763092,
      -0.24812808632850647,
      0.3943988084793091,
      0.23544159531593323,
      0.968497633934021,
      0.08111410588026047,
      -0.4021010398864746,
      0.021087616682052612,
      0.9153524041175842
    ],
    [
      0.6702576279640198,
      0.5996240973472595,
      -0.4372706413269043,
      -0.6995315551757812,
      0.7072187662124634,
      -0.10245583951473236,
      0.24781103432178497,
      0.37455642223358154,
      0.8934747576713562
    ],
    [
      0.7079450488090515,
      -0.7035067677497864,
      0.06238558515906334,
      0.6826077699661255,
      0.6588830947875977,
      -0.3161007761955261,
      0.18127423524856567,
      0.2663668990135193,
      0.9466722011566162
    ],
    [
      0.41275110840797424,
      -0.1584341824054718,
      -0.8969588875770569,
      -0.12001575529575348,
      0.966710090637207,
      -0.22598199546337128,
      0.9029024243354797,
      0.20092348754405975,
      0.37999606132507324
    ],
    [
      -0.15307718515396118,
      0.2973064184188843,
      0.9424310326576233,
      0.194951131939888,
      0.9440144896507263,
      -0.2661404311656952,
      -0.9687938094139099,
      0.14298796653747559,
      -0.20246730744838715
    ],
    [
      0.9926219582557678,
      -0.10977340489625931,
      0.05149295553565025,
      0.12086353451013565,
      0.8618849515914917,
      -0.49248993396759033,
      0.009681280702352524,
      0.495079904794693,
      0.8687935471534729
    ],
    [
      0.9710149168968201,
      0.16551630198955536,
      0.17243656516075134,
      -0.12506255507469177,
      0.966626763343811,
      -0.22358883917331696,
      -0.20368941128253937,
      0.19554273784160614,
      0.959308922290802
    ],
    [
      0.9412202835083008,
      0.1962682455778122,
      -0.27492383122444153,
      -0.09630795568227768,
      0.9360213875770569,
      0.33850935101509094,
      0.32377326488494873,
      -0.29213452339172363,
      0.8999044895172119
    ],
    [
      0.8427456021308899,
      -0.42053645849227905,
      0.33604907989501953,
      0.21937312185764313,
      0.8383724689483643,
      0.4990060329437256,
      -0.49158456921577454,
      -0.34681499004364014,
      0.7987890839576721
    ]
  ],
  "root_rot": [
    0.506358802318573,
    -0.07235776633024216,
    0.8592817783355713,
    -0.07542426139116287,
    -0.9963706135749817,
    -0.039455533027648926,
    0.8590180277824402,
    -0.044832028448581696,
    -0.5099785327911377
  ],
  "root_trans": [
    -0.4160313010215759,
    0.5600253343582153,
    2.291504383087158
  ]
}