{
  "betas": [
    -0.7983115315437317,
    0.6956926584243774,
    1.594769835472107,
    0.6570460796356201,
    0.6272540092468262,
    -0.3549577593803406,
    -0.07421579957008362,
    0.47281670570373535,
    -0.16572842001914978,
    0.7166775465011597
  ],
  "joints": [
    [
      0.9686586856842041,
      -0.24251174926757812,
      -0.05374416708946228,
      0.2437703013420105,
      0.8865442872047424,
      0.3932115435600281,
      -0.047711826860904694,
      -0.3939889967441559,
      0.9178760051727295
    ],
    [
      0.9707645177841187,
      0.17610512673854828,
      -0.1631053388118744,
      -0.16446749866008759,
      0.9829343557357788,
      0.08240444213151932,
      0.17483368515968323,
      -0.05316977575421333,
      0.9831613898277283
    ],
    [
      0.9962981343269348,
      -0.0497858002781868,
      0.0700816810131073,
      0.058269064873456955,
      0.9904776215553284,
      -0.124735027551651,
      -0.06320430338382721,
      0.12835685908794403,
      0.9897119998931885
    ],
    [
      0.9994884133338928,
      -0.004438045900315046,
      0.031671032309532166,
      0.009464253671467304,
      0.9870123863220215,
      -0.16036491096019745,
      -0.030547983944416046,
      0.16058263182640076,
      0.986549437046051
    ],
    [
      0.9973607659339905,
      -0.05406280606985092,
      0.04846298322081566,
      0.06726377457380295,
      0.9392971992492676,
      -0.33644670248031616,
      -0.027331888675689697,
      0.3388185501098633,
      0.9404546618461609
    ],
    [
      0.9867757558822632,
      0.08105060458183289,
      -0.1403726041316986,
      -0.07423212379217148,
      0.995823323726654,
      0.05315588042140007,
      0.14409463107585907,
      -0.04203277453780174,
      0.9886708855628967
    ],
    [
      0.9902536869049072,
      0.09136468172073364,
      0.10511939227581024,
      -0.0675574466586113,
      0.97512286901474,
      -0.21111956238746643,
      -0.12179318815469742,
      0.20196034014225006,
      0.9717913866043091
    ],
    [
      0.9577570557594299,
      -0.12565040588378906,
      -0.25867652893066406,
      0.19193775951862335,
      0.9491308331489563,
      0.2496209442615509,
      0.21415288746356964,
      -0.28872597217559814,
      0.9331538081169128
    ],
    [
      0.9950447678565979,
      0.08818831294775009,
      0.04592040553689003,
      -0.08429501950740814,
      0.993163526058197,
      -0.08075051754713058,
      -0.05272771790623665,
      0.07647952437400818,
      0.9956759810447693
    ],
    [
      0.9665494561195374,
      -0.15276840329170227,
      0.20601926743984222,
      0.018952375277876854,
      0.843601405620575,
      0.5366353392601013,
      -0.25577905774116516,
      -0.5147800445556641,
      0.8182777762413025
    ],
    [
      0.9279922246932983,
      0.20920804142951965,
      0.30832210183143616,
      -0.2702241539955139,
      0.9476099610328674,
      0.17033562064170837,
      -0.25653353333473206,
      -0.24138617515563965,
      0.9359077215194702
    ],
    [
      0.9534310102462769,
      0.18160517513751984,
      0.2408086359500885,
      -0.14736422896385193,
      0.9771099090576172,
      -0.15342722833156586,
      -0.26315972208976746,
      0.11079571396112442,
      0.9583690166473389
    ],
    [
      0.9568268656730652,
      0.2714592516422272,
      -0.10388561338186264,
      -0.25544703006744385,
      0.9558851718902588,
      0.14501826465129852,
      0.13866928219795227,
      -0.11222010105848312,
      0.9839600920677185
    ],
    [
      0.9900679588317871,
      0.12150436639785767,
      0.07072477042675018,
      -0.13570235669612885,
      0.9574064016342163,
      0.25486865639686584,
      -0.03674468770623207,
      -0.2619348168373108,
      0.9643858075141907
    ],
    [
      0.8450484871864319,
      -0.16712647676467896,
      0.5078993439674377,
      0.11751212924718857,
      0.9847214818000793,
      0.12850885093212128,
      -0.5216166377067566,
      -0.04891187325119972,
      0.8517767786979675
    ],
    [
      0.7341698408126831,
      0.6409686207771301,
      -0.2239503562450409,
      -0.676611065864563,
      0.7181261777877808,
      -0.1627642959356308,
      0.05649780109524727,
      0.2710239589214325,
      0.9609130620956421
    ],
    [
      0.9778397083282471,
      -0.015461882576346397,
      0.20878301560878754,
      -0.07055655866861343,
      0.914587676525116,
      0.39818480610847473,
      -0.19710706174373627,
      -0.4040919542312622,
      0.8932291865348816
    ],
    [
      0.8628043532371521,
      -0.05426618456840515,
      -0.5026170015335083,
      -0.06338542699813843,
      0.9747636914253235,
      -0.2140515148639679,
      0.5015485286712646,
      0.21654316782951355,
      0.8375906944274902
    ],
    [
      -0.3294278085231781,
      -0.014486178755760193,
      0.9440695643424988,
      -0.6223951578140259,
      0.755219042301178,
      -0.20559293031692505,
      -0.7100010514259338,
      -0.6553124189376831,
      -0.25780627131462097
    ],
    [
      0.9636808037757874,
      -0.10237432271242142,
      0.24665510654449463,
      0.2377282977104187,
      0.7496547698974609,
      -0.6176592111587524,
      -0.12167374789714813,
      0.653863251209259,
      0.7467651963233948
    ],
    [
      0.846675455570221,
      0.4886820316314697,
      -0.2105480581521988,
      -0.5294812321662903,
      0.7344541549682617,
      -0.42453107237815857,
      -0.05282280966639519,
      0.4709213078022003,
      0.8805922865867615
    ],
    [
      0.9209948182106018,
      0.23040060698986053,
      -0.3141404986381531,
      -0.1545105129480362,
      0.9562649726867676,
      0.24836230278015137,
      0.357624351978302,
      -0.18020235002040863,
      0.916314423084259
    ],
    [
      0.9454066157341003,
      -0.27268192172050476,
      0.17846785485744476,
      0.20898562669754028,
      0.9274752140045166,
      0.31002387404441833,
      -0.25006240606307983,
      -0.2558014392852783,
      0.933827817440033
    ]
  ],
  "root_rot": [
    0.5387120246887207,
    -0.08614061772823334,
    0.8380747437477112,
    -0.10245372354984283,
    -0.9940745830535889,
    -0.036317937076091766,
    0.8362371921539307,
    -0.0662989616394043,
    -0.5443453788757324
  ],
  "root_trans": [
    -0.37477487325668335,
    0.5935815572738647,
    2.296729564666748
  ]
}