{
  "betas": [
    -0.34847110509872437,
    0.9835720062255859,
    0.8757351636886597,
    0.14060716331005096,
    0.24587686359882355,
    -0.05165175348520279,
    -0.16510754823684692,
    0.46416231989860535,
    0.08774050325155258,
    0.4952011704444885
  ],
  "joints": [
    [
      0.9097839593887329,
      -0.40695688128471375,
      -0.08172637224197388,
      0.4012244641780853,
      0.8117460012435913,
      0.4243670105934143,
      -0.10635800659656525,
      -0.4188729226589203,
      0.9017945528030396
    ],
    [
      0.888724148273468,
      0.4116840958595276,
      -0.2017069309949875,
      -0.40459105372428894,
      0.9112338423728943,
      0.07719448208808899,
      0.21558192372322083,
      0.01300421915948391,
      0.9763992428779602
    ],
    [
      0.9900591373443604,
      0.009678474627435207,
      0.14031831920146942,
      0.01667710579931736,
      0.9825142025947571,
      -0.18543951213359833,
      -0.13965950906276703,
      0.18593619763851166,
      0.9725857377052307
    ],
    [
      0.9939895272254944,
      0.10940352082252502,
      0.003942347597330809,
      -0.1003543809056282,
      0.9249810576438904,
      -0.36652278900146484,
      -0.043745480477809906,
      0.3639242649078369,
      0.9304006099700928
    ],
    [
      0.9989892840385437,
      0.011689068749547005,
      0.04340120777487755,
      0.0052964938804507256,
      0.9282518625259399,
      -0.3719146251678467,
      -0.044634588062763214,
      0.37176862359046936,
      0.9272517561912537
    ],
    [
      0.9924660325050354,
      -0.042600274085998535,
      -0.11487509310245514,
      0.0403088815510273,
      0.998940646648407,
      -0.022197769954800606,
      0.11569903790950775,
      0.017400050535798073,
      0.9931318163871765
    ],
    [
      0.9937162399291992,
      0.10749159008264542,
      -0.03120410442352295,
      -0.10976649820804596,
      0.990418016910553,
      -0.08380596339702606,
      0.021896669641137123,
      0.08670450001955032,
      0.995993435382843
    ],
    [
      0.8393447995185852,
      -0.26124903559684753,
      -0.47670668363571167,
      0.33591216802597046,
      0.9387416243553162,
      0.07698821276426315,
      0.42739132046699524,
      -0.22475123405456543,
      0.8756846189498901
    ],
    [
      0.9985165596008301,
      -0.01457868330180645,
      0.05246113985776901,
      0.014431508257985115,
      0.9998908042907715,
      0.003182928077876568,
      -0.05250181257724762,
      -0.002421112498268485,
      0.998617947101593
    ],
    [
      0.9499114155769348,
      -0.12068841606378555,
      0.2882753610610962,
      -0.0060799578204751015,
      0.9151126742362976,
      0.4031524360179901,
      -0.3124602437019348,
      -0.38471177220344543,
      0.8685421943664551
    ],
    [
      0.8197630643844604,
      0.4175257682800293,
      0.39199578762054443,
      -0.390874981880188,
      0.908158004283905,
      -0.14988556504249573,
      -0.418575257062912,
      -0.030350711196660995,
      0.9076747894287109
    ],
    [
      0.9843178391456604,
      0.15500621497631073,
      0.08421072363853455,
      -0.15321822464466095,
      0.9878143072128296,
      -0.027334867045283318,
      -0.08742161840200424,
      0.014003580436110497,
      0.9960730075836182
    ],
    [
      0.9306847453117371,
      0.2217731475830078,
      -0.29093384742736816,
      -0.17955823242664337,
      0.9698309302330017,
      0.16488400101661682,
      0.31872352957725525,
      -0.10121545195579529,
      0.9424280524253845
    ],
    [
      0.8499332070350647,
      -0.4402640759944916,
      0.2894497215747833,
      0.4502979516983032,
      0.8921989798545837,
      0.03482456132769585,
      -0.2735787332057953,
      0.10074006021022797,
      0.9565595388412476
    ],
    [
      0.9455041289329529,
      -0.18053951859474182,
      0.2709750533103943,
      0.188091441988945,
      0.982149600982666,
      -0.00193522940389812,
      -0.2657886743545532,
      0.05279785394668579,
      0.9625844359397888
    ],
    [
      0.7293239235877991,
      0.48417070508003235,
      -0.48338937759399414,
      -0.5527676343917847,
      0.8333351016044617,
      0.0006822252180427313,
      0.40315568447113037,
      0.2667044699192047,
      0.8754051327705383
    ],
    [
      0.6695463061332703,
      -0.5545318126678467,
      0.49416810274124146,
      0.6493397355079651,
      0.7600216269493103,
      -0.026927785947918892,
      -0.3606460988521576,
      0.33891236782073975,
      0.8689491748809814
    ],
    [
      -0.3141600787639618,
      -0.2437421679496765,
      -0.9175474643707275,
      0.15817153453826904,
      0.939534068107605,
      -0.30373936891555786,
      0.9361011385917664,
      -0.24055266380310059,
      -0.25661101937294006
    ],
    [
      0.3574186861515045,
      0.20909221470355988,
      0.9102373719215393,
      0.16891221702098846,
      0.944071888923645,
      -0.2831903398036957,
      -0.9185425639152527,
      0.2549677789211273,
      0.3021107017993927
    ],
    [
      0.8557900786399841,
      -0.44415003061294556,
      0.2652432918548584,
      0.5151506066322327,
      0.7785970568656921,
      -0.35833850502967834,
      -0.047361575067043304,
      0.44330281019210815,
      0.8951197862625122
    ],
    [
      0.9525173902511597,
      0.2820225954055786,
      -0.11477725952863693,
      -0.30369776487350464,
      0.8529006242752075,
      -0.42465081810951233,
      -0.021867506206035614,
      0.4393449127674103,
      0.8980523347854614
    ],
    [
      0.9069097638130188,
      0.12180239707231522,
      -0.4033346474170685,
      -0.04079297557473183,
      0.9781879186630249,
      0.2036772221326828,
      0.4193454384803772,
      -0.16826364398002625,
      0.8920968770980835
    ],
    [
      0.9406598806381226,
      -0.2342720925807953,
      0.24551090598106384,
      0.08962872624397278,
      0.8692970275878906,
      0.48609602451324463,
      -0.32730063796043396,
      -0.43524616956710815,
      0.838710367679596
    ]
  ],
  "root_rot": [
    0.09549497812986374,
    -0.01791110262274742,
    0.9952688813209534,
    -0.16460736095905304,
    -0.9863572716712952,
    -0.0019568309653550386,
    0.9817256331443787,
    -0.16364167630672455,
    -0.09714046865701675
  ],
  "root_trans": [
    -0.2898406684398651,
    0.5815092325210571,
    2.531341791152954
  ]
}