{
  "betas": [
    -0.3655772805213928,
    1.5012397766113281,
    1.3098981380462646,
    -0.24185672402381897,
    -0.10881549119949341,
    0.03690413758158684,
    0.11946064233779907,
    0.25847703218460083,
    0.06267613172531128,
    0.22193202376365662
  ],
  "joints": [
    [
      0.8517629504203796,
      -0.5167633891105652,
      -0.08634470403194427,
      0.5015296339988708,
      0.7565311193466187,
      0.41967692971229553,
      -0.15155120193958282,
      -0.40076974034309387,
      0.903557300567627
    ],
    [
      0.9060252904891968,
      0.39950406551361084,
      -0.13969473540782928,
      -0.3482125699520111,
      0.8912745118141174,
      0.29047852754592896,
      0.24055369198322296,
      -0.21453744173049927,
      0.9466295838356018
    ],
    [
      0.9893141984939575,
      0.06779926270246506,
      0.12907594442367554,
      -0.02776472643017769,
      0.9567082524299622,
      -0.2897215187549591,
      -0.14313091337680817,
      0.2830418646335602,
      0.9483674764633179
    ],
    [
      0.9857525825500488,
      0.15943092107772827,
      -0.0536058247089386,
      -0.16448870301246643,
      0.8471329212188721,
      -0.5052815079689026,
      -0.03514622151851654,
      0.5069001317024231,
      0.8612880706787109
    ],
    [
      0.9992036819458008,
      -0.03946872800588608,
      -0.005849509034305811,
      0.027041403576731682,
      0.7776751518249512,
      -0.6280843615531921,
      0.029338715597987175,
      0.627426028251648,
      0.778123140335083
    ],
    [
      0.9926385283470154,
      -0.05690193176269531,
      -0.10691513866186142,
      0.06374161690473557,
      0.9960583448410034,
      0.06168186292052269,
      0.10298391431570053,
      -0.06804274022579193,
      0.9923529028892517
    ],
    [
      0.9999163746833801,
      -0.003947853110730648,
      0.012318357825279236,
      0.003222330240532756,
      0.9982898235321045,
      0.05836988613009453,
      -0.012527726590633392,
      -0.058325305581092834,
      0.9982190728187561
    ],
    [
      0.829372227191925,
      -0.3017866909503937,
      -0.47017696499824524,
      0.43504229187965393,
      0.876862108707428,
      0.2045755386352539,
      0.3505421280860901,
      -0.3742161691188812,
      0.8585350513458252
    ],
    [
      0.9959043264389038,
      -0.02787954732775688,
      0.08600779622793198,
      0.031528837978839874,
      0.9986464381217957,
      -0.041367027908563614,
      -0.08473809063434601,
      0.04390932619571686,
      0.9954352974891663
    ],
    [
      0.9432011842727661,
      -0.024745287373661995,
      0.3312993049621582,
      -0.17284859716892242,
      0.8150719404220581,
      0.5529747605323792,
      -0.2837162911891937,
      -0.5788310170173645,
      0.7644996047019958
    ],
    [
      0.7731070518493652,
      0.4588019549846649,
      0.4379568099975586,
      -0.5003376603126526,
      0.8655118942260742,
      -0.023481786251068115,
      -0.3898303210735321,
      -0.20097233355045319,
      0.8986892104148865
    ],
    [
      0.9765198230743408,
      0.17605920135974884,
      0.12414529919624329,
      -0.17520524561405182,
      0.9843701124191284,
      -0.01785006746649742,
      -0.1253475844860077,
      -0.004319962579756975,
      0.9921033978462219
    ],
    [
      0.6721634864807129,
      0.03981722518801689,
      -0.7393313050270081,
      0.3189561665058136,
      0.8855756521224976,
      0.33767247200012207,
      0.6681789755821228,
      -0.46278539299964905,
      0.5825516581535339
    ],
    [
      0.7460059523582458,
      -0.30517813563346863,
      0.5918964743614197,
      0.24445763230323792,
      0.952259361743927,
      0.18287302553653717,
      -0.6194478273391724,
      0.00826924666762352,
      0.7849943041801453
    ],
    [
      0.9537513256072998,
      -0.2210770696401596,
      0.20367440581321716,
      0.20961764454841614,
      0.9747866988182068,
      0.07649410516023636,
      -0.21545018255710602,
      -0.030262617394328117,
      0.9760457873344421
    ],
    [
      0.14411276578903198,
      0.6991441249847412,
      -0.7003064155578613,
      -0.5788132548332214,
      0.6335601210594177,
      0.5133973360061646,
      0.8026248812675476,
      0.33135950565338135,
      0.4959779679775238
    ],
    [
      0.3711206912994385,
      -0.6866980195045471,
      0.625072181224823,
      0.7561468482017517,
      0.6142055988311768,
      0.2258172482252121,
      -0.5389911532402039,
      0.388840913772583,
      0.7471889853477478
    ],
    [
      -0.37926995754241943,
      -0.3698291778564453,
      -0.8481630682945251,
      0.12920606136322021,
      0.8865007162094116,
      -0.44432228803634644,
      0.916220486164093,
      -0.2781059145927429,
      -0.28843891620635986
    ],
    [
      0.8579896092414856,
      0.05147871747612953,
      0.5110809206962585,
      0.1316533088684082,
      0.9396924376487732,
      -0.3156667947769165,
      -0.49650901556015015,
      0.3381243348121643,
      0.799468994140625
    ],
    [
      0.9314029812812805,
      -0.2514042258262634,
      0.26321926712989807,
      0.3198513984680176,
      0.9104652404785156,
      -0.2621987462043762,
      -0.17373411357402802,
      0.3284037411212921,
      0.9284220337867737
    ],
    [
      0.8995798826217651,
      0.2607491612434387,
      -0.35037961602211,
      -0.38091903924942017,
      0.8608760833740234,
      -0.3373321294784546,
      0.2136743813753128,
      0.43692344427108765,
      0.8737511038780212
    ],
    [
      0.9391559362411499,
      0.26260730624198914,
      -0.2214125394821167,
      -0.19263367354869843,
      0.9363549947738647,
      0.2934819757938385,
      0.28439122438430786,
      -0.2329738438129425,
      0.929970383644104
    ],
    [
      0.8918057084083557,
      -0.30484268069267273,
      0.3342956006526947,
      0.15669988095760345,
      0.9012999534606934,
      0.40386077761650085,
      -0.42441460490226746,
      -0.30778127908706665,
      0.8515532612800598
    ]
  ],
  "root_rot": [
    0.33549264073371887,
    -0.02646850235760212,
    0.941670835018158,
    -0.11191234737634659,
    -0.9936463236808777,
    0.011942010372877121,
    0.9353716969490051,
    -0.10939106345176697,
    -0.33632317185401917
  ],
  "root_trans": [
    -0.3090056777000427,
    0.6196640729904175,
    2.5497124195098877
  ]
}