{
  "betas": [
    -0.8445063233375549,
    1.2124301195144653,
    1.6251953840255737,
    -0.17898455262184143,
    -0.2763933539390564,
    0.016197513788938522,
    0.32788199186325073,
    0.4458578824996948,
    0.002333313226699829,
    0.3902885317802429
  ],
  "joints": [
    [
      0.9370371699333191,
      -0.3338595926761627,
      -0.1024651750922203,
      0.34446626901626587,
      0.8352841734886169,
      0.42853614687919617,
      -0.05748336389660835,
      -0.43685007095336914,
      0.8976956605911255
    ],
    [
      0.848588764667511,
      0.4531400799751282,
      -0.2730588912963867,
      -0.42165613174438477,
      0.8910109400749207,
      0.16824249923229218,
      0.31953591108322144,
      -0.027631726115942,
      0.947171151638031
    ],
    [
      0.9857140183448792,
      -0.017216578125953674,
      0.16754528880119324,
      0.05630596727132797,
      0.9712127447128296,
      -0.2314635068178177,
      -0.15873712301254272,
      0.23759062588214874,
      0.9583073854446411
    ],
    [
      0.9929667711257935,
      0.11434868723154068,
      0.030681883916258812,
      -0.07779771834611893,
      0.8255458474159241,
      -0.558946967124939,
      -0.08924414962530136,
      0.552628755569458,
      0.8286356329917908
    ],
    [
      0.9988952875137329,
      -0.040935616940259933,
      -0.023076476529240608,
      0.0271479319781065,
      0.9035340547561646,
      -0.42765554785728455,
      0.0383567251265049,
      0.42655661702156067,
      0.903647243976593
    ],
    [
      0.9994267225265503,
      0.02042018249630928,
      -0.027002481743693352,
      -0.0190585944801569,
      0.9985795617103577,
      0.049754753708839417,
      0.027980128303170204,
      -0.04921160638332367,
      0.9983962774276733
    ],
    [
      0.9987859129905701,
      0.03601562976837158,
      0.03360946848988533,
      -0.03692971169948578,
      0.9989534616470337,
      0.02698531746864319,
      -0.032602403312921524,
      -0.028193743899464607,
      0.9990707039833069
    ],
    [
      0.836942732334137,
      -0.3159874379634857,
      -0.44685426354408264,
      0.30581700801849365,
      0.9471389651298523,
      -0.09697266668081284,
      0.45387524366378784,
      -0.055495087057352066,
      0.8893353939056396
    ],
    [
      0.9827510714530945,
      0.008867032825946808,
      0.1847206950187683,
      0.0008876034989953041,
      0.9986122250556946,
      -0.05265799164772034,
      -0.18493126332759857,
      0.051913656294345856,
      0.9813793897628784
    ],
    [
      0.9431582689285278,
      -0.33173882961273193,
      0.020043855533003807,
      0.2502484917640686,
      0.7485742568969727,
      0.6140131950378418,
      -0.21869632601737976,
      -0.5740957260131836,
      0.7890411615371704
    ],
    [
      0.8770660758018494,
      0.2765117883682251,
      0.39280572533607483,
      -0.2004290223121643,
      0.9537840485572815,
      -0.22388426959514618,
      -0.43655848503112793,
      0.11763162910938263,
      0.891952633857727
    ],
    [
      0.9840675592422485,
      0.1285223811864853,
      -0.12285403907299042,
      -0.12994424998760223,
      0.9915147423744202,
      -0.003598282113671303,
      0.12134914100170135,
      0.019505126401782036,
      0.9924182295799255
    ],
    [
      0.8942975997924805,
      -0.0008594716782681644,
      -0.4474717378616333,
      0.18492773175239563,
      0.9113159775733948,
      0.36783817410469055,
      0.40747198462486267,
      -0.4117067754268646,
      0.8151466250419617
    ],
    [
      0.7636537551879883,
      -0.29454919695854187,
      0.5745204091072083,
      0.26301857829093933,
      0.9546069502830505,
      0.13980981707572937,
      -0.5896220803260803,
      0.044343251734972,
      0.8064610958099365
    ],
    [
      0.9936649203300476,
      -0.010117816738784313,
      0.11192719638347626,
      0.014901435934007168,
      0.9990071654319763,
      -0.041984982788562775,
      -0.11139126867055893,
      0.043386880308389664,
      0.9928291440010071
    ],
    [
      0.22298669815063477,
      0.6269088387489319,
      -0.7465000152587891,
      -0.6291913390159607,
      0.6774688959121704,
      0.3809911906719208,
      0.7445772290229797,
      0.3847353160381317,
      0.5455121397972107
    ],
    [
      0.4255612790584564,
      -0.7117660641670227,
      0.5588262677192688,
      0.7540215849876404,
      0.620347797870636,
      0.21591703593730927,
      -0.5003489851951599,
      0.3294810950756073,
      0.8006829619407654
    ],
    [
      -0.6385068297386169,
      -0.34581804275512695,
      -0.6875455379486084,
      0.1357082724571228,
      0.8287725448608398,
      -0.542880654335022,
      0.7575567960739136,
      -0.43993860483169556,
      -0.4822465479373932
    ],
    [
      0.9201641082763672,
      0.022117221727967262,
      0.39090752601623535,
      0.08567416667938232,
      0.9628338813781738,
      -0.25614607334136963,
      -0.38204425573349,
      0.2691871225833893,
      0.8840702772140503
    ],
    [
      0.8806021809577942,
      -0.3518493175506592,
      0.3173985481262207,
      0.43810826539993286,
      0.8597665429115295,
      -0.26241710782051086,
      -0.18055734038352966,
      0.370140016078949,
      0.9112603664398193
    ],
    [
      0.8880689740180969,
      0.28345510363578796,
      -0.3619209825992584,
      -0.4395473599433899,
      0.7541651725769043,
      -0.4878864288330078,
      0.134654238820076,
      0.5923581123352051,
      0.7943426370620728
    ],
    [
      0.9290940165519714,
      0.12453493475914001,
      -0.3482460379600525,
      -0.10397973656654358,
      0.9915798306465149,
      0.07718504220247269,
      0.35492604970932007,
      -0.035501629114151,
      0.934220016002655
    ],
    [
      0.9778420925140381,
      -0.09089677035808563,
      0.1885804533958435,
      0.06072402745485306,
      0.9852439761161804,
      0.16002175211906433,
      -0.20034320652484894,
      -0.1450246423482895,
      0.9689326286315918
    ]
  ],
  "root_rot": [
    -0.3457275629043579,
    -0.013405402190983295,
    -0.9382391571998596,
    0.13038530945777893,
    -0.9908841252326965,
    -0.03388751298189163,
    -0.9292320013046265,
    -0.1340484470129013,
    0.3443238139152527
  ],
  "root_trans": [
    0.28225177526474,
    0.5433318018913269,
    2.539766311645508
  ]
}