{
  "betas": [
    -0.35960888862609863,
    0.923546314239502,
    0.27603527903556824,
    -0.5481067895889282,
    0.09275510907173157,
    -0.7502234578132629,
    0.04142165184020996,
    0.8110312819480896,
    -0.33225348591804504,
    0.6401702165603638
  ],
  "joints": [
    [
      0.8129579424858093,
      -0.5408729314804077,
      0.21576815843582153,
      0.575592577457428,
      0.8025348782539368,
      -0.15694260597229004,
      -0.08827546238899231,
      0.25178229808807373,
      0.9637495279312134
    ],
    [
      0.5926027894020081,
      0.6933559775352478,
      0.4099748730659485,
      -0.37991419434547424,
      -0.2082127183675766,
      0.9012839198112488,
      0.7102726101875305,
      -0.689858615398407,
      0.14002834260463715
    ],
    [
      0.9852149486541748,
      -0.16952276229858398,
      -0.024772651493549347,
      0.13827216625213623,
      0.8721690773963928,
      -0.4692568778991699,
      0.10115566104650497,
      0.45889344811439514,
      0.8827142715454102
    ],
    [
      0.9796921014785767,
      -0.0339202843606472,
      -0.19761770963668823,
      -0.07945232093334198,
      0.8392325639724731,
      -0.537936806678772,
      0.18409419059753418,
      0.5427136421203613,
      0.8194944858551025
    ],
    [
      0.9358590841293335,
      -0.24416427314281464,
      -0.2540699243545532,
      0.04430115222930908,
      0.7968282699584961,
      -0.6025795340538025,
      0.34957846999168396,
      0.5526739954948425,
      0.7565357089042664
    ],
    [
      0.9728534817695618,
      -0.20834054052829742,
      -0.1007484421133995,
      0.19335506856441498,
      0.9709715247154236,
      -0.14081212878227234,
      0.12716075778007507,
      0.11750936508178711,
      0.984896719455719
    ],
    [
      0.9656625390052795,
      -0.00951602216809988,
      0.25962552428245544,
      -0.07909317314624786,
      0.941124439239502,
      0.3286777138710022,
      -0.24746766686439514,
      -0.33792632818222046,
      0.9080559611320496
    ],
    [
      0.887033998966217,
      -0.39033183455467224,
      -0.24660001695156097,
      0.20160330832004547,
      0.8079505562782288,
      -0.5536894798278809,
      0.41536325216293335,
      0.4414260983467102,
      0.7953718304634094
    ],
    [
      0.9864547252655029,
      -0.15293152630329132,
      0.059320248663425446,
      0.15194374322891235,
      0.988169252872467,
      0.020846175029873848,
      -0.061806488782167435,
      -0.01155046746134758,
      0.9980212450027466
    ],
    [
      0.956664502620697,
      -0.10497305542230606,
      0.27161315083503723,
      -0.04471180960536003,
      0.8687462210655212,
      0.49323514103889465,
      -0.28773927688598633,
      -0.4840048551559448,
      0.8264051079750061
    ],
    [
      0.9044877886772156,
      0.42074960470199585,
      0.06979654729366302,
      -0.42559415102005005,
      0.9010568857192993,
      0.08346325904130936,
      -0.027773529291152954,
      -0.105196513235569,
      0.9940634965896606
    ],
    [
      0.9669760465621948,
      -0.13231931626796722,
      -0.2178276628255844,
      0.028842825442552567,
      0.9059937596321106,
      -0.4223070740699768,
      0.25322991609573364,
      0.4020780920982361,
      0.8798907399177551
    ],
    [
      0.8778747916221619,
      -0.15708111226558685,
      -0.4523950517177582,
      0.33454233407974243,
      0.8771032094955444,
      0.3446323573589325,
      0.34266188740730286,
      -0.453889399766922,
      0.8225370645523071
    ],
    [
      0.9348732829093933,
      -0.10414480417966843,
      0.3393609821796417,
      0.012045555748045444,
      0.9647520184516907,
      0.26288479566574097,
      -0.3547772765159607,
      -0.24167616665363312,
      0.9031753540039062
    ],
    [
      0.9747000932693481,
      -0.15943053364753723,
      -0.1566578596830368,
      0.19635052978992462,
      0.9456274509429932,
      0.25929731130599976,
      0.10680007189512253,
      -0.2834969460964203,
      0.9530074596405029
    ],
    [
      0.8867776989936829,
      0.10889694839715958,
      -0.4491845369338989,
      -0.06116703897714615,
      0.9909502863883972,
      0.1194828450679779,
      0.4581308364868164,
      -0.07847941666841507,
      0.8854135274887085
    ],
    [
      0.9466350674629211,
      -0.0006161192432045937,
      0.32230672240257263,
      -0.08322401344776154,
      0.9656189680099487,
      0.2462800294160843,
      -0.3113771975040436,
      -0.25996097922325134,
      0.9140375256538391
    ],
    [
      0.33827897906303406,
      -0.3435977101325989,
      -0.876075267791748,
      0.3867800235748291,
      0.8994561433792114,
      -0.20342031121253967,
      0.8578860759735107,
      -0.27003562450408936,
      0.4371638298034668
    ],
    [
      0.7702370882034302,
      0.22835354506969452,
      0.5954742431640625,
      -0.4058479368686676,
      0.8957462310791016,
      0.18145589530467987,
      -0.4919576942920685,
      -0.3814360201358795,
      0.7826138138771057
    ],
    [
      0.936276376247406,
      -0.1705070286989212,
      0.3071056008338928,
      0.32968011498451233,
      0.7282978296279907,
      -0.60074383020401,
      -0.12123330682516098,
      0.6637089252471924,
      0.7381008267402649
    ],
    [
      0.9552651047706604,
      0.14682728052139282,
      -0.25673016905784607,
      -0.2789137065410614,
      0.7359617352485657,
      -0.6169015169143677,
      0.09836560487747192,
      0.6609100103378296,
      0.7439907193183899
    ],
    [
      0.9862897396087646,
      0.08901000022888184,
      -0.13895989954471588,
      -0.07233139127492905,
      0.9900404810905457,
      0.12078139930963516,
      0.14832665026187897,
      -0.10907427966594696,
      0.9829049706459045
    ],
    [
      0.9813795685768127,
      -0.07049207389354706,
      0.17867542803287506,
      0.07141367346048355,
      0.9974459409713745,
      0.0012767855077981949,
      -0.1783090978860855,
      0.011506855487823486,
      0.983907163143158
    ]
  ],
  "root_rot": [
    -0.5744720101356506,
    -0.7144713997840881,
    0.39939022064208984,
    0.46789488196372986,
    -0.687000572681427,
    -0.5559718012809753,
    0.6716071963310242,
    -0.13251760601997375,
    0.7289600968360901
  ],
  "root_trans": [
    -0.08898165822029114,
    0.45488259196281433,
    2.6641438007354736
  ]
}