{
  "betas": [
    -0.752575695514679,
    1.1517852544784546,
    1.1966476440429688,
    -0.024021953344345093,
    -0.4044588804244995,
    -0.25734108686447144,
    0.0287855863571167,
    0.839094877243042,
    0.3322051167488098,
    1.1097521781921387
  ],
  "joints": [
    [
      0.9541723132133484,
      -0.2990418076515198,
      0.011365375481545925,
      0.28010091185569763,
      0.9058171510696411,
      0.31786593794822693,
      -0.10535015910863876,
      -0.3001154363155365,
      0.9480675458908081
    ],
    [
      0.9708731174468994,
      0.14135654270648956,
      -0.19345225393772125,
      -0.1566695123910904,
      0.9854289889335632,
      -0.06621463596820831,
      0.18127357959747314,
      0.0945940762758255,
      0.9788727760314941
    ],
    [
      0.9960595965385437,
      -0.013458549976348877,
      0.08765958994626999,
      0.02299954555928707,
      0.9938020706176758,
      -0.10875911265611649,
      -0.08565253764390945,
      0.11034668236970901,
      0.990195631980896
    ],
    [
      0.9935194849967957,
      0.025828201323747635,
      0.11068875342607498,
      -0.00426116306334734,
      0.9816188216209412,
      -0.19080454111099243,
      -0.1135823056101799,
      0.1890963613986969,
      0.9753674864768982
    ],
    [
      0.9997365474700928,
      -0.0223699938505888,
      0.005138705484569073,
      0.02284124121069908,
      0.991659939289093,
      -0.1268414407968521,
      -0.00225840718485415,
      0.12692539393901825,
      0.9919096231460571
    ],
    [
      0.9932206869125366,
      -0.014084164053201675,
      -0.11538767069578171,
      0.010232066735625267,
      0.9993725419044495,
      -0.033908527344465256,
      0.11579284816980362,
      0.03249799460172653,
      0.992741584777832
    ],
    [
      0.9752156734466553,
      0.20181359350681305,
      0.09069612622261047,
      -0.1751953512430191,
      0.9546946287155151,
      -0.24055111408233643,
      -0.1351335644721985,
      0.218699648976326,
      0.9663899540901184
    ],
    [
      0.954243540763855,
      -0.25562822818756104,
      -0.1551562249660492,
      0.2739807665348053,
      0.9552911520004272,
      0.111145980656147,
      0.11980730295181274,
      -0.14857015013694763,
      0.9816176295280457
    ],
    [
      0.9994823932647705,
      0.004821437411010265,
      0.03180576115846634,
      -0.0045051355846226215,
      0.9999397397041321,
      -0.01000909972935915,
      -0.031852103769779205,
      0.0098606301471591,
      0.9994438886642456
    ],
    [
      0.8956055045127869,
      -0.4418230652809143,
      0.05179833620786667,
      0.35786309838294983,
      0.7847439050674438,
      0.5060741305351257,
      -0.2642436623573303,
      -0.43470609188079834,
      0.8609331250190735
    ],
    [
      0.9248599410057068,
      0.31244975328445435,
      0.2168159931898117,
      -0.24728330969810486,
      0.9271976947784424,
      -0.2813456654548645,
      -0.28893768787384033,
      0.20659036934375763,
      0.934791624546051
    ],
    [
      0.9949079155921936,
      0.10058518499135971,
      0.006388265639543533,
      -0.10041652619838715,
      0.994685173034668,
      -0.0227579977363348,
      -0.008643430657684803,
      0.022000625729560852,
      0.999720573425293
    ],
    [
      0.9795452952384949,
      0.1881602257490158,
      -0.07132181525230408,
      -0.17324939370155334,
      0.9688976407051086,
      0.17669731378555298,
      0.10235095024108887,
      -0.16072654724121094,
      0.981677770614624
    ],
    [
      0.9574686884880066,
      -0.26292622089385986,
      0.11884215474128723,
      0.2685128152370453,
      0.9626953601837158,
      -0.033446304500103,
      -0.10561486333608627,
      0.06393443793058395,
      0.9923497438430786
    ],
    [
      0.9765425324440002,
      -0.024010248482227325,
      0.21398195624351501,
      0.043612465262413025,
      0.9952214360237122,
      -0.08736207336187363,
      -0.21086186170578003,
      0.09464505314826965,
      0.972923219203949
    ],
    [
      0.5889444351196289,
      0.6133930087089539,
      -0.5262066125869751,
      -0.6341614723205566,
      0.754372239112854,
      0.1695927232503891,
      0.5009827017784119,
      0.23381927609443665,
      0.8332735300064087
    ],
    [
      0.5331111550331116,
      -0.7580220103263855,
      0.3757593035697937,
      0.8066381812095642,
      0.5893670916557312,
      0.044510941952466965,
      -0.25520044565200806,
      0.27937254309654236,
      0.9256476759910583
    ],
    [
      -0.0654313862323761,
      -0.32408154010772705,
      -0.9437636733055115,
      0.3889584243297577,
      0.8626971244812012,
      -0.3232104778289795,
      0.9189288020133972,
      -0.38823291659355164,
      0.06960677355527878
    ],
    [
      -0.332845538854599,
      0.3503692150115967,
      0.8754743933677673,
      0.010045207105576992,
      0.929675817489624,
      -0.3682418465614319,
      -0.942927896976471,
      -0.11377333849668503,
      -0.3129579722881317
    ],
    [
      0.941489040851593,
      -0.28921011090278625,
      0.17307764291763306,
      0.3301922678947449,
      0.8944638967514038,
      -0.30150848627090454,
      -0.06761240214109421,
      0.34101584553718567,
      0.9376229047775269
    ],
    [
      0.979748010635376,
      0.19958268105983734,
      -0.01614120788872242,
      -0.19801336526870728,
      0.9537550806999207,
      -0.2261456400156021,
      -0.0297399815171957,
      0.2247619330883026,
      0.9739596843719482
    ],
    [
      0.9769518971443176,
      0.090843565762043,
      -0.19316446781158447,
      -0.08733469247817993,
      0.9958232045173645,
      0.026621604338288307,
      0.19477608799934387,
      -0.009138064458966255,
      0.9808051586151123
    ],
    [
      0.9141796231269836,
      -0.20441138744354248,
      0.3499879240989685,
      0.12968041002750397,
      0.9656319618225098,
      0.22525060176849365,
      -0.38400334119796753,
      -0.16053295135498047,
      0.9092692136764526
    ]
  ],
  "root_rot": [
    -0.10828797519207001,
    0.05570634454488754,
    -0.9925575256347656,
    0.1277480274438858,
    -0.9893710017204285,
    -0.06946481019258499,
    -0.9858773946762085,
    -0.134319469332695,
    0.10002060979604721
  ],
  "root_trans": [
    0.5151084065437317,
    0.47170987725257874,
    2.6980884075164795
  ]
}