{
  "betas": [
    -0.7331187129020691,
    1.0759780406951904,
    1.3535058498382568,
    0.08855921030044556,
    -0.31396061182022095,
    -0.14352202415466309,
    0.12323302030563354,
    0.7516915202140808,
    0.22854267060756683,
    1.2005276679992676
  ],
  "joints": [
    [
      0.9523581266403198,
      -0.30493149161338806,
      0.00554244639351964,
      0.28644484281539917,
      0.9005646109580994,
      0.3270058333873749,
      -0.10470570623874664,
      -0.30983906984329224,
      0.9450060725212097
    ],
    [
      0.973159670829773,
      0.1256234347820282,
      -0.19281864166259766,
      -0.1392373889684677,
      0.9885174036026001,
      -0.05870405584573746,
      0.18322999775409698,
      0.08397597819566727,
      0.9794767498970032
    ],
    [
      0.9959459900856018,
      -0.012035980820655823,
      0.08914382010698318,
      0.021612048149108887,
      0.9939971566200256,
      -0.10725036263465881,
      -0.08731783181428909,
      0.10874216258525848,
      0.9902275800704956
    ],
    [
      0.9945232272148132,
      0.02301180362701416,
      0.10195127874612808,
      -0.005194717552512884,
      0.9851381182670593,
      -0.171685591340065,
      -0.10438688099384308,
      0.1702156960964203,
      0.9798622727394104
    ],
    [
      0.999905526638031,
      -0.01351926289498806,
      0.002482818439602852,
      0.013734131120145321,
      0.9899541139602661,
      -0.14072009921073914,
      -0.0005554442759603262,
      0.14074090123176575,
      0.9900462627410889
    ],
    [
      0.9933711886405945,
      -0.010108067654073238,
      -0.11450586467981339,
      0.006797360721975565,
      0.9995485544204712,
      -0.02926662750542164,
      0.11474999785423279,
      0.028294283896684647,
      0.9929914474487305
    ],
    [
      0.9817941784858704,
      0.18398688733577728,
      0.04721173271536827,
      -0.16577719151973724,
      0.951306939125061,
      -0.25987109541893005,
      -0.09272574633359909,
      0.24731333553791046,
      0.9644884467124939
    ],
    [
      0.9521123170852661,
      -0.2595808804035187,
      -0.16155478358268738,
      0.28032001852989197,
      0.952088475227356,
      0.12226296216249466,
      0.1220773234963417,
      -0.16169510781764984,
      0.9792608618736267
    ],
    [
      0.9988914728164673,
      0.006440437398850918,
      0.046629928052425385,
      -0.006832187529653311,
      0.9999426603317261,
      0.008246763609349728,
      -0.04657414183020592,
      -0.008556205779314041,
      0.9988781809806824
    ],
    [
      0.8970953226089478,
      -0.4248242974281311,
      0.12142626196146011,
      0.29320645332336426,
      0.7779852747917175,
      0.5556698441505432,
      -0.3305298686027527,
      -0.4628858268260956,
      0.8224881887435913
    ],
    [
      0.9341610074043274,
      0.2993622124195099,
      0.19423066079616547,
      -0.23453289270401,
      0.9252730011940002,
      -0.2981009781360626,
      -0.26895657181739807,
      0.2329208105802536,
      0.9345642328262329
    ],
    [
      0.9916433095932007,
      0.1288926601409912,
      0.005508224479854107,
      -0.1285453587770462,
      0.9907900094985962,
      -0.04255848005414009,
      -0.010942969471216202,
      0.04149476811289787,
      0.9990788102149963
    ],
    [
      0.9761539697647095,
      0.20147886872291565,
      -0.08080658316612244,
      -0.18414078652858734,
      0.9656603336334229,
      0.1832820326089859,
      0.11495917290449142,
      -0.16403169929981232,
      0.9797336459159851
    ],
    [
      0.9494468569755554,
      -0.30153533816337585,
      0.08733372390270233,
      0.309440553188324,
      0.9458001852035522,
      -0.09853167831897736,
      -0.05288947373628616,
      0.12057517468929291,
      0.991294264793396
    ],
    [
      0.9792391657829285,
      -0.0491136759519577,
      0.1966685801744461,
      0.06298090517520905,
      0.9959032535552979,
      -0.06488527357578278,
      -0.1926761269569397,
      0.07592456787824631,
      0.9783207178115845
    ],
    [
      0.5646081566810608,
      0.6031874418258667,
      -0.5633671283721924,
      -0.6260203123092651,
      0.757797360420227,
      0.1839611679315567,
      0.5378811955451965,
      0.24881327152252197,
      0.8054661750793457
    ],
    [
      0.6059821248054504,
      -0.7762225270271301,
      0.17396602034568787,
      0.7954409122467041,
      0.5934041142463684,
      -0.12306635081768036,
      -0.007705266121774912,
      0.21295571327209473,
      0.977031409740448
    ],
    [
      -0.08087903261184692,
      -0.3125883936882019,
      -0.9464390873908997,
      0.4164137840270996,
      0.8521137833595276,
      -0.31701987981796265,
      0.9055705666542053,
      -0.4197505712509155,
      0.06124797463417053
    ],
    [
      0.40394750237464905,
      0.30434224009513855,
      0.8626715540885925,
      0.05638748034834862,
      0.9329577684402466,
      -0.3555420935153961,
      -0.9130426645278931,
      0.19226421415805817,
      0.3597048819065094
    ],
    [
      0.9498427510261536,
      -0.2657617926597595,
      0.16483134031295776,
      0.30746954679489136,
      0.8898698687553406,
      -0.337037056684494,
      -0.057106874883174896,
      0.3708128333091736,
      0.9269500970840454
    ],
    [
      0.9700088500976562,
      0.087578184902668,
      0.22674420475959778,
      0.008383703418076038,
      0.9202266931533813,
      -0.3912959694862366,
      -0.24292507767677307,
      0.381461501121521,
      0.8918938040733337
    ],
    [
      0.9748607277870178,
      0.13697047531604767,
      -0.17574316263198853,
      -0.12892232835292816,
      0.9900450110435486,
      0.056478071957826614,
      0.1817294955253601,
      -0.032401036471128464,
      0.9828145503997803
    ],
    [
      0.8464075326919556,
      -0.2703511714935303,
      0.4588077664375305,
      0.20691783726215363,
      0.9608163833618164,
      0.18443679809570312,
      -0.49069270491600037,
      -0.061173196882009506,
      0.8691827058792114
    ]
  ],
  "root_rot": [
    -0.08456379920244217,
    0.04412216693162918,
    -0.9954407215118408,
    0.1299012005329132,
    -0.9900049567222595,
    -0.05491648614406586,
    -0.9879143238067627,
    -0.13395287096500397,
    0.07798705995082855
  ],
  "root_trans": [
    0.5139380097389221,
    0.47652164101600647,
    2.7025105953216553
  ]
}