{
  "betas": [
    -0.7279866337776184,
    1.083552360534668,
    1.3756637573242188,
    0.0922774076461792,
    -0.31476348638534546,
    -0.1626938283443451,
    0.13070566952228546,
    0.7635172605514526,
    0.22199992835521698,
    1.2268247604370117
  ],
  "joints": [
    [
      0.9525992274284363,
      -0.30421265959739685,
      0.0030688620172441006,
      0.28668954968452454,
      0.901012122631073,
      0.3255551755428314,
      -0.10180309414863586,
      -0.309243768453598,
      0.9455180168151855
    ],
    [
      0.9722598791122437,
      0.12777063250541687,
      -0.19592204689979553,
      -0.14117395877838135,
      0.9884003400802612,
      -0.055987533181905746,
      0.18649587035179138,
      0.08209351450204849,
      0.9790198802947998
    ],
    [
      0.9959021210670471,
      -0.011920333839952946,
      0.0896490141749382,
      0.02154533565044403,
      0.9940066933631897,
      -0.10717520862817764,
      -0.08783414959907532,
      0.1086675301194191,
      0.9901902079582214
    ],
    [
      0.9946470856666565,
      0.021405266597867012,
      0.10108927637338638,
      -0.0037380121648311615,
      0.9851219058036804,
      -0.17181628942489624,
      -0.10326303541660309,
      0.1705186814069748,
      0.9799286723136902
    ],
    [
      0.999889612197876,
      -0.014800059609115124,
      -0.001329445163719356,
      0.01445776503533125,
      0.9896121621131897,
      -0.1430339217185974,
      0.0034325465094298124,
      0.14299890398979187,
      0.9897168874740601
    ],
    [
      0.9935420751571655,
      -0.009731672704219818,
      -0.11304609477519989,
      0.006304929498583078,
      0.9995108842849731,
      -0.030630817636847496,
      0.11328888684511185,
      0.029720257967710495,
      0.9931174516677856
    ],
    [
      0.9809907674789429,
      0.18905748426914215,
      0.04375161603093147,
      -0.17108461260795593,
      0.9490089416503906,
      -0.26478689908981323,
      -0.09158063679933548,
      0.25226831436157227,
      0.9633138179779053
    ],
    [
      0.9517263174057007,
      -0.25903263688087463,
      -0.16467885673046112,
      0.28007200360298157,
      0.9523775577545166,
      0.12056807428598404,
      0.12560537457466125,
      -0.16086973249912262,
      0.978950560092926
    ],
    [
      0.9987870454788208,
      0.007749419193714857,
      0.04862533137202263,
      -0.008133026771247387,
      0.9999372959136963,
      0.007696205284446478,
      -0.04856264218688011,
      -0.008082340471446514,
      0.9987874627113342
    ],
    [
      0.8957070708274841,
      -0.42849668860435486,
      0.11874115467071533,
      0.29708945751190186,
      0.7754228711128235,
      0.5571869015693665,
      -0.3308273255825043,
      -0.46379947662353516,
      0.8218535780906677
    ],
    [
      0.9328639507293701,
      0.3029279112815857,
      0.19493468105793,
      -0.23713067173957825,
      0.9237599968910217,
      -0.3007265329360962,
      -0.27117133140563965,
      0.23431193828582764,
      0.9335759282112122
    ],
    [
      0.9919973015785217,
      0.126190647482872,
      -0.004137279931455851,
      -0.12625111639499664,
      0.9910537004470825,
      -0.04328027367591858,
      -0.0013612996554002166,
      0.04345625638961792,
      0.9990543127059937
    ],
    [
      0.9759788513183594,
      0.2033218890428543,
      -0.07826488465070724,
      -0.18614661693572998,
      0.9648811221122742,
      0.18534819781780243,
      0.11320164799690247,
      -0.16632719337940216,
      0.9795512557029724
    ],
    [
      0.948978841304779,
      -0.3038376569747925,
      0.08439145237207413,
      0.31132394075393677,
      0.945294201374054,
      -0.09744900465011597,
      -0.05016607791185379,
      0.11875011771917343,
      0.9916561245918274
    ],
    [
      0.9813950657844543,
      -0.04723744094371796,
      0.18609783053398132,
      0.06029443070292473,
      0.996053159236908,
      -0.06513593345880508,
      -0.18228648602962494,
      0.07514474540948868,
      0.9803698062896729
    ],
    [
      0.5660496950149536,
      0.5985444784164429,
      -0.5668617486953735,
      -0.6233485341072083,
      0.7607511878013611,
      0.180815190076828,
      0.5394667387008667,
      0.25100207328796387,
      0.8037248253822327
    ],
    [
      0.6084034442901611,
      -0.7750313878059387,
      0.17079691588878632,
      0.7936270236968994,
      0.5938328504562378,
      -0.1323578655719757,
      0.0011566684115678072,
      0.2160760462284088,
      0.9763758182525635
    ],
    [
      -0.07924216240644455,
      -0.3162025809288025,
      -0.945376455783844,
      0.4135768711566925,
      0.8524599671363831,
      -0.31979086995124817,
      0.9070142507553101,
      -0.41632673144340515,
      0.06322330981492996
    ],
    [
      0.35607483983039856,
      0.3091249465942383,
      0.8818459510803223,
      0.06912048161029816,
      0.9324003458023071,
      -0.35475608706474304,
      -0.9318975210189819,
      0.18727335333824158,
      0.3106374442577362
    ],
    [
      0.9475309252738953,
      -0.27182647585868835,
      0.1682128608226776,
      0.31459617614746094,
      0.8862892389297485,
      -0.33988332748413086,
      -0.05669596791267395,
      0.3749690651893616,
      0.9253020286560059
    ],
    [
      0.9652036428451538,
      0.0984727069735527,
      0.24225002527236938,
      -6.74678449286148e-05,
      0.926482081413269,
      -0.3763388991355896,
      -0.26149943470954895,
      0.36322733759880066,
      0.8942505121231079
    ],
    [
      0.9748635292053223,
      0.134059876203537,
      -0.17795796692371368,
      -0.1274336874485016,
      0.9906747937202454,
      0.0482095405459404,
      0.18276143074035645,
      -0.024319881573319435,
      0.9828564524650574
    ],
    [
      0.8397216796875,
      -0.27969276905059814,
      0.4654453992843628,
      0.20807944238185883,
      0.9574568867683411,
      0.19994814693927765,
      -0.5015679597854614,
      -0.07105118781328201,
      0.862195611000061
    ]
  ],
  "root_rot": [
    -0.08594705909490585,
    0.04514629393815994,
    -0.9952763319015503,
    0.12885478138923645,
    -0.990078866481781,
    -0.056037787348032,
    -0.9879319667816162,
    -0.13306239247322083,
    0.07927705347537994
  ],
  "root_trans": [
    0.5154353976249695,
    0.4766463041305542,
    2.703934669494629
  ]
}