{
  "betas": [
    -0.6265852451324463,
    1.331536889076233,
    0.9237406253814697,
    0.030405938625335693,
    0.15434035658836365,
    0.6094115972518921,
    0.13493841886520386,
    0.6585032939910889,
    -0.07649752497673035,
    0.4418126344680786
  ],
  "joints": [
    [
      0.9829025268554688,
      -0.14224717020988464,
      -0.11691179871559143,
      0.18212229013442993,
      0.8445092439651489,
      0.5036224126815796,
      0.02709423191845417,
      -0.5163040161132812,
      0.8559766411781311
    ],
    [
      0.945972740650177,
      0.11186056584119797,
      -0.3043400049209595,
      -0.16610395908355713,
      0.9732757210731506,
      -0.15856817364692688,
      0.2784692049026489,
      0.20055323839187622,
      0.9392727613449097
    ],
    [
      0.9742861390113831,
      -0.020398152992129326,
      0.22438913583755493,
      0.0537736639380455,
      0.988166093826294,
      -0.1436530202627182,
      -0.21880348026752472,
      0.15202535688877106,
      0.9638534188270569
    ],
    [
      0.9984681010246277,
      0.025422614067792892,
      0.0491451732814312,
      -0.008006555028259754,
      0.9452327489852905,
      -0.32629886269569397,
      -0.054749004542827606,
      0.325405478477478,
      0.9439883232116699
    ],
    [
      0.9978439807891846,
      -0.03742292523384094,
      0.05391564965248108,
      0.04228920117020607,
      0.9948473572731018,
      -0.09214255958795547,
      -0.05018960312008858,
      0.09422394633293152,
      0.9942850470542908
    ],
    [
      0.9985506534576416,
      -0.029560478404164314,
      -0.04497550427913666,
      0.03642722964286804,
      0.9863695502281189,
      0.16046242415905,
      0.039619121700525284,
      -0.16186818480491638,
      0.9860167503356934
    ],
    [
      0.9666446447372437,
      0.22266972064971924,
      0.12655584514141083,
      -0.19984379410743713,
      0.9647793769836426,
      -0.1710645705461502,
      -0.16018937528133392,
      0.1400672346353531,
      0.9770979881286621
    ],
    [
      0.833680272102356,
      -0.22679875791072845,
      -0.5035271048545837,
      0.34361210465431213,
      0.9268183708190918,
      0.151454359292984,
      0.4323285222053528,
      -0.2992825210094452,
      0.8506010174751282
    ],
    [
      0.9848247766494751,
      -0.04412849619984627,
      0.16784782707691193,
      0.05285770073533058,
      0.9974526762962341,
      -0.047897446900606155,
      -0.16530662775039673,
      0.056042637676000595,
      0.9846486449241638
    ],
    [
      0.9049059748649597,
      -0.42166829109191895,
      0.05780110880732536,
      0.29415860772132874,
      0.7177758812904358,
      0.6310851573944092,
      -0.3075968623161316,
      -0.5540701150894165,
      0.7735570669174194
    ],
    [
      0.7642307281494141,
      0.4209216833114624,
      0.4886474311351776,
      -0.3080492913722992,
      0.9038810729980469,
      -0.29682421684265137,
      -0.5666189193725586,
      0.07631469517946243,
      0.8204383254051208
    ],
    [
      0.9612329006195068,
      0.08189080655574799,
      -0.2632969319820404,
      -0.08545826375484467,
      0.9963394999504089,
      -0.0021050279028713703,
      0.2621607482433319,
      0.024524319916963577,
      0.9647125601768494
    ],
    [
      0.8158396482467651,
      -0.41935232281684875,
      -0.39818239212036133,
      0.5524382591247559,
      0.7687205076217651,
      0.3223054111003876,
      0.17093144357204437,
      -0.48292073607444763,
      0.8588189482688904
    ],
    [
      0.867354154586792,
      -0.062102947384119034,
      0.4938015937805176,
      -0.005761584732681513,
      0.9908647537231445,
      0.13473622500896454,
      -0.4976581037044525,
      -0.11970910429954529,
      0.8590728640556335
    ],
    [
      0.9913903474807739,
      -0.006669332273304462,
      -0.13076987862586975,
      0.009370819665491581,
      0.9997549653053284,
      0.020053846761584282,
      0.1306041032075882,
      -0.02110660821199417,
      0.9912099242210388
    ],
    [
      0.9152315258979797,
      0.017527299001812935,
      -0.4025469422340393,
      0.03179736062884331,
      0.9927958846092224,
      0.11552182585000992,
      0.40167170763015747,
      -0.11852914094924927,
      0.9080807566642761
    ],
    [
      0.9120347499847412,
      -0.22117145359516144,
      0.34536322951316833,
      0.118895523250103,
      0.9485453367233276,
      0.2934715449810028,
      -0.39250022172927856,
      -0.22659410536289215,
      0.8914026021957397
    ],
    [
      -0.0866498351097107,
      0.008612818084657192,
      -0.9962015748023987,
      0.283410906791687,
      0.9588589668273926,
      -0.0163611751049757,
      0.9550759792327881,
      -0.28375208377838135,
      -0.08552593737840652
    ],
    [
      0.6728471517562866,
      0.18590588867664337,
      0.7160417437553406,
      -0.4977613687515259,
      0.8298089504241943,
      0.25229114294052124,
      -0.5472753643989563,
      -0.5261712670326233,
      0.6508713364601135
    ],
    [
      0.981521487236023,
      0.04787765070796013,
      0.18526527285575867,
      0.044845327734947205,
      0.8836724758148193,
      -0.46595269441604614,
      -0.18602254986763,
      0.46565088629722595,
      0.8651964068412781
    ],
    [
      0.9817896485328674,
      -0.005611824803054333,
      -0.18988820910453796,
      -0.108799509704113,
      0.8027858734130859,
      -0.58625727891922,
      0.1557295322418213,
      0.5962411165237427,
      0.7875562906265259
    ],
    [
      0.8773161768913269,
      0.2927660048007965,
      -0.38026896119117737,
      -0.18801520764827728,
      0.9387055039405823,
      0.28893306851387024,
      0.4415503144264221,
      -0.18198928236961365,
      0.8785859942436218
    ],
    [
      0.956985592842102,
      -0.20193186402320862,
      0.2083318829536438,
      0.13420259952545166,
      0.9447018504142761,
      0.29921239614486694,
      -0.25723204016685486,
      -0.25838324427604675,
      0.9311658143997192
    ]
  ],
  "root_rot": [
    0.20507799088954926,
    -0.0049964673817157745,
    -0.9787328243255615,
    0.15024057030677795,
    -0.9879745244979858,
    0.03652418404817581,
    -0.9671456813812256,
    -0.1545356959104538,
    -0.2018611580133438
  ],
  "root_trans": [
    0.43556565046310425,
    0.4892505705356598,
    2.6266417503356934
  ]
}