{
  "betas": [
    -0.6965718865394592,
    1.2798327207565308,
    1.3048961162567139,
    0.0425562858581543,
    0.08636704087257385,
    -0.285397469997406,
    0.37808096408843994,
    0.9365482926368713,
    0.2212149202823639,
    1.330329418182373
  ],
  "joints": [
    [
      0.9314208626747131,
      -0.3610808849334717,
      0.04555990546941757,
      0.3261590003967285,
      0.883696973323822,
      0.33570802211761475,
      -0.1614789217710495,
      -0.2978256940841675,
      0.9408635497093201
    ],
    [
      0.957426130771637,
      0.1773422658443451,
      -0.2277824431657791,
      -0.16974422335624695,
      0.9840787053108215,
      0.05268698185682297,
      0.23349949717521667,
      -0.011779135093092918,
      0.9722855091094971
    ],
    [
      0.9974456429481506,
      -0.01594330184161663,
      0.06962678581476212,
      0.02477513626217842,
      0.991479218006134,
      -0.1278875768184662,
      -0.0669945552945137,
      0.12928593158721924,
      0.9893416166305542
    ],
    [
      0.9973828196525574,
      0.033425457775592804,
      0.06411221623420715,
      -0.015440467745065689,
      0.964735209941864,
      -0.26276895403862,
      -0.07063449919223785,
      0.26109129190444946,
      0.9627264142036438
    ],
    [
      0.9995058178901672,
      -0.030945489183068275,
      0.005519195459783077,
      0.02970217354595661,
      0.8723000884056091,
      -0.48806801438331604,
      0.01028910931199789,
      0.48799076676368713,
      0.8727881908416748
    ],
    [
      0.9908902049064636,
      0.10479132831096649,
      -0.08458979427814484,
      -0.10202955454587936,
      0.9941170811653137,
      0.03634927421808243,
      0.08790124207735062,
      -0.027387479320168495,
      0.9957526922225952
    ],
    [
      0.975606381893158,
      0.13864390552043915,
      0.17020560801029205,
      -0.0911400318145752,
      0.9611572027206421,
      -0.26051920652389526,
      -0.19971376657485962,
      0.23865170776844025,
      0.9503471255302429
    ],
    [
      0.9277501702308655,
      -0.12885244190692902,
      -0.35025250911712646,
      0.22349128127098083,
      0.943435788154602,
      0.24490921199321747,
      0.2988836169242859,
      -0.30549290776252747,
      0.9040701389312744
    ],
    [
      0.995372474193573,
      0.0876699686050415,
      0.039341121912002563,
      -0.08697047829627991,
      0.9960266947746277,
      -0.019155628979206085,
      -0.04086418077349663,
      0.01564546674489975,
      0.999042272567749
    ],
    [
      0.9673627614974976,
      -0.24317620694637299,
      0.07123677432537079,
      0.1910093128681183,
      0.8845195770263672,
      0.4256061613559723,
      -0.16650760173797607,
      -0.3981086313724518,
      0.9021002054214478
    ],
    [
      0.919016420841217,
      0.3375774919986725,
      0.2035931795835495,
      -0.3226766586303711,
      0.9408392906188965,
      -0.10344644635915756,
      -0.22646966576576233,
      0.029374215751886368,
      0.9735751152038574
    ],
    [
      0.9685420393943787,
      0.15543361008167267,
      0.19433677196502686,
      -0.1213119849562645,
      0.976771354675293,
      -0.1766384094953537,
      -0.2172781378030777,
      0.14750634133815765,
      0.9649000763893127
    ],
    [
      0.9197105169296265,
      0.3921767771244049,
      -0.01816420443356037,
      -0.38822469115257263,
      0.9153793454170227,
      0.10659404844045639,
      0.05843084678053856,
      -0.09098387509584427,
      0.9941366910934448
    ],
    [
      0.9935892820358276,
      0.09489800781011581,
      0.06143923103809357,
      -0.10308723896741867,
      0.9836265444755554,
      0.14782366156578064,
      -0.046405088156461716,
      -0.1532095968723297,
      0.9871035814285278
    ],
    [
      0.8189120292663574,
      -0.08744418621063232,
      0.5672183036804199,
      0.05139156058430672,
      0.9955269694328308,
      0.07927791029214859,
      -0.5716134905815125,
      -0.035771407186985016,
      0.8197429180145264
    ],
    [
      0.7861723899841309,
      0.555131733417511,
      -0.2715911567211151,
      -0.603156328201294,
      0.7849797010421753,
      -0.1414540857076645,
      0.13466791808605194,
      0.27501922845840454,
      0.951960563659668
    ],
    [
      0.975039541721344,
      -0.016197508201003075,
      0.22143974900245667,
      -0.08931127935647964,
      0.8844800591468811,
      0.4579503834247589,
      -0.20327670872211456,
      -0.4662967622280121,
      0.8609564304351807
    ],
    [
      0.8996949195861816,
      -0.07785288989543915,
      -0.42952069640159607,
      -0.03695124387741089,
      0.9668526649475098,
      -0.2526470422744751,
      0.4349525570869446,
      0.24317656457424164,
      0.8669956922531128
    ],
    [
      -0.21667101979255676,
      -0.05006648972630501,
      0.9749600291252136,
      -0.7037297487258911,
      0.7001851201057434,
      -0.12043779343366623,
      -0.6766225695610046,
      -0.7122037410736084,
      -0.18694309890270233
    ],
    [
      0.9995318055152893,
      -0.024494830518960953,
      0.018333306536078453,
      0.0305953286588192,
      0.7967308759689331,
      -0.6035592555999756,
      0.0001773544354364276,
      0.6038376092910767,
      0.7971072793006897
    ],
    [
      0.7606514096260071,
      0.6490765810012817,
      -0.010441082529723644,
      -0.6210325956344604,
      0.7229151725769043,
      -0.3028402626514435,
      -0.18901850283145905,
      0.2368401139974594,
      0.9529841542243958
    ],
    [
      0.9698840379714966,
      0.17920364439487457,
      -0.16495750844478607,
      -0.15625686943531036,
      0.977311909198761,
      0.14298710227012634,
      0.18683873116970062,
      -0.11290517449378967,
      0.975881040096283
    ],
    [
      0.9646760821342468,
      -0.1959092766046524,
      0.17612382769584656,
      0.177790105342865,
      0.9775001406669617,
      0.11350815743207932,
      -0.19439837336540222,
      -0.07818552851676941,
      0.9778017401695251
    ]
  ],
  "root_rot": [
    -0.5615930557250977,
    0.056615643203258514,
    -0.8254743218421936,
    0.09065850079059601,
    -0.9874392747879028,
    -0.1294015794992447,
    -0.8224318623542786,
    -0.14750729501247406,
    0.5494063496589661
  ],
  "root_trans": [
    0.4095202088356018,
    0.472866415977478,
    2.862593650817871
  ]
}