{
  "betas": [
    -0.7476916909217834,
    1.154740810394287,
    1.7184995412826538,
    -0.24553057551383972,
    -0.35701024532318115,
    -0.32242387533187866,
    0.3383861780166626,
    0.6596552133560181,
    -0.18049442768096924,
    0.6629873514175415
  ],
  "joints": [
    [
      0.8657099604606628,
      -0.49920257925987244,
      -0.03664848580956459,
      0.4850224554538727,
      0.8185169696807861,
      0.30786874890327454,
      -0.12369146943092346,
      -0.2843003571033478,
      0.9507227540016174
    ],
    [
      0.8715861439704895,
      0.47639113664627075,
      -0.11571086198091507,
      -0.4158456325531006,
      0.8434314727783203,
      0.34014081954956055,
      0.25963425636291504,
      -0.24834419786930084,
      0.9332283735275269
    ],
    [
      0.9987199902534485,
      -0.009113806299865246,
      0.04975232854485512,
      0.02286618761718273,
      0.9587327241897583,
      -0.2833879590034485,
      -0.04511643946170807,
      0.28416287899017334,
      0.9577139616012573
    ],
    [
      0.9933376908302307,
      0.11107465624809265,
      -0.03070458397269249,
      -0.10981781035661697,
      0.8316092491149902,
      -0.5443952679634094,
      -0.03493431210517883,
      0.5441401600837708,
      0.8382667899131775
    ],
    [
      0.998441219329834,
      -0.052612632513046265,
      -0.018630539998412132,
      0.028252383694052696,
      0.7642877101898193,
      -0.6442562937736511,
      0.04813510924577713,
      0.6427256464958191,
      0.7645828127861023
    ],
    [
      0.9983798265457153,
      -0.004614351317286491,
      -0.056711796671152115,
      0.005265576299279928,
      0.9999218583106995,
      0.011338755488395691,
      0.05665504187345505,
      -0.011619006283581257,
      0.9983261227607727
    ],
    [
      0.9968435168266296,
      0.07057083398103714,
      0.03637033328413963,
      -0.07041209191083908,
      0.9975021481513977,
      -0.0056286402978003025,
      -0.03667670115828514,
      0.0030499619897454977,
      0.9993225932121277
    ],
    [
      0.9158043265342712,
      -0.2953059673309326,
      -0.2722073793411255,
      0.32882562279701233,
      0.9404650330543518,
      0.08601898699998856,
      0.23059959709644318,
      -0.1682853251695633,
      0.9583861231803894
    ],
    [
      0.9961715936660767,
      0.0067597003653645515,
      0.08715853840112686,
      -0.005498007871210575,
      0.9998767375946045,
      -0.014707781374454498,
      -0.08724720776081085,
      0.014172273688018322,
      0.9960859417915344
    ],
    [
      0.9713102579116821,
      -0.22041203081607819,
      0.0893021672964096,
      0.12139654904603958,
      0.7824351191520691,
      0.6107847690582275,
      -0.20449748635292053,
      -0.5824205875396729,
      0.7867445349693298
    ],
    [
      0.8991891145706177,
      0.3746011257171631,
      0.22612567245960236,
      -0.30778756737709045,
      0.9088172912597656,
      -0.28163424134254456,
      -0.31100744009017944,
      0.18364380300045013,
      0.932496190071106
    ],
    [
      0.9790617227554321,
      0.1858656257390976,
      0.0830187201499939,
      -0.18759919703006744,
      0.9821525812149048,
      0.013524605892598629,
      -0.07902328670024872,
      -0.02881566807627678,
      0.9964562654495239
    ],
    [
      0.8605302572250366,
      0.14256122708320618,
      -0.48904386162757874,
      0.05074448883533478,
      0.9312745928764343,
      0.36076685786247253,
      0.5068654417991638,
      -0.3352670967578888,
      0.7941557765007019
    ],
    [
      0.8616341948509216,
      -0.30255696177482605,
      0.40748703479766846,
      0.2900281846523285,
      0.9524016976356506,
      0.09388647228479385,
      -0.4164973497390747,
      0.03728693351149559,
      0.9083719253540039
    ],
    [
      0.9633793234825134,
      -0.052745938301086426,
      0.2629031538963318,
      0.04489915817975998,
      0.998350977897644,
      0.035769931972026825,
      -0.2643563151359558,
      -0.02265588380396366,
      0.9641589522361755
    ],
    [
      0.1493515819311142,
      0.6316329836845398,
      -0.7607455253601074,
      -0.6194964051246643,
      0.6594264507293701,
      0.4258883595466614,
      0.7706608772277832,
      0.40767207741737366,
      0.4897807538509369
    ],
    [
      0.5524997711181641,
      -0.6675629019737244,
      0.49910300970077515,
      0.7498793601989746,
      0.6595256924629211,
      0.052026648074388504,
      -0.3639023005962372,
      0.34552237391471863,
      0.8649794459342957
    ],
    [
      -0.482733815908432,
      -0.4426591694355011,
      -0.755659282207489,
      0.19583410024642944,
      0.7864429354667664,
      -0.5857956409454346,
      0.8535906672477722,
      -0.4307672083377838,
      -0.29295483231544495
    ],
    [
      0.3100527822971344,
      0.4157143831253052,
      0.8550139665603638,
      0.24423043429851532,
      0.8343247771263123,
      -0.49422022700309753,
      -0.9188138246536255,
      0.3620547950267792,
      0.1571546196937561
    ],
    [
      0.880370557308197,
      -0.3278239369392395,
      0.34275245666503906,
      0.42193835973739624,
      0.8713780045509338,
      -0.25033658742904663,
      -0.21660062670707703,
      0.3650093078613281,
      0.9054570198059082
    ],
    [
      0.8489965796470642,
      0.40997904539108276,
      -0.33334970474243164,
      -0.5197678208351135,
      0.7615251541137695,
      -0.3871961832046509,
      0.09511186182498932,
      0.5019926428794861,
      0.8596261739730835
    ],
    [
      0.9494406580924988,
      0.11860596388578415,
      -0.29068031907081604,
      -0.10468675941228867,
      0.9925054907798767,
      0.06303562223911285,
      0.29597821831703186,
      -0.029418203979730606,
      0.9547415375709534
    ],
    [
      0.9626325368881226,
      -0.0731058269739151,
      0.2607570290565491,
      0.05715488642454147,
      0.996029794216156,
      0.06824904680252075,
      -0.2647111713886261,
      -0.05079520866274834,
      0.9629890322685242
    ]
  ],
  "root_rot": [
    -0.5523815155029297,
    0.02323640137910843,
    -0.8332675099372864,
    0.10950089246034622,
    -0.9889267683029175,
    -0.10016635805368423,
    -0.8263681530952454,
    -0.14657357335090637,
    0.5437204837799072
  ],
  "root_trans": [
    0.3340493142604828,
    0.551352858543396,
    2.6142680644989014
  ]
}