{
  "betas": [
    -0.8734042048454285,
    1.0567494630813599,
    1.9867912530899048,
    0.02755969762802124,
    -0.05377495288848877,
    -0.0522431805729866,
    0.4389442205429077,
    0.7083707451820374,
    -0.08608317375183105,
    0.9504374861717224
  ],
  "joints": [
    [
      0.9883549213409424,
      -0.12051159888505936,
      -0.09290589392185211,
      0.10751430690288544,
      0.9851217269897461,
      -0.13407428562641144,
      0.10768111050128937,
      0.12252426892518997,
      0.9866066575050354
    ],
    [
      0.9883868098258972,
      0.027655091136693954,
      0.14942115545272827,
      -0.14222362637519836,
      0.5146442651748657,
      0.8455256819725037,
      -0.053515657782554626,
      -0.8569576740264893,
      0.512600839138031
    ],
    [
      0.9989678859710693,
      0.021459056064486504,
      -0.04003147408366203,
      -0.028689684346318245,
      0.9813923239707947,
      -0.1898578703403473,
      0.035212405025959015,
      0.190810427069664,
      0.9809950590133667
    ],
    [
      0.9939869046211243,
      -0.028455276042222977,
      -0.10573709011077881,
      -0.0361873060464859,
      0.8260224461555481,
      -0.5624743700027466,
      0.1033465713262558,
      0.562918484210968,
      0.8200258016586304
    ],
    [
      0.9975566267967224,
      -0.06362281739711761,
      0.02886168844997883,
      0.03306489810347557,
      0.06603336334228516,
      -0.9972695112228394,
      0.061543259769678116,
      0.9957870244979858,
      0.06797569990158081
    ],
    [
      0.9830514192581177,
      -0.11209366470575333,
      -0.14506901800632477,
      0.12153924256563187,
      0.9908936619758606,
      0.05794771388173103,
      0.13725240528583527,
      -0.07459715753793716,
      0.987723171710968
    ],
    [
      0.9945228099822998,
      -0.09199993312358856,
      0.04960180073976517,
      0.07503271102905273,
      0.9588106274604797,
      0.2739567756652832,
      -0.07276272773742676,
      -0.26873451471328735,
      0.9604620337486267
    ],
    [
      0.9265041947364807,
      -0.35230228304862976,
      0.13218636810779572,
      0.37115833163261414,
      0.9134249091148376,
      -0.16702188551425934,
      -0.06190015748143196,
      0.2038085162639618,
      0.9770519137382507
    ],
    [
      0.9994173645973206,
      -0.03213069960474968,
      -0.011517004109919071,
      0.0317227803170681,
      0.9989180564880371,
      -0.03400567173957825,
      0.012597168795764446,
      0.033620502799749374,
      0.9993553161621094
    ],
    [
      0.911064088344574,
      -0.2211296111345291,
      0.347942590713501,
      -0.1331930160522461,
      0.6408390402793884,
      0.756032407283783,
      -0.3901563286781311,
      -0.735137403011322,
      0.5543925166130066
    ],
    [
      0.8950097560882568,
      0.38631460070610046,
      0.22297675907611847,
      -0.40477001667022705,
      0.9134472608566284,
      0.042134713381528854,
      -0.18740025162696838,
      -0.1279652714729309,
      0.97391277551651
    ],
    [
      0.9974582195281982,
      0.06965093314647675,
      0.015026027336716652,
      -0.06572694331407547,
      0.9808342456817627,
      -0.18342338502407074,
      -0.027513651177287102,
      0.1819695681333542,
      0.9829190969467163
    ],
    [
      0.7234274744987488,
      -0.12235237658023834,
      -0.6794722676277161,
      0.4354698956012726,
      0.8445689678192139,
      0.31155920028686523,
      0.5357412099838257,
      -0.5212802290916443,
      0.6642651557922363
    ],
    [
      0.8663939833641052,
      -0.09919735044240952,
      0.48940926790237427,
      -0.02332393079996109,
      0.9709624648094177,
      0.23809245228767395,
      -0.4988161027431488,
      -0.21769681572914124,
      0.838922381401062
    ],
    [
      0.9853184223175049,
      -0.1433195024728775,
      -0.0927741527557373,
      0.15720197558403015,
      0.9735902547836304,
      0.1655583381652832,
      0.06659626960754395,
      -0.17771197855472565,
      0.9818265438079834
    ],
    [
      0.6128750443458557,
      0.43024808168411255,
      -0.6627750396728516,
      -0.18936122953891754,
      0.8942946195602417,
      0.4054373502731323,
      0.7671548128128052,
      -0.12297853827476501,
      0.6295631527900696
    ],
    [
      0.2332720309495926,
      -0.8659864664077759,
      0.44232529401779175,
      0.9045759439468384,
      0.3601668179035187,
      0.2280840426683426,
      -0.35682857036590576,
      0.34691116213798523,
      0.8673673868179321
    ],
    [
      0.4739477336406708,
      -0.28198719024658203,
      -0.8341801762580872,
      0.6348927617073059,
      0.765860378742218,
      0.10182831436395645,
      0.6101512908935547,
      -0.5778763294219971,
      0.5420094132423401
    ],
    [
      -0.22363916039466858,
      0.3976953327655792,
      0.8898448944091797,
      0.11633208394050598,
      0.917333722114563,
      -0.38074371218681335,
      -0.9677045941352844,
      0.018368354067206383,
      -0.25141647458076477
    ],
    [
      0.8949365019798279,
      -0.24764515459537506,
      0.37116116285324097,
      0.4245932996273041,
      0.7283427119255066,
      -0.5378080010414124,
      -0.1371469348669052,
      0.6388965249061584,
      0.7569689750671387
    ],
    [
      0.9662794470787048,
      0.2380446344614029,
      -0.09817730635404587,
      -0.2471732199192047,
      0.9643498063087463,
      -0.09452357143163681,
      0.07217644900083542,
      0.11560298502445221,
      0.9906696677207947
    ],
    [
      0.982721745967865,
      0.07483958452939987,
      -0.1692839413881302,
      -0.047509416937828064,
      0.9859588742256165,
      0.16008734703063965,
      0.17888787388801575,
      -0.14927873015403748,
      0.9724788069725037
    ],
    [
      0.9421494603157043,
      -0.0883207619190216,
      0.32334762811660767,
      0.060603175312280655,
      0.9936472773551941,
      0.09482800960540771,
      -0.3296687602996826,
      -0.06974627822637558,
      0.9415167570114136
    ]
  ],
  "root_rot": [
    -0.8436633944511414,
    -0.33192330598831177,
    0.42197054624557495,
    0.18343056738376617,
    -0.9168918132781982,
    -0.3544894754886627,
    0.5045645833015442,
    -0.22166746854782104,
    0.8344329595565796
  ],
  "root_trans": [
    0.016429200768470764,
    0.4907938241958618,
    2.7346742153167725
  ]
}