{
  "betas": [
    -0.6459577679634094,
    1.2027441263198853,
    0.5857795476913452,
    -0.9699914455413818,
    0.17726154625415802,
    0.24539262056350708,
    0.4961092472076416,
    0.4093903601169586,
    -0.8085732460021973,
    0.5938414931297302
  ],
  "joints": [
    [
      0.7735974788665771,
      -0.6085520386695862,
      0.17666755616664886,
      0.613112211227417,
      0.7892639636993408,
      0.0339968316257,
      -0.16012617945671082,
      0.08201717585325241,
      0.9836832880973816
    ],
    [
      0.5411367416381836,
      0.6864053010940552,
      0.48581767082214355,
      -0.5243207216262817,
      -0.17627187073230743,
      0.8330762386322021,
      0.6574639081954956,
      -0.705532431602478,
      0.26450932025909424
    ],
    [
      0.9853487014770508,
      -0.1702396124601364,
      -0.010310559533536434,
      0.14214055240154266,
      0.8531143069267273,
      -0.5019881129264832,
      0.09425431489944458,
      0.49316781759262085,
      0.8648130297660828
    ],
    [
      0.9922335743904114,
      0.001278410549275577,
      -0.12438209354877472,
      -0.06602867692708969,
      0.8528496623039246,
      -0.5179649591445923,
      0.10541704297065735,
      0.5221549868583679,
      0.8463104963302612
    ],
    [
      0.9749804735183716,
      -0.19758765399456024,
      0.10184349119663239,
      0.20150147378444672,
      0.5921279788017273,
      -0.7802445292472839,
      0.09386231005191803,
      0.7812448740005493,
      0.6171274185180664
    ],
    [
      0.9740898013114929,
      -0.2115103006362915,
      -0.08007774502038956,
      0.20723414421081543,
      0.97654128074646,
      -0.058491047471761703,
      0.09057067334651947,
      0.04038068652153015,
      0.9950710535049438
    ],
    [
      0.9667255878448486,
      0.05617877468466759,
      0.24957074224948883,
      -0.11336642503738403,
      0.9686424732208252,
      0.22108802199363708,
      -0.2293243557214737,
      -0.24202439188957214,
      0.9427802562713623
    ],
    [
      0.842308521270752,
      -0.49208250641822815,
      -0.21993456780910492,
      0.37870389223098755,
      0.8306587338447571,
      -0.4081537425518036,
      0.38353586196899414,
      0.26050129532814026,
      0.8860244750976562
    ],
    [
      0.9832785129547119,
      -0.1808084100484848,
      0.021717507392168045,
      0.179890975356102,
      0.9829282164573669,
      0.03861929848790169,
      -0.02832944132387638,
      -0.03406674414873123,
      0.9990180134773254
    ],
    [
      0.9591447710990906,
      -0.12958544492721558,
      0.2514936327934265,
      -0.05395994335412979,
      0.7888249158859253,
      0.6122447848320007,
      -0.27772244811058044,
      -0.6008018851280212,
      0.7496048808097839
    ],
    [
      0.8406814336776733,
      0.48119357228279114,
      0.2484099566936493,
      -0.45665794610977173,
      0.8764914274215698,
      -0.1524018943309784,
      -0.29106399416923523,
      0.014683056622743607,
      0.9565909504890442
    ],
    [
      0.9553191065788269,
      -0.11180966347455978,
      -0.27361276745796204,
      -0.01284397765994072,
      0.9091149568557739,
      -0.4163472056388855,
      0.29529711604118347,
      0.4012587368488312,
      0.8670588135719299
    ],
    [
      0.7136282920837402,
      -0.291000634431839,
      -0.6372231245040894,
      0.5776503086090088,
      0.7590474486351013,
      0.30027836561203003,
      0.39630138874053955,
      -0.5823792815208435,
      0.7097743153572083
    ],
    [
      0.8986563682556152,
      -0.03848951309919357,
      0.43696129322052,
      -0.033006131649017334,
      0.9873858094215393,
      0.1548539251089096,
      -0.4374096989631653,
      -0.1535828858613968,
      0.8860501646995544
    ],
    [
      0.9580422043800354,
      -0.09871755540370941,
      -0.2690908908843994,
      0.16176581382751465,
      0.9612331390380859,
      0.22329974174499512,
      0.23661544919013977,
      -0.2574602961540222,
      0.9368710517883301
    ],
    [
      0.845160722732544,
      -0.027940722182393074,
      -0.5337814688682556,
      0.11029675602912903,
      0.9862568378448486,
      0.12301230430603027,
      0.5230085849761963,
      -0.16283950209617615,
      0.8366273045539856
    ],
    [
      0.9652897119522095,
      0.07300587743520737,
      0.2507705092430115,
      -0.1398138403892517,
      0.95542311668396,
      0.2600358724594116,
      -0.22060781717300415,
      -0.28607118129730225,
      0.9324673414230347
    ],
    [
      -0.07358884066343307,
      -0.2085934430360794,
      -0.9752299785614014,
      0.22028623521327972,
      0.9503276348114014,
      -0.21988940238952637,
      0.9726554751396179,
      -0.23101112246513367,
      -0.023983245715498924
    ],
    [
      0.8454358577728271,
      0.14682568609714508,
      0.5134982466697693,
      -0.32227060198783875,
      0.9069482684135437,
      0.2712683379650116,
      -0.42588716745376587,
      -0.39482536911964417,
      0.8140841722488403
    ],
    [
      0.9294098615646362,
      -0.27379876375198364,
      0.24745023250579834,
      0.3594282567501068,
      0.8236593008041382,
      -0.438630610704422,
      -0.08371813595294952,
      0.496608167886734,
      0.8639280796051025
    ],
    [
      0.9281132221221924,
      0.21311692893505096,
      -0.305265337228775,
      -0.3648521602153778,
      0.6838261485099792,
      -0.6318739056587219,
      0.07408539950847626,
      0.6978273391723633,
      0.7124242782592773
    ],
    [
      0.9128878116607666,
      0.20657944679260254,
      -0.3520807921886444,
      -0.1675463318824768,
      0.9761148691177368,
      0.138304203748703,
      0.3722420632839203,
      -0.06726636737585068,
      0.92569500207901
    ],
    [
      0.9717169404029846,
      -0.11387929320335388,
      0.20687583088874817,
      0.10745696723461151,
      0.9933197498321533,
      0.04205796867609024,
      -0.21028338372707367,
      -0.018638191744685173,
      0.9774627685546875
    ]
  ],
  "root_rot": [
    0.5850080251693726,
    0.7006831765174866,
    -0.4084221422672272,
    0.6362729668617249,
    -0.7087826132774353,
    -0.30460453033447266,
    -0.502913773059845,
    -0.08167184889316559,
    -0.8604692816734314
  ],
  "root_trans": [
    0.1630127876996994,
    0.43560248613357544,
    2.4725968837738037
  ]
}