{
  "betas": [
    -0.43803632259368896,
    1.2174203395843506,
    0.9923490285873413,
    -0.000650942325592041,
    0.04248112440109253,
    -0.05336721986532211,
    -0.010510385036468506,
    0.5258394479751587,
    0.08989126235246658,
    0.33345288038253784
  ],
  "joints": [
    [
      0.9183803200721741,
      -0.3769570589065552,
      -0.12033680081367493,
      0.3810669183731079,
      0.7605974674224854,
      0.5256229639053345,
      -0.10660941153764725,
      -0.5285781621932983,
      0.842163622379303
    ],
    [
      0.8229141235351562,
      0.5239819288253784,
      -0.21967099606990814,
      -0.5069687962532043,
      0.8517261147499084,
      0.1324586570262909,
      0.25650545954704285,
      0.002364247338846326,
      0.9665399193763733
    ],
    [
      0.9817328453063965,
      -0.008809559047222137,
      0.19006071984767914,
      0.05042288452386856,
      0.9752567410469055,
      -0.21524813771247864,
      -0.1834617704153061,
      0.2208995670080185,
      0.9578858017921448
    ],
    [
      0.9838210344314575,
      0.17875415086746216,
      -0.011966906487941742,
      -0.15343447029590607,
      0.806215763092041,
      -0.5713791251182556,
      -0.09248847514390945,
      0.5639708638191223,
      0.8205990791320801
    ],
    [
      0.9990782737731934,
      -0.0017512839986011386,
      0.042891208082437515,
      0.020716482773423195,
      0.8947828412055969,
      -0.44602081179618835,
      -0.037597205489873886,
      0.44649818539619446,
      0.8939943909645081
    ],
    [
      0.9960929751396179,
      -0.03908339887857437,
      -0.07919248938560486,
      0.039184942841529846,
      0.9992319345474243,
      -0.0002717048046179116,
      0.07914228737354279,
      -0.0028325114399194717,
      0.9968593716621399
    ],
    [
      0.9942674040794373,
      0.07334450632333755,
      -0.07780095934867859,
      -0.072669617831707,
      0.9972900748252869,
      0.011474689468741417,
      0.07843172550201416,
      -0.005755145568400621,
      0.9969029426574707
    ],
    [
      0.7778610587120056,
      -0.3225606381893158,
      -0.5393391847610474,
      0.39754682779312134,
      0.9172470569610596,
      0.024786660447716713,
      0.4867120683193207,
      -0.2336931675672531,
      0.8417237401008606
    ],
    [
      0.9918299317359924,
      -0.027667799964547157,
      0.1245306134223938,
      0.029035812243819237,
      0.9995362162590027,
      -0.009183386340737343,
      -0.12421876192092896,
      0.012724203988909721,
      0.9921733140945435
    ],
    [
      0.9381216168403625,
      -0.1503155380487442,
      0.3119824230670929,
      -0.0058370428159832954,
      0.8938954472541809,
      0.4482375681400299,
      -0.34625670313835144,
      -0.42232245206832886,
      0.8377052545547485
    ],
    [
      0.7872922420501709,
      0.45652714371681213,
      0.4144320785999298,
      -0.46594560146331787,
      0.8807187676429749,
      -0.08502398431301117,
      -0.4038138687610626,
      -0.12616409361362457,
      0.9060998558998108
    ],
    [
      0.9931217432022095,
      0.10377444326877594,
      -0.054221443831920624,
      -0.1074732095003128,
      0.9917086958885193,
      -0.07045161724090576,
      0.046460799872875214,
      0.07579439133405685,
      0.9960404634475708
    ],
    [
      0.9231683015823364,
      0.12677079439163208,
      -0.3628903329372406,
      -0.02183043770492077,
      0.9598203301429749,
      0.2797650098800659,
      0.3837755024433136,
      -0.25034815073013306,
      0.8888431787490845
    ],
    [
      0.8035361766815186,
      -0.3700575828552246,
      0.46624770760536194,
      0.3705773949623108,
      0.9239625930786133,
      0.09468582272529602,
      -0.46583470702171326,
      0.0966973751783371,
      0.879572331905365
    ],
    [
      0.9626972079277039,
      -0.1704004555940628,
      0.21018525958061218,
      0.16009852290153503,
      0.9849439859390259,
      0.06522111594676971,
      -0.21813441812992096,
      -0.029137836769223213,
      0.9754837155342102
    ],
    [
      0.5033367872238159,
      0.5877035856246948,
      -0.6334482431411743,
      -0.6331232190132141,
      0.7497300505638123,
      0.1925094872713089,
      0.5880536437034607,
      0.3041536808013916,
      0.7494555115699768
    ],
    [
      0.623382568359375,
      -0.5237140655517578,
      0.5806184411048889,
      0.6024498343467712,
      0.7950537800788879,
      0.0703115314245224,
      -0.4984460175037384,
      0.3059624433517456,
      0.8111341595649719
    ],
    [
      -0.6539131999015808,
      -0.28886300325393677,
      -0.6992536187171936,
      0.20358628034591675,
      0.8229678869247437,
      -0.5303550362586975,
      0.7286632061004639,
      -0.48916465044021606,
      -0.4793410301208496
    ],
    [
      0.8016714453697205,
      -0.031329989433288574,
      0.5969432592391968,
      0.26424482464790344,
      0.9143291115760803,
      -0.3068827688694,
      -0.5361878871917725,
      0.40375834703445435,
      0.7412703037261963
    ],
    [
      0.8316071629524231,
      -0.4263121783733368,
      0.35593166947364807,
      0.5423460602760315,
      0.7613523006439209,
      -0.3552510738372803,
      -0.11954154074192047,
      0.4884675145149231,
      0.8643547296524048
    ],
    [
      0.9233683943748474,
      0.21420885622501373,
      -0.3185989260673523,
      -0.3676563501358032,
      0.732329785823822,
      -0.5731682181358337,
      0.11054179817438126,
      0.6463804244995117,
      0.7549654245376587
    ],
    [
      0.8663074374198914,
      0.26146847009658813,
      -0.4256121814250946,
      -0.14908809959888458,
      0.948565661907196,
      0.27927741408348083,
      0.47674334049224854,
      -0.17848637700080872,
      0.860731303691864
    ],
    [
      0.9294580221176147,
      -0.22863885760307312,
      0.289537638425827,
      0.09471198916435242,
      0.9063830375671387,
      0.4117031991481781,
      -0.3565632998943329,
      -0.3552381694316864,
      0.8640998005867004
    ]
  ],
  "root_rot": [
    0.025490786880254745,
    -0.017332741990685463,
    0.9995248317718506,
    -0.13715343177318573,
    -0.9904553890228271,
    -0.013677658513188362,
    0.9902217984199524,
    -0.1367395967245102,
    -0.02762473188340664
  ],
  "root_trans": [
    -0.267650306224823,
    0.5782124996185303,
    2.5862557888031006
  ]
}