{
  "betas": [
    -0.7389997243881226,
    1.0855926275253296,
    1.370351791381836,
    0.0649794340133667,
    -0.3329601287841797,
    -0.18098092079162598,
    0.1180809736251831,
    0.7627216577529907,
    0.2040386199951172,
    1.2043523788452148
  ],
  "joints": [
    [
      0.9514210224151611,
      -0.3077893853187561,
      0.007984180003404617,
      0.2883407175540924,
      0.8997966647148132,
      0.32745325565338135,
      -0.10797077417373657,
      -0.30924373865127563,
      0.9448336958885193
    ],
    [
      0.9715685844421387,
      0.13243608176708221,
      -0.1962529420852661,
      -0.14654609560966492,
      0.9874340295791626,
      -0.05914652720093727,
      0.18595370650291443,
      0.0862250104546547,
      0.9787678718566895
    ],
    [
      0.9958816170692444,
      -0.016335485503077507,
      0.08917859941720963,
      0.02588176168501377,
      0.993925929069519,
      -0.10696418583393097,
      -0.08688961714506149,
      0.10883178561925888,
      0.9902553558349609
    ],
    [
      0.9941349625587463,
      0.023752542212605476,
      0.1055060401558876,
      -0.004524099174886942,
      0.9838626384735107,
      -0.17886824905872345,
      -0.10805203020572662,
      0.17734184861183167,
      0.9781997203826904
    ],
    [
      0.9998040199279785,
      -0.019764266908168793,
      0.0011839679209515452,
      0.01974889449775219,
      0.9911717176437378,
      -0.13110512495040894,
      0.0014176832046359777,
      0.1311028003692627,
      0.9913678169250488
    ],
    [
      0.9933934807777405,
      -0.010760901495814323,
      -0.11425230652093887,
      0.007421175949275494,
      0.9995338320732117,
      -0.02961636334657669,
      0.11451773345470428,
      0.028572814539074898,
      0.9930102229118347
    ],
    [
      0.9810264110565186,
      0.18822884559631348,
      0.0464460551738739,
      -0.1698240041732788,
      0.9498729109764099,
      -0.2624903917312622,
      -0.09352610260248184,
      0.24962230026721954,
      0.9638161659240723
    ],
    [
      0.9523031115531921,
      -0.2632941007614136,
      -0.15425656735897064,
      0.2820962965488434,
      0.9523475170135498,
      0.11599940806627274,
      0.11636390537023544,
      -0.1539817899465561,
      0.9811977744102478
    ],
    [
      0.9989703893661499,
      0.006234003696590662,
      0.04493877664208412,
      -0.00636931462213397,
      0.9999756217002869,
      0.0028686102014034986,
      -0.04491979628801346,
      -0.0031518854666501284,
      0.998985767364502
    ],
    [
      0.8971961736679077,
      -0.42698702216148376,
      0.11278858780860901,
      0.29960760474205017,
      0.7761129140853882,
      0.5548731088638306,
      -0.3244602382183075,
      -0.46403762698173523,
      0.8242540955543518
    ],
    [
      0.9348704218864441,
      0.30100196599960327,
      0.18818898499011993,
      -0.2347504198551178,
      0.9218640923500061,
      -0.30831611156463623,
      -0.2662884294986725,
      0.24405817687511444,
      0.9324837923049927
    ],
    [
      0.9926899075508118,
      0.12068919092416763,
      0.0009784699650481343,
      -0.12055034190416336,
      0.9918769598007202,
      -0.040592558681964874,
      -0.005869604647159576,
      0.04017786681652069,
      0.9991753697395325
    ],
    [
      0.9767340421676636,
      0.20138178765773773,
      -0.07372879981994629,
      -0.18540415167808533,
      0.965732991695404,
      0.18161806464195251,
      0.10777690261602402,
      -0.1637229323387146,
      0.9806013107299805
    ],
    [
      0.954949676990509,
      -0.28564369678497314,
      0.08049118518829346,
      0.2921281158924103,
      0.9525564908981323,
      -0.08542398363351822,
      -0.052271585911512375,
      0.10508933663368225,
      0.9930880665779114
    ],
    [
      0.9801248908042908,
      -0.0414135716855526,
      0.1940106749534607,
      0.055944059044122696,
      0.9959753751754761,
      -0.070023313164711,
      -0.19032995402812958,
      0.07948533445596695,
      0.9784970879554749
    ],
    [
      0.5648349523544312,
      0.609992504119873,
      -0.5557613968849182,
      -0.635448157787323,
      0.7511883974075317,
      0.17866656184196472,
      0.5264667272567749,
      0.252240389585495,
      0.8119160532951355
    ],
    [
      0.5964348912239075,
      -0.7799244523048401,
      0.18969260156154633,
      0.8021082878112793,
      0.5879127383232117,
      -0.10478976368904114,
      -0.0297946035861969,
      0.21465428173542023,
      0.976235568523407
    ],
    [
      -0.07805585116147995,
      -0.3194662928581238,
      -0.9443773031234741,
      0.4106893241405487,
      0.8528540134429932,
      -0.3224503695964813,
      0.9084280729293823,
      -0.41301482915878296,
      0.0646311566233635
    ],
    [
      0.23603878915309906,
      0.32914042472839355,
      0.914304256439209,
      0.040849748998880386,
      0.9366978406906128,
      -0.3477477431297302,
      -0.9708846211433411,
      0.11943106353282928,
      0.20765171945095062
    ],
    [
      0.943075954914093,
      -0.2818832993507385,
      0.17649231851100922,
      0.32640957832336426,
      0.8862297534942627,
      -0.3287149965763092,
      -0.06375348567962646,
      0.36761200428009033,
      0.9277913570404053
    ],
    [
      0.9610453844070435,
      0.11648126691579819,
      0.25064679980278015,
      -0.021345537155866623,
      0.9354286789894104,
      -0.35287052392959595,
      -0.2755649983882904,
      0.3337744176387787,
      0.9014757871627808
    ],
    [
      0.9744645953178406,
      0.1343793421983719,
      -0.17989155650138855,
      -0.12731266021728516,
      0.9905852675437927,
      0.05032208189368248,
      0.18496017158031464,
      -0.026134613901376724,
      0.9823984503746033
    ],
    [
      0.8279281258583069,
      -0.28528112173080444,
      0.4828558564186096,
      0.20799775421619415,
      0.9557504653930664,
      0.20803388953208923,
      -0.5208377838134766,
      -0.07180418074131012,
      0.850630521774292
    ]
  ],
  "root_rot": [
    -0.0937359631061554,
    0.04587782546877861,
    -0.9945394396781921,
    0.1309952586889267,
    -0.9896848797798157,
    -0.058000270277261734,
    -0.9869416356086731,
    -0.13571667671203613,
    0.0867592841386795
  ],
  "root_trans": [
    0.5160044431686401,
    0.47524693608283997,
    2.7026565074920654
  ]
}