{
  "betas": [
    -0.6606035828590393,
    1.3078155517578125,
    0.9803025722503662,
    0.015779435634613037,
    0.26259171962738037,
    0.47165897488594055,
    -0.05196911096572876,
    0.6087907552719116,
    0.03673185408115387,
    0.41590625047683716
  ],
  "joints": [
    [
      0.9913864135742188,
      0.03504898399114609,
      -0.12619221210479736,
      -0.0010485306847840548,
      0.9656197428703308,
      0.25995656847953796,
      0.13096490502357483,
      -0.2575851082801819,
      0.9573390483856201
    ],
    [
      0.9979704022407532,
      0.06336000561714172,
      -0.006367035210132599,
      -0.06329531222581863,
      0.9979457855224609,
      0.009893682785332203,
      0.0069808196276426315,
      -0.009470599703490734,
      0.999930739402771
    ],
    [
      0.9914419054985046,
      0.009031307883560658,
      0.13023586571216583,
      -0.002250906080007553,
      0.9986385107040405,
      -0.052116092294454575,
      -0.1305292248725891,
      0.05137693136930466,
      0.9901124238967896
    ],
    [
      0.9987196326255798,
      0.01861734688282013,
      -0.04703840985894203,
      -0.04035583510994911,
      0.8539004921913147,
      -0.5188692808151245,
      0.03050614334642887,
      0.5201031565666199,
      0.8535584807395935
    ],
    [
      0.9974352121353149,
      0.04405595362186432,
      0.056410424411296844,
      0.032530881464481354,
      0.4229869544506073,
      -0.9055516123771667,
      -0.06375584751367569,
      0.9050641059875488,
      0.42046889662742615
    ],
    [
      0.9955148696899414,
      -0.05935133621096611,
      -0.07367269694805145,
      0.06679773330688477,
      0.9924244284629822,
      0.10311045497655869,
      0.06699484586715698,
      -0.1075691506266594,
      0.9919378161430359
    ],
    [
      0.9858685731887817,
      -0.006725137121975422,
      0.16738560795783997,
      -0.02442440204322338,
      0.9827463030815125,
      0.1833391785621643,
      -0.1657305359840393,
      -0.18483662605285645,
      0.9686944484710693
    ],
    [
      0.8170127272605896,
      -0.4709520936012268,
      -0.33270758390426636,
      0.38729327917099,
      0.8756672739982605,
      -0.2884628176689148,
      0.427193284034729,
      0.10682237148284912,
      0.8978278636932373
    ],
    [
      0.9967893958091736,
      -0.030342575162649155,
      0.07409639656543732,
      0.03635150194168091,
      0.9960393905639648,
      -0.081142857670784,
      -0.07134084403514862,
      0.08357585221529007,
      0.993944525718689
    ],
    [
      0.9135071039199829,
      -0.3932513892650604,
      0.10420190542936325,
      0.19349820911884308,
      0.6453080773353577,
      0.7390100955963135,
      -0.3578590452671051,
      -0.6549281477928162,
      0.6655869483947754
    ],
    [
      0.7454343438148499,
      0.33911851048469543,
      0.5738697052001953,
      -0.42354196310043335,
      0.9057536125183105,
      0.014924758113920689,
      -0.5147232413291931,
      -0.25418326258659363,
      0.818810760974884
    ],
    [
      0.9483276605606079,
      -0.007632378023117781,
      -0.3172007203102112,
      -0.03239450231194496,
      0.9921576380729675,
      -0.12072207033634186,
      0.31563451886177063,
      0.12475965172052383,
      0.940643310546875
    ],
    [
      0.7764480710029602,
      -0.4078168570995331,
      -0.48043093085289,
      0.5748116374015808,
      0.770807683467865,
      0.27467644214630127,
      0.25830215215682983,
      -0.4894292652606964,
      0.8329100012779236
    ],
    [
      0.8781685829162598,
      -0.0370815135538578,
      0.476911723613739,
      -0.027622977271676064,
      0.9913960695266724,
      0.12794838845729828,
      -0.47755295038223267,
      -0.12553398311138153,
      0.8695885539054871
    ],
    [
      0.9849005937576294,
      -0.034422215074300766,
      -0.16966378688812256,
      0.03354185074567795,
      0.9994049072265625,
      -0.00805326085537672,
      0.1698400229215622,
      0.0022408266086131334,
      0.9854690432548523
    ],
    [
      0.8642733097076416,
      0.08620364964008331,
      -0.4955810606479645,
      0.011504479683935642,
      0.9815614223480225,
      0.19080060720443726,
      0.502890944480896,
      -0.17060525715351105,
      0.8473455905914307
    ],
    [
      0.898138701915741,
      -0.2495332658290863,
      0.36204978823661804,
      0.16227449476718903,
      0.9533553719520569,
      0.2545200288295746,
      -0.40867337584495544,
      -0.16984283924102783,
      0.8967382311820984
    ],
    [
      -0.1096130758523941,
      -0.006895859260112047,
      -0.9939504861831665,
      0.24250134825706482,
      0.9695735573768616,
      -0.03346983715891838,
      0.9639388918876648,
      -0.2447030246257782,
      -0.10460568219423294
    ],
    [
      0.8717712759971619,
      0.16517318785190582,
      0.46122950315475464,
      -0.26953014731407166,
      0.9478690028190613,
      0.16999372839927673,
      -0.4091067314147949,
      -0.27251091599464417,
      0.8708441257476807
    ],
    [
      0.9809668064117432,
      0.0274438988417387,
      0.19222652912139893,
      0.08264565467834473,
      0.8368063569068909,
      -0.5412253141403198,
      -0.17570970952510834,
      0.5468107461929321,
      0.8186111450195312
    ],
    [
      0.991166889667511,
      0.015007643960416317,
      -0.1317688524723053,
      -0.10081729292869568,
      0.7307897806167603,
      -0.6751165390014648,
      0.08616338670253754,
      0.6824377179145813,
      0.7258476614952087
    ],
    [
      0.8718751072883606,
      0.31921324133872986,
      -0.37139832973480225,
      -0.18192707002162933,
      0.9152222871780396,
      0.35954225063323975,
      0.45468270778656006,
      -0.24590851366519928,
      0.8560330867767334
    ],
    [
      0.9702467322349548,
      -0.14351214468479156,
      0.19500131905078888,
      0.08779118955135345,
      0.9591159224510193,
      0.26905280351638794,
      -0.2256411910057068,
      -0.2439282089471817,
      0.9431781768798828
    ]
  ],
  "root_rot": [
    0.49038079380989075,
    0.15424877405166626,
    -0.8577494025230408,
    0.16289882361888885,
    -0.9830896258354187,
    -0.08365838974714279,
    -0.8561487793922424,
    -0.09870189428329468,
    -0.5072152018547058
  ],
  "root_trans": [
    0.29020726680755615,
    0.5063851475715637,
    2.5047175884246826
  ]
}