{
  "betas": [
    -0.747282862663269,
    1.1226229667663574,
    0.9877598285675049,
    -0.022729337215423584,
    -0.34431207180023193,
    -0.17430993914604187,
    -0.01368287205696106,
    0.7449381947517395,
    0.30103617906570435,
    0.8180172443389893
  ],
  "joints": [
    [
      0.9499844908714294,
      -0.3121512830257416,
      0.00953510869294405,
      0.2942799925804138,
      0.9049817323684692,
      0.3072579503059387,
      -0.10454005002975464,
      -0.2890843152999878,
      0.9515784978866577
    ],
    [
      0.9605496525764465,
      0.17305786907672882,
      -0.21770480275154114,
      -0.1883249580860138,
      0.9807665944099426,
      -0.051290083676576614,
      0.2046414315700531,
      0.0902659147977829,
      0.9746661186218262
    ],
    [
      0.9964876174926758,
      -0.0258417259901762,
      0.07965310662984848,
      0.03527015447616577,
      0.9922273755073547,
      -0.11933504045009613,
      -0.07595016807317734,
      0.12172526866197586,
      0.9896537065505981
    ],
    [
      0.9932260513305664,
      0.025642285123467445,
      0.11333354562520981,
      -0.0021065648179501295,
      0.9791601896286011,
      -0.203078493475914,
      -0.11617909371852875,
      0.20146410167217255,
      0.9725814461708069
    ],
    [
      0.9990488290786743,
      -0.04344558343291283,
      0.0037292339839041233,
      0.04355388879776001,
      0.9900600910186768,
      -0.1337312012910843,
      0.0021178654860705137,
      0.13376642763614655,
      0.9910106062889099
    ],
    [
      0.994350254535675,
      0.0011687484802678227,
      -0.10614269971847534,
      -0.004336273763328791,
      0.9995519518852234,
      -0.0296162236481905,
      0.10606052726507187,
      0.0299091599881649,
      0.9939097762107849
    ],
    [
      0.9654129147529602,
      0.2332262545824051,
      0.11654797196388245,
      -0.20504792034626007,
      0.9552686810493469,
      -0.2131126970052719,
      -0.1610381156206131,
      0.1818438321352005,
      0.9700512886047363
    ],
    [
      0.9473899006843567,
      -0.2730504274368286,
      -0.1670205146074295,
      0.2918049395084381,
      0.9512240886688232,
      0.10011284798383713,
      0.13153807818889618,
      -0.14358331263065338,
      0.9808575510978699
    ],
    [
      0.999605655670166,
      -0.003322901902720332,
      0.02788115292787552,
      0.00403115339577198,
      0.99966961145401,
      -0.025384953245520592,
      -0.0277875903993845,
      0.02548733912408352,
      0.99928879737854
    ],
    [
      0.8814211487770081,
      -0.47183462977409363,
      -0.021651720628142357,
      0.42414894700050354,
      0.7705054879188538,
      0.47583499550819397,
      -0.2078326791524887,
      -0.42859458923339844,
      0.8792679905891418
    ],
    [
      0.9017534852027893,
      0.3395136296749115,
      0.2675277590751648,
      -0.26050445437431335,
      0.9207541942596436,
      -0.2904289960861206,
      -0.344931960105896,
      0.19220317900180817,
      0.9187381267547607
    ],
    [
      0.997228741645813,
      0.07425709068775177,
      0.004541305359452963,
      -0.07414811104536057,
      0.9970320463180542,
      -0.02071521244943142,
      -0.006066078785806894,
      0.020321078598499298,
      0.9997750520706177
    ],
    [
      0.9793515801429749,
      0.17486976087093353,
      -0.10144505649805069,
      -0.1572660654783249,
      0.974303662776947,
      0.16124457120895386,
      0.12703508138656616,
      -0.1419612616300583,
      0.9816868901252747
    ],
    [
      0.9299041032791138,
      -0.24258269369602203,
      0.2764635682106018,
      0.22979594767093658,
      0.9700866937637329,
      0.0782671794295311,
      -0.2871798574924469,
      -0.009250758215785027,
      0.9578320980072021
    ],
    [
      0.9707837104797363,
      0.021715383976697922,
      0.23897172510623932,
      0.003280438482761383,
      0.994602620601654,
      -0.10370589792728424,
      -0.23993390798568726,
      0.10145992040634155,
      0.9654727578163147
    ],
    [
      0.6159470677375793,
      0.6433138251304626,
      -0.4547048509120941,
      -0.6792722344398499,
      0.7260375022888184,
      0.10704568028450012,
      0.3989967405796051,
      0.24293391406536102,
      0.8841859102249146
    ],
    [
      0.45926016569137573,
      -0.6929838061332703,
      0.5557458996772766,
      0.7143392562866211,
      0.6599932312965393,
      0.23265504837036133,
      -0.5280147194862366,
      0.29014188051223755,
      0.7981341481208801
    ],
    [
      0.06642451882362366,
      -0.30210164189338684,
      -0.9509586095809937,
      0.31657519936561584,
      0.9102027416229248,
      -0.2670414447784424,
      0.9462387561798096,
      -0.2833118140697479,
      0.1560976654291153
    ],
    [
      -0.5031405687332153,
      0.3385794460773468,
      0.795118510723114,
      -0.06912115216255188,
      0.901344358921051,
      -0.4275517463684082,
      -0.8614358901977539,
      -0.2700781226158142,
      -0.4300999045372009
    ],
    [
      0.9484416842460632,
      -0.26527678966522217,
      0.17345526814460754,
      0.3049578070640564,
      0.9128948450088501,
      -0.2713369131088257,
      -0.08636703342199326,
      0.31024372577667236,
      0.9467257261276245
    ],
    [
      0.9102874994277954,
      0.34900957345962524,
      -0.2226409763097763,
      -0.3983516991138458,
      0.8848288059234619,
      -0.24164827167987823,
      0.11266158521175385,
      0.30865880846977234,
      0.9444771409034729
    ],
    [
      0.9614803791046143,
      0.06301431357860565,
      -0.2675532400608063,
      -0.06384360045194626,
      0.997944176197052,
      0.005607833154499531,
      0.2673565745353699,
      0.011689742095768452,
      0.9635267853736877
    ],
    [
      0.9441544413566589,
      -0.23328198492527008,
      0.23270557820796967,
      0.14196619391441345,
      0.9253185987472534,
      0.3516121804714203,
      -0.29735156893730164,
      -0.29893988370895386,
      0.9067618250846863
    ]
  ],
  "root_rot": [
    -0.143051415681839,
    0.06413700431585312,
    -0.9876348972320557,
    0.12269452214241028,
    -0.9890510439872742,
    -0.08200033754110336,
    -0.9820805788040161,
    -0.1329076588153839,
    0.1336158961057663
  ],
  "root_trans": [
    0.51607745885849,
    0.4708039164543152,
    2.7006144523620605
  ]
}