{
  "betas": [
    -0.5742752552032471,
    1.0834650993347168,
    0.5444340705871582,
    -0.8886606693267822,
    0.06339037418365479,
    0.1682533621788025,
    0.26293379068374634,
    0.5667001008987427,
    -0.5318769216537476,
    0.47242626547813416
  ],
  "joints": [
    [
      0.7456698417663574,
      -0.6248311996459961,
      0.2314355969429016,
      0.6426096558570862,
      0.7661915421485901,
      -0.0018765080021694303,
      -0.17615146934986115,
      0.15012198686599731,
      0.9728484749794006
    ],
    [
      0.3262861967086792,
      0.7677798867225647,
      0.5514084696769714,
      -0.6103034019470215,
      -0.2743515074253082,
      0.7431426048278809,
      0.7218497395515442,
      -0.5790036916732788,
      0.3790615499019623
    ],
    [
      0.9793964624404907,
      -0.20182982087135315,
      0.006879574153572321,
      0.18201559782028198,
      0.867464005947113,
      -0.4630081057548523,
      0.0874810740351677,
      0.454720675945282,
      0.88632732629776
    ],
    [
      0.9947639107704163,
      -0.011742123402655125,
      -0.10152269899845123,
      -0.03306157886981964,
      0.9029881358146667,
      -0.42839160561561584,
      0.09670402109622955,
      0.42950502038002014,
      0.8978717923164368
    ],
    [
      0.9961389899253845,
      -0.028690818697214127,
      0.08296892791986465,
      0.04401296749711037,
      0.9809491634368896,
      -0.18921293318271637,
      -0.07595963031053543,
      0.1921340972185135,
      0.9784244894981384
    ],
    [
      0.9718883633613586,
      -0.21643412113189697,
      -0.09267902374267578,
      0.21431493759155273,
      0.9762284159660339,
      -0.03235858306288719,
      0.09747941046953201,
      0.011586425825953484,
      0.9951701164245605
    ],
    [
      0.9459834098815918,
      0.02122710458934307,
      0.32351940870285034,
      -0.10767891258001328,
      0.9617828726768494,
      0.2517518103122711,
      -0.30581146478652954,
      -0.2729892432689667,
      0.9121163487434387
    ],
    [
      0.7909597158432007,
      -0.5551933646202087,
      -0.25718313455581665,
      0.252111554145813,
      0.6787023544311523,
      -0.6897847056388855,
      0.5575146675109863,
      0.48075300455093384,
      0.6767968535423279
    ],
    [
      0.9790323972702026,
      -0.19869451224803925,
      0.04490151256322861,
      0.19696445763111115,
      0.9795870780944824,
      0.040177058428525925,
      -0.05196790024638176,
      -0.030490636825561523,
      0.9981832504272461
    ],
    [
      0.9797342419624329,
      -0.06182568520307541,
      0.19052143394947052,
      -0.06866906583309174,
      0.7898552417755127,
      0.6094368696212769,
      -0.18816320598125458,
      -0.6101690530776978,
      0.7696027159690857
    ],
    [
      0.877331018447876,
      0.46047455072402954,
      0.13510531187057495,
      -0.443737268447876,
      0.885628342628479,
      -0.13696585595607758,
      -0.18272238969802856,
      0.0602131225168705,
      0.9813189506530762
    ],
    [
      0.9542765021324158,
      -0.13289214670658112,
      -0.26776123046875,
      0.010449960827827454,
      0.9100291728973389,
      -0.4144124388694763,
      0.2987426817417145,
      0.39266592264175415,
      0.8698081970214844
    ],
    [
      0.7727447748184204,
      -0.23597140610218048,
      -0.5892223715782166,
      0.5010932087898254,
      0.7965941429138184,
      0.3381468653678894,
      0.3895781338214874,
      -0.5565565228462219,
      0.7338076233863831
    ],
    [
      0.9144626259803772,
      -0.02716309204697609,
      0.40375766158103943,
      -0.04727771133184433,
      0.9837406873703003,
      0.17326021194458008,
      -0.401899129152298,
      -0.1775287240743637,
      0.8983098864555359
    ],
    [
      0.9690091013908386,
      -0.060171034187078476,
      -0.23958458006381989,
      0.12343715131282806,
      0.9580565094947815,
      0.258633017539978,
      0.21397334337234497,
      -0.2801913917064667,
      0.9357928037643433
    ],
    [
      0.8247063159942627,
      -0.030894828960299492,
      -0.5647168159484863,
      0.11789677292108536,
      0.9859619736671448,
      0.11823464930057526,
      0.55313640832901,
      -0.16408714652061462,
      0.8167714476585388
    ],
    [
      0.9496952891349792,
      0.1161588579416275,
      0.2908368706703186,
      -0.2019515484571457,
      0.9369379281997681,
      0.2852417528629303,
      -0.23936274647712708,
      -0.3296276926994324,
      0.9132639765739441
    ],
    [
      0.08154476433992386,
      -0.22722125053405762,
      -0.9704231023788452,
      0.26092031598091125,
      0.9445752501487732,
      -0.1992439180612564,
      0.9619101285934448,
      -0.23695577681064606,
      0.13631179928779602
    ],
    [
      0.8122706413269043,
      0.1694241762161255,
      0.5581324696540833,
      -0.4253620505332947,
      0.8267977833747864,
      0.3680659532546997,
      -0.39910340309143066,
      -0.5363775491714478,
      0.7436501979827881
    ],
    [
      0.9456138014793396,
      -0.27095144987106323,
      0.17999939620494843,
      0.32263699173927307,
      0.8517665266990662,
      -0.412794291973114,
      -0.04147028550505638,
      0.4484184980392456,
      0.8928611278533936
    ],
    [
      0.9415184259414673,
      0.21976672112941742,
      -0.2554323077201843,
      -0.3282400667667389,
      0.7695167660713196,
      -0.5478160977363586,
      0.07616768777370453,
      0.5996220707893372,
      0.7966504693031311
    ],
    [
      0.9205250144004822,
      0.23191328346729279,
      -0.31440404057502747,
      -0.18120059370994568,
      0.9663989543914795,
      0.1823166012763977,
      0.3461214005947113,
      -0.110856793820858,
      0.931617259979248
    ],
    [
      0.9701977372169495,
      -0.09312443435192108,
      0.22370553016662598,
      0.09133077412843704,
      0.9956510663032532,
      0.018374845385551453,
      -0.22444379329681396,
      0.0026039599906653166,
      0.9744835495948792
    ]
  ],
  "root_rot": [
    0.6102110743522644,
    0.7053510546684265,
    -0.36072471737861633,
    0.6647813320159912,
    -0.7035546898841858,
    -0.251150518655777,
    -0.4309388995170593,
    -0.08654824644327164,
    -0.8982210755348206
  ],
  "root_trans": [
    0.12337755411863327,
    0.46156108379364014,
    2.486126661300659
  ]
}