{
  "betas": [
    -0.7690767049789429,
    0.8010939955711365,
    1.4132494926452637,
    0.43459054827690125,
    0.3345416188240051,
    0.05931979790329933,
    -0.23680126667022705,
    0.27678149938583374,
    0.21175521612167358,
    0.833560049533844
  ],
  "joints": [
    [
      0.9855421781539917,
      -0.1685253232717514,
      -0.0174874234944582,
      0.16795173287391663,
      0.95811927318573,
      0.23194754123687744,
      -0.02233399823307991,
      -0.23153114318847656,
      0.972571074962616
    ],
    [
      0.982383131980896,
      0.07905374467372894,
      -0.16933314502239227,
      -0.08592382073402405,
      0.9957341551780701,
      -0.03362374007701874,
      0.16595271229743958,
      0.047581154853105545,
      0.9849850535392761
    ],
    [
      0.9938871264457703,
      0.008610725402832031,
      0.11006481945514679,
      -0.0005881668184883893,
      0.9973526000976562,
      -0.07271495461463928,
      -0.11039955914020538,
      0.07220572233200073,
      0.9912609457969666
    ],
    [
      0.9991841912269592,
      -0.0006307775620371103,
      0.040380291640758514,
      0.0012143665226176381,
      0.9998951554298401,
      -0.014430632814764977,
      -0.04036695510149002,
      0.014467897824943066,
      0.9990801811218262
    ],
    [
      0.9972508549690247,
      -0.07110556215047836,
      0.020850572735071182,
      0.07261869311332703,
      0.9938061237335205,
      -0.0841180756688118,
      -0.014740164391696453,
      0.08540096879005432,
      0.996237576007843
    ],
    [
      0.9877451062202454,
      0.01011299341917038,
      -0.15574796497821808,
      -0.01588582806289196,
      0.9992303252220154,
      -0.03586515411734581,
      0.15526540577411652,
      0.03789981082081795,
      0.9871455430984497
    ],
    [
      0.9888201355934143,
      0.08478374034166336,
      0.12266357243061066,
      -0.06028067320585251,
      0.9796948432922363,
      -0.19121766090393066,
      -0.1363850235939026,
      0.1816856563091278,
      0.973852813243866
    ],
    [
      0.9693185687065125,
      -0.15189343690872192,
      -0.19326096773147583,
      0.16552522778511047,
      0.9845934510231018,
      0.05636635050177574,
      0.1817217916250229,
      -0.08662652224302292,
      0.979526937007904
    ],
    [
      0.9973700046539307,
      0.03499925509095192,
      0.06346652656793594,
      -0.035019028931856155,
      0.9993863105773926,
      -0.0008010394521988928,
      -0.06345561891794205,
      -0.0014236039714887738,
      0.9979835748672485
    ],
    [
      0.9623734951019287,
      -0.22298502922058105,
      0.15528979897499084,
      0.11033886671066284,
      0.8429301381111145,
      0.5265872478485107,
      -0.24831955134868622,
      -0.4896391034126282,
      0.8358175158500671
    ],
    [
      0.9362136721611023,
      0.23161044716835022,
      0.26431143283843994,
      -0.2672624886035919,
      0.9576044082641602,
      0.10753835737705231,
      -0.2281988114118576,
      -0.17131942510604858,
      0.9584231376647949
    ],
    [
      0.9487977623939514,
      0.18901582062244415,
      0.25309252738952637,
      -0.1828448474407196,
      0.9819737076759338,
      -0.047910500317811966,
      -0.2575860321521759,
      -0.0008192851673811674,
      0.9662550091743469
    ],
    [
      0.9492405652999878,
      0.2624092698097229,
      -0.17344625294208527,
      -0.25848743319511414,
      0.9649547934532166,
      0.04523782059550285,
      0.17923861742019653,
      0.001892093918286264,
      0.9838037490844727
    ],
    [
      0.9803951978683472,
      -0.1956130564212799,
      0.023680483922362328,
      0.19686666131019592,
      0.9673699736595154,
      -0.15949542820453644,
      0.008291599340736866,
      0.16103045642375946,
      0.9869145750999451
    ],
    [
      0.8669226765632629,
      -0.19806897640228271,
      0.4573988914489746,
      0.19929519295692444,
      0.978852391242981,
      0.046145204454660416,
      -0.45686593651771545,
      0.05115307867527008,
      0.8880635499954224
    ],
    [
      0.6930256485939026,
      0.621643602848053,
      -0.3650679886341095,
      -0.6897933483123779,
      0.7189781069755554,
      -0.08517949283123016,
      0.20952463150024414,
      0.3108530640602112,
      0.9270758628845215
    ],
    [
      0.6664994955062866,
      -0.741240918636322,
      0.07962635159492493,
      0.7205035090446472,
      0.6130332946777344,
      -0.3241370916366577,
      0.1914500594139099,
      0.27340826392173767,
      0.9426530599594116
    ],
    [
      0.9084643721580505,
      0.03901716321706772,
      -0.416137158870697,
      -0.1721993237733841,
      0.9421460032463074,
      -0.2875904440879822,
      0.3808410167694092,
      0.3329242169857025,
      0.8626248240470886
    ],
    [
      -0.0931481346487999,
      0.3014358580112457,
      0.9489256739616394,
      0.2460394650697708,
      0.9304801225662231,
      -0.271424800157547,
      -0.9647735953330994,
      0.2081904262304306,
      -0.16083760559558868
    ],
    [
      0.9930627942085266,
      -0.07284524291753769,
      0.09230321645736694,
      0.11332791298627853,
      0.802255392074585,
      -0.5861254930496216,
      -0.03135431930422783,
      0.5925199389457703,
      0.8049454092979431
    ],
    [
      0.9572128653526306,
      0.18986772000789642,
      0.2183893322944641,
      -0.15385572612285614,
      0.9730729460716248,
      -0.17163164913654327,
      -0.24509607255458832,
      0.13068756461143494,
      0.9606502056121826
    ],
    [
      0.9466823935508728,
      0.27066755294799805,
      -0.17473278939723969,
      -0.20286227762699127,
      0.9221529364585876,
      0.3293642997741699,
      0.2502785921096802,
      -0.27635669708251953,
      0.9278941750526428
    ],
    [
      0.7192226648330688,
      -0.6371451616287231,
      0.2770645320415497,
      0.3321699798107147,
      0.6655842661857605,
      0.668326735496521,
      -0.6102309823036194,
      -0.38864320516586304,
      0.6903437972068787
    ]
  ],
  "root_rot": [
    0.5404441356658936,
    -0.043835874646902084,
    0.8402372598648071,
    -0.07495611160993576,
    -0.9971795678138733,
    -0.0038116066716611385,
    0.8380345106124878,
    -0.060920946300029755,
    -0.5422056317329407
  ],
  "root_trans": [
    -0.40076982975006104,
    0.5440806150436401,
    2.2357661724090576
  ]
}