{
  "betas": [
    -0.7790054678916931,
    0.7255356311798096,
    1.4624260663986206,
    0.48657751083374023,
    0.37848860025405884,
    0.027112271636724472,
    -0.24115335941314697,
    0.28994786739349365,
    0.169329434633255,
    0.8299000859260559
  ],
  "joints": [
    [
      0.9849885702133179,
      -0.17254041135311127,
      -0.005238703917711973,
      0.1696801781654358,
      0.9621909856796265,
      0.2130659967660904,
      -0.03172186017036438,
      -0.21075645089149475,
      0.9770238399505615
    ],
    [
      0.9833999872207642,
      0.07821725308895111,
      -0.1637270599603653,
      -0.08597388118505478,
      0.9954605102539062,
      -0.04082724452018738,
      0.15979044139385223,
      0.05422576144337654,
      0.9856604933738708
    ],
    [
      0.9946178793907166,
      0.004377242177724838,
      0.10351867228746414,
      0.0019841536413878202,
      0.9981193542480469,
      -0.06126900389790535,
      -0.1035921722650528,
      0.061144642531871796,
      0.992738664150238
    ],
    [
      0.9991025924682617,
      -0.003706952091306448,
      0.042192958295345306,
      0.004114504903554916,
      0.9999457001686096,
      -0.009576155804097652,
      -0.04215516522526741,
      0.009741164743900299,
      0.9990636110305786
    ],
    [
      0.9973595142364502,
      -0.06643639504909515,
      0.02932778373360634,
      0.06847403198480606,
      0.9948274493217468,
      -0.07503056526184082,
      -0.024191325530409813,
      0.07684064656496048,
      0.9967498183250427
    ],
    [
      0.9875268936157227,
      0.014310277067124844,
      -0.1567985713481903,
      -0.019981661811470985,
      0.999199628829956,
      -0.03465349227190018,
      0.15617717802524567,
      0.03735435754060745,
      0.9870224595069885
    ],
    [
      0.9862663149833679,
      0.07670924812555313,
      0.14626844227313995,
      -0.05061854422092438,
      0.9833715558052063,
      -0.17440764605998993,
      -0.1572149246931076,
      0.16460849344730377,
      0.9737491607666016
    ],
    [
      0.9724334478378296,
      -0.14581483602523804,
      -0.18196479976177216,
      0.1614599972963333,
      0.9840802550315857,
      0.07427603751420975,
      0.1682373732328415,
      -0.10160853713750839,
      0.980495810508728
    ],
    [
      0.9974580407142639,
      0.0366227850317955,
      0.06112419068813324,
      -0.03657837212085724,
      0.9993290901184082,
      -0.0018457187106832862,
      -0.06115077808499336,
      -0.00039479666156694293,
      0.9981284141540527
    ],
    [
      0.9646968841552734,
      -0.21617722511291504,
      0.15042360126972198,
      0.10550809651613235,
      0.840560257434845,
      0.531343936920166,
      -0.24130459129810333,
      -0.4967149496078491,
      0.8336942791938782
    ],
    [
      0.9415702819824219,
      0.2206752598285675,
      0.2544559836387634,
      -0.25671449303627014,
      0.959254264831543,
      0.11802060157060623,
      -0.21804377436637878,
      -0.17644722759723663,
      0.959855854511261
    ],
    [
      0.9475796222686768,
      0.18637141585350037,
      0.2595352828502655,
      -0.17911134660243988,
      0.9824764728546143,
      -0.05156630277633667,
      -0.2645978033542633,
      0.002377463271841407,
      0.9643559455871582
    ],
    [
      0.9519620537757874,
      0.26183146238327026,
      -0.15878458321094513,
      -0.2583417296409607,
      0.9651135206222534,
      0.04260832816362381,
      0.1644013375043869,
      0.00045917165698483586,
      0.9863934516906738
    ],
    [
      0.9818364381790161,
      -0.18876898288726807,
      0.01906970888376236,
      0.18940280377864838,
      0.9692832827568054,
      -0.15689699351787567,
      0.011133328080177307,
      0.15765900909900665,
      0.987430989742279
    ],
    [
      0.8633847832679749,
      -0.20098675787448883,
      0.46278607845306396,
      0.19811415672302246,
      0.9786120057106018,
      0.0554020069539547,
      -0.46402305364608765,
      0.043851226568222046,
      0.8847370147705078
    ],
    [
      0.6929165720939636,
      0.6316255331039429,
      -0.34772947430610657,
      -0.6974650025367737,
      0.7094392776489258,
      -0.10118535906076431,
      0.1827816665172577,
      0.3126421570777893,
      0.9321189522743225
    ],
    [
      0.6625362038612366,
      -0.7428341507911682,
      0.09614185988903046,
      0.7265235185623169,
      0.6060851812362671,
      -0.32376590371131897,
      0.18223418295383453,
      0.2843559682369232,
      0.9412398934364319
    ],
    [
      0.9123636484146118,
      0.03812860697507858,
      -0.4076012670993805,
      -0.16772063076496124,
      0.9430717825889587,
      -0.2872026860713959,
      0.37344661355018616,
      0.330396443605423,
      0.8668193817138672
    ],
    [
      -0.08455231785774231,
      0.30218303203582764,
      0.9494926333427429,
      0.25352463126182556,
      0.9280688166618347,
      -0.2727883756160736,
      -0.9636265635490417,
      0.21765485405921936,
      -0.15508121252059937
    ],
    [
      0.9915401339530945,
      -0.08004561066627502,
      0.10218074917793274,
      0.12477969378232956,
      0.804642379283905,
      -0.5805004835128784,
      -0.03575242683291435,
      0.5883395671844482,
      0.8078233003616333
    ],
    [
      0.9532880187034607,
      0.20598985254764557,
      0.22093021869659424,
      -0.16741132736206055,
      0.9690927267074585,
      -0.18119794130325317,
      -0.2514268159866333,
      0.13574761152267456,
      0.958309531211853
    ],
    [
      0.9401319026947021,
      0.28629016876220703,
      -0.18490497767925262,
      -0.2115892469882965,
      0.9156211018562317,
      0.34185948967933655,
      0.2671739459037781,
      -0.282269150018692,
      0.9213805198669434
    ],
    [
      0.7193048000335693,
      -0.6362586617469788,
      0.27888259291648865,
      0.32864028215408325,
      0.6653428077697754,
      0.6703092455863953,
      -0.6120426058769226,
      -0.3905046582221985,
      0.6876845359802246
    ]
  ],
  "root_rot": [
    0.5589500665664673,
    -0.04444679245352745,
    0.8280092477798462,
    -0.0723138079047203,
    -0.997370719909668,
    -0.004722319543361664,
    0.826042115688324,
    -0.057236962020397186,
    -0.5606945753097534
  ],
  "root_trans": [
    -0.3960838317871094,
    0.5471825003623962,
    2.233875274658203
  ]
}