{
  "betas": [
    -0.7425994277000427,
    0.6658543348312378,
    1.4657589197158813,
    0.4895538091659546,
    0.3937041163444519,
    0.007393363863229752,
    -0.23407524824142456,
    0.2786049544811249,
    0.15850523114204407,
    0.8326208591461182
  ],
  "joints": [
    [
      0.9846808910369873,
      -0.17433291673660278,
      0.003416805760934949,
      0.16995422542095184,
      0.9639604091644287,
      0.20468485355377197,
      -0.03897697106003761,
      -0.20096853375434875,
      0.9788219928741455
    ],
    [
      0.9832881689071655,
      0.08557009696960449,
      -0.1606924682855606,
      -0.09299355745315552,
      0.994892954826355,
      -0.03924502804875374,
      0.15651361644268036,
      0.053532540798187256,
      0.9862239360809326
    ],
    [
      0.9951285123825073,
      7.71699778852053e-05,
      0.098586805164814,
      0.005702181253582239,
      0.9982805252075195,
      -0.058338895440101624,
      -0.09842179715633392,
      0.05861685052514076,
      0.993416965007782
    ],
    [
      0.9989792108535767,
      -0.00022795499535277486,
      0.045171789824962616,
      0.0009241328225471079,
      0.9998810887336731,
      -0.015392002649605274,
      -0.04516291245818138,
      0.0154180359095335,
      0.9988606572151184
    ],
    [
      0.9973429441452026,
      -0.0633045881986618,
      0.03604986146092415,
      0.06594683229923248,
      0.9948044419288635,
      -0.07755677402019501,
      -0.03095286525785923,
      0.07972807437181473,
      0.9963359236717224
    ],
    [
      0.9874591827392578,
      0.012993703596293926,
      -0.15733908116817474,
      -0.018375158309936523,
      0.9992930889129639,
      -0.03279669210314751,
      0.1568017154932022,
      0.03527652472257614,
      0.9869998693466187
    ],
    [
      0.9860612154006958,
      0.06680238246917725,
      0.152383491396904,
      -0.041024185717105865,
      0.9851993918418884,
      -0.1664307862520218,
      -0.16124609112739563,
      0.15785953402519226,
      0.9742074012756348
    ],
    [
      0.9735234975814819,
      -0.14677846431732178,
      -0.17523732781410217,
      0.16318614780902863,
      0.9830856919288635,
      0.08314302563667297,
      0.16006970405578613,
      -0.1095379963517189,
      0.9810092449188232
    ],
    [
      0.9977703094482422,
      0.034468699246644974,
      0.057151686400175095,
      -0.034100886434316635,
      0.9993910193443298,
      -0.007398761808872223,
      -0.05737190693616867,
      0.005433341488242149,
      0.9983381032943726
    ],
    [
      0.9678360819816589,
      -0.19937746226787567,
      0.1534339189529419,
      0.08931288868188858,
      0.8424437642097473,
      0.5313301682472229,
      -0.23519469797611237,
      -0.5005368590354919,
      0.8331544399261475
    ],
    [
      0.9454663991928101,
      0.21482625603675842,
      0.24483242630958557,
      -0.2503494322299957,
      0.9601427912712097,
      0.12430167943239212,
      -0.20837083458900452,
      -0.17881672084331512,
      0.9615643620491028
    ],
    [
      0.9452210068702698,
      0.1918429583311081,
      0.26410919427871704,
      -0.18145950138568878,
      0.9813522100448608,
      -0.06340619176626205,
      -0.27134814858436584,
      0.01200773287564516,
      0.9624064564704895
    ],
    [
      0.9540753364562988,
      0.2599681317806244,
      -0.1488521248102188,
      -0.2564884126186371,
      0.9656144380569458,
      0.042456407099962234,
      0.15477105975151062,
      -0.00232776440680027,
      0.9879477620124817
    ],
    [
      0.9829346537590027,
      -0.18371976912021637,
      0.009305346757173538,
      0.1829218715429306,
      0.9708072543144226,
      -0.15515434741973877,
      0.019471218809485435,
      0.1542087197303772,
      0.9878464341163635
    ],
    [
      0.8592896461486816,
      -0.20800696313381195,
      0.46728405356407166,
      0.19848625361919403,
      0.9775887727737427,
      0.07016738504171371,
      -0.4714069068431854,
      0.032455332577228546,
      0.8813184499740601
    ],
    [
      0.6812541484832764,
      0.6480005979537964,
      -0.3405701220035553,
      -0.7109031081199646,
      0.6966276168823242,
      -0.09657517820596695,
      0.1746697723865509,
      0.30790460109710693,
      0.9352461099624634
    ],
    [
      0.6548246741294861,
      -0.748120903968811,
      0.10732998698949814,
      0.7351484298706055,
      0.597537100315094,
      -0.3201659023761749,
      0.17538917064666748,
      0.2885560393333435,
      0.9412619471549988
    ],
    [
      0.9277414083480835,
      0.041018858551979065,
      -0.37096256017684937,
      -0.15304213762283325,
      0.9483460783958435,
      -0.27788102626800537,
      0.3404025137424469,
      0.3145746886730194,
      0.8860975503921509
    ],
    [
      -0.08785339444875717,
      0.3048618733882904,
      0.9483359456062317,
      0.2471824288368225,
      0.9289132952690125,
      -0.27571919560432434,
      -0.964978039264679,
      0.2101891189813614,
      -0.15696468949317932
    ],
    [
      0.9906070828437805,
      -0.07582409679889679,
      0.11379040777683258,
      0.12809577584266663,
      0.8057559728622437,
      -0.5782290697097778,
      -0.047843627631664276,
      0.5873739123344421,
      0.8079003095626831
    ],
    [
      0.9564053416252136,
      0.19884955883026123,
      0.21388690173625946,
      -0.16135236620903015,
      0.9702433943748474,
      -0.18053551018238068,
      -0.2434217780828476,
      0.13815398514270782,
      0.9600307941436768
    ],
    [
      0.9418786764144897,
      0.2839262783527374,
      -0.17958393692970276,
      -0.21003665030002594,
      0.9148656129837036,
      0.34482666850090027,
      0.2622005343437195,
      -0.28706568479537964,
      0.9213273525238037
    ],
    [
      0.7224290370941162,
      -0.6303324103355408,
      0.2842135727405548,
      0.3216160237789154,
      0.6701995730400085,
      0.6688764095306396,
      -0.6120942831039429,
      -0.39180809259414673,
      0.6868966221809387
    ]
  ],
  "root_rot": [
    0.5688971281051636,
    -0.04774220660328865,
    0.8210217952728271,
    -0.07358826696872711,
    -0.9972641468048096,
    -0.007000346668064594,
    0.8191097974777222,
    -0.05643509328365326,
    -0.5708539485931396
  ],
  "root_trans": [
    -0.39374014735221863,
    0.5487569570541382,
    2.2391281127929688
  ]
}