{
  "betas": [
    -0.6315596103668213,
    0.9681843519210815,
    1.0949956178665161,
    0.25949937105178833,
    0.15149074792861938,
    -0.3694780170917511,
    -0.16392970085144043,
    0.4772964119911194,
    0.08790453523397446,
    0.8915826678276062
  ],
  "joints": [
    [
      0.8533783555030823,
      -0.5209861397743225,
      -0.01785258948802948,
      0.5090997815132141,
      0.8255670070648193,
      0.24342645704746246,
      -0.1120833158493042,
      -0.21682365238666534,
      0.9697549343109131
    ],
    [
      0.9101528525352478,
      0.376980721950531,
      -0.17177696526050568,
      -0.35633859038352966,
      0.9238837361335754,
      0.139505073428154,
      0.21129266917705536,
      -0.06576018035411835,
      0.9752082228660583
    ],
    [
      0.9956942796707153,
      0.03929104283452034,
      0.08395909518003464,
      -0.028373414650559425,
      0.9914349913597107,
      -0.12748196721076965,
      -0.08824887871742249,
      0.12455085664987564,
      0.9882809519767761
    ],
    [
      0.9933956861495972,
      0.056236207485198975,
      -0.1000121533870697,
      -0.0750071257352829,
      0.977898895740509,
      -0.19516074657440186,
      0.08682667464017868,
      0.20137347280979156,
      0.975658655166626
    ],
    [
      0.9988783597946167,
      0.009193280711770058,
      0.04644876718521118,
      0.010357565246522427,
      0.9147899746894836,
      -0.4037969708442688,
      -0.04620308801531792,
      0.40382513403892517,
      0.913668692111969
    ],
    [
      0.9885874390602112,
      0.0031488449312746525,
      -0.15061557292938232,
      -0.011857622303068638,
      0.9983062148094177,
      -0.056958168745040894,
      0.1501810997724533,
      0.05809406563639641,
      0.9869503378868103
    ],
    [
      0.9838867783546448,
      0.17879267036914825,
      -0.00012510853412095457,
      -0.1756884902715683,
      0.9666743874549866,
      -0.18620996177196503,
      -0.033172037452459335,
      0.18323150277137756,
      0.982509970664978
    ],
    [
      0.8748388886451721,
      -0.2583017647266388,
      -0.40980133414268494,
      0.31537964940071106,
      0.9458280205726624,
      0.07710399478673935,
      0.3676854968070984,
      -0.19669656455516815,
      0.9089102745056152
    ],
    [
      0.998616635799408,
      0.04507153108716011,
      0.027081387117505074,
      -0.04495338723063469,
      0.9989767670631409,
      -0.0049558053724467754,
      -0.027277043089270592,
      0.003731549484655261,
      0.9996209144592285
    ],
    [
      0.9555282592773438,
      -0.21639037132263184,
      0.20035205781459808,
      0.1008099839091301,
      0.8781446218490601,
      0.4676530063152313,
      -0.2771337032318115,
      -0.42665818333625793,
      0.8609063029289246
    ],
    [
      0.8351866602897644,
      0.38403114676475525,
      0.393679141998291,
      -0.433363676071167,
      0.900278627872467,
      0.04116170108318329,
      -0.3386135697364807,
      -0.20498394966125488,
      0.9183258414268494
    ],
    [
      0.9563463926315308,
      0.1876087784767151,
      0.22406356036663055,
      -0.17619524896144867,
      0.9818577170372009,
      -0.07007579505443573,
      -0.23314537107944489,
      0.02753780409693718,
      0.9720518589019775
    ],
    [
      0.9509944319725037,
      0.2114751935005188,
      -0.22558310627937317,
      -0.19154934585094452,
      0.9756231904029846,
      0.10709013044834137,
      0.2427310049533844,
      -0.058631833642721176,
      0.9683201313018799
    ],
    [
      0.9621163010597229,
      -0.26467904448509216,
      0.06540123373270035,
      0.2659536302089691,
      0.9639177322387695,
      -0.011460644192993641,
      -0.060008011758327484,
      0.02842016890645027,
      0.9977933168411255
    ],
    [
      0.8953387141227722,
      -0.22561681270599365,
      0.3840125501155853,
      0.23052799701690674,
      0.972476065158844,
      0.03386944159865379,
      -0.38108453154563904,
      0.058201029896736145,
      0.9227064847946167
    ],
    [
      0.8039678931236267,
      0.4520855247974396,
      -0.38633447885513306,
      -0.49829503893852234,
      0.8667091727256775,
      -0.02274344116449356,
      0.3245576322078705,
      0.21079355478286743,
      0.9220783114433289
    ],
    [
      0.7718656063079834,
      -0.6140894293785095,
      0.1646745502948761,
      0.6291322708129883,
      0.7750968337059021,
      -0.0584598146378994,
      -0.09173916280269623,
      0.14872519671916962,
      0.9846140742301941
    ],
    [
      0.15194854140281677,
      -0.16099956631660461,
      -0.9751875996589661,
      0.10448694229125977,
      0.9837319850921631,
      -0.14612962305545807,
      0.9828500151634216,
      -0.07969018816947937,
      0.1662990003824234
    ],
    [
      -0.4102267622947693,
      0.25469970703125,
      0.8756951093673706,
      -0.03170765936374664,
      0.9556455612182617,
      -0.29280734062194824,
      -0.911432147026062,
      -0.14788365364074707,
      -0.3839554488658905
    ],
    [
      0.9537646770477295,
      -0.28206345438957214,
      0.10379388928413391,
      0.2975073754787445,
      0.8369619846343994,
      -0.4593299627304077,
      0.04268864542245865,
      0.4689721167087555,
      0.8821807503700256
    ],
    [
      0.969591498374939,
      0.2275276929140091,
      0.09013023227453232,
      -0.19639429450035095,
      0.9431441426277161,
      -0.2681576907634735,
      -0.1460190713405609,
      0.24230237305164337,
      0.9591496586799622
    ],
    [
      0.9708987474441528,
      0.07832466065883636,
      -0.2263200581073761,
      -0.03409656509757042,
      0.9805885553359985,
      0.19308918714523315,
      0.23705051839351654,
      -0.17975333333015442,
      0.9547228217124939
    ],
    [
      0.9509142637252808,
      -0.15270130336284637,
      0.26915496587753296,
      0.09349772334098816,
      0.9708954095840454,
      0.22050000727176666,
      -0.29499197006225586,
      -0.1845112144947052,
      0.9375154972076416
    ]
  ],
  "root_rot": [
    0.2934931218624115,
    -0.06356078386306763,
    0.953845739364624,
    -0.13415272533893585,
    -0.9906519055366516,
    -0.02473534643650055,
    0.9465013146400452,
    -0.12070135772228241,
    -0.2992763817310333
  ],
  "root_trans": [
    -0.3094787001609802,
    0.5792312026023865,
    2.4615726470947266
  ]
}