{
  "betas": [
    -0.870783269405365,
    1.158478856086731,
    1.3917311429977417,
    -0.19078251719474792,
    -0.0031873881816864014,
    -0.08836803585290909,
    0.30215010046958923,
    0.501956582069397,
    -0.06777253746986389,
    0.6009498834609985
  ],
  "joints": [
    [
      0.9406538605690002,
      -0.303731232881546,
      -0.1513860523700714,
      0.3264640271663666,
      0.9317051768302917,
      0.1592063456773758,
      0.09269123524427414,
      -0.19918014109134674,
      0.9755693674087524
    ],
    [
      0.9128353595733643,
      0.38596630096435547,
      -0.13327255845069885,
      -0.3645130693912506,
      0.9173478484153748,
      0.16000983119010925,
      0.184015691280365,
      -0.09748304635286331,
      0.9780772924423218
    ],
    [
      0.9908527731895447,
      -0.02242434211075306,
      0.13307172060012817,
      0.044816888868808746,
      0.9848097562789917,
      -0.16775335371494293,
      -0.1272885650396347,
      0.17218270897865295,
      0.9768064618110657
    ],
    [
      0.9878178238868713,
      0.03458407148718834,
      -0.1517229825258255,
      -0.09731306880712509,
      0.8981170654296875,
      -0.4288542866706848,
      0.12143345922231674,
      0.43839454650878906,
      0.8905415534973145
    ],
    [
      0.9958176612854004,
      0.05410626158118248,
      0.0736178606748581,
      -0.02407020702958107,
      0.9326834082603455,
      -0.35989198088645935,
      -0.08813457190990448,
      0.3566148281097412,
      0.9300849437713623
    ],
    [
      0.9980514645576477,
      0.060992635786533356,
      -0.013158305548131466,
      -0.059302426874637604,
      0.9928150773048401,
      0.10392972826957703,
      0.01940271444618702,
      -0.10294689983129501,
      0.994497537612915
    ],
    [
      0.9631813764572144,
      0.15251176059246063,
      -0.22140897810459137,
      -0.1384863555431366,
      0.987316370010376,
      0.07763868570327759,
      0.23044155538082123,
      -0.0441180057823658,
      0.9720855355262756
    ],
    [
      0.877433180809021,
      -0.46217721700668335,
      -0.12846523523330688,
      0.4526734948158264,
      0.8863754868507385,
      -0.09708354622125626,
      0.15873824059963226,
      0.027031512930989265,
      0.9869506359100342
    ],
    [
      0.9857627153396606,
      0.08040265738964081,
      0.1476728469133377,
      -0.06801217794418335,
      0.9938729405403137,
      -0.08712603151798248,
      -0.1537732034921646,
      0.07584203779697418,
      0.9851912260055542
    ],
    [
      0.9720783233642578,
      -0.22314338386058807,
      -0.07259995490312576,
      0.20710304379463196,
      0.6703791618347168,
      0.712530791759491,
      -0.11032703518867493,
      -0.7076714038848877,
      0.6978747248649597
    ],
    [
      0.8820805549621582,
      0.4521864950656891,
      0.1321408599615097,
      -0.43428951501846313,
      0.8892103433609009,
      -0.14386610686779022,
      -0.18255534768104553,
      0.06951410323381424,
      0.9807350039482117
    ],
    [
      0.9797028303146362,
      0.1508408635854721,
      0.13202042877674103,
      -0.16620293259620667,
      0.9794455170631409,
      0.1142934188246727,
      -0.11206670850515366,
      -0.1339157670736313,
      0.9846357107162476
    ],
    [
      0.9300927519798279,
      0.008012562990188599,
      -0.36723726987838745,
      0.1177351176738739,
      0.9405133128166199,
      0.31870537996292114,
      0.3479451835155487,
      -0.3396623134613037,
      0.8738212585449219
    ],
    [
      0.7948104739189148,
      -0.06559044867753983,
      0.6033027172088623,
      -0.14704927802085876,
      0.9436990022659302,
      0.2963254153728485,
      -0.5887722373008728,
      -0.32423776388168335,
      0.7404168248176575
    ],
    [
      0.9242176413536072,
      0.03587209805846214,
      0.3801776170730591,
      -0.04933328926563263,
      0.9984511733055115,
      0.02571997046470642,
      -0.37866613268852234,
      -0.042526260018348694,
      0.9245558977127075
    ],
    [
      0.3839479684829712,
      0.7443493604660034,
      -0.5463771820068359,
      -0.7471516728401184,
      0.5981350541114807,
      0.28982552886009216,
      0.5425387620925903,
      0.29694870114326477,
      0.7857946157455444
    ],
    [
      0.4282160699367523,
      -0.6346560120582581,
      0.6433060765266418,
      0.46779659390449524,
      0.7647520899772644,
      0.44308072328567505,
      -0.7731735706329346,
      0.11120209097862244,
      0.6243690848350525
    ],
    [
      -0.32666417956352234,
      -0.39688220620155334,
      -0.8577733635902405,
      0.30743056535720825,
      0.8135892748832703,
      -0.4935169816017151,
      0.8937432765960693,
      -0.42492005228996277,
      -0.14375676214694977
    ],
    [
      0.07831747829914093,
      0.385066956281662,
      0.9195595383644104,
      -0.26167601346969604,
      0.897990882396698,
      -0.35374850034713745,
      -0.9619730114936829,
      -0.21292197704315186,
      0.17109116911888123
    ],
    [
      0.9559557437896729,
      -0.16501924395561218,
      0.2427288442850113,
      0.22540535032749176,
      0.9424300789833069,
      -0.24701812863349915,
      -0.18799221515655518,
      0.29085078835487366,
      0.9381176829338074
    ],
    [
      0.9421008229255676,
      0.1819717288017273,
      -0.28165996074676514,
      -0.3038664758205414,
      0.8184981346130371,
      -0.4875715970993042,
      0.14181388914585114,
      0.5449286699295044,
      0.8264029026031494
    ],
    [
      0.9704427719116211,
      0.0434710718691349,
      -0.2373836785554886,
      -0.026104412972927094,
      0.9967798590660095,
      0.07581918686628342,
      0.23991519212722778,
      -0.06738142669200897,
      0.9684525728225708
    ],
    [
      0.9913255572319031,
      -0.008681967854499817,
      0.13114160299301147,
      0.0006227089907042682,
      0.9981147646903992,
      0.06137125566601753,
      -0.13142721354961395,
      -0.06075724586844444,
      0.9894620776176453
    ]
  ],
  "root_rot": [
    -0.901304304599762,
    -0.052429623901844025,
    -0.43000197410583496,
    0.09145812690258026,
    -0.9933038949966431,
    -0.07058814913034439,
    -0.4234217703342438,
    -0.10294857621192932,
    0.9000641703605652
  ],
  "root_trans": [
    0.17263813316822052,
    0.46816033124923706,
    2.797945261001587
  ]
}