{
  "betas": [
    -0.7520274519920349,
    0.6822960376739502,
    1.6335933208465576,
    0.5063698291778564,
    0.414035439491272,
    0.047737959772348404,
    -0.18818679451942444,
    0.2962925434112549,
    0.09924154728651047,
    0.8641136288642883
  ],
  "joints": [
    [
      0.9836969375610352,
      -0.17932167649269104,
      0.013570761308073997,
      0.17292581498622894,
      0.9639248251914978,
      0.20235006511211395,
      -0.04936694726347923,
      -0.19670438766479492,
      0.9792192578315735
    ],
    [
      0.9793745875358582,
      0.10694938153028488,
      -0.17142707109451294,
      -0.10614491254091263,
      0.9942538142204285,
      0.013878798112273216,
      0.171926349401474,
      0.004603568930178881,
      0.9850990772247314
    ],
    [
      0.9957638382911682,
      -0.00438127014786005,
      0.0918431431055069,
      0.010672499425709248,
      0.9976199865341187,
      -0.06812102347612381,
      -0.09132609516382217,
      0.06881265342235565,
      0.9934406876564026
    ],
    [
      0.9986315369606018,
      0.014979837462306023,
      0.0501059889793396,
      -0.012257062830030918,
      0.9984541535377502,
      -0.05421314388513565,
      -0.05084063857793808,
      0.05352480709552765,
      0.9972714185714722
    ],
    [
      0.9978992342948914,
      -0.06090748310089111,
      0.022078752517700195,
      0.06330034881830215,
      0.9892104268074036,
      -0.1321205049753189,
      -0.013793406076729298,
      0.13324053585529327,
      0.9909877777099609
    ],
    [
      0.9885618686676025,
      0.02062235400080681,
      -0.14939968287944794,
      -0.025137370452284813,
      0.999280571937561,
      -0.028395745903253555,
      0.14870664477348328,
      0.03182646259665489,
      0.9883690476417542
    ],
    [
      0.9833046793937683,
      0.05275651812553406,
      0.17415127158164978,
      -0.029072493314743042,
      0.9903032779693604,
      -0.13584646582603455,
      -0.1796293407678604,
      0.12851545214653015,
      0.975303590297699
    ],
    [
      0.9708176255226135,
      -0.1512807160615921,
      -0.18608435988426208,
      0.1770954579114914,
      0.9754480719566345,
      0.13091324269771576,
      0.1617109775543213,
      -0.16004757583141327,
      0.9737733006477356
    ],
    [
      0.9973703026771545,
      0.0376049242913723,
      0.061954788863658905,
      -0.03672267869114876,
      0.9992080926895142,
      -0.01531831081956625,
      -0.06248176842927933,
      0.013002881780266762,
      0.9979614019393921
    ],
    [
      0.972787618637085,
      -0.19061942398548126,
      0.13171322643756866,
      0.08549701422452927,
      0.8236690759658813,
      0.5605884790420532,
      -0.21534718573093414,
      -0.5340725183486938,
      0.8175524473190308
    ],
    [
      0.9395557045936584,
      0.22587177157402039,
      0.25732702016830444,
      -0.26410987973213196,
      0.9563779234886169,
      0.12484938651323318,
      -0.21790188550949097,
      -0.18526551127433777,
      0.9582253098487854
    ],
    [
      0.9375206232070923,
      0.20449650287628174,
      0.28148916363716125,
      -0.19500194489955902,
      0.978863000869751,
      -0.0616566427052021,
      -0.28814786672592163,
      0.0029134396463632584,
      0.9575814604759216
    ],
    [
      0.9654609560966492,
      0.2190530151128769,
      -0.1410706490278244,
      -0.21607035398483276,
      0.9757022261619568,
      0.03631521761417389,
      0.1455978900194168,
      -0.004579741042107344,
      0.9893332719802856
    ],
    [
      0.987336277961731,
      -0.1562986671924591,
      0.027161456644535065,
      0.15860587358474731,
      0.9761516451835632,
      -0.14822979271411896,
      -0.0033455819357186556,
      0.15066063404083252,
      0.9885798096656799
    ],
    [
      0.8495966792106628,
      -0.22367483377456665,
      0.4776557385921478,
      0.2024509310722351,
      0.9745496511459351,
      0.09626304358243942,
      -0.48703086376190186,
      0.014917083084583282,
      0.8732573390007019
    ],
    [
      0.6693806648254395,
      0.6739775538444519,
      -0.31254398822784424,
      -0.7301498055458069,
      0.6744909882545471,
      -0.10928484052419662,
      0.1371525675058365,
      0.30135706067085266,
      0.943595826625824
    ],
    [
      0.6627168655395508,
      -0.7397974133491516,
      0.11621584743261337,
      0.7327901721000671,
      0.6086438894271851,
      -0.30425509810447693,
      0.154353067278862,
      0.28679683804512024,
      0.9454748630523682
    ],
    [
      0.9166229367256165,
      0.03285107761621475,
      -0.39840102195739746,
      -0.1667400747537613,
      0.9372023344039917,
      -0.3063487410545349,
      0.36331847310066223,
      0.34723564982414246,
      0.8645387291908264
    ],
    [
      -0.11712629348039627,
      0.2985689342021942,
      0.9471737146377563,
      0.26135116815567017,
      0.929387092590332,
      -0.260643869638443,
      -0.9581111669540405,
      0.21701669692993164,
      -0.1868870109319687
    ],
    [
      0.9907363057136536,
      -0.05552543327212334,
      0.12392912060022354,
      0.11545484513044357,
      0.8248634934425354,
      -0.5534169673919678,
      -0.07149593532085419,
      0.5625985860824585,
      0.8236328959465027
    ],
    [
      0.9581848382949829,
      0.1687530130147934,
      0.23109368979930878,
      -0.13327506184577942,
      0.977839469909668,
      -0.16145502030849457,
      -0.25321856141090393,
      0.12390471994876862,
      0.9594415426254272
    ],
    [
      0.9338566660881042,
      0.2925117611885071,
      -0.2057875096797943,
      -0.21014004945755005,
      0.9143638014793396,
      0.3460922837257385,
      0.28940072655677795,
      -0.2799564301967621,
      0.9153531789779663
    ],
    [
      0.7597824335098267,
      -0.5596341490745544,
      0.3309687077999115,
      0.2892199158668518,
      0.746816098690033,
      0.5988467931747437,
      -0.5823078751564026,
      -0.35927048325538635,
      0.729275107383728
    ]
  ],
  "root_rot": [
    0.603196382522583,
    -0.05951235815882683,
    0.7953692674636841,
    -0.08078815042972565,
    -0.9966424703598022,
    -0.013303783722221851,
    0.7934905886650085,
    -0.05623162165284157,
    -0.6059790253639221
  ],
  "root_trans": [
    -0.39182108640670776,
    0.5521727204322815,
    2.2339000701904297
  ]
}