{
  "betas": [
    -0.8825053572654724,
    1.4449362754821777,
    1.3748146295547485,
    -0.06925323605537415,
    -0.2893350124359131,
    0.0022540800273418427,
    0.2919776141643524,
    0.921306312084198,
    0.08163377642631531,
    1.1353895664215088
  ],
  "joints": [
    [
      0.9561689496040344,
      -0.292223185300827,
      -0.018616175279021263,
      0.27630916237831116,
      0.8793989419937134,
      0.3876993954181671,
      -0.09692370891571045,
      -0.3758499324321747,
      0.9215978980064392
    ],
    [
      0.9676742553710938,
      0.13741613924503326,
      -0.21147863566875458,
      -0.15142224729061127,
      0.9871293902397156,
      -0.051446717232465744,
      0.20168718695640564,
      0.0818062424659729,
      0.9760275483131409
    ],
    [
      0.9924558401107788,
      -0.029823841527104378,
      0.11891986429691315,
      0.04366356506943703,
      0.9923440217971802,
      -0.1155286356806755,
      -0.11456390470266342,
      0.1198495402932167,
      0.9861598610877991
    ],
    [
      0.993199348449707,
      0.024035494774580002,
      0.11391836404800415,
      0.008816562592983246,
      0.9601219892501831,
      -0.2794421911239624,
      -0.11609206348657608,
      0.27854615449905396,
      0.9533806443214417
    ],
    [
      0.9984848499298096,
      -0.03208357095718384,
      0.044706668704748154,
      0.03832971304655075,
      0.9884361028671265,
      -0.1467137336730957,
      -0.03948258236050606,
      0.14820502698421478,
      0.9881682395935059
    ],
    [
      0.9952380061149597,
      -0.0054269349202513695,
      -0.0973234698176384,
      0.01156224962323904,
      0.9979724884033203,
      0.06258782744407654,
      0.0967864841222763,
      -0.0634150579571724,
      0.9932829141616821
    ],
    [
      0.9486082196235657,
      0.27225327491760254,
      0.16130928695201874,
      -0.23217134177684784,
      0.9451299905776978,
      -0.2298385053873062,
      -0.21503251791000366,
      0.18057528138160706,
      0.9597674608230591
    ],
    [
      0.9282774925231934,
      -0.26271310448646545,
      -0.2632163166999817,
      0.2992946207523346,
      0.947860836982727,
      0.10946499556303024,
      0.22073455154895782,
      -0.18039309978485107,
      0.9585065245628357
    ],
    [
      0.9983767867088318,
      -0.0047715636901557446,
      0.056753747165203094,
      0.009233677759766579,
      0.9968616962432861,
      -0.07862218469381332,
      -0.05620048940181732,
      0.07901860773563385,
      0.9952876567840576
    ],
    [
      0.9139325022697449,
      -0.4058321714401245,
      -0.005253531504422426,
      0.3486591577529907,
      0.7784216403961182,
      0.5220119953155518,
      -0.2077597975730896,
      -0.47891542315483093,
      0.8529219627380371
    ],
    [
      0.874548077583313,
      0.36876797676086426,
      0.3149219751358032,
      -0.2788817584514618,
      0.9137313365936279,
      -0.29549962282180786,
      -0.3967248797416687,
      0.17060263454914093,
      0.901944637298584
    ],
    [
      0.9964724183082581,
      0.04759279638528824,
      -0.06912049651145935,
      -0.05323462188243866,
      0.9951916337013245,
      -0.08221692591905594,
      0.06487520784139633,
      0.08560650795698166,
      0.9942145943641663
    ],
    [
      0.9577049016952515,
      -0.1287052035331726,
      -0.2573642432689667,
      0.17344467341899872,
      0.9718571305274963,
      0.1594073623418808,
      0.22960470616817474,
      -0.1973036676645279,
      0.9530755877494812
    ],
    [
      0.9138171076774597,
      -0.03429441899061203,
      0.40467551350593567,
      -0.04834754392504692,
      0.9801563024520874,
      0.19223971664905548,
      -0.4032380282878876,
      -0.19523699581623077,
      0.8940255641937256
    ],
    [
      0.9916517734527588,
      0.01436421275138855,
      0.1281420886516571,
      -0.010500327683985233,
      0.9994710683822632,
      -0.03077789768576622,
      -0.12851642072200775,
      0.029175423085689545,
      0.9912781119346619
    ],
    [
      0.8345751762390137,
      0.36841821670532227,
      -0.40957576036453247,
      -0.44201892614364624,
      0.8915572166442871,
      -0.09871706366539001,
      0.3287910521030426,
      0.2634270489215851,
      0.9069193601608276
    ],
    [
      0.6278044581413269,
      -0.5984715223312378,
      0.49768802523612976,
      0.4488348066806793,
      0.8007325530052185,
      0.39670467376708984,
      -0.6359314918518066,
      -0.025673244148492813,
      0.7713183164596558
    ],
    [
      0.07406418025493622,
      -0.18590684235095978,
      -0.9797719120979309,
      -0.36606600880622864,
      0.9088175296783447,
      -0.20011572539806366,
      0.9276368618011475,
      0.3734826147556305,
      -0.0007433515274897218
    ],
    [
      -0.7634760141372681,
      0.00915101170539856,
      0.6457714438438416,
      -0.43588992953300476,
      0.7305125594139099,
      -0.5256913900375366,
      -0.4765547811985016,
      -0.682837963104248,
      -0.5537399649620056
    ],
    [
      0.9855294227600098,
      0.15039478242397308,
      0.07818667590618134,
      -0.10884778946638107,
      0.9151091575622559,
      -0.3882364332675934,
      -0.1299380511045456,
      0.3741079866886139,
      0.9182371497154236
    ],
    [
      0.8855919241905212,
      0.44475704431533813,
      -0.1338587999343872,
      -0.4583384394645691,
      0.8834847807884216,
      -0.09685328602790833,
      0.07518603652715683,
      0.14712509512901306,
      0.9862562417984009
    ],
    [
      0.8086512684822083,
      0.41798868775367737,
      -0.4139667749404907,
      -0.23084509372711182,
      0.8726991415023804,
      0.4302401840686798,
      0.5411040186882019,
      -0.2523520886898041,
      0.8021999001502991
    ],
    [
      0.9172577261924744,
      -0.34170660376548767,
      0.2046334594488144,
      0.20718206465244293,
      0.8481392860412598,
      0.4875811040401459,
      -0.3401673436164856,
      -0.4048411548137665,
      0.848757803440094
    ]
  ],
  "root_rot": [
    -0.0665706992149353,
    0.03332759439945221,
    -0.9972249269485474,
    0.14319021999835968,
    -0.988777756690979,
    -0.04260408505797386,
    -0.9874536991119385,
    -0.14562904834747314,
    0.06105143949389458
  ],
  "root_trans": [
    0.5035953521728516,
    0.4681888520717621,
    2.6761207580566406
  ]
}