{
  "betas": [
    -0.4619872570037842,
    1.075579047203064,
    1.0527987480163574,
    0.1509999930858612,
    0.150543212890625,
    -0.09924102574586868,
    -0.09714412689208984,
    0.5966726541519165,
    0.10676413029432297,
    0.5151759386062622
  ],
  "joints": [
    [
      0.9079901576042175,
      -0.40755587816238403,
      -0.09722200036048889,
      0.40125772356987,
      0.7790336608886719,
      0.4817662835121155,
      -0.12060746550559998,
      -0.4764500856399536,
      0.8708898425102234
    ],
    [
      0.872099757194519,
      0.43168413639068604,
      -0.230414479970932,
      -0.4300374388694763,
      0.9008132219314575,
      0.06002773344516754,
      0.23347343504428864,
      0.04673667624592781,
      0.9712393283843994
    ],
    [
      0.9857198596000671,
      0.015424408949911594,
      0.16768571734428406,
      0.018746856600046158,
      0.9795543551445007,
      -0.20030444860458374,
      -0.16734685003757477,
      0.20058764517307281,
      0.9652770161628723
    ],
    [
      0.9879231452941895,
      0.1547045260667801,
      0.00862391572445631,
      -0.1315048784017563,
      0.8666059374809265,
      -0.4813527762889862,
      -0.08194098621606827,
      0.474405437707901,
      0.8764844536781311
    ],
    [
      0.9990859627723694,
      0.012475893832743168,
      0.04088544100522995,
      0.004486293066293001,
      0.9205769300460815,
      -0.3905354142189026,
      -0.04251047596335411,
      0.39036184549331665,
      0.9196795225143433
    ],
    [
      0.9931840300559998,
      -0.04635288938879967,
      -0.10694336146116257,
      0.0440620519220829,
      0.9987479448318481,
      -0.023686643689870834,
      0.10790741443634033,
      0.018813053146004677,
      0.9939829111099243
    ],
    [
      0.9943901896476746,
      0.09569186717271805,
      -0.04507015645503998,
      -0.09715983271598816,
      0.9947674870491028,
      -0.031585972756147385,
      0.041811805218458176,
      0.03578778728842735,
      0.9984844326972961
    ],
    [
      0.8130823969841003,
      -0.27538537979125977,
      -0.5128936767578125,
      0.34988728165626526,
      0.935321033000946,
      0.05247374624013901,
      0.46526971459388733,
      -0.22212044894695282,
      0.8568469285964966
    ],
    [
      0.997403621673584,
      -0.021692441776394844,
      0.06866893172264099,
      0.02268775925040245,
      0.9996480345726013,
      -0.013747691176831722,
      -0.0683465525507927,
      0.01526994165033102,
      0.9975447058677673
    ],
    [
      0.9423899054527283,
      -0.1475607454776764,
      0.3002118170261383,
      0.0076638562604784966,
      0.9067382216453552,
      0.4216243624687195,
      -0.33442869782447815,
      -0.39503374695777893,
      0.8556318283081055
    ],
    [
      0.8187527656555176,
      0.4019292891025543,
      0.40999600291252136,
      -0.3907037377357483,
      0.9132925271987915,
      -0.11509689688682556,
      -0.4207071363925934,
      -0.06595107167959213,
      0.9047960638999939
    ],
    [
      0.9942797422409058,
      0.10617466270923615,
      0.0116020692512393,
      -0.1059013307094574,
      0.9941316843032837,
      -0.022068696096539497,
      -0.013877122662961483,
      0.02071378566324711,
      0.9996890425682068
    ],
    [
      0.9164533615112305,
      0.1703363060951233,
      -0.36207544803619385,
      -0.09137850999832153,
      0.970049262046814,
      0.22506487369537354,
      0.3895678222179413,
      -0.17317557334899902,
      0.9045699834823608
    ],
    [
      0.8223670125007629,
      -0.41599351167678833,
      0.38815194368362427,
      0.41648751497268677,
      0.904927134513855,
      0.08743541687726974,
      -0.38762181997299194,
      0.08975645154714584,
      0.9174383282661438
    ],
    [
      0.9632697105407715,
      -0.16592903435230255,
      0.21113766729831696,
      0.16560953855514526,
      0.9860021471977234,
      0.019322536885738373,
      -0.21138833463191986,
      0.01635359600186348,
      0.9772654175758362
    ],
    [
      0.6874714493751526,
      0.4568750262260437,
      -0.5644893646240234,
      -0.5273850560188293,
      0.8484640121459961,
      0.0444292277097702,
      0.4992474317550659,
      0.2671594023704529,
      0.8242438435554504
    ],
    [
      0.5971069931983948,
      -0.565624475479126,
      0.5687989592552185,
      0.6557077765464783,
      0.7526206374168396,
      0.06007907912135124,
      -0.4620720148086548,
      0.3370922803878784,
      0.8202794194221497
    ],
    [
      -0.48041683435440063,
      -0.29412001371383667,
      -0.8262525200843811,
      0.12833143770694733,
      0.9083777070045471,
      -0.39797118306159973,
      0.8676006197929382,
      -0.2972261905670166,
      -0.39865508675575256
    ],
    [
      0.7278335690498352,
      0.09014236927032471,
      0.6798034906387329,
      0.14277611672878265,
      0.9496789574623108,
      -0.27879175543785095,
      -0.6707260012626648,
      0.2999736964702606,
      0.6783380508422852
    ],
    [
      0.7708368897438049,
      -0.5468225479125977,
      0.32679566740989685,
      0.6366291642189026,
      0.6795120239257812,
      -0.3646460473537445,
      -0.022664858028292656,
      0.48913031816482544,
      0.8719161152839661
    ],
    [
      0.9330636262893677,
      0.2669326066970825,
      -0.2411208301782608,
      -0.35453200340270996,
      0.7957740426063538,
      -0.4909692108631134,
      0.0608220174908638,
      0.5435905456542969,
      0.8371439576148987
    ],
    [
      0.87321537733078,
      0.1956208199262619,
      -0.4463488757610321,
      -0.08640319854021072,
      0.9635341167449951,
      0.25325196981430054,
      0.479613721370697,
      -0.18257756531238556,
      0.8582750558853149
    ],
    [
      0.9378517270088196,
      -0.2208445817232132,
      0.26769736409187317,
      0.09202215820550919,
      0.9020254015922546,
      0.42176079750061035,
      -0.3346133530139923,
      -0.3709149956703186,
      0.8662886619567871
    ]
  ],
  "root_rot": [
    0.04151444882154465,
    -0.02796054258942604,
    0.9987465143203735,
    -0.13997533917427063,
    -0.9899128675460815,
    -0.021894942969083786,
    0.9892842769622803,
    -0.13889095187187195,
    -0.04500947520136833
  ],
  "root_trans": [
    -0.27607133984565735,
    0.5818178653717041,
    2.5500500202178955
  ]
}