{
  "betas": [
    -0.5906291604042053,
    1.1591486930847168,
    0.6428097486495972,
    -0.8425742387771606,
    0.06935173273086548,
    0.15411677956581116,
    0.28569430112838745,
    0.5712760090827942,
    -0.5243346691131592,
    0.4927294850349426
  ],
  "joints": [
    [
      0.7353408336639404,
      -0.6414514183998108,
      0.2186640352010727,
      0.6570839285850525,
      0.7538157105445862,
      0.0016258832765743136,
      -0.16587530076503754,
      0.14248503744602203,
      0.9757989048957825
    ],
    [
      0.343607097864151,
      0.7461591362953186,
      0.570246160030365,
      -0.5809095501899719,
      -0.30823254585266113,
      0.7533503770828247,
      0.7378876805305481,
      -0.5901179909706116,
      0.3275400698184967
    ],
    [
      0.9799594879150391,
      -0.19919291138648987,
      -0.0012051536468788981,
      0.17527340352535248,
      0.8651272058486938,
      -0.4699298143386841,
      0.0946492999792099,
      0.4603010416030884,
      0.8827028274536133
    ],
    [
      0.99358731508255,
      -0.005210275761783123,
      -0.11294694989919662,
      -0.058615874499082565,
      0.8304833769798279,
      -0.5539507865905762,
      0.09668681770563126,
      0.5570189952850342,
      0.8248523473739624
    ],
    [
      0.99826580286026,
      -0.054928865283727646,
      0.02117307297885418,
      0.05865693464875221,
      0.9585698246955872,
      -0.2787529230117798,
      -0.004984288476407528,
      0.2795114517211914,
      0.96012943983078
    ],
    [
      0.9718833565711975,
      -0.21504034101963043,
      -0.09591854363679886,
      0.21201303601264954,
      0.9764134883880615,
      -0.04082995280623436,
      0.10243625193834305,
      0.019345970824360847,
      0.9945513606071472
    ],
    [
      0.9405059814453125,
      0.01936647854745388,
      0.33922460675239563,
      -0.11178117990493774,
      0.9604361057281494,
      0.2550833821296692,
      -0.3208634555339813,
      -0.2778263986110687,
      0.9054607152938843
    ],
    [
      0.8113448023796082,
      -0.5287066102027893,
      -0.2493770271539688,
      0.2422052025794983,
      0.692302405834198,
      -0.6797455549240112,
      0.5320302844047546,
      0.49110767245292664,
      0.6897514462471008
    ],
    [
      0.9797065258026123,
      -0.19657181203365326,
      0.03917514160275459,
      0.19574876129627228,
      0.9803633093833923,
      0.023879092186689377,
      -0.04309982806444168,
      -0.015726016834378242,
      0.998947024345398
    ],
    [
      0.9833127856254578,
      -0.0791657492518425,
      0.1637946218252182,
      -0.04817357286810875,
      0.7549035549163818,
      0.6540641188621521,
      -0.1754286140203476,
      -0.6510401964187622,
      0.7384926080703735
    ],
    [
      0.8745010495185852,
      0.4555283486843109,
      0.16655877232551575,
      -0.4375886619091034,
      0.8891118168830872,
      -0.13415038585662842,
      -0.20919868350028992,
      0.04443042352795601,
      0.9768632650375366
    ],
    [
      0.9413112998008728,
      -0.16029231250286102,
      -0.2970511317253113,
      0.034937430173158646,
      0.9215900301933289,
      -0.38658931851387024,
      0.33572661876678467,
      0.35352271795272827,
      0.8731033205986023
    ],
    [
      0.7665970921516418,
      -0.2577555179595947,
      -0.5881249904632568,
      0.5180647969245911,
      0.7894094586372375,
      0.32930469512939453,
      0.37939131259918213,
      -0.5571308732032776,
      0.7386930584907532
    ],
    [
      0.9177592396736145,
      -0.021764297038316727,
      0.39654046297073364,
      -0.05424409359693527,
      0.9822694063186646,
      0.17945559322834015,
      -0.39341533184051514,
      -0.18620699644088745,
      0.900306224822998
    ],
    [
      0.9667037725448608,
      -0.0293677169829607,
      -0.25420740246772766,
      0.10938075184822083,
      0.945492148399353,
      0.30672526359558105,
      0.23134329915046692,
      -0.3243178725242615,
      0.9172230958938599
    ],
    [
      0.8323549628257751,
      -0.015794258564710617,
      -0.5540177822113037,
      0.10024914890527725,
      0.9873968362808228,
      0.12246472388505936,
      0.5451011061668396,
      -0.15747390687465668,
      0.8234480023384094
    ],
    [
      0.9585141539573669,
      0.045613259077072144,
      0.2813718616962433,
      -0.1300361305475235,
      0.9483848214149475,
      0.2892349362373352,
      -0.2536558508872986,
      -0.31382426619529724,
      0.914971649646759
    ],
    [
      -0.01901787519454956,
      -0.232914999127388,
      -0.9723111987113953,
      0.2736437916755676,
      0.9341420531272888,
      -0.22912399470806122,
      0.9616430997848511,
      -0.27042436599731445,
      0.04597035050392151
    ],
    [
      0.7428503632545471,
      0.19166843593120575,
      0.6414332985877991,
      -0.48251014947891235,
      0.8174686431884766,
      0.3145298957824707,
      -0.46406614780426025,
      -0.5431466698646545,
      0.6997388601303101
    ],
    [
      0.8983506560325623,
      -0.3793371617794037,
      0.22151605784893036,
      0.43767303228378296,
      0.8160107135772705,
      -0.3775827884674072,
      -0.037528280168771744,
      0.436153382062912,
      0.8990893959999084
    ],
    [
      0.9121088981628418,
      0.2789214253425598,
      -0.30043333768844604,
      -0.39841920137405396,
      0.775709331035614,
      -0.48942533135414124,
      0.09653770178556442,
      0.5661075711250305,
      0.8186590075492859
    ],
    [
      0.9247519373893738,
      0.23274560272693634,
      -0.3011036515235901,
      -0.18271011114120483,
      0.9655632376670837,
      0.18521547317504883,
      0.3338426649570465,
      -0.11626367270946503,
      0.9354314208030701
    ],
    [
      0.9641331434249878,
      -0.12012291699647903,
      0.23668064177036285,
      0.11911161988973618,
      0.9927062392234802,
      0.018621299415826797,
      -0.23719118535518646,
      0.010238002054393291,
      0.971409022808075
    ]
  ],
  "root_rot": [
    0.5754845142364502,
    0.7192439436912537,
    -0.3892373740673065,
    0.6618700623512268,
    -0.6891732215881348,
    -0.294903963804245,
    -0.480359822511673,
    -0.08791188895702362,
    -0.8726545572280884
  ],
  "root_trans": [
    0.10964007675647736,
    0.4646899402141571,
    2.451442241668701
  ]
}