{
  "betas": [
    -0.882724940776825,
    0.962527871131897,
    1.4059516191482544,
    0.45689088106155396,
    0.17150627076625824,
    -0.2310487926006317,
    -0.06584721803665161,
    0.36812227964401245,
    -0.06457468867301941,
    0.634318470954895
  ],
  "joints": [
    [
      0.9412704706192017,
      -0.21210958063602448,
      -0.26271557807922363,
      0.2966078519821167,
      0.8912167549133301,
      0.34315669536590576,
      0.16134968400001526,
      -0.40092676877975464,
      0.9017893671989441
    ],
    [
      0.933336079120636,
      0.2973724603652954,
      -0.20113037526607513,
      -0.3039437532424927,
      0.9526880979537964,
      -0.001881656819023192,
      0.19105497002601624,
      0.06288854032754898,
      0.9795626997947693
    ],
    [
      0.9835282564163208,
      -0.04684869945049286,
      0.1745777428150177,
      0.06402609497308731,
      0.993502140045166,
      -0.09409671276807785,
      -0.16903504729270935,
      0.10372430831193924,
      0.9801369905471802
    ],
    [
      0.9859673380851746,
      -0.046643249690532684,
      -0.16028979420661926,
      -0.019322391599416733,
      0.9218341112136841,
      -0.3871026039123535,
      0.16581633687019348,
      0.38476771116256714,
      0.9079970717430115
    ],
    [
      0.9957118034362793,
      0.01370753813534975,
      0.09148908406496048,
      0.011778762564063072,
      0.9621274471282959,
      -0.272345632314682,
      -0.09175733476877213,
      0.2722553312778473,
      0.9578402042388916
    ],
    [
      0.9959431886672974,
      0.06531701236963272,
      -0.061894387006759644,
      -0.061148978769779205,
      0.9958775043487549,
      0.06699863076210022,
      0.06601537764072418,
      -0.06294205039739609,
      0.9958314895629883
    ],
    [
      0.9355205297470093,
      0.2749842405319214,
      -0.22177721560001373,
      -0.2821572422981262,
      0.9593679308891296,
      -0.000688927189912647,
      0.2125765085220337,
      0.0632205456495285,
      0.9750971794128418
    ],
    [
      0.9043838381767273,
      -0.2561207711696625,
      -0.3413093388080597,
      0.31683698296546936,
      0.9388170838356018,
      0.13504382967948914,
      0.2858395278453827,
      -0.2302708774805069,
      0.9301995038986206
    ],
    [
      0.9803624153137207,
      0.09689463675022125,
      0.17175832390785217,
      -0.07850959151983261,
      0.9907378554344177,
      -0.11079131811857224,
      -0.18090257048606873,
      0.09513097256422043,
      0.9788892865180969
    ],
    [
      0.9228736758232117,
      -0.3417831063270569,
      0.17744971811771393,
      0.15108883380889893,
      0.7451863884925842,
      0.6495147347450256,
      -0.354226291179657,
      -0.5726094841957092,
      0.7393525242805481
    ],
    [
      0.886638879776001,
      0.24627067148685455,
      0.39143621921539307,
      -0.31033241748809814,
      0.9443843364715576,
      0.10877539962530136,
      -0.3428780436515808,
      -0.21791984140872955,
      0.9137536287307739
    ],
    [
      0.9987368583679199,
      0.0492262989282608,
      0.01007704809308052,
      -0.04934774339199066,
      0.9987074136734009,
      0.012180248275399208,
      -0.009464433416724205,
      -0.01266214158385992,
      0.9998751282691956
    ],
    [
      0.9606508612632751,
      0.019373629242181778,
      -0.2770819664001465,
      0.032912954688072205,
      0.9825965166091919,
      0.1828133761882782,
      0.27580153942108154,
      -0.18473944067955017,
      0.9432945251464844
    ],
    [
      0.8487685322761536,
      0.07319819182157516,
      0.5236735343933105,
      -0.26173073053359985,
      0.9186947345733643,
      0.29579877853393555,
      -0.4594442546367645,
      -0.3881261646747589,
      0.7989174127578735
    ],
    [
      0.94052654504776,
      -0.09552401304244995,
      0.3260137736797333,
      0.08352833241224289,
      0.9952182173728943,
      0.05063171312212944,
      -0.329291433095932,
      -0.02038908563554287,
      0.9440081119537354
    ],
    [
      0.531415581703186,
      0.6997146606445312,
      -0.47749024629592896,
      -0.818385899066925,
      0.5696070790290833,
      -0.07610755413770676,
      0.2187282294034958,
      0.4312160015106201,
      0.8753346800804138
    ],
    [
      0.6660820245742798,
      -0.3890080153942108,
      0.6364019513130188,
      0.16668158769607544,
      0.9092788100242615,
      0.38135194778442383,
      -0.7270157933235168,
      -0.1479351967573166,
      0.6704947352409363
    ],
    [
      -0.36086252331733704,
      -0.3503156304359436,
      -0.864324688911438,
      -0.07511387765407562,
      0.9346778988838196,
      -0.3474695384502411,
      0.9295892119407654,
      -0.06046595051884651,
      -0.363603800535202
    ],
    [
      0.11646584421396255,
      0.2144021987915039,
      0.9697771072387695,
      -0.37440699338912964,
      0.9138635396957397,
      -0.15707604587078094,
      -0.919921338558197,
      -0.344797283411026,
      0.18670757114887238
    ],
    [
      0.9355648756027222,
      -0.35225293040275574,
      0.02522381581366062,
      0.3422820568084717,
      0.8868584036827087,
      -0.310362845659256,
      0.08695627748966217,
      0.2989982068538666,
      0.950283408164978
    ],
    [
      0.9194589257240295,
      0.3472761809825897,
      -0.18437615036964417,
      -0.39098191261291504,
      0.8571304678916931,
      -0.3353511393070221,
      0.04157495126128197,
      0.38042932748794556,
      0.9238749742507935
    ],
    [
      0.8783299922943115,
      0.33988896012306213,
      -0.33617252111434937,
      -0.18473590910434723,
      0.8899006843566895,
      0.4170725345611572,
      0.4409184753894806,
      -0.3042241632938385,
      0.8444161415100098
    ],
    [
      0.9471076726913452,
      -0.2146753966808319,
      0.23854050040245056,
      0.13838563859462738,
      0.9438557028770447,
      0.2999764084815979,
      -0.2895453870296478,
      -0.2510993778705597,
      0.9236409664154053
    ]
  ],
  "root_rot": [
    0.5812076330184937,
    -0.026964571326971054,
    0.8133083581924438,
    -0.08201101422309875,
    -0.9963032007217407,
    0.025575216859579086,
    0.8096121549606323,
    -0.081564761698246,
    -0.5812703967094421
  ],
  "root_trans": [
    -0.1946473866701126,
    0.5769574046134949,
    2.306878089904785
  ]
}