{
  "betas": [
    -0.47837358713150024,
    1.2843947410583496,
    1.250304937362671,
    0.1538003832101822,
    0.22569379210472107,
    -0.27871277928352356,
    0.24117723107337952,
    0.8020846247673035,
    0.18156887590885162,
    0.9917353987693787
  ],
  "joints": [
    [
      0.9407200813293457,
      -0.33712249994277954,
      0.03734004497528076,
      0.29979580640792847,
      0.8779146075248718,
      0.37334781885147095,
      -0.15864530205726624,
      -0.34002137184143066,
      0.9269397854804993
    ],
    [
      0.9519292712211609,
      0.2052134871482849,
      -0.22741618752479553,
      -0.1941889226436615,
      0.9784573316574097,
      0.07008526474237442,
      0.2368994802236557,
      -0.022554511204361916,
      0.971272349357605
    ],
    [
      0.996850311756134,
      -0.04433675855398178,
      0.0657539889216423,
      0.053384050726890564,
      0.9882919192314148,
      -0.14293041825294495,
      -0.058647073805332184,
      0.14599046111106873,
      0.9875459671020508
    ],
    [
      0.9956241846084595,
      0.054393015801906586,
      0.07598558068275452,
      -0.029649751260876656,
      0.9549985527992249,
      -0.29512470960617065,
      -0.08861883729696274,
      0.29158034920692444,
      0.95243239402771
    ],
    [
      0.9995825886726379,
      -0.027590012177824974,
      0.008561921305954456,
      0.028370968997478485,
      0.8817619681358337,
      -0.4708406329154968,
      0.005440925247967243,
      0.47088706493377686,
      0.8821766376495361
    ],
    [
      0.9924608469009399,
      0.09777333587408066,
      -0.07390446215867996,
      -0.09180542081594467,
      0.992538332939148,
      0.08024557679891586,
      0.08119890093803406,
      -0.07285576313734055,
      0.994031548500061
    ],
    [
      0.9829679727554321,
      0.10502848029136658,
      0.15080755949020386,
      -0.06806772202253342,
      0.9703085422515869,
      -0.23209480941295624,
      -0.17070645093917847,
      0.21787665784358978,
      0.9609312415122986
    ],
    [
      0.9228472113609314,
      -0.14587509632110596,
      -0.3564739227294922,
      0.23570992052555084,
      0.9458566308021545,
      0.22315043210983276,
      0.3046211004257202,
      -0.2899581491947174,
      0.9072653651237488
    ],
    [
      0.9953432083129883,
      0.08546743541955948,
      0.044579923152923584,
      -0.08288457989692688,
      0.9949343800544739,
      -0.05688391253352165,
      -0.04921581596136093,
      0.0529240220785141,
      0.9973850846290588
    ],
    [
      0.9616463780403137,
      -0.2705190181732178,
      0.04534020647406578,
      0.21895726025104523,
      0.8566471934318542,
      0.4671330749988556,
      -0.16520893573760986,
      -0.43928924202919006,
      0.8830237984657288
    ],
    [
      0.9193906784057617,
      0.3009853959083557,
      0.25323620438575745,
      -0.29844534397125244,
      0.95315021276474,
      -0.04934687167406082,
      -0.2562248110771179,
      -0.030208110809326172,
      0.9661450982093811
    ],
    [
      0.9774398803710938,
      0.16526013612747192,
      0.13153080642223358,
      -0.13514365255832672,
      0.9679158926010132,
      -0.21183717250823975,
      -0.16231900453567505,
      0.18928255140781403,
      0.9684134721755981
    ],
    [
      0.9559116363525391,
      0.2936067283153534,
      0.005302751436829567,
      -0.2918317914009094,
      0.9478142261505127,
      0.12838418781757355,
      0.03266843408346176,
      -0.1242714449763298,
      0.9917104244232178
    ],
    [
      0.9696570634841919,
      0.2088935822248459,
      0.1269988715648651,
      -0.23378658294677734,
      0.9442322850227356,
      0.23188185691833496,
      -0.07147781550884247,
      -0.254536509513855,
      0.9644179940223694
    ],
    [
      0.8493696451187134,
      -0.05579919368028641,
      0.5248406529426575,
      0.0012227650731801987,
      0.9946012496948242,
      0.1037636324763298,
      -0.5277971029281616,
      -0.08749191462993622,
      0.8448523283004761
    ],
    [
      0.7391212582588196,
      0.6131545305252075,
      -0.27882120013237,
      -0.6635647416114807,
      0.7339177131652832,
      -0.1450745016336441,
      0.11567871272563934,
      0.2922435700893402,
      0.9493219256401062
    ],
    [
      0.9494677782058716,
      -0.013658275827765465,
      0.313567191362381,
      -0.14166224002838135,
      0.8728538751602173,
      0.4669666290283203,
      -0.2800763249397278,
      -0.48779040575027466,
      0.8268117904663086
    ],
    [
      0.8757665753364563,
      -0.07381171733140945,
      -0.47705844044685364,
      -0.07033459097146988,
      0.958185076713562,
      -0.2773705720901489,
      0.47758346796035767,
      0.27646559476852417,
      0.833954930305481
    ],
    [
      -0.31775176525115967,
      -0.06215092912316322,
      0.9461347460746765,
      -0.6625155210494995,
      0.7284021973609924,
      -0.17465227842330933,
      -0.678311824798584,
      -0.6823250651359558,
      -0.2726270258426666
    ],
    [
      0.9987373948097229,
      -0.016782322898507118,
      0.04734949395060539,
      0.04157683625817299,
      0.8051600456237793,
      -0.5915983319282532,
      -0.02819552645087242,
      0.5928200483322144,
      0.8048412203788757
    ],
    [
      0.8406617641448975,
      0.5408115983009338,
      -0.02847117744386196,
      -0.5191332697868347,
      0.7897611856460571,
      -0.3267688453197479,
      -0.15423494577407837,
      0.2894824147224426,
      0.9446753263473511
    ],
    [
      0.9582667350769043,
      0.21061693131923676,
      -0.1933009922504425,
      -0.17065902054309845,
      0.9639272689819336,
      0.20425398647785187,
      0.22934743762016296,
      -0.1627412587404251,
      0.9596431255340576
    ],
    [
      0.9490458965301514,
      -0.23256805539131165,
      0.21265946328639984,
      0.19548068940639496,
      0.9637489914894104,
      0.18159109354019165,
      -0.24718259274959564,
      -0.13076744973659515,
      0.9601045846939087
    ]
  ],
  "root_rot": [
    -0.5416357517242432,
    0.04777304083108902,
    -0.8392547369003296,
    0.07434537261724472,
    -0.9917490482330322,
    -0.1044343113899231,
    -0.8373192548751831,
    -0.11896006017923355,
    0.5336150527000427
  ],
  "root_trans": [
    0.4037793278694153,
    0.48188668489456177,
    2.8823580741882324
  ]
}