{
  "betas": [
    -0.17419686913490295,
    0.6607184410095215,
    0.9462264776229858,
    0.3404295742511749,
    0.2528678774833679,
    -0.056466542184352875,
    -0.0606500506401062,
    0.5829018354415894,
    0.09855806082487106,
    0.5309163331985474
  ],
  "joints": [
    [
      0.9790244698524475,
      -0.0903543084859848,
      -0.18261174857616425,
      0.17645666003227234,
      0.824088990688324,
      0.5382753014564514,
      0.10185284167528152,
      -0.5592077970504761,
      0.8227469325065613
    ],
    [
      0.9535347819328308,
      0.1541813164949417,
      -0.2588426172733307,
      -0.21873484551906586,
      0.9450843930244446,
      -0.24283844232559204,
      0.2071869671344757,
      0.28817281126976013,
      0.9348956942558289
    ],
    [
      0.9644243717193604,
      -0.039207812398672104,
      0.261435329914093,
      0.06255236268043518,
      0.9947022199630737,
      -0.08157626539468765,
      -0.2568518817424774,
      0.09502752870321274,
      0.9617676138877869
    ],
    [
      0.9969126582145691,
      0.07834191620349884,
      0.00525338901206851,
      -0.06617962568998337,
      0.8743809461593628,
      -0.48070594668388367,
      -0.04225286841392517,
      0.47887420654296875,
      0.8768660426139832
    ],
    [
      0.9939758777618408,
      -0.017830073833465576,
      0.1081392914056778,
      0.03382309526205063,
      0.9884210824966431,
      -0.1479177176952362,
      -0.10424978286027908,
      0.15068423748016357,
      0.9830697774887085
    ],
    [
      0.9966326951980591,
      -0.04631191864609718,
      -0.06766422837972641,
      0.0558161586523056,
      0.9876928329467773,
      0.1461075097322464,
      0.060064952820539474,
      -0.1493922770023346,
      0.9869519472122192
    ],
    [
      0.9981142282485962,
      0.05045950412750244,
      -0.03495490178465843,
      -0.05152801051735878,
      0.998209536075592,
      -0.030372852459549904,
      0.03335971757769585,
      0.032116733491420746,
      0.9989272356033325
    ],
    [
      0.913568377494812,
      -0.21375146508216858,
      -0.34598132967948914,
      0.33298036456108093,
      0.8815736770629883,
      0.33459219336509705,
      0.23348844051361084,
      -0.4208778440952301,
      0.8765528798103333
    ],
    [
      0.9822524189949036,
      -0.04087459668517113,
      0.1830560714006424,
      0.06155281886458397,
      0.9921623468399048,
      -0.10874360799789429,
      -0.17717649042606354,
      0.11808127909898758,
      0.9770697951316833
    ],
    [
      0.9179338216781616,
      -0.15004104375839233,
      0.36726728081703186,
      -0.062038786709308624,
      0.8600534200668335,
      0.5064181089401245,
      -0.3918529748916626,
      -0.4876430630683899,
      0.7801637649536133
    ],
    [
      0.8380727767944336,
      0.3543531000614166,
      0.4148107171058655,
      -0.35871008038520813,
      0.930790364742279,
      -0.07040150463581085,
      -0.4110488295555115,
      -0.08979521691799164,
      0.9071800708770752
    ],
    [
      0.9682112336158752,
      -0.029684793204069138,
      -0.24836620688438416,
      -0.005659010261297226,
      0.990079402923584,
      -0.1403951793909073,
      0.25006985664367676,
      0.13733771443367004,
      0.9584380388259888
    ],
    [
      0.8864330053329468,
      -0.2999669015407562,
      -0.352500319480896,
      0.4288422763347626,
      0.8188144564628601,
      0.3816244304180145,
      0.17415766417980194,
      -0.48945149779319763,
      0.8544626235961914
    ],
    [
      0.8945038914680481,
      -0.11204619705677032,
      0.43279141187667847,
      0.003058809321373701,
      0.9695945382118225,
      0.2446981519460678,
      -0.44704964756965637,
      -0.21755963563919067,
      0.8676488399505615
    ],
    [
      0.9844991564750671,
      -0.07757171243429184,
      -0.15730246901512146,
      0.08442158252000809,
      0.9957305192947388,
      0.0373322069644928,
      0.15373495221138,
      -0.05003324896097183,
      0.9868445992469788
    ],
    [
      0.9042689800262451,
      0.09692880511283875,
      -0.4158152639865875,
      -0.048897914588451385,
      0.9909928441047668,
      0.12466800212860107,
      0.4241538941860199,
      -0.09240090847015381,
      0.9008637070655823
    ],
    [
      0.7916257977485657,
      -0.21158546209335327,
      0.5732017159461975,
      0.06149373948574066,
      0.9609537124633789,
      0.26978957653045654,
      -0.6079039573669434,
      -0.17832405865192413,
      0.7737269401550293
    ],
    [
      0.20747902989387512,
      -0.06553850322961807,
      -0.9760415554046631,
      0.3778268098831177,
      0.9256982207298279,
      0.01815727725625038,
      0.9023299813270569,
      -0.3725419044494629,
      0.21682517230510712
    ],
    [
      0.7667595744132996,
      0.2516951262950897,
      0.5905330777168274,
      -0.393650084733963,
      0.9110169410705566,
      0.12283216416835785,
      -0.5070693492889404,
      -0.3266461193561554,
      0.7976107597351074
    ],
    [
      0.9675843715667725,
      0.09666098654270172,
      0.2333175539970398,
      0.0692242830991745,
      0.7869606614112854,
      -0.6131075620651245,
      -0.242875337600708,
      0.6093845963478088,
      0.7547595500946045
    ],
    [
      0.9697402119636536,
      -0.002841399982571602,
      -0.24412241578102112,
      -0.13492697477340698,
      0.8271095156669617,
      -0.5456046462059021,
      0.20346632599830627,
      0.5620335340499878,
      0.8016979694366455
    ],
    [
      0.9188029170036316,
      0.15087491273880005,
      -0.3647436201572418,
      -0.08461973071098328,
      0.9778708219528198,
      0.19133256375789642,
      0.3855394124984741,
      -0.14493241906166077,
      0.9112375378608704
    ],
    [
      0.9729447364807129,
      -0.14026963710784912,
      0.18358349800109863,
      0.09158482402563095,
      0.9636641144752502,
      0.25092580914497375,
      -0.21211008727550507,
      -0.2273235023021698,
      0.9504384994506836
    ]
  ],
  "root_rot": [
    -0.3197583556175232,
    -0.0684819445014,
    0.9450210332870483,
    -0.07474535703659058,
    -0.9924531579017639,
    -0.09721008688211441,
    0.9445463418960571,
    -0.10171966999769211,
    0.31222647428512573
  ],
  "root_trans": [
    -0.32974258065223694,
    0.5815911293029785,
    2.538896083831787
  ]
}