{
  "betas": [
    -0.531719982624054,
    1.2731281518936157,
    0.769737958908081,
    -0.07711043953895569,
    0.09491252899169922,
    0.49766308069229126,
    0.13978978991508484,
    0.6305224895477295,
    -0.015391573309898376,
    0.48189622163772583
  ],
  "joints": [
    [
      0.9804871678352356,
      -0.18222853541374207,
      -0.07374002039432526,
      0.196332648396492,
      0.8888151049613953,
      0.4140786826610565,
      -0.009915713220834732,
      -0.4204764664173126,
      0.9072492122650146
    ],
    [
      0.9351855516433716,
      0.19873735308647156,
      -0.2931406795978546,
      -0.23369526863098145,
      0.9682159423828125,
      -0.08913035690784454,
      0.26611000299453735,
      0.15185901522636414,
      0.9519055485725403
    ],
    [
      0.9785590767860413,
      -0.049440499395132065,
      0.1999446302652359,
      0.07670813053846359,
      0.9884080290794373,
      -0.13101640343666077,
      -0.19114938378334045,
      0.14354465901851654,
      0.9710081219673157
    ],
    [
      0.9978543519973755,
      0.03871963918209076,
      0.0527971126139164,
      -0.018367145210504532,
      0.9395554065704346,
      -0.34190380573272705,
      -0.06284421682357788,
      0.3402004539966583,
      0.9382506012916565
    ],
    [
      0.9966329336166382,
      -0.05521479249000549,
      0.060614705085754395,
      0.061522409319877625,
      0.9922807216644287,
      -0.10767468065023422,
      -0.054201576858758926,
      0.11104129254817963,
      0.9923365712165833
    ],
    [
      0.9978303909301758,
      -0.050331536680459976,
      -0.04244153946638107,
      0.05454520508646965,
      0.9929965138435364,
      0.10479852557182312,
      0.03686962649226189,
      -0.1068861335515976,
      0.9935874342918396
    ],
    [
      0.962213397026062,
      0.22168047726154327,
      0.15812337398529053,
      -0.1888049691915512,
      0.9615998268127441,
      -0.19919437170028687,
      -0.19620893895626068,
      0.16181305050849915,
      0.9671186208724976
    ],
    [
      0.8460680246353149,
      -0.30445539951324463,
      -0.437579482793808,
      0.3689037561416626,
      0.9269521832466125,
      0.0683351680636406,
      0.3848102390766144,
      -0.21924090385437012,
      0.8965793251991272
    ],
    [
      0.9853538274765015,
      -0.07903829216957092,
      0.15109850466251373,
      0.09085170924663544,
      0.9931897521018982,
      -0.07293958216905594,
      -0.14430445432662964,
      0.08559885621070862,
      0.9858241081237793
    ],
    [
      0.9158106446266174,
      -0.39773139357566833,
      0.0556834451854229,
      0.2779790759086609,
      0.727836012840271,
      0.6268831491470337,
      -0.28985947370529175,
      -0.5586273670196533,
      0.7771209478378296
    ],
    [
      0.7944421768188477,
      0.42945927381515503,
      0.4294489026069641,
      -0.29459691047668457,
      0.8908324837684631,
      -0.34587594866752625,
      -0.5311066508293152,
      0.14826412498950958,
      0.8342322707176208
    ],
    [
      0.9802204370498657,
      0.1176840141415596,
      -0.15911787748336792,
      -0.13791653513908386,
      0.9828113317489624,
      -0.12272283434867859,
      0.14194034039974213,
      0.14224040508270264,
      0.9796023368835449
    ],
    [
      0.8302722573280334,
      -0.41787946224212646,
      -0.36881542205810547,
      0.5359983444213867,
      0.7800750136375427,
      0.3227827250957489,
      0.1528194546699524,
      -0.4656819999217987,
      0.8716573715209961
    ],
    [
      0.8480708599090576,
      -0.05455705523490906,
      0.527066707611084,
      -0.01811816170811653,
      0.9911181926727295,
      0.1317441761493683,
      -0.5295729637145996,
      -0.12127788364887238,
      0.8395499587059021
    ],
    [
      0.9999291300773621,
      -0.005491028539836407,
      0.010567061603069305,
      0.005100396927446127,
      0.9993152618408203,
      0.03664534538984299,
      -0.010761047713458538,
      -0.036588847637176514,
      0.9992724657058716
    ],
    [
      0.9418972134590149,
      0.0012427127221599221,
      -0.3358991742134094,
      0.03235972672700882,
      0.995006263256073,
      0.09442155808210373,
      0.33433911204338074,
      -0.09980501979589462,
      0.9371533989906311
    ],
    [
      0.8821824193000793,
      -0.21744446456432343,
      0.41769859194755554,
      0.09830233454704285,
      0.9525005221366882,
      0.28823503851890564,
      -0.4605332314968109,
      -0.21321512758731842,
      0.86165452003479
    ],
    [
      -0.031627506017684937,
      0.05721641331911087,
      -0.9978607296943665,
      0.25016745924949646,
      0.9670357704162598,
      0.047519803047180176,
      0.967685878276825,
      -0.24812936782836914,
      -0.044898614287376404
    ],
    [
      0.5837563872337341,
      0.15267786383628845,
      0.7974445819854736,
      -0.49937939643859863,
      0.8419349193572998,
      0.20436665415763855,
      -0.6401942372322083,
      -0.5175277590751648,
      0.5677290558815002
    ],
    [
      0.9879966378211975,
      0.06599501520395279,
      0.13966871798038483,
      0.011261961422860622,
      0.8709694743156433,
      -0.4912080764770508,
      -0.15406444668769836,
      0.48688486218452454,
      0.8597716689109802
    ],
    [
      0.9781708717346191,
      -0.028669534251093864,
      -0.20581509172916412,
      -0.09310124069452286,
      0.8250070810317993,
      -0.5574007034301758,
      0.18577930331230164,
      0.5643947124481201,
      0.8043287396430969
    ],
    [
      0.9082334041595459,
      0.2394496351480484,
      -0.34318506717681885,
      -0.15040312707424164,
      0.9520940184593201,
      0.26626285910606384,
      0.3905009925365448,
      -0.19021272659301758,
      0.9007375836372375
    ],
    [
      0.9576883316040039,
      -0.18783418834209442,
      0.2180626541376114,
      0.11900439113378525,
      0.9483047723770142,
      0.29420411586761475,
      -0.26205143332481384,
      -0.25580543279647827,
      0.9305335283279419
    ]
  ],
  "root_rot": [
    0.054861508309841156,
    0.03081919252872467,
    -0.9980183243751526,
    0.1201723963022232,
    -0.9924619197845459,
    -0.024041682481765747,
    -0.9912360906600952,
    -0.1186152845621109,
    -0.058151572942733765
  ],
  "root_trans": [
    0.4808053970336914,
    0.47257599234580994,
    2.659255266189575
  ]
}