{
  "betas": [
    -0.24586838483810425,
    0.9735280275344849,
    1.2526925802230835,
    0.39816492795944214,
    0.3446906805038452,
    -0.07486531883478165,
    0.35067135095596313,
    0.6274491548538208,
    -0.019777938723564148,
    0.8982099890708923
  ],
  "joints": [
    [
      0.9277461767196655,
      -0.37320253252983093,
      0.0026357220485806465,
      0.346208393573761,
      0.8632357120513916,
      0.367374062538147,
      -0.13938020169734955,
      -0.3399173617362976,
      0.9300695061683655
    ],
    [
      0.9285829067230225,
      0.3293727934360504,
      -0.17101861536502838,
      -0.2852742373943329,
      0.9282299280166626,
      0.23876309394836426,
      0.23738667368888855,
      -0.17292411625385284,
      0.9559000134468079
    ],
    [
      0.9972425699234009,
      -0.07158473134040833,
      0.01956901140511036,
      0.07398970425128937,
      0.9794373512268066,
      -0.18769137561321259,
      -0.005730785429477692,
      0.18862172961235046,
      0.9820331335067749
    ],
    [
      0.9974223375320435,
      0.06361541152000427,
      0.03319134563207626,
      -0.04857806861400604,
      0.9391199946403503,
      -0.34013792872428894,
      -0.052808668464422226,
      0.33764883875846863,
      0.9397895932197571
    ],
    [
      0.9995169043540955,
      -0.026734190061688423,
      0.015854503959417343,
      0.031078826636075974,
      0.8667528629302979,
      -0.4977685213088989,
      -0.0004345000197645277,
      0.498020738363266,
      0.8671650290489197
    ],
    [
      0.9910351634025574,
      0.11641766875982285,
      -0.06554510444402695,
      -0.1073414534330368,
      0.9859275221824646,
      0.12815921008586884,
      0.07954271137714386,
      -0.11997458338737488,
      0.989585280418396
    ],
    [
      0.9945345520973206,
      0.07685676962137222,
      0.07066905498504639,
      -0.057199619710445404,
      0.9673165678977966,
      -0.24703626334667206,
      -0.08734574913978577,
      0.24164384603500366,
      0.9664259552955627
    ],
    [
      0.9366161823272705,
      -0.21854716539382935,
      -0.2738381326198578,
      0.26639488339424133,
      0.9518885016441345,
      0.15146616101264954,
      0.227560892701149,
      -0.21481472253799438,
      0.9497740268707275
    ],
    [
      0.9941952228546143,
      0.10262490063905716,
      0.032312046736478806,
      -0.1006588414311409,
      0.9932572245597839,
      -0.057514019310474396,
      -0.03799654543399811,
      0.05392766743898392,
      0.9978216886520386
    ],
    [
      0.9779150485992432,
      -0.19149698317050934,
      0.08373230695724487,
      0.11316461116075516,
      0.8219632506370544,
      0.5581848621368408,
      -0.17571556568145752,
      -0.5363817811012268,
      0.8254809379577637
    ],
    [
      0.9370116591453552,
      0.29927778244018555,
      0.18011653423309326,
      -0.27987393736839294,
      0.9517970681190491,
      -0.125510573387146,
      -0.20899690687656403,
      0.06719493865966797,
      0.9756050109863281
    ],
    [
      0.9630292057991028,
      0.21564455330371857,
      0.16146880388259888,
      -0.17903172969818115,
      0.960166335105896,
      -0.21454207599163055,
      -0.2013017237186432,
      0.17770224809646606,
      0.9632754325866699
    ],
    [
      0.949273943901062,
      0.3132290840148926,
      0.027685621753335,
      -0.3137192726135254,
      0.9373896718025208,
      0.15126436948776245,
      0.02142818458378315,
      -0.15227684378623962,
      0.9881055951118469
    ],
    [
      0.9851236343383789,
      0.16547471284866333,
      0.046360909938812256,
      -0.1717386096715927,
      0.9575594663619995,
      0.2314859926700592,
      -0.006088240537792444,
      -0.23600433766841888,
      0.9717328548431396
    ],
    [
      0.8444949984550476,
      -0.0023845843970775604,
      0.5355581045150757,
      -0.04785316810011864,
      0.995654284954071,
      0.07989044487476349,
      -0.5334212779998779,
      -0.09309523552656174,
      0.8407109379768372
    ],
    [
      0.7315107583999634,
      0.6200376152992249,
      -0.2836288511753082,
      -0.6708270907402039,
      0.7289106845855713,
      -0.13667570054531097,
      0.12199602276086807,
      0.2902456521987915,
      0.9491440057754517
    ],
    [
      0.9484468698501587,
      -0.042176179587841034,
      0.31411728262901306,
      -0.08976616710424423,
      0.9147741198539734,
      0.3938659429550171,
      -0.30395811796188354,
      -0.40175801515579224,
      0.8638286590576172
    ],
    [
      0.9205343723297119,
      -0.07162157446146011,
      -0.384039968252182,
      -0.004210412036627531,
      0.9811747074127197,
      -0.1930765062570572,
      0.3906387388706207,
      0.17935054004192352,
      0.9029034972190857
    ],
    [
      -0.47623565793037415,
      -0.045253295451402664,
      0.8781525492668152,
      -0.5101121068000793,
      0.8276680111885071,
      -0.23398996889591217,
      -0.7162299752235413,
      -0.5593906044960022,
      -0.41724926233291626
    ],
    [
      0.9899120330810547,
      -0.11702470481395721,
      0.07987069338560104,
      0.14150835573673248,
      0.8446115851402283,
      -0.5163396596908569,
      -0.0070352088660001755,
      0.5224332809448242,
      0.8526511192321777
    ],
    [
      0.8321806788444519,
      0.5525727868080139,
      -0.046245038509368896,
      -0.5334461331367493,
      0.7750225067138672,
      -0.3387850522994995,
      -0.15136247873306274,
      0.30659958720207214,
      0.9397265911102295
    ],
    [
      0.9527689218521118,
      0.19074974954128265,
      -0.23631727695465088,
      -0.14028985798358917,
      0.9665772318840027,
      0.21458648145198822,
      0.26935118436813354,
      -0.17129842936992645,
      0.9476850032806396
    ],
    [
      0.9363211393356323,
      -0.27820026874542236,
      0.21425996720790863,
      0.22131425142288208,
      0.9412684440612793,
      0.2550170123577118,
      -0.2726219594478607,
      -0.1913590431213379,
      0.942899227142334
    ]
  ],
  "root_rot": [
    -0.6383061408996582,
    0.07581496238708496,
    -0.7660400867462158,
    0.017666559666395187,
    -0.9934332370758057,
    -0.11304079741239548,
    -0.7695798873901367,
    -0.08568792790174484,
    0.6327751278877258
  ],
  "root_trans": [
    0.45479491353034973,
    0.5118662118911743,
    2.8645825386047363
  ]
}