{
  "betas": [
    -0.5026069283485413,
    1.1030999422073364,
    1.0859891176223755,
    0.2814657390117645,
    0.24247661232948303,
    -0.2460990846157074,
    -0.19738256931304932,
    0.47484898567199707,
    0.18697407841682434,
    0.7441296577453613
  ],
  "joints": [
    [
      0.8914539217948914,
      -0.4489593207836151,
      -0.061199452728033066,
      0.44127950072288513,
      0.8295567631721497,
      0.3422103226184845,
      -0.10287010669708252,
      -0.33207082748413086,
      0.9376281499862671
    ],
    [
      0.9027495384216309,
      0.3746874928474426,
      -0.21131175756454468,
      -0.3633480668067932,
      0.9271318912506104,
      0.09167702496051788,
      0.2302640974521637,
      -0.005981671158224344,
      0.9731098413467407
    ],
    [
      0.9923086166381836,
      0.03570131957530975,
      0.11852840334177017,
      -0.016629472374916077,
      0.9872748255729675,
      -0.1581515073776245,
      -0.12266632169485092,
      0.15496404469013214,
      0.98027503490448
    ],
    [
      0.9965304732322693,
      0.07573703676462173,
      -0.03451003134250641,
      -0.08244586735963821,
      0.9550390243530273,
      -0.2847862243652344,
      0.01138956006616354,
      0.2866433262825012,
      0.9579697251319885
    ],
    [
      0.9993417263031006,
      0.015820197761058807,
      0.0326470248401165,
      -0.002811614191159606,
      0.9309756755828857,
      -0.36507028341293335,
      -0.03616907075047493,
      0.3647381663322449,
      0.9304073452949524
    ],
    [
      0.990802526473999,
      -0.020810088142752647,
      -0.1337060034275055,
      0.014256918802857399,
      0.9986582398414612,
      -0.04978368803858757,
      0.13456261157989502,
      0.04741957038640976,
      0.9897698163986206
    ],
    [
      0.9861057996749878,
      0.16601745784282684,
      0.0057914648205041885,
      -0.16360555589199066,
      0.9766395092010498,
      -0.13931415975093842,
      -0.02878475934267044,
      0.1364309936761856,
      0.9902312755584717
    ],
    [
      0.8551126718521118,
      -0.2186102569103241,
      -0.47009772062301636,
      0.2901304066181183,
      0.9532529711723328,
      0.08445756137371063,
      0.42965877056121826,
      -0.2086103856563568,
      0.878564178943634
    ],
    [
      0.9990158081054688,
      0.02444218471646309,
      0.03701493889093399,
      -0.024008581414818764,
      0.9996383190155029,
      -0.012114246375858784,
      -0.037297651171684265,
      0.01121364627033472,
      0.999241292476654
    ],
    [
      0.9579456448554993,
      -0.23938874900341034,
      0.15821832418441772,
      0.14703156054019928,
      0.882988691329956,
      0.44577211141586304,
      -0.2464178204536438,
      -0.40376242995262146,
      0.8810528516769409
    ],
    [
      0.8462088704109192,
      0.36595991253852844,
      0.3873033821582794,
      -0.3716682493686676,
      0.9262169003486633,
      -0.0631270557641983,
      -0.3818289041519165,
      -0.0905296802520752,
      0.919788658618927
    ],
    [
      0.9726909399032593,
      0.15572674572467804,
      0.17210912704467773,
      -0.15920352935791016,
      0.9872244596481323,
      0.006499392446130514,
      -0.16889818012714386,
      -0.03372228145599365,
      0.9850565195083618
    ],
    [
      0.9400539398193359,
      0.1940372735261917,
      -0.28044259548187256,
      -0.16307686269283295,
      0.9780060052871704,
      0.13003933429718018,
      0.2995070219039917,
      -0.07651030272245407,
      0.9510213732719421
    ],
    [
      0.9242987632751465,
      -0.3493421971797943,
      0.15372668206691742,
      0.355491042137146,
      0.9345806241035461,
      -0.013605063781142235,
      -0.13891716301441193,
      0.06722360104322433,
      0.9880197644233704
    ],
    [
      0.9182989001274109,
      -0.2134655863046646,
      0.33340612053871155,
      0.22760123014450073,
      0.9737483859062195,
      -0.003431800054386258,
      -0.3239210844039917,
      0.07903505861759186,
      0.9427770972251892
    ],
    [
      0.7836921215057373,
      0.427162766456604,
      -0.45095306634902954,
      -0.47494396567344666,
      0.8799781203269958,
      0.008169550448656082,
      0.40031856298446655,
      0.20777501165866852,
      0.8925102949142456
    ],
    [
      0.6824421286582947,
      -0.65370112657547,
      0.3270283341407776,
      0.7072941064834595,
      0.703463077545166,
      -0.06981877982616425,
      -0.18441174924373627,
      0.2789525091648102,
      0.9424318075180054
    ],
    [
      -0.06640276312828064,
      -0.21422478556632996,
      -0.9745247960090637,
      0.10778183490037918,
      0.9694254994392395,
      -0.22044797241687775,
      0.9919545650482178,
      -0.1196744292974472,
      -0.04128298908472061
    ],
    [
      -0.1726348102092743,
      0.3322432041168213,
      0.9272603392601013,
      0.12897197902202606,
      0.9409142732620239,
      -0.3131238520145416,
      -0.9765057563781738,
      0.06553452461957932,
      -0.20528462529182434
    ],
    [
      0.9301515221595764,
      -0.3159506022930145,
      0.1870650351047516,
      0.36693450808525085,
      0.8183284401893616,
      -0.4423772692680359,
      -0.01331127155572176,
      0.4801185131072998,
      0.8771026134490967
    ],
    [
      0.9829930067062378,
      0.1767825335264206,
      -0.049726489931344986,
      -0.18344199657440186,
      0.9325650930404663,
      -0.3109201490879059,
      -0.008592060767114162,
      0.3147542476654053,
      0.9491342902183533
    ],
    [
      0.9562544226646423,
      0.08159574121236801,
      -0.2809262275695801,
      -0.023974472656846046,
      0.9789413809776306,
      0.2027284950017929,
      0.2915521562099457,
      -0.18712496757507324,
      0.9380732178688049
    ],
    [
      0.9503875374794006,
      -0.161698117852211,
      0.2657392621040344,
      0.05281613767147064,
      0.9257552027702332,
      0.3744164705276489,
      -0.306551992893219,
      -0.3418053984642029,
      0.8883664608001709
    ]
  ],
  "root_rot": [
    0.18555103242397308,
    -0.04395632445812225,
    0.9816509485244751,
    -0.16572733223438263,
    -0.9860881567001343,
    -0.012829338200390339,
    0.9685583114624023,
    -0.1603059023618698,
    -0.19025443494319916
  ],
  "root_trans": [
    -0.3004971146583557,
    0.5856544375419617,
    2.4878337383270264
  ]
}