{
  "betas": [
    -0.5458682179450989,
    1.5247457027435303,
    1.3297197818756104,
    -0.1660877764225006,
    -0.13923674821853638,
    -0.15774288773536682,
    0.08435359597206116,
    0.28529492020606995,
    0.014613077044487,
    0.14575397968292236
  ],
  "joints": [
    [
      0.8523425459861755,
      -0.5172671675682068,
      -0.07711537182331085,
      0.5064759254455566,
      0.7796608209609985,
      0.3682541847229004,
      -0.13036197423934937,
      -0.3529358208179474,
      0.9265214800834656
    ],
    [
      0.9245421886444092,
      0.36253249645233154,
      -0.11743885278701782,
      -0.31599733233451843,
      0.901579737663269,
      0.2954651117324829,
      0.2129961997270584,
      -0.23605959117412567,
      0.9481077790260315
    ],
    [
      0.9903294444084167,
      0.0692904144525528,
      0.12019377946853638,
      -0.03451927378773689,
      0.9621683359146118,
      -0.27026012539863586,
      -0.13437308371067047,
      0.263497531414032,
      0.9552555084228516
    ],
    [
      0.990946352481842,
      0.11691433936357498,
      -0.06600289046764374,
      -0.13394249975681305,
      0.8946083784103394,
      -0.42630425095558167,
      0.009205671958625317,
      0.43128523230552673,
      0.9021686911582947
    ],
    [
      0.9994769096374512,
      -0.032262172549963,
      -0.0022371963132172823,
      0.0231579951941967,
      0.762284517288208,
      -0.6468276381492615,
      0.022573452442884445,
      0.6464375257492065,
      0.7626329064369202
    ],
    [
      0.9931625127792358,
      -0.046031150966882706,
      -0.10728217661380768,
      0.05017522722482681,
      0.9980822801589966,
      0.03625281900167465,
      0.10540767014026642,
      -0.04138784483075142,
      0.9935675263404846
    ],
    [
      0.9991093277931213,
      0.024437198415398598,
      0.03440085053443909,
      -0.02594909258186817,
      0.9986851811408997,
      0.044209837913513184,
      -0.03327525407075882,
      -0.04506312683224678,
      0.9984297752380371
    ],
    [
      0.8426288366317749,
      -0.29082348942756653,
      -0.4532090127468109,
      0.41016247868537903,
      0.8919524550437927,
      0.19023007154464722,
      0.34891754388809204,
      -0.3461826741695404,
      0.8708697557449341
    ],
    [
      0.9966675043106079,
      -0.015543771907687187,
      0.08007697016000748,
      0.018725275993347168,
      0.9990585446357727,
      -0.03913412243127823,
      -0.07939328253269196,
      0.04050317034125328,
      0.9960202574729919
    ],
    [
      0.9452081322669983,
      -0.05996251851320267,
      0.3209143877029419,
      -0.1450118124485016,
      0.8035809397697449,
      0.5772601962089539,
      -0.29249462485313416,
      -0.5921674370765686,
      0.7508559823036194
    ],
    [
      0.7679848074913025,
      0.43465617299079895,
      0.470397025346756,
      -0.5121158361434937,
      0.8578163385391235,
      0.04345688596367836,
      -0.3846254348754883,
      -0.27427196502685547,
      0.8813841938972473
    ],
    [
      0.9712020754814148,
      0.1893482655286789,
      0.14461596310138702,
      -0.18719376623630524,
      0.9819098114967346,
      -0.02848869562149048,
      -0.1473941206932068,
      0.0005970688071101904,
      0.9890776872634888
    ],
    [
      0.6995447874069214,
      0.03445366024971008,
      -0.7137576937675476,
      0.3032087981700897,
      0.8901514410972595,
      0.3401394188404083,
      0.6470714807510376,
      -0.45436036586761475,
      0.6122541427612305
    ],
    [
      0.7488145232200623,
      -0.3024703562259674,
      0.5897361636161804,
      0.2323431819677353,
      0.9531242251396179,
      0.19383227825164795,
      -0.6207202672958374,
      -0.00812323298305273,
      0.783990204334259
    ],
    [
      0.9532536268234253,
      -0.22970739006996155,
      0.19632095098495483,
      0.2152724415063858,
      0.9721876382827759,
      0.09224399924278259,
      -0.2120499312877655,
      -0.045669447630643845,
      0.9761910438537598
    ],
    [
      0.13141705095767975,
      0.7047101855278015,
      -0.6972181797027588,
      -0.5925577878952026,
      0.6196837425231934,
      0.514652669429779,
      0.7947356700897217,
      0.345507949590683,
      0.49901852011680603
    ],
    [
      0.3621349036693573,
      -0.6782816052436829,
      0.6393687129020691,
      0.7595250606536865,
      0.6123504042625427,
      0.21942807734012604,
      -0.5403516888618469,
      0.40615400671958923,
      0.7369253635406494
    ],
    [
      -0.45289456844329834,
      -0.3548153042793274,
      -0.8179197311401367,
      0.14168792963027954,
      0.8770962357521057,
      -0.45894095301628113,
      0.8802334666252136,
      -0.32374122738838196,
      -0.34695908427238464
    ],
    [
      0.8136737942695618,
      0.0791044756770134,
      0.5759145021438599,
      0.16456343233585358,
      0.9188297986984253,
      -0.3587070107460022,
      -0.5575427412986755,
      0.38664495944976807,
      0.7346100211143494
    ],
    [
      0.9405289888381958,
      -0.24178703129291534,
      0.23863005638122559,
      0.30151060223579407,
      0.9177637696266174,
      -0.25845879316329956,
      -0.15651404857635498,
      0.31503745913505554,
      0.9360848069190979
    ],
    [
      0.8987544178962708,
      0.3040928542613983,
      -0.3158607482910156,
      -0.40667974948883057,
      0.8474091291427612,
      -0.34133467078208923,
      0.1638658493757248,
      0.4352302551269531,
      0.8852810859680176
    ],
    [
      0.9373174905776978,
      0.2757244408130646,
      -0.2131003886461258,
      -0.19829227030277252,
      0.9248735308647156,
      0.3244829773902893,
      0.2865588068962097,
      -0.26188746094703674,
      0.9215741753578186
    ],
    [
      0.8803825974464417,
      -0.31803587079048157,
      0.351823091506958,
      0.1588405966758728,
      0.8967147469520569,
      0.4131249785423279,
      -0.4468735456466675,
      -0.3078242838382721,
      0.8399690389633179
    ]
  ],
  "root_rot": [
    0.36722907423973083,
    -0.0379054918885231,
    0.9293578267097473,
    -0.11038800328969955,
    -0.9938837885856628,
    0.0030817296355962753,
    0.9235568642616272,
    -0.10372165590524673,
    -0.3691673278808594
  ],
  "root_trans": [
    -0.3224184513092041,
    0.6138026714324951,
    2.506147861480713
  ]
}