{
  "betas": [
    -0.757495105266571,
    1.1913248300552368,
    1.0372370481491089,
    0.05137431621551514,
    -0.2790541648864746,
    -0.13072645664215088,
    0.24439968168735504,
    0.7577708959579468,
    0.3720717430114746,
    1.2236909866333008
  ],
  "joints": [
    [
      0.9126952886581421,
      -0.39671677350997925,
      0.09799546748399734,
      0.3726631700992584,
      0.9064417481422424,
      0.19871003925800323,
      -0.1676587611436844,
      -0.14484241604804993,
      0.9751468300819397
    ],
    [
      0.9628480076789856,
      0.1937040388584137,
      -0.18815545737743378,
      -0.1709737777709961,
      0.9765984416007996,
      0.13047361373901367,
      0.20902562141418457,
      -0.09345660358667374,
      0.9734341502189636
    ],
    [
      0.9983533024787903,
      0.013398587703704834,
      0.05577675998210907,
      -0.005970106925815344,
      0.9913279414176941,
      -0.1312755048274994,
      -0.057051971554756165,
      0.13072635233402252,
      0.989775538444519
    ],
    [
      0.9972018599510193,
      0.009820526465773582,
      0.07410737872123718,
      0.0012281493982300162,
      0.9890475273132324,
      -0.14759215712547302,
      -0.07474515587091446,
      0.14727020263671875,
      0.9862679839134216
    ],
    [
      0.9971156716346741,
      -0.056142229586839676,
      -0.051073819398880005,
      0.034736163914203644,
      0.9358808994293213,
      -0.3505999743938446,
      0.06748247891664505,
      0.34781455993652344,
      0.9351316690444946
    ],
    [
      0.99527508020401,
      0.020174847915768623,
      -0.0949760153889656,
      -0.026342296972870827,
      0.997593343257904,
      -0.0641377717256546,
      0.09345346689224243,
      0.06633661687374115,
      0.9934112429618835
    ],
    [
      0.9522873759269714,
      0.18158690631389618,
      0.2453058511018753,
      -0.10129465907812119,
      0.9462333917617798,
      -0.30721622705459595,
      -0.2879030108451843,
      0.26770997047424316,
      0.9194799065589905
    ],
    [
      0.9473499059677124,
      -0.2089698612689972,
      -0.24261023104190826,
      0.22717410326004028,
      0.9726039171218872,
      0.04933210462331772,
      0.2256547212600708,
      -0.1018495261669159,
      0.9688687920570374
    ],
    [
      0.9986478090286255,
      0.03117070160806179,
      0.041605234146118164,
      -0.033107612282037735,
      0.9983598589897156,
      0.04670732468366623,
      -0.040081094950437546,
      -0.04802161455154419,
      0.9980418682098389
    ],
    [
      0.9655969142913818,
      -0.2543473243713379,
      0.05412973091006279,
      0.20418402552604675,
      0.8704729676246643,
      0.44786807894706726,
      -0.16103249788284302,
      -0.4214076101779938,
      0.8924596905708313
    ],
    [
      0.9238314628601074,
      0.31777194142341614,
      0.213439479470253,
      -0.277617871761322,
      0.9400709867477417,
      -0.19797685742378235,
      -0.2635597586631775,
      0.12364263832569122,
      0.9566863179206848
    ],
    [
      0.9572374224662781,
      0.22760584950447083,
      0.17858350276947021,
      -0.21029257774353027,
      0.9713419675827026,
      -0.11077836155891418,
      -0.19867944717407227,
      0.06848640739917755,
      0.9776687026023865
    ],
    [
      0.9453792572021484,
      0.3245680332183838,
      -0.03022613190114498,
      -0.32380327582359314,
      0.9457218647003174,
      0.027597473934292793,
      0.03754277154803276,
      -0.01630275882780552,
      0.9991620182991028
    ],
    [
      0.9684493541717529,
      -0.24915637075901031,
      0.005195934791117907,
      0.24774187803268433,
      0.9602726697921753,
      -0.1284540295600891,
      0.027015618979930878,
      0.12568846344947815,
      0.9917019009590149
    ],
    [
      0.8975933194160461,
      -0.1334553062915802,
      0.4201381206512451,
      0.12255413085222244,
      0.9910469651222229,
      0.052974801510572433,
      -0.423446387052536,
      0.003939829766750336,
      0.9059126377105713
    ],
    [
      0.7036457061767578,
      0.5424616932868958,
      -0.4589312970638275,
      -0.664466142654419,
      0.7311670184135437,
      -0.15452997386455536,
      0.2517288327217102,
      0.41367867588996887,
      0.8749299645423889
    ],
    [
      0.7429158687591553,
      -0.6564298272132874,
      0.13105715811252594,
      0.669257640838623,
      0.7322160601615906,
      -0.12630879878997803,
      -0.013049286790192127,
      0.18154780566692352,
      0.9832956194877625
    ],
    [
      0.4165387749671936,
      -0.1495385617017746,
      -0.8967350721359253,
      -0.22491559386253357,
      0.9387653470039368,
      -0.2610221207141876,
      0.8808566927909851,
      0.31041550636291504,
      0.3573985993862152
    ],
    [
      0.06876940280199051,
      0.2316971868276596,
      0.9703541994094849,
      0.22240345180034637,
      0.9446185827255249,
      -0.24131397902965546,
      -0.9725263714790344,
      0.23240509629249573,
      0.013430602848529816
    ],
    [
      0.9880111813545227,
      -0.13470739126205444,
      -0.07541751116514206,
      0.10920881479978561,
      0.9551306962966919,
      -0.2753157615661621,
      0.10912064462900162,
      0.26377877593040466,
      0.9583910703659058
    ],
    [
      0.957385241985321,
      0.09609942883253098,
      0.27235686779022217,
      -0.0167548768222332,
      0.9599114656448364,
      -0.27980199456214905,
      -0.28832730650901794,
      0.26331502199172974,
      0.9206151962280273
    ],
    [
      0.9683755040168762,
      0.15799027681350708,
      -0.19310100376605988,
      -0.12994642555713654,
      0.9800768494606018,
      0.15021024644374847,
      0.21298563480377197,
      -0.1203671395778656,
      0.9696126580238342
    ],
    [
      0.9189198017120361,
      -0.24893072247505188,
      0.3059737980365753,
      0.2231973111629486,
      0.9677270650863647,
      0.11699236929416656,
      -0.3252221345901489,
      -0.03921407461166382,
      0.94482421875
    ]
  ],
  "root_rot": [
    -0.6148309111595154,
    0.028250737115740776,
    -0.7881527543067932,
    0.13013839721679688,
    -0.9820242524147034,
    -0.1367197036743164,
    -0.7778476476669312,
    -0.18662843108177185,
    0.6001023650169373
  ],
  "root_trans": [
    0.4620347321033478,
    0.46386078000068665,
    2.7540016174316406
  ]
}