{
  "betas": [
    -0.7361372113227844,
    0.7609535455703735,
    1.496435284614563,
    0.6467218399047852,
    0.5719151496887207,
    -0.3479301929473877,
    -0.1409958302974701,
    0.5323086380958557,
    -0.04321447014808655,
    0.7046730518341064
  ],
  "joints": [
    [
      0.9726325273513794,
      -0.22594082355499268,
      -0.054190877825021744,
      0.22848063707351685,
      0.8876833319664001,
      0.39976853132247925,
      -0.04221969097852707,
      -0.4012094736099243,
      0.915012776851654
    ],
    [
      0.971841037273407,
      0.157657191157341,
      -0.17512638866901398,
      -0.1522122025489807,
      0.9873595833778381,
      0.044186875224113464,
      0.1798791140317917,
      -0.016286242753267288,
      0.9835538864135742
    ],
    [
      0.9952748417854309,
      -0.05049239099025726,
      0.08293648064136505,
      0.060412678867578506,
      0.9907111525535583,
      -0.12182627618312836,
      -0.07601480185985565,
      0.12626104056835175,
      0.9890802502632141
    ],
    [
      0.9994446039199829,
      -0.005512936506420374,
      0.03286547213792801,
      0.01011087279766798,
      0.9898973107337952,
      -0.14142537117004395,
      -0.031753771007061005,
      0.14167912304401398,
      0.989403247833252
    ],
    [
      0.9974340796470642,
      -0.05395808443427086,
      0.047049835324287415,
      0.06594916433095932,
      0.9482444524765015,
      -0.3106174170970917,
      -0.027854423969984055,
      0.3129233121871948,
      0.9493698477745056
    ],
    [
      0.9872665405273438,
      0.07567892968654633,
      -0.1399194896221161,
      -0.06738781183958054,
      0.9957307577133179,
      0.06307996809482574,
      0.14409597218036652,
      -0.05284787341952324,
      0.988151490688324
    ],
    [
      0.9916849136352539,
      0.0934249684214592,
      0.0885019525885582,
      -0.07335834950208664,
      0.9754379987716675,
      -0.20770001411437988,
      -0.10573253035545349,
      0.19948065280914307,
      0.9741806387901306
    ],
    [
      0.9528267979621887,
      -0.0998891144990921,
      -0.2866065502166748,
      0.1740906685590744,
      0.9533806443214417,
      0.24649091064929962,
      0.24862337112426758,
      -0.28475865721702576,
      0.925796389579773
    ],
    [
      0.9952722191810608,
      0.0840676799416542,
      0.04864079877734184,
      -0.07956939935684204,
      0.9929368495941162,
      -0.08800625801086426,
      -0.05569572374224663,
      0.08371985703706741,
      0.994931697845459
    ],
    [
      0.9696669578552246,
      -0.1536327302455902,
      0.1901130974292755,
      0.02916879579424858,
      0.8449540138244629,
      0.53404301404953,
      -0.2426832914352417,
      -0.5122984647750854,
      0.8238052725791931
    ],
    [
      0.9283680319786072,
      0.1974237710237503,
      0.3148915469646454,
      -0.272629052400589,
      0.9375703930854797,
      0.21595191955566406,
      -0.25259891152381897,
      -0.286331444978714,
      0.9242338538169861
    ],
    [
      0.9560043811798096,
      0.18067719042301178,
      0.2311091125011444,
      -0.15048451721668243,
      0.9783124923706055,
      -0.14233486354351044,
      -0.2518135607242584,
      0.10129440575838089,
      0.9624601602554321
    ],
    [
      0.9579966068267822,
      0.2667653262615204,
      -0.10525570064783096,
      -0.2497294694185257,
      0.9564489722251892,
      0.15113107860088348,
      0.14098823070526123,
      -0.11849760264158249,
      0.9828940629959106
    ],
    [
      0.9895315766334534,
      0.13235563039779663,
      0.05752571299672127,
      -0.1426703780889511,
      0.9572010040283203,
      0.25181618332862854,
      -0.02173437923192978,
      -0.25738728046417236,
      0.9660638570785522
    ],
    [
      0.8482646346092224,
      -0.17586646974086761,
      0.4995177686214447,
      0.11637947708368301,
      0.9820953011512756,
      0.1481369286775589,
      -0.5166264176368713,
      -0.06752569228410721,
      0.8535439372062683
    ],
    [
      0.7556642889976501,
      0.611384928226471,
      -0.2349041849374771,
      -0.6503634452819824,
      0.7428534626960754,
      -0.15873314440250397,
      0.07745230942964554,
      0.272722065448761,
      0.9589702486991882
    ],
    [
      0.9806748628616333,
      -0.004989882465451956,
      0.19558106362819672,
      -0.07462680339813232,
      0.9145521521568298,
      0.39752396941185,
      -0.18085266649723053,
      -0.4044373333454132,
      0.8965059518814087
    ],
    [
      0.9149907231330872,
      0.047587230801582336,
      -0.4006587564945221,
      -0.14485087990760803,
      0.9655631184577942,
      -0.21611592173576355,
      0.3765769600868225,
      0.25577983260154724,
      0.8903743624687195
    ],
    [
      -0.32297736406326294,
      -0.01097011286765337,
      0.946343183517456,
      -0.6078092455863953,
      0.768866240978241,
      -0.19852638244628906,
      -0.7254334092140198,
      -0.6393156051635742,
      -0.25499412417411804
    ],
    [
      0.9722234010696411,
      -0.04860054329037666,
      0.22895348072052002,
      0.1903335303068161,
      0.7334667444229126,
      -0.6525333523750305,
      -0.13621623814105988,
      0.677985668182373,
      0.7223438620567322
    ],
    [
      0.831547200679779,
      0.5081530213356018,
      -0.2242983728647232,
      -0.5534787774085999,
      0.7240043878555298,
      -0.4116782248020172,
      -0.04680252820253372,
      0.4664742648601532,
      0.8832957148551941
    ],
    [
      0.9451976418495178,
      0.21376079320907593,
      -0.24679474532604218,
      -0.15684665739536285,
      0.9602294564247131,
      0.2309948354959488,
      0.28635719418525696,
      -0.17962686717510223,
      0.9411342740058899
    ],
    [
      0.9450213313102722,
      -0.27239736914634705,
      0.180926114320755,
      0.2144298255443573,
      0.9339127540588379,
      0.28605374693870544,
      -0.24688950181007385,
      -0.23153096437454224,
      0.9409775733947754
    ]
  ],
  "root_rot": [
    0.48667725920677185,
    -0.07607890665531158,
    0.8702627420425415,
    -0.1086895540356636,
    -0.9937333464622498,
    -0.026090282946825027,
    0.8667939305305481,
    -0.08189092576503754,
    -0.491896390914917
  ],
  "root_trans": [
    -0.3633463680744171,
    0.5898450016975403,
    2.2830684185028076
  ]
}