{
  "betas": [
    -0.42580169439315796,
    1.4758825302124023,
    1.102397084236145,
    -0.23608466982841492,
    -0.2269304394721985,
    -0.0359840914607048,
    0.1982855498790741,
    0.4030647277832031,
    -0.014447778463363647,
    0.2397971749305725
  ],
  "joints": [
    [
      0.8954253196716309,
      -0.4215259253978729,
      -0.14328087866306305,
      0.4249720573425293,
      0.7133145332336426,
      0.5572980046272278,
      -0.1327112317085266,
      -0.5599091053009033,
      0.8178566098213196
    ],
    [
      0.8194998502731323,
      0.5318619012832642,
      -0.21340790390968323,
      -0.498792439699173,
      0.8453311920166016,
      0.19136667251586914,
      0.2821810245513916,
      -0.050378698855638504,
      0.9580374956130981
    ],
    [
      0.983325183391571,
      0.026379350572824478,
      0.1799328476190567,
      0.021477017551660538,
      0.9656540751457214,
      -0.25894224643707275,
      -0.18058359622955322,
      0.25848880410194397,
      0.9489853978157043
    ],
    [
      0.9776722192764282,
      0.20961891114711761,
      -0.01473295595496893,
      -0.17009557783603668,
      0.7482653260231018,
      -0.6412227749824524,
      -0.12338827550411224,
      0.6294115781784058,
      0.7672134637832642
    ],
    [
      0.9994733929634094,
      0.0008184215403161943,
      0.03243854269385338,
      0.012892583385109901,
      0.9073722958564758,
      -0.42013004422187805,
      -0.029777679592370987,
      0.42032700777053833,
      0.9068838953971863
    ],
    [
      0.9929766654968262,
      -0.06502366811037064,
      -0.0988398864865303,
      0.06974445283412933,
      0.9965457916259766,
      0.04507841914892197,
      0.09556732326745987,
      -0.051655348390340805,
      0.9940817356109619
    ],
    [
      0.9982172250747681,
      0.04495510831475258,
      -0.03926059231162071,
      -0.04465826600790024,
      0.9989669919013977,
      0.008405699394643307,
      0.03959790989756584,
      -0.00663740374147892,
      0.9991936683654785
    ],
    [
      0.746199369430542,
      -0.3946206867694855,
      -0.5361539125442505,
      0.451265811920166,
      0.8919366598129272,
      -0.02842910960316658,
      0.48943403363227844,
      -0.2207341492176056,
      0.8436414003372192
    ],
    [
      0.9916590452194214,
      -0.03808501362800598,
      0.12313379347324371,
      0.04120796173810959,
      0.998887836933136,
      -0.0229148231446743,
      -0.12212412804365158,
      0.02779778279364109,
      0.9921255707740784
    ],
    [
      0.9392675757408142,
      -0.1048315167427063,
      0.3267824649810791,
      -0.06976553052663803,
      0.8739938735961914,
      0.48090291023254395,
      -0.3360196053981781,
      -0.47449466586112976,
      0.813600480556488
    ],
    [
      0.7541301846504211,
      0.4677518606185913,
      0.46097272634506226,
      -0.48086732625961304,
      0.8713562488555908,
      -0.09749364852905273,
      -0.44727426767349243,
      -0.14814381301403046,
      0.882042646408081
    ],
    [
      0.9903098940849304,
      0.13811564445495605,
      -0.014503680169582367,
      -0.13867898285388947,
      0.9890517592430115,
      -0.05044541507959366,
      0.007377589587122202,
      0.05196794867515564,
      0.9986214637756348
    ],
    [
      0.8045057058334351,
      -0.03585777059197426,
      -0.5928617119789124,
      0.2795270085334778,
      0.9035807251930237,
      0.32466378808021545,
      0.5240566730499268,
      -0.42691466212272644,
      0.7369590401649475
    ],
    [
      0.7894831299781799,
      -0.30499300360679626,
      0.532630980014801,
      0.2639937400817871,
      0.9521632790565491,
      0.1539236456155777,
      -0.5540972352027893,
      0.019091133028268814,
      0.8322330713272095
    ],
    [
      0.9611791372299194,
      -0.24084940552711487,
      0.1346338838338852,
      0.22835420072078705,
      0.9682377576828003,
      0.10183322429656982,
      -0.15488408505916595,
      -0.067135751247406,
      0.9856489300727844
    ],
    [
      0.20499731600284576,
      0.6871340870857239,
      -0.6970099806785583,
      -0.6479631662368774,
      0.6290091276168823,
      0.42952457070350647,
      0.7335665822029114,
      0.36358535289764404,
      0.5741827487945557
    ],
    [
      0.4982752799987793,
      -0.6152669191360474,
      0.6108750700950623,
      0.6748548746109009,
      0.7175634503364563,
      0.1722603589296341,
      -0.5443277359008789,
      0.326418936252594,
      0.7727600336074829
    ],
    [
      -0.5660808086395264,
      -0.3432575762271881,
      -0.7494843602180481,
      0.06877865642309189,
      0.8863458633422852,
      -0.45788711309432983,
      0.8214755654335022,
      -0.3107496201992035,
      -0.4781346023082733
    ],
    [
      0.8852794170379639,
      -0.0654318630695343,
      0.46043363213539124,
      0.2004513442516327,
      0.9470512866973877,
      -0.25082477927207947,
      -0.4196423590183258,
      0.3143445551395416,
      0.8515208959579468
    ],
    [
      0.9167971611022949,
      -0.2517271041870117,
      0.3100265562534332,
      0.3417554199695587,
      0.8961753249168396,
      -0.2829717993736267,
      -0.20660646259784698,
      0.3653809726238251,
      0.9076400995254517
    ],
    [
      0.9425786137580872,
      0.11711433529853821,
      -0.3127775192260742,
      -0.26724591851234436,
      0.8261597156524658,
      -0.49602383375167847,
      0.20031270384788513,
      0.5511299967765808,
      0.8100188374519348
    ],
    [
      0.8780472874641418,
      0.2657085657119751,
      -0.39803504943847656,
      -0.17427775263786316,
      0.9521305561065674,
      0.2511465847492218,
      0.4457131624221802,
      -0.1511499136686325,
      0.8823227286338806
    ],
    [
      0.914430558681488,
      -0.27152374386787415,
      0.30015265941619873,
      0.11877410858869553,
      0.8889589905738831,
      0.4423174262046814,
      -0.38692301511764526,
      -0.3688181936740875,
      0.8451412320137024
    ]
  ],
  "root_rot": [
    0.10604921728372574,
    0.025844985619187355,
    0.9940249919891357,
    -0.08509525656700134,
    -0.9957590103149414,
    0.034968599677085876,
    0.9907130599021912,
    -0.08829519897699356,
    -0.10340017825365067
  ],
  "root_trans": [
    -0.2517055869102478,
    0.5824925899505615,
    2.655369758605957
  ]
}