{
  "betas": [
    -0.5664892196655273,
    0.5372070074081421,
    1.1424574851989746,
    0.513327956199646,
    0.2337912619113922,
    -0.21716707944869995,
    -0.1089400053024292,
    0.42782682180404663,
    -0.06557118892669678,
    0.483804315328598
  ],
  "joints": [
    [
      0.9611726403236389,
      -0.19930772483348846,
      -0.19084951281547546,
      0.26048773527145386,
      0.8835734128952026,
      0.38915830850601196,
      0.09106729179620743,
      -0.4237622916698456,
      0.9011837840080261
    ],
    [
      0.9560608267784119,
      0.19129317998886108,
      -0.2221590280532837,
      -0.20669062435626984,
      0.9772263169288635,
      -0.048037923872470856,
      0.20791034400463104,
      0.09184536337852478,
      0.9738262891769409
    ],
    [
      0.9850932955741882,
      -0.0500202439725399,
      0.16458791494369507,
      0.0641641765832901,
      0.9945836663246155,
      -0.08177018165588379,
      -0.15960626304149628,
      0.09111190587282181,
      0.98296719789505
    ],
    [
      0.9992691278457642,
      -0.004484475590288639,
      -0.03796130418777466,
      -0.008014143444597721,
      0.9464449286460876,
      -0.32276567816734314,
      0.03737572580575943,
      0.3228340148925781,
      0.9457172751426697
    ],
    [
      0.9990077018737793,
      -0.014264113269746304,
      0.04219212010502815,
      0.02756710909307003,
      0.9420899748802185,
      -0.3342254161834717,
      -0.034981343895196915,
      0.335056871175766,
      0.9415483474731445
    ],
    [
      0.9929216504096985,
      0.09134029597043991,
      -0.07591818273067474,
      -0.08896993845701218,
      0.9954522848129272,
      0.034046418964862823,
      0.07868273556232452,
      -0.027050992473959923,
      0.996532678604126
    ],
    [
      0.9948891401290894,
      0.10005839169025421,
      0.013558994978666306,
      -0.09758327901363373,
      0.9872841835021973,
      -0.12548840045928955,
      -0.02594274841248989,
      0.12352392822504044,
      0.9920023679733276
    ],
    [
      0.9303651452064514,
      -0.02797478251159191,
      -0.3655657172203064,
      0.12607847154140472,
      0.9606874585151672,
      0.2473536729812622,
      0.34427472949028015,
      -0.2762191593647003,
      0.8973171710968018
    ],
    [
      0.9828359484672546,
      0.10567019879817963,
      0.15121972560882568,
      -0.0907328873872757,
      0.9905864000320435,
      -0.10249937325716019,
      -0.1606273353099823,
      0.08701945096254349,
      0.9831717014312744
    ],
    [
      0.9764400720596313,
      -0.13737110793590546,
      0.1664155125617981,
      0.020075200125575066,
      0.8256791234016418,
      0.5637826323509216,
      -0.21485325694084167,
      -0.5471590757369995,
      0.8089839220046997
    ],
    [
      0.9275348782539368,
      0.16827844083309174,
      0.33370861411094666,
      -0.19865991175174713,
      0.9783002734184265,
      0.058845143765211105,
      -0.3165648877620697,
      -0.12087544053792953,
      0.9408378005027771
    ],
    [
      0.9983760118484497,
      0.055598948150873184,
      0.012415912933647633,
      -0.05294087529182434,
      0.9859814643859863,
      -0.15823383629322052,
      -0.021039489656686783,
      0.1573195457458496,
      0.9873237013816833
    ],
    [
      0.9729022979736328,
      0.2001665085554123,
      -0.11573425680398941,
      -0.18127325177192688,
      0.9710437059402466,
      0.15560881793498993,
      0.1435306966304779,
      -0.13041266798973083,
      0.9810155034065247
    ],
    [
      0.9271528124809265,
      0.15356814861297607,
      0.3417666554450989,
      -0.246554896235466,
      0.9368915557861328,
      0.24788065254688263,
      -0.28213173151016235,
      -0.31408748030662537,
      0.9065046310424805
    ],
    [
      0.9324650168418884,
      -0.17331789433956146,
      0.31696978211402893,
      0.14386573433876038,
      0.9829784035682678,
      0.11426317691802979,
      -0.331378310918808,
      -0.06094532832503319,
      0.9415274858474731
    ],
    [
      0.6137189269065857,
      0.7042822241783142,
      -0.35684093832969666,
      -0.787274181842804,
      0.5799974203109741,
      -0.2092898041009903,
      0.05956774577498436,
      0.4093768298625946,
      0.9104186296463013
    ],
    [
      0.8765535950660706,
      -0.15211644768714905,
      0.45663365721702576,
      -0.014345238916575909,
      0.9400638937950134,
      0.34069645404815674,
      -0.4810903072357178,
      -0.30518922209739685,
      0.8218342661857605
    ],
    [
      -0.2740161418914795,
      -0.29914572834968567,
      -0.9140169620513916,
      -0.0232531800866127,
      0.9521761536598206,
      -0.3046635687351227,
      0.9614439010620117,
      -0.062228940427303314,
      -0.26786771416664124
    ],
    [
      -0.17102082073688507,
      0.03353124484419823,
      0.9846966862678528,
      -0.36951392889022827,
      0.9242891073226929,
      -0.09565091878175735,
      -0.9133517146110535,
      -0.38021743297576904,
      -0.1456824243068695
    ],
    [
      0.9486613273620605,
      -0.3023768365383148,
      0.09278982132673264,
      0.31431251764297485,
      0.8684560656547546,
      -0.38339513540267944,
      0.03534591943025589,
      0.39287713170051575,
      0.9189115166664124
    ],
    [
      0.9276637434959412,
      0.36038145422935486,
      -0.09780144691467285,
      -0.37092387676239014,
      0.859093189239502,
      -0.35266751050949097,
      -0.04307427629828453,
      0.3634337782859802,
      0.9306237101554871
    ],
    [
      0.9091674089431763,
      0.28539803624153137,
      -0.3032532036304474,
      -0.1618468016386032,
      0.9131367802619934,
      0.3741481304168701,
      0.38369280099868774,
      -0.2910827398300171,
      0.876384973526001
    ],
    [
      0.9632117748260498,
      -0.18931159377098083,
      0.19074676930904388,
      0.1384655386209488,
      0.9579042196273804,
      0.2514892816543579,
      -0.23032696545124054,
      -0.21582557260990143,
      0.94887775182724
    ]
  ],
  "root_rot": [
    0.4118258059024811,
    -0.07030711323022842,
    0.9085463285446167,
    -0.07435803860425949,
    -0.9962871074676514,
    -0.04339185357093811,
    0.9082237482070923,
    -0.049687840044498444,
    -0.4155246317386627
  ],
  "root_trans": [
    -0.2736286222934723,
    0.593350887298584,
    2.3131613731384277
  ]
}