{
  "betas": [
    -0.7564483880996704,
    1.0708566904067993,
    0.9410111904144287,
    0.02289643883705139,
    -0.26384514570236206,
    -0.04075188189744949,
    -0.005352973937988281,
    0.7614548206329346,
    0.23093312978744507,
    0.7857658863067627
  ],
  "joints": [
    [
      0.949371337890625,
      -0.313620388507843,
      0.01833767630159855,
      0.29214736819267273,
      0.9028198719024658,
      0.3155413568019867,
      -0.11551579087972641,
      -0.2942086160182953,
      0.948734700679779
    ],
    [
      0.955916166305542,
      0.2030365914106369,
      -0.21213306486606598,
      -0.21147838234901428,
      0.9772233366966248,
      -0.017646929249167442,
      0.2037184238433838,
      0.06173054128885269,
      0.9770814180374146
    ],
    [
      0.9963831305503845,
      -0.04210224375128746,
      0.0738111138343811,
      0.05132439732551575,
      0.9904623627662659,
      -0.12786796689033508,
      -0.0677235946059227,
      0.13119380176067352,
      0.9890408515930176
    ],
    [
      0.9928478598594666,
      0.024476664140820503,
      0.11685094982385635,
      0.001968538388609886,
      0.9752684235572815,
      -0.22101479768753052,
      -0.11937075853347778,
      0.219664067029953,
      0.9682449698448181
    ],
    [
      0.9984926581382751,
      -0.05358405411243439,
      0.011880545876920223,
      0.054814793169498444,
      0.9845370650291443,
      -0.16637937724590302,
      -0.0027815555222332478,
      0.16677981615066528,
      0.9859902262687683
    ],
    [
      0.9949371218681335,
      0.01176659855991602,
      -0.09980802983045578,
      -0.010827896185219288,
      0.9998918771743774,
      0.009941570460796356,
      0.09991423040628433,
      -0.008810526691377163,
      0.9949569702148438
    ],
    [
      0.9692410230636597,
      0.22497539222240448,
      0.09979033470153809,
      -0.1962495744228363,
      0.9511669278144836,
      -0.23825938999652863,
      -0.14851975440979004,
      0.21134690940380096,
      0.9660613536834717
    ],
    [
      0.9469757676124573,
      -0.26962220668792725,
      -0.17475935816764832,
      0.28870776295661926,
      0.9527394771575928,
      0.0945272371172905,
      0.1410134881734848,
      -0.1399693638086319,
      0.9800631999969482
    ],
    [
      0.9995597004890442,
      -0.008036362938582897,
      0.028562884777784348,
      0.009247489273548126,
      0.9990525245666504,
      -0.0425260066986084,
      -0.028194069862365723,
      0.042771417647600174,
      0.9986869692802429
    ],
    [
      0.9027640223503113,
      -0.43013325333595276,
      -0.001534986891783774,
      0.3754657506942749,
      0.7862766981124878,
      0.4907081127166748,
      -0.20986297726631165,
      -0.44357001781463623,
      0.8713226318359375
    ],
    [
      0.9032982587814331,
      0.33421722054481506,
      0.2689816653728485,
      -0.25171855092048645,
      0.9206013679504395,
      -0.2985481023788452,
      -0.3474047780036926,
      0.20197032392024994,
      0.9157062768936157
    ],
    [
      0.9990888833999634,
      0.04085399955511093,
      -0.012344087474048138,
      -0.041473597288131714,
      0.9976250529289246,
      -0.05499386787414551,
      0.01006805058568716,
      0.05545571446418762,
      0.9984104633331299
    ],
    [
      0.978557288646698,
      0.15285681188106537,
      -0.13805949687957764,
      -0.1313338428735733,
      0.9793865084648132,
      0.1534714549779892,
      0.1586727648973465,
      -0.13204872608184814,
      0.9784610867500305
    ],
    [
      0.9113912582397461,
      -0.153548464179039,
      0.3818231225013733,
      0.09408441185951233,
      0.9809575080871582,
      0.16991324722766876,
      -0.40064215660095215,
      -0.11893384158611298,
      0.9084826111793518
    ],
    [
      0.9661768674850464,
      0.05934733524918556,
      0.2509584426879883,
      -0.03711549565196037,
      0.9950286149978638,
      -0.09241435676813126,
      -0.25519540905952454,
      0.07997416704893112,
      0.9635763168334961
    ],
    [
      0.6726303100585938,
      0.6061599850654602,
      -0.4244272708892822,
      -0.6649816036224365,
      0.7467527389526367,
      0.012640145607292652,
      0.32460418343544006,
      0.2737342119216919,
      0.905373752117157
    ],
    [
      0.44935789704322815,
      -0.6365904211997986,
      0.6267616152763367,
      0.591995894908905,
      0.737616240978241,
      0.3247509002685547,
      -0.6690428256988525,
      0.22511090338230133,
      0.7083126306533813
    ],
    [
      0.40615585446357727,
      -0.2342955321073532,
      -0.8832570910453796,
      0.09153565019369125,
      0.972141683101654,
      -0.21578171849250793,
      0.9092077612876892,
      0.006791489198803902,
      0.4162874221801758
    ],
    [
      -0.5832841992378235,
      0.2572079300880432,
      0.7704697847366333,
      -0.1907288134098053,
      0.8786519169807434,
      -0.4377138912677765,
      -0.7895581126213074,
      -0.4022623896598816,
      -0.46344682574272156
    ],
    [
      0.9656228423118591,
      -0.1997784823179245,
      0.16631661355495453,
      0.2438810020685196,
      0.9176916480064392,
      -0.31363075971603394,
      -0.0899706706404686,
      0.3434104323387146,
      0.934866189956665
    ],
    [
      0.856377899646759,
      0.5095283389091492,
      -0.08365300297737122,
      -0.5161638259887695,
      0.8491061329841614,
      -0.11222124099731445,
      0.013850383460521698,
      0.1392824351787567,
      0.990155816078186
    ],
    [
      0.9239910840988159,
      0.1542493999004364,
      -0.3499250113964081,
      -0.10808949917554855,
      0.9830732345581055,
      0.14793093502521515,
      0.36682021617889404,
      -0.09886365383863449,
      0.92502361536026
    ],
    [
      0.9296868443489075,
      -0.31998151540756226,
      0.18246667087078094,
      0.19737744331359863,
      0.8509918451309204,
      0.48667749762535095,
      -0.31100544333457947,
      -0.4164429008960724,
      0.85431307554245
    ]
  ],
  "root_rot": [
    -0.16787128150463104,
    0.06246689334511757,
    -0.9838277697563171,
    0.10768917948007584,
    -0.9908558130264282,
    -0.08128821849822998,
    -0.9799093008041382,
    -0.11959356814622879,
    0.15960922837257385
  ],
  "root_trans": [
    0.5163512229919434,
    0.472472220659256,
    2.699714183807373
  ]
}