{
  "betas": [
    -0.7913036942481995,
    0.9638711214065552,
    1.8669670820236206,
    0.049383342266082764,
    0.1714581698179245,
    -0.09614414721727371,
    0.22544342279434204,
    0.6459578275680542,
    -0.16048955917358398,
    0.9726251363754272
  ],
  "joints": [
    [
      0.9790706038475037,
      -0.1594201922416687,
      -0.12651507556438446,
      0.14754711091518402,
      0.9841585159301758,
      -0.09829439222812653,
      0.14018100500106812,
      0.07757020741701126,
      0.9870826601982117
    ],
    [
      0.9777635931968689,
      0.14749552309513092,
      0.14907509088516235,
      -0.20832055807113647,
      0.6014383435249329,
      0.7712811231613159,
      0.02410103753209114,
      -0.7851859927177429,
      0.618790864944458
    ],
    [
      0.9999552369117737,
      0.008765590377151966,
      -0.003564700949937105,
      -0.009275968186557293,
      0.982477605342865,
      -0.18614976108074188,
      0.0018705285619944334,
      0.18617448210716248,
      0.9825149178504944
    ],
    [
      0.9900411367416382,
      -0.06556501984596252,
      -0.12457828223705292,
      -0.01400737278163433,
      0.8346554636955261,
      -0.55059415102005,
      0.14007967710494995,
      0.5468559265136719,
      0.82542484998703
    ],
    [
      0.9988959431648254,
      -0.028861159458756447,
      0.037063855677843094,
      0.043192703276872635,
      0.2540901303291321,
      -0.9662154912948608,
      0.018468566238880157,
      0.9667497873306274,
      0.2550562024116516
    ],
    [
      0.9922541379928589,
      -0.06797998398542404,
      -0.10397276282310486,
      0.07722575962543488,
      0.9931535720825195,
      0.08764810860157013,
      0.09730260074138641,
      -0.09499859064817429,
      0.9907105565071106
    ],
    [
      0.9965399503707886,
      -0.07523820549249649,
      0.03531838580965996,
      0.06166190654039383,
      0.9541767239570618,
      0.2928217649459839,
      -0.05573136731982231,
      -0.2896307706832886,
      0.9555145502090454
    ],
    [
      0.9155527353286743,
      -0.39621177315711975,
      0.06913222372531891,
      0.40217939019203186,
      0.9002435207366943,
      -0.16677331924438477,
      0.0038417233154177666,
      0.18049335479736328,
      0.9835686087608337
    ],
    [
      0.9993053078651428,
      -0.019279547035694122,
      0.03189371898770332,
      0.02212880551815033,
      0.9955554604530334,
      -0.09154070168733597,
      -0.02998710237443447,
      0.09218287467956543,
      0.9952905178070068
    ],
    [
      0.9124261736869812,
      -0.11028113216161728,
      0.3941020965576172,
      -0.21685835719108582,
      0.6863939762115479,
      0.6941438913345337,
      -0.34706029295921326,
      -0.7188194394111633,
      0.6023684144020081
    ],
    [
      0.9071214199066162,
      0.3912138342857361,
      0.1551850587129593,
      -0.4002361297607422,
      0.9159007668495178,
      0.030606884509325027,
      -0.13016028702259064,
      -0.08987483382225037,
      0.9874111413955688
    ],
    [
      0.9981414079666138,
      -0.014473352581262589,
      -0.059196293354034424,
      0.009808260016143322,
      0.9968775510787964,
      -0.07835175096988678,
      0.06014546379446983,
      0.07762552052736282,
      0.9951667189598083
    ],
    [
      0.6315832138061523,
      -0.015461171045899391,
      -0.7751539945602417,
      0.43501704931259155,
      0.8346576690673828,
      0.33779701590538025,
      0.6417654752731323,
      -0.5505520701408386,
      0.533881664276123
    ],
    [
      0.6634147763252258,
      -0.14534537494182587,
      0.7339997291564941,
      -0.23254965245723724,
      0.8923240303993225,
      0.38688308000564575,
      -0.7111972570419312,
      -0.4273553192615509,
      0.5581809282302856
    ],
    [
      0.9969063997268677,
      -0.07066647708415985,
      -0.03440823033452034,
      0.07492320239543915,
      0.986692488193512,
      0.14430664479732513,
      0.02375270053744316,
      -0.14643819630146027,
      0.9889346361160278
    ],
    [
      0.5714858770370483,
      0.4910699725151062,
      -0.6574603319168091,
      -0.2829941213130951,
      0.8699716925621033,
      0.40381115674972534,
      0.7702714800834656,
      -0.044714946299791336,
      0.6361464262008667
    ],
    [
      0.3993994891643524,
      -0.7383463978767395,
      0.5434378385543823,
      0.5920073986053467,
      0.6603243350982666,
      0.46205949783325195,
      -0.7000051736831665,
      0.1371729075908661,
      0.7008396983146667
    ],
    [
      0.44625231623649597,
      -0.30893540382385254,
      -0.8398914933204651,
      0.620059609413147,
      0.78346848487854,
      0.04126948118209839,
      0.6452789306640625,
      -0.5391994118690491,
      0.5411829948425293
    ],
    [
      0.15093892812728882,
      0.46441850066185,
      0.8726584911346436,
      -0.47498586773872375,
      0.80826336145401,
      -0.3479924499988556,
      -0.8669520020484924,
      -0.3619748651981354,
      0.3425906300544739
    ],
    [
      0.8786952495574951,
      -0.2643377482891083,
      0.3975175619125366,
      0.44486865401268005,
      0.7554686665534973,
      -0.48099783062934875,
      -0.1731661856174469,
      0.5994936227798462,
      0.7814223170280457
    ],
    [
      0.8891586065292358,
      0.3939072787761688,
      -0.23288194835186005,
      -0.44287312030792236,
      0.8688366413116455,
      -0.22132854163646698,
      0.11515344679355621,
      0.2999333441257477,
      0.9469845294952393
    ],
    [
      0.9860247373580933,
      0.07136499136686325,
      -0.15053991973400116,
      -0.05145715922117233,
      0.989883303642273,
      0.132223978638649,
      0.15845312178134918,
      -0.12262975424528122,
      0.9797216653823853
    ],
    [
      0.9732345342636108,
      -0.07169683277606964,
      0.21834398806095123,
      0.06749037653207779,
      0.9973633289337158,
      0.026672767475247383,
      -0.21968063712120056,
      -0.011222743429243565,
      0.9755072593688965
    ]
  ],
  "root_rot": [
    -0.9182487726211548,
    -0.2956939935684204,
    0.26340892910957336,
    0.21462705731391907,
    -0.9306105971336365,
    -0.29647794365882874,
    0.3327978849411011,
    -0.21570582687854767,
    0.9179959893226624
  ],
  "root_trans": [
    0.031666919589042664,
    0.4954419732093811,
    2.7405900955200195
  ]
}