{
  "betas": [
    -0.9383417963981628,
    0.8841509819030762,
    1.6232168674468994,
    0.39188235998153687,
    0.2632090449333191,
    -0.17276474833488464,
    -0.09695488214492798,
    0.48275232315063477,
    0.0252225399017334,
    1.0166094303131104
  ],
  "joints": [
    [
      0.9870995879173279,
      -0.15939180552959442,
      -0.015119745396077633,
      0.15906843543052673,
      0.9655715227127075,
      0.20583701133728027,
      -0.018209539353847504,
      -0.20558671653270721,
      0.9784694314002991
    ],
    [
      0.9719094634056091,
      0.1830233782529831,
      -0.14796780049800873,
      -0.1596042662858963,
      0.9745931625366211,
      0.15714521706104279,
      0.17296965420246124,
      -0.12911462783813477,
      0.9764276146888733
    ],
    [
      0.9963176846504211,
      -0.04403981938958168,
      0.07356377691030502,
      0.05123170465230942,
      0.9937750697135925,
      -0.09892614930868149,
      -0.06874916702508926,
      0.10233066231012344,
      0.9923719167709351
    ],
    [
      0.9999080896377563,
      0.00015400932170450687,
      0.013557758182287216,
      0.0004468964762054384,
      0.9990178346633911,
      -0.044307924807071686,
      -0.013551265932619572,
      0.044309910386800766,
      0.9989259243011475
    ],
    [
      0.999159038066864,
      -0.03854449465870857,
      0.013983047567307949,
      0.04055535048246384,
      0.9792457818984985,
      -0.19857746362686157,
      -0.00603877380490303,
      0.1989775449037552,
      0.9799854755401611
    ],
    [
      0.9910386204719543,
      0.04700913280248642,
      -0.12503060698509216,
      -0.04665590450167656,
      0.9988943934440613,
      0.0057534645311534405,
      0.12516285479068756,
      0.00013151120219845325,
      0.9921361804008484
    ],
    [
      0.9935095906257629,
      0.10953875631093979,
      0.030656233429908752,
      -0.10079371184110641,
      0.9726975560188293,
      -0.20904536545276642,
      -0.05271781608462334,
      0.20459865033626556,
      0.9774251580238342
    ],
    [
      0.9637404680252075,
      -0.1970420628786087,
      -0.17994080483913422,
      0.2072315663099289,
      0.9774935841560364,
      0.0395134836435318,
      0.16810517013072968,
      -0.07537016272544861,
      0.9828834533691406
    ],
    [
      0.9943918585777283,
      0.06736131757497787,
      0.08152985572814941,
      -0.06440884619951248,
      0.9971875548362732,
      -0.03831980377435684,
      -0.08388184010982513,
      0.032853662967681885,
      0.9959338307380676
    ],
    [
      0.964429497718811,
      -0.2113795131444931,
      0.1587277501821518,
      0.12506034970283508,
      0.8938759565353394,
      0.4305180609226227,
      -0.23288558423519135,
      -0.395353764295578,
      0.8885155320167542
    ],
    [
      0.9437574148178101,
      0.2474730759859085,
      0.21926933526992798,
      -0.28072890639305115,
      0.9501070380210876,
      0.13597023487091064,
      -0.17468036711215973,
      -0.1898781657218933,
      0.9661434292793274
    ],
    [
      0.9234834313392639,
      0.26816338300704956,
      0.27434805035591125,
      -0.24974890053272247,
      0.96306312084198,
      -0.10067246109247208,
      -0.29121115803718567,
      0.02445121295750141,
      0.956346333026886
    ],
    [
      0.9722891449928284,
      0.2208544909954071,
      -0.07666218280792236,
      -0.21830645203590393,
      0.9750491380691528,
      0.04026704281568527,
      0.08364254981279373,
      -0.022415360435843468,
      0.9962436556816101
    ],
    [
      0.99722820520401,
      -0.06095769628882408,
      0.042661719024181366,
      0.06048621982336044,
      0.9980937838554382,
      0.012257578782737255,
      -0.04332759231328964,
      -0.009643157944083214,
      0.9990143775939941
    ],
    [
      0.8397231101989746,
      -0.21769200265407562,
      0.4974690079689026,
      0.16505247354507446,
      0.9751025438308716,
      0.1480969786643982,
      -0.517322838306427,
      -0.04225195199251175,
      0.8547467589378357
    ],
    [
      0.6962066888809204,
      0.6911675930023193,
      -0.19386513531208038,
      -0.7178407311439514,
      0.6707192063331604,
      -0.18665622174739838,
      0.001018343959003687,
      0.2691155672073364,
      0.9631074666976929
    ],
    [
      0.8350592851638794,
      -0.5372569561004639,
      0.11845225095748901,
      0.5367981791496277,
      0.8428323268890381,
      0.038489118218421936,
      -0.1205139234662056,
      0.03144426643848419,
      0.9922135472297668
    ],
    [
      0.8998118042945862,
      -0.02366631105542183,
      -0.4356359839439392,
      -0.1484576016664505,
      0.9223294258117676,
      -0.356747567653656,
      0.4102427661418915,
      0.38567912578582764,
      0.8264094591140747
    ],
    [
      -0.6659950613975525,
      0.15111051499843597,
      0.730490505695343,
      -0.0753336101770401,
      0.9606360197067261,
      -0.26740121841430664,
      -0.7421424984931946,
      -0.23311835527420044,
      -0.628395140171051
    ],
    [
      0.9847692251205444,
      0.06669262796640396,
      0.16056682169437408,
      0.048631444573402405,
      0.7809880971908569,
      -0.6226496696472168,
      -0.16692690551280975,
      0.6209748387336731,
      0.7658497095108032
    ],
    [
      0.9010596871376038,
      0.3582671582698822,
      0.2444094866514206,
      -0.33953434228897095,
      0.9333620667457581,
      -0.11641204357147217,
      -0.269829124212265,
      0.02190878987312317,
      0.9626589417457581
    ],
    [
      0.9324864745140076,
      0.25654834508895874,
      -0.25426751375198364,
      -0.18503357470035553,
      0.9438414573669434,
      0.27372604608535767,
      0.3102121651172638,
      -0.20819778740406036,
      0.927589476108551
    ],
    [
      0.9351580142974854,
      -0.27049916982650757,
      0.22871296107769012,
      0.18255434930324554,
      0.9213361144065857,
      0.34324002265930176,
      -0.3035676181316376,
      -0.27923113107681274,
      0.9109756350517273
    ]
  ],
  "root_rot": [
    0.6490744948387146,
    -0.07155919075012207,
    0.7573517560958862,
    -0.1475771963596344,
    -0.988497257232666,
    0.0330791249871254,
    0.7462729811668396,
    -0.13323865830898285,
    -0.652168869972229
  ],
  "root_trans": [
    -0.4070836901664734,
    0.5395147800445557,
    2.2509820461273193
  ]
}