{
  "betas": [
    -0.8810353875160217,
    0.7783664464950562,
    1.5606358051300049,
    0.48133501410484314,
    0.5682705044746399,
    -0.27862459421157837,
    0.025835007429122925,
    0.5355945825576782,
    -0.1562461256980896,
    0.828579843044281
  ],
  "joints": [
    [
      0.9631646871566772,
      -0.2647310495376587,
      -0.04723628982901573,
      0.2606540024280548,
      0.8758724331855774,
      0.4060872495174408,
      -0.06613095104694366,
      -0.4034412205219269,
      0.9126126170158386
    ],
    [
      0.9663242101669312,
      0.18545468151569366,
      -0.1783931404352188,
      -0.17010734975337982,
      0.9805482625961304,
      0.09792099893093109,
      0.1930830031633377,
      -0.06427744776010513,
      0.9790747165679932
    ],
    [
      0.9961743950843811,
      -0.04976459965109825,
      0.07183397561311722,
      0.05939885228872299,
      0.9885225892066956,
      -0.13890638947486877,
      -0.06409687548875809,
      0.1426418423652649,
      0.9876968264579773
    ],
    [
      0.9991053342819214,
      0.018938029184937477,
      0.037814538925886154,
      -0.010709651745855808,
      0.9782869219779968,
      -0.2069782018661499,
      -0.040913235396146774,
      0.20638804137706757,
      0.9776145219802856
    ],
    [
      0.9969515800476074,
      -0.06978584080934525,
      0.03489384427666664,
      0.07785039395093918,
      0.9194804430007935,
      -0.38535061478614807,
      -0.0051921941339969635,
      0.3868923485279083,
      0.9221103191375732
    ],
    [
      0.986952543258667,
      0.0838702842593193,
      -0.137442484498024,
      -0.07738067954778671,
      0.9956494569778442,
      0.05190788581967354,
      0.1411980539560318,
      -0.04059522971510887,
      0.9891486763954163
    ],
    [
      0.9883261322975159,
      0.09453950077295303,
      0.11947271227836609,
      -0.06768005341291428,
      0.9749999642372131,
      -0.2116468846797943,
      -0.13649488985538483,
      0.2010902315378189,
      0.970016360282898
    ],
    [
      0.9571943879127502,
      -0.14354191720485687,
      -0.2513456344604492,
      0.20626230537891388,
      0.9474824070930481,
      0.2444031983613968,
      0.2030634582042694,
      -0.2857844829559326,
      0.9365321397781372
    ],
    [
      0.9946622252464294,
      0.09037761390209198,
      0.049789849668741226,
      -0.08648381382226944,
      0.9933899641036987,
      -0.07547814399003983,
      -0.056282270699739456,
      0.07076923549175262,
      0.9959036707878113
    ],
    [
      0.9706892371177673,
      -0.15753088891506195,
      0.18151135742664337,
      0.044636569917201996,
      0.8602598309516907,
      0.5078980326652527,
      -0.23615659773349762,
      -0.48490914702415466,
      0.8420765995979309
    ],
    [
      0.9306181073188782,
      0.2462247759103775,
      0.2707827389240265,
      -0.2863200306892395,
      0.9506412744522095,
      0.11959090083837509,
      -0.22797101736068726,
      -0.18882398307323456,
      0.9551830887794495
    ],
    [
      0.9489830136299133,
      0.1936492770910263,
      0.2488599568605423,
      -0.15770553052425385,
      0.9748895168304443,
      -0.15722407400608063,
      -0.2730572819709778,
      0.10995636880397797,
      0.9556931257247925
    ],
    [
      0.9566527009010315,
      0.27165305614471436,
      -0.10497765243053436,
      -0.25691407918930054,
      0.9569477438926697,
      0.13507844507694244,
      0.13715259730815887,
      -0.10225290805101395,
      0.985258162021637
    ],
    [
      0.9896543622016907,
      0.1259404718875885,
      0.0687255933880806,
      -0.13888972997665405,
      0.9610738158226013,
      0.23884472250938416,
      -0.03597014397382736,
      -0.24591901898384094,
      0.9686227440834045
    ],
    [
      0.8424913883209229,
      -0.15955252945423126,
      0.514539897441864,
      0.11152727156877518,
      0.9860993027687073,
      0.12316609919071198,
      -0.5270388722419739,
      -0.0463811457157135,
      0.8485746383666992
    ],
    [
      0.7483484148979187,
      0.6362188458442688,
      -0.18761736154556274,
      -0.6618017554283142,
      0.7351987361907959,
      -0.14663316309452057,
      0.0446452796459198,
      0.23389816284179688,
      0.9712355732917786
    ],
    [
      0.9776334166526794,
      -0.01649843528866768,
      0.20966802537441254,
      -0.07316885888576508,
      0.907961905002594,
      0.41261547803878784,
      -0.19717808067798615,
      -0.418727844953537,
      0.8864467144012451
    ],
    [
      0.8758335709571838,
      -0.08163606375455856,
      -0.4756585359573364,
      -0.010532109998166561,
      0.9821217656135559,
      -0.18795186281204224,
      0.48249825835227966,
      0.16962425410747528,
      0.8593153953552246
    ],
    [
      -0.3536594808101654,
      -0.022814657539129257,
      0.9350959062576294,
      -0.5988346338272095,
      0.773495078086853,
      -0.2076113224029541,
      -0.7185554504394531,
      -0.6333915591239929,
      -0.28721606731414795
    ],
    [
      0.9626176357269287,
      -0.12584099173545837,
      0.2398570477962494,
      0.2484254240989685,
      0.7630761861801147,
      -0.5966570377349854,
      -0.10794525593519211,
      0.6339391469955444,
      0.7658126950263977
    ],
    [
      0.854350745677948,
      0.48222434520721436,
      -0.19376416504383087,
      -0.5152164101600647,
      0.7370611429214478,
      -0.43737053871154785,
      -0.06809467822313309,
      0.47349831461906433,
      0.8781586289405823
    ],
    [
      0.93670654296875,
      0.185243159532547,
      -0.2970954179763794,
      -0.12840323150157928,
      0.9711981415748596,
      0.200715571641922,
      0.3257197141647339,
      -0.149863600730896,
      0.9335134625434875
    ],
    [
      0.9546423554420471,
      -0.24383758008480072,
      0.1708836853504181,
      0.19356006383895874,
      0.9443049430847168,
      0.2661250829696655,
      -0.22625763714313507,
      -0.2209780216217041,
      0.9486706852912903
    ]
  ],
  "root_rot": [
    0.5492441058158875,
    -0.09327971935272217,
    0.8304394483566284,
    -0.108733631670475,
    -0.9932796359062195,
    -0.039655547589063644,
    0.8285576701164246,
    -0.06851612776517868,
    -0.555695652961731
  ],
  "root_trans": [
    -0.37593162059783936,
    0.5886256694793701,
    2.276080846786499
  ]
}