{
  "betas": [
    -0.5795537233352661,
    1.296756625175476,
    0.8162181377410889,
    -0.1267509162425995,
    0.0694476068019867,
    0.6073502898216248,
    0.1240377128124237,
    0.6186020970344543,
    -0.06179541349411011,
    0.4316585063934326
  ],
  "joints": [
    [
      0.9800717830657959,
      -0.17406049370765686,
      -0.09571949392557144,
      0.1985313594341278,
      0.8744944930076599,
      0.4425433576107025,
      0.006676855962723494,
      -0.4527275860309601,
      0.891623854637146
    ],
    [
      0.9358199834823608,
      0.17125841975212097,
      -0.30807724595069885,
      -0.21501055359840393,
      0.969943106174469,
      -0.11393322050571442,
      0.2793053984642029,
      0.17286083102226257,
      0.9445145130157471
    ],
    [
      0.9761578440666199,
      -0.04500358924269676,
      0.21234513819217682,
      0.07363399863243103,
      0.988918662071228,
      -0.1289106011390686,
      -0.20419062674045563,
      0.1414729356765747,
      0.9686545133590698
    ],
    [
      0.9977966547012329,
      0.042109936475753784,
      0.05126946419477463,
      -0.019922014325857162,
      0.9272616505622864,
      -0.3738834857940674,
      -0.06328441947698593,
      0.372038334608078,
      0.9260575175285339
    ],
    [
      0.9966892004013062,
      -0.06308986991643906,
      0.05128423497080803,
      0.06749172508716583,
      0.9937248229980469,
      -0.08919545263051987,
      -0.045335087925195694,
      0.09236142784357071,
      0.994692862033844
    ],
    [
      0.9973331093788147,
      -0.058059122413396835,
      -0.04422565922141075,
      0.06277627497911453,
      0.9914899468421936,
      0.11404785513877869,
      0.037227775901556015,
      -0.11652001738548279,
      0.9924904704093933
    ],
    [
      0.9652116298675537,
      0.21864597499370575,
      0.1433890163898468,
      -0.19193540513515472,
      0.9648884534835815,
      -0.17930713295936584,
      -0.17755918204784393,
      0.14554789662361145,
      0.9732874631881714
    ],
    [
      0.8464015126228333,
      -0.2854209542274475,
      -0.4495992362499237,
      0.36169981956481934,
      0.9277483224868774,
      0.09195845574140549,
      0.39086803793907166,
      -0.24045372009277344,
      0.8884842991828918
    ],
    [
      0.9845417141914368,
      -0.07886509597301483,
      0.1563902497291565,
      0.08967651426792145,
      0.993956446647644,
      -0.06331462413072586,
      -0.15045177936553955,
      0.07636041939258575,
      0.9856639504432678
    ],
    [
      0.9126095175743103,
      -0.4052097201347351,
      0.05430426821112633,
      0.2830350995063782,
      0.7220520377159119,
      0.6312939524650574,
      -0.29501691460609436,
      -0.5607548356056213,
      0.7736401557922363
    ],
    [
      0.7821921706199646,
      0.4439517557621002,
      0.43712955713272095,
      -0.2982134222984314,
      0.8827973008155823,
      -0.3629569113254547,
      -0.5470321178436279,
      0.15354415774345398,
      0.8229095339775085
    ],
    [
      0.9748179316520691,
      0.105307437479496,
      -0.19657112658023834,
      -0.1252988576889038,
      0.9878283739089966,
      -0.09216977655887604,
      0.18447236716747284,
      0.11447890102863312,
      0.9761477112770081
    ],
    [
      0.8330466747283936,
      -0.41658535599708557,
      -0.3639916777610779,
      0.5310400128364563,
      0.7865608930587769,
      0.3151482343673706,
      0.1550154834985733,
      -0.4558273255825043,
      0.8764654397964478
    ],
    [
      0.8564402461051941,
      -0.07481840252876282,
      0.5107956528663635,
      0.01154479943215847,
      0.9919704794883728,
      0.125941202044487,
      -0.5161169767379761,
      -0.10196410119533539,
      0.8504272103309631
    ],
    [
      0.9989427924156189,
      -0.0024114460684359074,
      -0.045907068997621536,
      0.002066738437861204,
      0.9999693036079407,
      -0.007554806303232908,
      0.045923877507448196,
      0.007451941259205341,
      0.9989171028137207
    ],
    [
      0.937294602394104,
      0.027449369430541992,
      -0.3474554121494293,
      0.010732029564678669,
      0.994148313999176,
      0.1074894592165947,
      0.3483727276325226,
      -0.10447819530963898,
      0.9315152764320374
    ],
    [
      0.8900899291038513,
      -0.22551874816417694,
      0.39608249068260193,
      0.10620328038930893,
      0.9477115273475647,
      0.30093804001808167,
      -0.44323912262916565,
      -0.225796639919281,
      0.8674992918968201
    ],
    [
      -0.04607217013835907,
      0.02645767666399479,
      -0.9985877275466919,
      0.262128621339798,
      0.9649389386177063,
      0.013472232036292553,
      0.9639325141906738,
      -0.2611377537250519,
      -0.051392145454883575
    ],
    [
      0.5638312101364136,
      0.17264777421951294,
      0.807642936706543,
      -0.5622060298919678,
      0.7965866923332214,
      0.22220264375209808,
      -0.6049948334693909,
      -0.5793465375900269,
      0.5462040901184082
    ],
    [
      0.9837676882743835,
      0.05614667013287544,
      0.1704368144273758,
      0.031737424433231354,
      0.8803774118423462,
      -0.4732106924057007,
      -0.17661793529987335,
      0.4709385931491852,
      0.8643049001693726
    ],
    [
      0.9791868925094604,
      -0.016653086990118027,
      -0.20227620005607605,
      -0.10074865072965622,
      0.8252875804901123,
      -0.555652916431427,
      0.1761893779039383,
      0.5644671320915222,
      0.8064330220222473
    ],
    [
      0.89829421043396,
      0.23882906138896942,
      -0.36882004141807556,
      -0.1508464366197586,
      0.9559902548789978,
      0.2516505718231201,
      0.41268983483314514,
      -0.1704210638999939,
      0.8947870135307312
    ],
    [
      0.9609670639038086,
      -0.1848522424697876,
      0.20584440231323242,
      0.11596553772687912,
      0.9446406364440918,
      0.3069300651550293,
      -0.25118568539619446,
      -0.27107885479927063,
      0.9292050004005432
    ]
  ],
  "root_rot": [
    0.0936582013964653,
    0.024584852159023285,
    -0.995300829410553,
    0.13026338815689087,
    -0.9914039969444275,
    -0.012230759486556053,
    -0.9870458841323853,
    -0.12850575149059296,
    -0.09605561941862106
  ],
  "root_trans": [
    0.4717474579811096,
    0.4723462462425232,
    2.6503310203552246
  ]
}