{
  "betas": [
    -0.9134764075279236,
    0.640660285949707,
    1.9583686590194702,
    0.41527777910232544,
    0.4137868285179138,
    -0.07691433280706406,
    0.21698543429374695,
    0.4563311040401459,
    -0.25391483306884766,
    0.999195396900177
  ],
  "joints": [
    [
      0.9687848091125488,
      -0.2475467473268509,
      0.01328727975487709,
      0.2358754426240921,
      0.9369492530822754,
      0.2578543424606323,
      -0.07628051191568375,
      -0.24667124450206757,
      0.9660924077033997
    ],
    [
      0.9242692589759827,
      0.3289506435394287,
      -0.19369536638259888,
      -0.2845340669155121,
      0.9319078326225281,
      0.22491809725761414,
      0.25449317693710327,
      -0.1527719348669052,
      0.9549314379692078
    ],
    [
      0.9938614964485168,
      -0.08982650190591812,
      0.06458045542240143,
      0.09670618176460266,
      0.9889037609100342,
      -0.11277075856924057,
      -0.05373406037688255,
      0.11832383275032043,
      0.9915201663970947
    ],
    [
      0.9996836185455322,
      -0.004229728132486343,
      0.024794070050120354,
      0.0073869903571903706,
      0.9916601777076721,
      -0.12866836786270142,
      -0.024043060839176178,
      0.1288108229637146,
      0.9913776516914368
    ],
    [
      0.9983175992965698,
      -0.05692525953054428,
      -0.011019700206816196,
      0.053258202970027924,
      0.9754090905189514,
      -0.21387095749378204,
      0.022923370823264122,
      0.21292425692081451,
      0.9767997860908508
    ],
    [
      0.994134783744812,
      0.03596532344818115,
      -0.10199267417192459,
      -0.032387349754571915,
      0.9988077878952026,
      0.03652280196547508,
      0.10318464785814285,
      -0.03300531581044197,
      0.9941143989562988
    ],
    [
      0.9991781115531921,
      0.04016624391078949,
      0.005460917949676514,
      -0.039015576243400574,
      0.9894871711730957,
      -0.13925853371620178,
      -0.010997001081705093,
      0.138931006193161,
      0.9902410507202148
    ],
    [
      0.934637188911438,
      -0.24289804697036743,
      -0.25971874594688416,
      0.26818931102752686,
      0.9610834717750549,
      0.06628105789422989,
      0.23351183533668518,
      -0.13160254061222076,
      0.963407039642334
    ],
    [
      0.9953022003173828,
      0.05774419754743576,
      0.07771161198616028,
      -0.05230558663606644,
      0.9961543679237366,
      -0.07028893381357193,
      -0.08147154748439789,
      0.0658939778804779,
      0.9944949746131897
    ],
    [
      0.9482367038726807,
      -0.11554864048957825,
      0.29579654335975647,
      -0.0033245934173464775,
      0.9277908802032471,
      0.3730858266353607,
      -0.31754690408706665,
      -0.3547571003437042,
      0.8793812394142151
    ],
    [
      0.9368420243263245,
      0.2865052819252014,
      0.2006036937236786,
      -0.29581117630004883,
      0.9550879597663879,
      0.01740005798637867,
      -0.18660897016525269,
      -0.07564190030097961,
      0.9795179963111877
    ],
    [
      0.9746485948562622,
      0.19576208293437958,
      0.10833907127380371,
      -0.17307624220848083,
      0.9665243029594421,
      -0.1894080638885498,
      -0.14179125428199768,
      0.16585537791252136,
      0.975903332233429
    ],
    [
      0.9729512333869934,
      0.21114225685596466,
      -0.09372743219137192,
      -0.20426131784915924,
      0.9758136868476868,
      0.07787732034921646,
      0.10790371894836426,
      -0.05662594363093376,
      0.992547333240509
    ],
    [
      0.9825677275657654,
      -0.03923037275671959,
      0.1817186027765274,
      2.3298784071812406e-05,
      0.9775068759918213,
      0.2109033316373825,
      -0.18590500950813293,
      -0.2072225660085678,
      0.9604676365852356
    ],
    [
      0.9011887311935425,
      -0.12248330563306808,
      0.41576042771339417,
      0.076767198741436,
      0.9891805052757263,
      0.12501516938209534,
      -0.42657434940338135,
      -0.08074549585580826,
      0.9008409976959229
    ],
    [
      0.7486369609832764,
      0.6577156186103821,
      -0.08338353037834167,
      -0.6530090570449829,
      0.7097916007041931,
      -0.2641495168209076,
      -0.11455032974481583,
      0.2522023022174835,
      0.9608705043792725
    ],
    [
      0.8201037049293518,
      -0.4221256971359253,
      0.3863157033920288,
      0.2643001079559326,
      0.8782327771186829,
      0.39856305718421936,
      -0.5075188875198364,
      -0.2247597575187683,
      0.8318098187446594
    ],
    [
      0.7609659433364868,
      -0.11715373396873474,
      -0.6381267309188843,
      -0.12886658310890198,
      0.9366717338562012,
      -0.32563692331314087,
      0.6358649134635925,
      0.3300318419933319,
      0.6976780891418457
    ],
    [
      -0.6408355236053467,
      0.03741229325532913,
      0.7667660713195801,
      -0.5771522521972656,
      0.6351104974746704,
      -0.5133516192436218,
      -0.5061869025230408,
      -0.7715147137641907,
      -0.38540878891944885
    ],
    [
      0.9774549603462219,
      -0.07708604633808136,
      0.1965695023536682,
      0.17703668773174286,
      0.806551992893219,
      -0.564031720161438,
      -0.11506454646587372,
      0.5861155986785889,
      0.8020153045654297
    ],
    [
      0.8171037435531616,
      0.567433774471283,
      -0.1017855703830719,
      -0.5614969730377197,
      0.74334317445755,
      -0.3635410666465759,
      -0.13062390685081482,
      0.35420307517051697,
      0.9260008335113525
    ],
    [
      0.8033165335655212,
      0.29609763622283936,
      -0.5167288184165955,
      -0.1849232316017151,
      0.9487743377685547,
      0.2561846077442169,
      0.5661147832870483,
      -0.11024215817451477,
      0.8169214129447937
    ],
    [
      0.9490576982498169,
      -0.28837284445762634,
      0.1270061433315277,
      0.2460755705833435,
      0.9300416111946106,
      0.2728908956050873,
      -0.19681531190872192,
      -0.22773610055446625,
      0.9536246657371521
    ]
  ],
  "root_rot": [
    0.47118645906448364,
    -0.07129830867052078,
    0.8791472315788269,
    -0.19966024160385132,
    -0.9794771671295166,
    0.027574608102440834,
    0.859138548374176,
    -0.188523530960083,
    -0.4757518172264099
  ],
  "root_trans": [
    -0.41815856099128723,
    0.5444768667221069,
    2.3471221923828125
  ]
}