{
  "betas": [
    -0.7692001461982727,
    1.1313453912734985,
    1.2618881464004517,
    0.16790905594825745,
    0.22628767788410187,
    -0.4518013596534729,
    0.06680916249752045,
    0.6348907947540283,
    -0.16234099864959717,
    1.0053515434265137
  ],
  "joints": [
    [
      0.9262838959693909,
      -0.375537633895874,
      0.031139815226197243,
      0.3504510521888733,
      0.8888761401176453,
      0.29509881138801575,
      -0.1385001540184021,
      -0.2624322772026062,
      0.9549592137336731
    ],
    [
      0.9113484621047974,
      0.4023182988166809,
      -0.08708570152521133,
      -0.37327003479003906,
      0.8968892097473145,
      0.23719026148319244,
      0.17353221774101257,
      -0.1836564987897873,
      0.9675519466400146
    ],
    [
      0.9979401230812073,
      -0.0636216253042221,
      0.008242308162152767,
      0.06414307653903961,
      0.9872171878814697,
      -0.14590342342853546,
      0.0011456642532721162,
      0.14613156020641327,
      0.9892645478248596
    ],
    [
      0.9950702786445618,
      0.09610243141651154,
      -0.024481572210788727,
      -0.09899944812059402,
      0.9480596780776978,
      -0.3022942841053009,
      -0.0058412025682628155,
      0.3032277524471283,
      0.9529001116752625
    ],
    [
      0.9975330829620361,
      0.04012332111597061,
      0.05760156363248825,
      -0.0046991887502372265,
      0.8568801283836365,
      -0.5154944062232971,
      -0.0700409784913063,
      0.5139519572257996,
      0.8549548387527466
    ],
    [
      0.983386754989624,
      0.08774641901254654,
      -0.1589062213897705,
      -0.0961582213640213,
      0.9943011999130249,
      -0.04602925851941109,
      0.15396174788475037,
      0.0605446957051754,
      0.9862201809883118
    ],
    [
      0.9876344799995422,
      0.09060495346784592,
      0.1279408484697342,
      -0.07260096073150635,
      0.9876306056976318,
      -0.13897822797298431,
      -0.1389504075050354,
      0.12797106802463531,
      0.9819960594177246
    ],
    [
      0.8871272802352905,
      -0.2889837324619293,
      -0.35985198616981506,
      0.3426859378814697,
      0.9347181916236877,
      0.09417111426591873,
      0.30914628505706787,
      -0.20685799419879913,
      0.9282446503639221
    ],
    [
      0.9922196269035339,
      0.1178286150097847,
      0.04020768031477928,
      -0.11653485149145126,
      0.992633581161499,
      -0.03313974291086197,
      -0.043816301971673965,
      0.0281963087618351,
      0.9986416697502136
    ],
    [
      0.9733121991157532,
      -0.20433472096920013,
      0.10445371270179749,
      0.12928520143032074,
      0.8643022775650024,
      0.48607295751571655,
      -0.18960118293762207,
      -0.4595964848995209,
      0.8676534295082092
    ],
    [
      0.885061502456665,
      0.3668960630893707,
      0.2864496409893036,
      -0.41567546129226685,
      0.8999315500259399,
      0.13167063891887665,
      -0.20947562158107758,
      -0.23560670018196106,
      0.9490044713020325
    ],
    [
      0.9514467716217041,
      0.2524331510066986,
      0.17614343762397766,
      -0.21852938830852509,
      0.9569512009620667,
      -0.1910213977098465,
      -0.21678084135055542,
      0.14325419068336487,
      0.9656521677970886
    ],
    [
      0.9343293905258179,
      0.3343527615070343,
      -0.12343773990869522,
      -0.32242903113365173,
      0.9405232667922974,
      0.10703062266111374,
      0.15188203752040863,
      -0.060201939195394516,
      0.9865635633468628
    ],
    [
      0.9999288320541382,
      0.002749169711023569,
      0.011610142886638641,
      -0.0042362213134765625,
      0.9914958477020264,
      0.13006940484046936,
      -0.01115382555872202,
      -0.13010932505130768,
      0.9914369583129883
    ],
    [
      0.8689472079277039,
      -0.20526379346847534,
      0.45033055543899536,
      0.1320091038942337,
      0.9730978608131409,
      0.1888231635093689,
      -0.4769742488861084,
      -0.10462962836027145,
      0.8726673722267151
    ],
    [
      0.8126678466796875,
      0.5455328822135925,
      -0.20485319197177887,
      -0.5696095824241638,
      0.8178409934043884,
      -0.08173764497041702,
      0.12294676899909973,
      0.18311189115047455,
      0.9753738641738892
    ],
    [
      0.9941540360450745,
      -0.08850845694541931,
      0.06183889880776405,
      0.06925938278436661,
      0.9621343612670898,
      0.2636295557022095,
      -0.08283078670501709,
      -0.2578054666519165,
      0.9626398086547852
    ],
    [
      0.672601580619812,
      -0.21877716481685638,
      -0.7069255113601685,
      0.2324886918067932,
      0.9694011211395264,
      -0.07880682498216629,
      0.7025354504585266,
      -0.11134658753871918,
      0.7028839588165283
    ],
    [
      -0.5062538385391235,
      -0.03136782720685005,
      0.8618138432502747,
      -0.3521742820739746,
      0.919731080532074,
      -0.17340126633644104,
      -0.7871977090835571,
      -0.3912937343120575,
      -0.47666433453559875
    ],
    [
      0.9536577463150024,
      -0.21169251203536987,
      0.2138298898935318,
      0.29405489563941956,
      0.8063430190086365,
      -0.5131692290306091,
      -0.06378614157438278,
      0.5522655248641968,
      0.8312245011329651
    ],
    [
      0.9157013893127441,
      0.36705124378204346,
      0.16359825432300568,
      -0.2927010655403137,
      0.8881372213363647,
      -0.35431385040283203,
      -0.27534905076026917,
      0.2765602767467499,
      0.9207047820091248
    ],
    [
      0.9682378172874451,
      0.059930965304374695,
      -0.242742121219635,
      -0.03430331125855446,
      0.9935085773468018,
      0.10846150666475296,
      0.2476666122674942,
      -0.09668968617916107,
      0.9640083909034729
    ],
    [
      0.9555113315582275,
      -0.2326095998287201,
      0.18135838210582733,
      0.18633447587490082,
      0.9526784420013428,
      0.24017333984375,
      -0.22864285111427307,
      -0.19569502770900726,
      0.9536382555961609
    ]
  ],
  "root_rot": [
    0.4209705591201782,
    -0.12302528321743011,
    0.8986926674842834,
    -0.2231740653514862,
    -0.9743517637252808,
    -0.02884211763739586,
    0.8791911602020264,
    -0.18842321634292603,
    -0.43762946128845215
  ],
  "root_trans": [
    -0.3504006564617157,
    0.5653875470161438,
    2.404265880584717
  ]
}