{
  "betas": [
    -0.3801746964454651,
    1.1718395948410034,
    1.185500144958496,
    0.20768192410469055,
    0.14457860589027405,
    0.0010330192744731903,
    0.4519270360469818,
    0.6345394849777222,
    -0.07618537545204163,
    1.013805866241455
  ],
  "joints": [
    [
      0.9091169238090515,
      -0.415551096200943,
      0.028702856972813606,
      0.38515743613243103,
      0.8648626804351807,
      0.3219725489616394,
      -0.15862005949020386,
      -0.28165552020072937,
      0.9463139176368713
    ],
    [
      0.9221317172050476,
      0.37444114685058594,
      -0.09729752689599991,
      -0.3268093466758728,
      0.8885188102722168,
      0.32207128405570984,
      0.2070474475622177,
      -0.26519444584846497,
      0.9417022466659546
    ],
    [
      0.9964690208435059,
      -0.08336204290390015,
      -0.010011733509600163,
      0.08010634779930115,
      0.9796528816223145,
      -0.18401998281478882,
      0.0251483004540205,
      0.18256820738315582,
      0.9828715920448303
    ],
    [
      0.9982690811157227,
      0.05393728241324425,
      0.023441215977072716,
      -0.041806548833847046,
      0.9311646223068237,
      -0.3621941804885864,
      -0.041363392025232315,
      0.36058729887008667,
      0.9318077564239502
    ],
    [
      0.9996806383132935,
      0.0033342954702675343,
      0.025050178170204163,
      0.011120951734483242,
      0.8320708870887756,
      -0.554557740688324,
      -0.02269258350133896,
      0.5546592473983765,
      0.8317680954933167
    ],
    [
      0.9887562394142151,
      0.1272871196269989,
      -0.07847972959280014,
      -0.11857171356678009,
      0.9871430993080139,
      0.10718798637390137,
      0.09111437201499939,
      -0.09667731821537018,
      0.9911365509033203
    ],
    [
      0.9804426431655884,
      0.13360004127025604,
      0.14451053738594055,
      -0.08160185813903809,
      0.9441549777984619,
      -0.31923753023147583,
      -0.1790904700756073,
      0.301201730966568,
      0.9365918040275574
    ],
    [
      0.9373947978019714,
      -0.24561797082424164,
      -0.24690662324428558,
      0.2794954180717468,
      0.9535250663757324,
      0.11257153749465942,
      0.20778203010559082,
      -0.17453323304653168,
      0.962478518486023
    ],
    [
      0.9932664036750793,
      0.11131265759468079,
      0.03211119398474693,
      -0.11029379069805145,
      0.9933860301971436,
      -0.031930048018693924,
      -0.03545302897691727,
      0.028173385187983513,
      0.998974084854126
    ],
    [
      0.9823394417762756,
      -0.17051725089550018,
      0.07702633738517761,
      0.09501703083515167,
      0.8092583417892456,
      0.579717755317688,
      -0.161186084151268,
      -0.5621607899665833,
      0.8111684322357178
    ],
    [
      0.9240581393241882,
      0.349843829870224,
      0.15403173863887787,
      -0.3218770921230316,
      0.9294910430908203,
      -0.18011534214019775,
      -0.20618334412574768,
      0.11685775965452194,
      0.9715104699134827
    ],
    [
      0.9573936462402344,
      0.22206637263298035,
      0.18461845815181732,
      -0.19138072431087494,
      0.9666378498077393,
      -0.1702488660812378,
      -0.2162657380104065,
      0.1276627629995346,
      0.9679521322250366
    ],
    [
      0.943473756313324,
      0.33144494891166687,
      0.0011561288265511394,
      -0.32893896102905273,
      0.9359006881713867,
      0.12605151534080505,
      0.0406971201300621,
      -0.11930660903453827,
      0.9920228719711304
    ],
    [
      0.9879066944122314,
      0.1477745771408081,
      0.04693612456321716,
      -0.15381300449371338,
      0.9721996784210205,
      0.1765483319759369,
      -0.01954193040728569,
      -0.18163266777992249,
      0.9831722378730774
    ],
    [
      0.8465437293052673,
      -0.008903254754841328,
      0.5322447419166565,
      -0.03984050452709198,
      0.9959961175918579,
      0.08002772182226181,
      -0.530826210975647,
      -0.08895186334848404,
      0.8427995443344116
    ],
    [
      0.7592179775238037,
      0.588282585144043,
      -0.2784091830253601,
      -0.6385054588317871,
      0.7561202049255371,
      -0.14350266754627228,
      0.12609069049358368,
      0.286715567111969,
      0.9496816992759705
    ],
    [
      0.9622567296028137,
      -0.0742703452706337,
      0.2618127763271332,
      -0.02669607847929001,
      0.9316392540931702,
      0.36240264773368835,
      -0.27083081007003784,
      -0.35571375489234924,
      0.8944934010505676
    ],
    [
      0.8757435083389282,
      -0.08806874603033066,
      -0.4746760427951813,
      -0.010750851593911648,
      0.9794191122055054,
      -0.20155055820941925,
      0.4826570749282837,
      0.18160973489284515,
      0.8567731380462646
    ],
    [
      -0.4588038921356201,
      -0.06064814329147339,
      0.8864653706550598,
      -0.4313527047634125,
      0.8874207735061646,
      -0.1625397801399231,
      -0.7768100500106812,
      -0.45695313811302185,
      -0.4333128333091736
    ],
    [
      0.98911052942276,
      -0.13627421855926514,
      0.05558553710579872,
      0.1461326777935028,
      0.8644991517066956,
      -0.48092252016067505,
      0.01748373731970787,
      0.48380836844444275,
      0.8749993443489075
    ],
    [
      0.8277055025100708,
      0.5593867301940918,
      0.04460928589105606,
      -0.5154030323028564,
      0.7892469167709351,
      -0.3338397443294525,
      -0.22195328772068024,
      0.25332924723625183,
      0.9415736198425293
    ],
    [
      0.9628800749778748,
      0.17006158828735352,
      -0.20962122082710266,
      -0.13837391138076782,
      0.9777562618255615,
      0.15762390196323395,
      0.23176425695419312,
      -0.12276680022478104,
      0.9649941325187683
    ],
    [
      0.9313238263130188,
      -0.2815713882446289,
      0.23098373413085938,
      0.24312028288841248,
      0.9528962969779968,
      0.1813315451145172,
      -0.27116134762763977,
      -0.11272156238555908,
      0.9559107422828674
    ]
  ],
  "root_rot": [
    -0.6359865069389343,
    0.06842222809791565,
    -0.7686609029769897,
    0.010149731300771236,
    -0.9952337145805359,
    -0.09698842465877533,
    -0.771633505821228,
    -0.06948502361774445,
    0.6322607398033142
  ],
  "root_trans": [
    0.43754351139068604,
    0.5150070190429688,
    2.7868151664733887
  ]
}