{
  "betas": [
    -0.6278707981109619,
    1.1014176607131958,
    0.9177103042602539,
    0.07275497913360596,
    -0.12731701135635376,
    0.030802175402641296,
    0.216716468334198,
    0.6451370716094971,
    0.21010750532150269,
    0.9526509642601013
  ],
  "joints": [
    [
      0.8891198039054871,
      -0.45301803946495056,
      0.06511928141117096,
      0.4179864823818207,
      0.8617124557495117,
      0.28764376044273376,
      -0.18642190098762512,
      -0.22853080928325653,
      0.9555210471153259
    ],
    [
      0.8867318630218506,
      0.4447578191757202,
      -0.1260836124420166,
      -0.3984173536300659,
      0.8735783100128174,
      0.2795078456401825,
      0.23445717990398407,
      -0.1976146250963211,
      0.9518289566040039
    ],
    [
      0.9990309476852417,
      -0.039884842932224274,
      0.018611254170536995,
      0.04280632734298706,
      0.9788427948951721,
      -0.20008617639541626,
      -0.010237084701657295,
      0.20068895816802979,
      0.9796015620231628
    ],
    [
      0.998201847076416,
      0.044268034398555756,
      0.04041553661227226,
      -0.03162499889731407,
      0.961698055267334,
      -0.27228036522865295,
      -0.050920866429805756,
      0.2705126404762268,
      0.96136873960495
    ],
    [
      0.9998915195465088,
      -0.001249257242307067,
      0.01467557717114687,
      0.007815388031303883,
      0.8895540833473206,
      -0.4567629396915436,
      -0.012484107166528702,
      0.4568280875682831,
      0.8894673585891724
    ],
    [
      0.9945603013038635,
      0.03843086585402489,
      -0.09681347012519836,
      -0.03582543879747391,
      0.9989513754844666,
      0.028508489951491356,
      0.09780754894018173,
      -0.02488502860069275,
      0.9948942065238953
    ],
    [
      0.9828718900680542,
      0.1318153738975525,
      0.12879231572151184,
      -0.09085168689489365,
      0.9546049237251282,
      -0.2836817800998688,
      -0.16033941507339478,
      0.2671218514442444,
      0.9502300024032593
    ],
    [
      0.9181679487228394,
      -0.2893223166465759,
      -0.2706662714481354,
      0.2955585718154907,
      0.9551478624343872,
      -0.018373874947428703,
      0.26384228467941284,
      -0.06312743574380875,
      0.9624978303909302
    ],
    [
      0.9991416335105896,
      0.03192587569355965,
      0.026395654305815697,
      -0.03249574825167656,
      0.9992417097091675,
      0.021450096741318703,
      -0.025690823793411255,
      -0.02228943258523941,
      0.9994214773178101
    ],
    [
      0.971075713634491,
      -0.21359321475028992,
      0.10672346502542496,
      0.1313377469778061,
      0.8510957360267639,
      0.508317232131958,
      -0.1994050145149231,
      -0.47959771752357483,
      0.8545312285423279
    ],
    [
      0.9046027064323425,
      0.38155558705329895,
      0.1900244653224945,
      -0.3296663165092468,
      0.9088530540466309,
      -0.25555092096328735,
      -0.27021118998527527,
      0.16852737963199615,
      0.9479369521141052
    ],
    [
      0.9768693447113037,
      0.17126359045505524,
      0.1280437707901001,
      -0.16598838567733765,
      0.9848145842552185,
      -0.05087273195385933,
      -0.13481202721595764,
      0.028442228212952614,
      0.9904629588127136
    ],
    [
      0.9447657465934753,
      0.3152545988559723,
      -0.08962279558181763,
      -0.3037547171115875,
      0.9449314475059509,
      0.12180976569652557,
      0.12308848649263382,
      -0.08785834163427353,
      0.9884989261627197
    ],
    [
      0.971484899520874,
      -0.23111937940120697,
      0.05292291194200516,
      0.2306285798549652,
      0.9729217886924744,
      0.015284718945622444,
      -0.055022452026605606,
      -0.002643338870257139,
      0.9984815716743469
    ],
    [
      0.9165648221969604,
      0.016296561807394028,
      0.39955392479896545,
      -0.0038329807575792074,
      0.9994813799858093,
      -0.03197299689054489,
      -0.3998677432537079,
      0.027773844078183174,
      0.9161519408226013
    ],
    [
      0.741340160369873,
      0.5181868076324463,
      -0.42649412155151367,
      -0.5770095586776733,
      0.8166669607162476,
      -0.010725393891334534,
      0.34274590015411377,
      0.2540423572063446,
      0.9044267535209656
    ],
    [
      0.7261467576026917,
      -0.6291327476501465,
      0.2773134410381317,
      0.6187723278999329,
      0.7738301157951355,
      0.13530635833740234,
      -0.2997191250324249,
      0.07334159314632416,
      0.9512041807174683
    ],
    [
      0.6931960582733154,
      -0.1271592229604721,
      -0.7094434499740601,
      0.06488312780857086,
      0.9913268685340881,
      -0.11428625136613846,
      0.717822790145874,
      0.033191852271556854,
      0.6954343914985657
    ],
    [
      -0.3883020579814911,
      0.11717153340578079,
      0.9140527248382568,
      -0.2530759274959564,
      0.9401882886886597,
      -0.2280319333076477,
      -0.8861005306243896,
      -0.3198699951171875,
      -0.3354237675666809
    ],
    [
      0.975204348564148,
      -0.21864674985408783,
      0.034206923097372055,
      0.21225513517856598,
      0.8803260922431946,
      -0.42423319816589355,
      0.06264395266771317,
      0.42097464203834534,
      0.9049067497253418
    ],
    [
      0.9044029712677002,
      0.41557732224464417,
      0.09669938683509827,
      -0.3888210356235504,
      0.896041214466095,
      -0.2143089324235916,
      -0.1757085770368576,
      0.156222864985466,
      0.9719675779342651
    ],
    [
      0.9759455919265747,
      0.1089962050318718,
      -0.18881221115589142,
      -0.09049724787473679,
      0.9904522895812988,
      0.1039930209517479,
      0.19834432005882263,
      -0.08440454304218292,
      0.976491391658783
    ],
    [
      0.9309201240539551,
      -0.24067197740077972,
      0.2747083008289337,
      0.1943741738796234,
      0.9632779955863953,
      0.18524064123630524,
      -0.3092027008533478,
      -0.11904804408550262,
      0.9435153007507324
    ]
  ],
  "root_rot": [
    -0.5008588433265686,
    0.025199292227625847,
    -0.8651620149612427,
    0.06416220963001251,
    -0.9957447648048401,
    -0.06614746153354645,
    -0.863147497177124,
    -0.08864124864339828,
    0.4971107244491577
  ],
  "root_trans": [
    0.3769773244857788,
    0.5211862921714783,
    2.6411280632019043
  ]
}