{
  "betas": [
    -0.9527929425239563,
    1.6894841194152832,
    1.290274739265442,
    -0.15871259570121765,
    0.03690424561500549,
    0.03926985710859299,
    0.16505320370197296,
    0.135850727558136,
    0.18397536873817444,
    -0.021440505981445312
  ],
  "joints": [
    [
      0.9578166604042053,
      -0.2238081842660904,
      -0.18026936054229736,
      0.26374581456184387,
      0.9337084293365479,
      0.2421296089887619,
      0.11412842571735382,
      -0.2794610857963562,
      0.9533499479293823
    ],
    [
      0.967293918132782,
      0.25167131423950195,
      -0.0316857174038887,
      -0.22723820805549622,
      0.9152657389640808,
      0.33264291286468506,
      0.11271754652261734,
      -0.31456324458122253,
      0.9425203204154968
    ],
    [
      0.9915652275085449,
      0.06155386567115784,
      0.11405934393405914,
      -0.032706744968891144,
      0.9703826904296875,
      -0.23934856057167053,
      -0.12541404366493225,
      0.23359918594360352,
      0.9642109870910645
    ],
    [
      0.9941482543945312,
      -0.011054013855755329,
      -0.10745690762996674,
      -0.04647020250558853,
      0.8542393445968628,
      -0.5177988409996033,
      0.09751768410205841,
      0.519762396812439,
      0.8487268686294556
    ],
    [
      0.9968786835670471,
      0.0167448278516531,
      0.0771525576710701,
      0.034894946962594986,
      0.7831557393074036,
      -0.6208457946777344,
      -0.07081841677427292,
      0.6216001510620117,
      0.7801269292831421
    ],
    [
      0.9950644373893738,
      -0.05132290720939636,
      -0.08492791652679443,
      0.06219189986586571,
      0.9894652962684631,
      0.13073110580444336,
      0.07732371985912323,
      -0.13536769151687622,
      0.987773597240448
    ],
    [
      0.999673068523407,
      -0.001250435714609921,
      -0.025538478046655655,
      0.0050084516406059265,
      0.9890308380126953,
      0.14762429893016815,
      0.02507374808192253,
      -0.14770394563674927,
      0.9887137413024902
    ],
    [
      0.8858669996261597,
      -0.37827080488204956,
      -0.2686091959476471,
      0.3490728437900543,
      0.9248242974281311,
      -0.1511562019586563,
      0.3055942952632904,
      0.04014011099934578,
      0.9513154029846191
    ],
    [
      0.9938716292381287,
      -0.019811507314443588,
      0.10875055193901062,
      0.026682930067181587,
      0.9977132678031921,
      -0.062098100781440735,
      -0.10727161914110184,
      0.06461932510137558,
      0.992127537727356
    ],
    [
      0.9436918497085571,
      -0.10983510315418243,
      0.312060683965683,
      -0.12166144698858261,
      0.7619580030441284,
      0.6360963582992554,
      -0.3076428174972534,
      -0.6382447481155396,
      0.705690860748291
    ],
    [
      0.916630208492279,
      0.27970191836357117,
      0.2855798602104187,
      -0.3297474682331085,
      0.9329169988632202,
      0.14468038082122803,
      -0.22595494985580444,
      -0.22678764164447784,
      0.9473708868026733
    ],
    [
      0.9895809292793274,
      0.1386299878358841,
      -0.03887588158249855,
      -0.13043643534183502,
      0.9775301218032837,
      0.16559341549873352,
      0.060958556830883026,
      -0.1587972491979599,
      0.9854275584220886
    ],
    [
      0.5772270560264587,
      -0.026004407554864883,
      -0.8161695003509521,
      0.4970327913761139,
      0.8042070865631104,
      0.32589778304100037,
      0.6478945016860962,
      -0.5937800407409668,
      0.4771351218223572
    ],
    [
      0.5956090688705444,
      -0.2850898206233978,
      0.7509816288948059,
      0.0641709491610527,
      0.9487996101379395,
      0.3092915713787079,
      -0.8007070422172546,
      -0.13602569699287415,
      0.5834081172943115
    ],
    [
      0.9759278297424316,
      -0.09235119819641113,
      -0.1975756734609604,
      0.1198163628578186,
      0.9839960336685181,
      0.13189342617988586,
      0.18223316967487335,
      -0.152391254901886,
      0.9713742733001709
    ],
    [
      0.28467151522636414,
      0.6738619208335876,
      -0.6818153858184814,
      -0.38713669776916504,
      0.7314774394035339,
      0.5613073706626892,
      0.8769762516021729,
      0.10416755825281143,
      0.4691074788570404
    ],
    [
      0.37606164813041687,
      -0.654593288898468,
      0.6558089256286621,
      0.6923120617866516,
      0.6689087748527527,
      0.2706751823425293,
      -0.6158584952354431,
      0.3522338569164276,
      0.7047337293624878
    ],
    [
      -0.001566630438901484,
      -0.2919982075691223,
      -0.9564176201820374,
      0.4263412058353424,
      0.8649451732635498,
      -0.26476967334747314,
      0.9045611023902893,
      -0.408174991607666,
      0.12313581258058548
    ],
    [
      0.44824764132499695,
      0.39127182960510254,
      0.8037291765213013,
      -0.11384511739015579,
      0.9167830348014832,
      -0.38281628489494324,
      -0.8866303563117981,
      0.08009587973356247,
      0.45549023151397705
    ],
    [
      0.923031747341156,
      -0.2548874020576477,
      0.28817495703697205,
      0.3383261561393738,
      0.8943846821784973,
      -0.29259440302848816,
      -0.18316064774990082,
      0.36757102608680725,
      0.9117805361747742
    ],
    [
      0.8894277215003967,
      0.3499768078327179,
      -0.29399725794792175,
      -0.43636924028396606,
      0.8415765762329102,
      -0.3183247447013855,
      0.136014923453331,
      0.41141825914382935,
      0.9012406468391418
    ],
    [
      0.9578437805175781,
      0.24268056452274323,
      -0.15375816822052002,
      -0.19753189384937286,
      0.9449424147605896,
      0.26089295744895935,
      0.20860622823238373,
      -0.21952253580093384,
      0.9530443549156189
    ],
    [
      0.9299811720848083,
      -0.17691875994205475,
      0.32223406434059143,
      0.16283860802650452,
      0.9841399788856506,
      0.070371113717556,
      -0.329573392868042,
      -0.012971656396985054,
      0.944040834903717
    ]
  ],
  "root_rot": [
    0.923894464969635,
    0.1655050814151764,
    0.34500324726104736,
    0.11985304951667786,
    -0.9814177751541138,
    0.149848073720932,
    0.3633929193019867,
    -0.0970940887928009,
    -0.9265627264976501
  ],
  "root_trans": [
    -0.024492843076586723,
    0.5220208764076233,
    2.3545899391174316
  ]
}