{
  "betas": [
    -0.7357038259506226,
    1.09194016456604,
    1.3569846153259277,
    0.06367304921150208,
    -0.3160964846611023,
    -0.1630125343799591,
    0.13183650374412537,
    0.7667579650878906,
    0.26042479276657104,
    1.2306370735168457
  ],
  "joints": [
    [
      0.9535846710205078,
      -0.3010946810245514,
      0.004272255580872297,
      0.28343188762664795,
      0.9022566080093384,
      0.32496076822280884,
      -0.1016986221075058,
      -0.30866673588752747,
      0.9457179307937622
    ],
    [
      0.9727402925491333,
      0.12505091726779938,
      -0.19529074430465698,
      -0.139790341258049,
      0.9881393313407898,
      -0.06355646997690201,
      0.1850266456604004,
      0.08912370353937149,
      0.9786838293075562
    ],
    [
      0.9959519505500793,
      -0.013540149666368961,
      0.08886248618364334,
      0.022810524329543114,
      0.9942997694015503,
      -0.10415206849575043,
      -0.08694571256637573,
      0.10575743764638901,
      0.9905836582183838
    ],
    [
      0.9944267868995667,
      0.023120196536183357,
      0.10286365449428558,
      -0.0048432364128530025,
      0.9846464395523071,
      -0.1744932234287262,
      -0.10531865805387497,
      0.1730225384235382,
      0.9792707562446594
    ],
    [
      0.9998846650123596,
      -0.015080159530043602,
      0.0017954314826056361,
      0.01518477126955986,
      0.9908859729766846,
      -0.13384480774402618,
      0.00023933229385875165,
      0.1338566392660141,
      0.9910006523132324
    ],
    [
      0.9932318925857544,
      -0.009000439196825027,
      -0.11579933762550354,
      0.00533949863165617,
      0.9994772672653198,
      -0.03188592940568924,
      0.11602578312158585,
      0.03105180710554123,
      0.9927607774734497
    ],
    [
      0.9816471934318542,
      0.18445566296577454,
      0.04842324182391167,
      -0.16569842398166656,
      0.9506686925888062,
      -0.2622462511062622,
      -0.09440726041793823,
      0.24940966069698334,
      0.9637852907180786
    ],
    [
      0.9539893865585327,
      -0.25334131717681885,
      -0.16038188338279724,
      0.27405354380607605,
      0.9537392258644104,
      0.1235961988568306,
      0.12165048718452454,
      -0.16186270117759705,
      0.9792861938476562
    ],
    [
      0.9988374710083008,
      0.008328163996338844,
      0.0474805012345314,
      -0.008720353245735168,
      0.9999295473098755,
      0.00805893074721098,
      -0.047410037368535995,
      -0.008463609032332897,
      0.9988397359848022
    ],
    [
      0.9010825753211975,
      -0.4174882173538208,
      0.11727634072303772,
      0.2935517132282257,
      0.7863019108772278,
      0.5436512231826782,
      -0.3191826045513153,
      -0.4554480016231537,
      0.8310773372650146
    ],
    [
      0.9377076625823975,
      0.2940409481525421,
      0.1850520819425583,
      -0.2336660474538803,
      0.9279352426528931,
      -0.2904074490070343,
      -0.25710800290107727,
      0.22907690703868866,
      0.9388393759727478
    ],
    [
      0.9916604161262512,
      0.12885382771492004,
      -0.002517325570806861,
      -0.12885555624961853,
      0.9909278750419617,
      -0.03818783164024353,
      -0.00242615956813097,
      0.038193732500076294,
      0.9992674589157104
    ],
    [
      0.9747524261474609,
      0.21089056134223938,
      -0.07336829602718353,
      -0.19511720538139343,
      0.964242160320282,
      0.1793498992919922,
      0.10856799781322479,
      -0.16050633788108826,
      0.9810457825660706
    ],
    [
      0.9501486420631409,
      -0.3020804822444916,
      0.07723323255777359,
      0.30871716141700745,
      0.9461758136749268,
      -0.0971856489777565,
      -0.04371832683682442,
      0.11618403345346451,
      0.9922651052474976
    ],
    [
      0.9817696809768677,
      -0.05075928196310997,
      0.18317145109176636,
      0.06391327828168869,
      0.9957283139228821,
      -0.06663519889116287,
      -0.1790066361427307,
      0.07712750881910324,
      0.9808200597763062
    ],
    [
      0.5598198175430298,
      0.6067590117454529,
      -0.5643095970153809,
      -0.6308518052101135,
      0.7536467909812927,
      0.18450629711151123,
      0.5372409820556641,
      0.2527054250240326,
      0.8046814203262329
    ],
    [
      0.6015841960906982,
      -0.7798581123352051,
      0.17296753823757172,
      0.7987757921218872,
      0.5892717838287354,
      -0.12130944430828094,
      -0.007320726756006479,
      0.21114014089107513,
      0.9774283766746521
    ],
    [
      -0.08312977850437164,
      -0.318276584148407,
      -0.9443460702896118,
      0.4211682379245758,
      0.8476142883300781,
      -0.32274970412254333,
      0.9031648635864258,
      -0.4245586693286896,
      0.06358599662780762
    ],
    [
      0.37884923815727234,
      0.3084056079387665,
      0.8725590705871582,
      0.04693681001663208,
      0.9352233409881592,
      -0.35093340277671814,
      -0.9242674112319946,
      0.17390596866607666,
      0.3398330807685852
    ],
    [
      0.9491305947303772,
      -0.2686956822872162,
      0.16417615115642548,
      0.3095264434814453,
      0.8918940424919128,
      -0.3297247290611267,
      -0.057832129299640656,
      0.36376866698265076,
      0.9296923279762268
    ],
    [
      0.9665723443031311,
      0.08592424541711807,
      0.24156779050827026,
      0.00966076273471117,
      0.9292991757392883,
      -0.3692014813423157,
      -0.25621211528778076,
      0.3591936528682709,
      0.8974047899246216
    ],
    [
      0.9783100485801697,
      0.12725874781608582,
      -0.16344599425792694,
      -0.12168443948030472,
      0.9916056394577026,
      0.04371704161167145,
      0.16763733327388763,
      -0.022879989817738533,
      0.9855831861495972
    ],
    [
      0.8566640615463257,
      -0.2456074059009552,
      0.4536559581756592,
      0.19406567513942719,
      0.9682254195213318,
      0.15772797167301178,
      -0.4779803454875946,
      -0.04708084464073181,
      0.8771078586578369
    ]
  ],
  "root_rot": [
    -0.08395779877901077,
    0.0444885715842247,
    -0.9954756498336792,
    0.130006805062294,
    -0.9899749159812927,
    -0.05520743131637573,
    -0.9879520535469055,
    -0.13405370712280273,
    0.07733229547739029
  ],
  "root_trans": [
    0.5122518539428711,
    0.4758875370025635,
    2.7028920650482178
  ]
}