{
  "betas": [
    -0.5334128737449646,
    0.7253143787384033,
    1.1287457942962646,
    0.21594159305095673,
    0.12397012114524841,
    -0.07972260564565659,
    0.056634873151779175,
    0.5233301520347595,
    0.09358205646276474,
    0.591017484664917
  ],
  "joints": [
    [
      0.9842418432235718,
      -0.08571282029151917,
      -0.15466532111167908,
      0.15006470680236816,
      0.8675394654273987,
      0.4741896986961365,
      0.09353413432836533,
      -0.48992711305618286,
      0.8667311072349548
    ],
    [
      0.962278425693512,
      0.17502851784229279,
      -0.20829129219055176,
      -0.21174676716327667,
      0.9625271558761597,
      -0.169424369931221,
      0.17083194851875305,
      0.20713841915130615,
      0.9632808566093445
    ],
    [
      0.973400354385376,
      -0.029388554394245148,
      0.22721810638904572,
      0.04725432023406029,
      0.996168315410614,
      -0.07359196990728378,
      -0.22418470680713654,
      0.08237148821353912,
      0.9710593223571777
    ],
    [
      0.9993194341659546,
      0.036881767213344574,
      0.0006255904445424676,
      -0.034454841166734695,
      0.939349353313446,
      -0.3412266969680786,
      -0.013172689825296402,
      0.340972900390625,
      0.9399808049201965
    ],
    [
      0.9924574494361877,
      0.004157626070082188,
      0.12251918017864227,
      0.02235947549343109,
      0.9765209555625916,
      -0.21425898373126984,
      -0.12053334712982178,
      0.2153823971748352,
      0.9690625071525574
    ],
    [
      0.9951540231704712,
      -0.05356160178780556,
      -0.08245939016342163,
      0.0640486553311348,
      0.9894040822982788,
      0.13029685616493225,
      0.074606753885746,
      -0.13494686782360077,
      0.988040030002594
    ],
    [
      0.9969768524169922,
      0.04052224010229111,
      -0.06629481166601181,
      -0.04308517649769783,
      0.9983599185943604,
      -0.0376974418759346,
      0.0646585002541542,
      0.04043980687856674,
      0.9970876574516296
    ],
    [
      0.9210740327835083,
      -0.23967793583869934,
      -0.30688294768333435,
      0.3399350941181183,
      0.8793236613273621,
      0.33351755142211914,
      0.18991266191005707,
      -0.41151461005210876,
      0.8913971185684204
    ],
    [
      0.9915029406547546,
      -0.030885031446814537,
      0.12636473774909973,
      0.04285845533013344,
      0.9947283864021301,
      -0.09315937012434006,
      -0.12282136082649231,
      0.09778358787298203,
      0.987599790096283
    ],
    [
      0.9155049920082092,
      -0.1342386156320572,
      0.379250168800354,
      -0.06469516456127167,
      0.8812961578369141,
      0.46811509132385254,
      -0.3970707952976227,
      -0.45309731364250183,
      0.7981464266777039
    ],
    [
      0.8429147601127625,
      0.3625287413597107,
      0.3975772559642792,
      -0.37940365076065063,
      0.92442786693573,
      -0.038550395518541336,
      -0.3815070688724518,
      -0.11834753304719925,
      0.9167585968971252
    ],
    [
      0.9874289035797119,
      0.022195324301719666,
      -0.15649732947349548,
      -0.044833797961473465,
      0.9887571334838867,
      -0.14265039563179016,
      0.15157169103622437,
      0.14787350594997406,
      0.9773224592208862
    ],
    [
      0.9323884844779968,
      -0.29397204518318176,
      -0.2103145718574524,
      0.35008761286735535,
      0.8792440891265869,
      0.32306089997291565,
      0.08994699269533157,
      -0.37484675645828247,
      0.922713041305542
    ],
    [
      0.966608464717865,
      -0.08851584792137146,
      0.2404848337173462,
      0.03488938882946968,
      0.9751686453819275,
      0.21869784593582153,
      -0.25387153029441833,
      -0.2030048370361328,
      0.9456945061683655
    ],
    [
      0.9866521954536438,
      -0.1301048845052719,
      -0.0979296863079071,
      0.13455669581890106,
      0.9900864362716675,
      0.040289755910634995,
      0.09171696752309799,
      -0.05292906612157822,
      0.9943774342536926
    ],
    [
      0.9330320358276367,
      0.09020115435123444,
      -0.34830302000045776,
      -0.05464405566453934,
      0.99235999584198,
      0.11061457544565201,
      0.3556195795536041,
      -0.0841742530465126,
      0.9308326244354248
    ],
    [
      0.8529512286186218,
      -0.23325978219509125,
      0.46697336435317993,
      0.10165472328662872,
      0.951700747013092,
      0.28971028327941895,
      -0.5119966268539429,
      -0.19963867962360382,
      0.8354662656784058
    ],
    [
      0.08948495239019394,
      -0.11232220381498337,
      -0.9896343946456909,
      0.3503928780555725,
      0.9336522221565247,
      -0.07428500801324844,
      0.9323182702064514,
      -0.34011343121528625,
      0.12290472537279129
    ],
    [
      0.45527318120002747,
      0.2646760046482086,
      0.8501017689704895,
      -0.5359554290771484,
      0.8438968658447266,
      0.02428753487765789,
      -0.710969865322113,
      -0.4666740894317627,
      0.5260581374168396
    ],
    [
      0.985085129737854,
      0.07553642988204956,
      0.1546012908220291,
      0.03785243257880211,
      0.7813489437103271,
      -0.6229454874992371,
      -0.16785262525081635,
      0.6195063591003418,
      0.7668359875679016
    ],
    [
      0.9798307418823242,
      0.0752185732126236,
      -0.18513202667236328,
      -0.15971441566944122,
      0.85157310962677,
      -0.4993140697479248,
      0.12009578198194504,
      0.5188115835189819,
      0.8464109897613525
    ],
    [
      0.9394081234931946,
      0.13692010939121246,
      -0.31426939368247986,
      -0.0916232317686081,
      0.9837039113044739,
      0.15469931066036224,
      0.33032944798469543,
      -0.11653141677379608,
      0.9366444945335388
    ],
    [
      0.9773786664009094,
      -0.13894234597682953,
      0.15945494174957275,
      0.102871373295784,
      0.9710516333580017,
      0.21558350324630737,
      -0.1847926378250122,
      -0.19430337846279144,
      0.963378369808197
    ]
  ],
  "root_rot": [
    -0.2640765607357025,
    -0.07244128733873367,
    0.96177738904953,
    -0.08316311240196228,
    -0.9917515516281128,
    -0.09753315150737762,
    0.9609096646308899,
    -0.10574062913656235,
    0.2558738887310028
  ],
  "root_trans": [
    -0.3458744287490845,
    0.5561014413833618,
    2.479642868041992
  ]
}