{
  "betas": [
    -0.5345668196678162,
    1.3252241611480713,
    1.4422954320907593,
    0.1745702028274536,
    0.19198499619960785,
    -0.2860305905342102,
    0.3063321113586426,
    0.8096351027488708,
    0.08100098371505737,
    1.0853972434997559
  ],
  "joints": [
    [
      0.932122528553009,
      -0.3609926104545593,
      0.0288414154201746,
      0.32080742716789246,
      0.8600559234619141,
      0.3967195153236389,
      -0.16801802814006805,
      -0.36053869128227234,
      0.9174866080284119
    ],
    [
      0.9525262713432312,
      0.20600223541259766,
      -0.22418023645877838,
      -0.19383671879768372,
      0.9781450033187866,
      0.07523177564144135,
      0.23477865755558014,
      -0.028205884620547295,
      0.9716396331787109
    ],
    [
      0.9963974952697754,
      -0.046947166323661804,
      0.0706261470913887,
      0.0573834665119648,
      0.9864241480827332,
      -0.1538655012845993,
      -0.06244378536939621,
      0.15736396610736847,
      0.9855645298957825
    ],
    [
      0.9943776726722717,
      0.07554257661104202,
      0.0742044746875763,
      -0.04428525269031525,
      0.9332097768783569,
      -0.35659274458885193,
      -0.09618625789880753,
      0.3513016998767853,
      0.931308388710022
    ],
    [
      0.999583899974823,
      -0.02637186460196972,
      0.011687153950333595,
      0.028750630095601082,
      0.8780183792114258,
      -0.4777626097202301,
      0.002337953308597207,
      0.47789978981018066,
      0.8784112334251404
    ],
    [
      0.9923982620239258,
      0.09952402859926224,
      -0.07239273935556412,
      -0.09325224906206131,
      0.9919738173484802,
      0.0853932648897171,
      0.0803103819489479,
      -0.07799334079027176,
      0.993713915348053
    ],
    [
      0.9798291325569153,
      0.1128283441066742,
      0.16493870317935944,
      -0.0736318975687027,
      0.971130907535553,
      -0.22689884901046753,
      -0.1857776790857315,
      0.21017731726169586,
      0.9598501324653625
    ],
    [
      0.9231246709823608,
      -0.16248419880867004,
      -0.3484821021556854,
      0.25336071848869324,
      0.9387862682342529,
      0.23342843353748322,
      0.28922173380851746,
      -0.30377522110939026,
      0.9077838659286499
    ],
    [
      0.9953712821006775,
      0.08456391096115112,
      0.0456608422100544,
      -0.08142509311437607,
      0.9944446086883545,
      -0.0667075589299202,
      -0.05104822665452957,
      0.06268085539340973,
      0.9967272281646729
    ],
    [
      0.9610835313796997,
      -0.27499082684516907,
      0.02642926760017872,
      0.2228330671787262,
      0.8282139897346497,
      0.5142052173614502,
      -0.1632908135652542,
      -0.48830485343933105,
      0.8572598695755005
    ],
    [
      0.9095183610916138,
      0.34085264801979065,
      0.23789891600608826,
      -0.32837677001953125,
      0.9401028156280518,
      -0.0915171429514885,
      -0.2548432946205139,
      0.005116038955748081,
      0.966968834400177
    ],
    [
      0.9783339500427246,
      0.15187877416610718,
      0.1406967043876648,
      -0.12924839556217194,
      0.9789412617683411,
      -0.1580156683921814,
      -0.161733016371727,
      0.1364072561264038,
      0.9773615598678589
    ],
    [
      0.966607928276062,
      0.2558884024620056,
      0.013787403702735901,
      -0.2555655837059021,
      0.9586369395256042,
      0.12530547380447388,
      0.018847109749913216,
      -0.12464486807584763,
      0.9920223355293274
    ],
    [
      0.9716189503669739,
      0.20115496218204498,
      0.1244722306728363,
      -0.22404107451438904,
      0.9513890743255615,
      0.21133968234062195,
      -0.07590949535369873,
      -0.23322853446006775,
      0.9694546461105347
    ],
    [
      0.8591241836547852,
      -0.046178583055734634,
      0.50967937707901,
      -0.004959916230291128,
      0.995122492313385,
      0.09852179139852524,
      -0.5117430090904236,
      -0.08717042952775955,
      0.854704737663269
    ],
    [
      0.749184250831604,
      0.6076363921165466,
      -0.26363036036491394,
      -0.6552085280418396,
      0.7381998300552368,
      -0.16050811111927032,
      0.09708129614591599,
      0.2929829955101013,
      0.9511762261390686
    ],
    [
      0.9572243690490723,
      -0.029289044439792633,
      0.2878605127334595,
      -0.10803332179784775,
      0.8867400884628296,
      0.44946739077568054,
      -0.26842188835144043,
      -0.46133965253829956,
      0.845645010471344
    ],
    [
      0.8313153982162476,
      -0.08353666216135025,
      -0.5494873523712158,
      -0.09091471135616302,
      0.9548865556716919,
      -0.28271231055259705,
      0.5483149290084839,
      0.28497958183288574,
      0.786217212677002
    ],
    [
      -0.23705337941646576,
      -0.03630947694182396,
      0.9708178639411926,
      -0.6691619157791138,
      0.7305523753166199,
      -0.13607199490070343,
      -0.7042925953865051,
      -0.6818906664848328,
      -0.1974768340587616
    ],
    [
      0.9978277683258057,
      -0.02534901537001133,
      0.06080473214387894,
      0.05493774637579918,
      0.8295573592185974,
      -0.5557125210762024,
      -0.03635425493121147,
      0.5578458309173584,
      0.82914799451828
    ],
    [
      0.7753580808639526,
      0.627368688583374,
      -0.07230743765830994,
      -0.6124067306518555,
      0.7189874053001404,
      -0.3286564350128174,
      -0.15420062839984894,
      0.29910799860954285,
      0.9416775107383728
    ],
    [
      0.9501749277114868,
      0.22449590265750885,
      -0.21626164019107819,
      -0.18269091844558716,
      0.9631927013397217,
      0.1971893310546875,
      0.25256988406181335,
      -0.14785532653331757,
      0.9562149047851562
    ],
    [
      0.9408037662506104,
      -0.2566084861755371,
      0.2214505821466446,
      0.22158750891685486,
      0.9600211977958679,
      0.17105045914649963,
      -0.2564902603626251,
      -0.11185424029827118,
      0.9600527882575989
    ]
  ],
  "root_rot": [
    -0.5459168553352356,
    0.04099452495574951,
    -0.8368357419967651,
    0.07152911275625229,
    -0.9928752779960632,
    -0.09530112892389297,
    -0.8347803354263306,
    -0.11188462376594543,
    0.5390950441360474
  ],
  "root_trans": [
    0.3992578983306885,
    0.4817623496055603,
    2.879655599594116
  ]
}