{
  "betas": [
    -0.5913856029510498,
    1.462294101715088,
    0.870925784111023,
    -0.514724612236023,
    0.14748555421829224,
    0.23712071776390076,
    0.05196660757064819,
    0.6632461547851562,
    -0.23471873998641968,
    0.3874943256378174
  ],
  "joints": [
    [
      0.9694277048110962,
      -0.2429037094116211,
      -0.03475138545036316,
      0.2434530407190323,
      0.969832181930542,
      0.012497429735958576,
      0.030667340382933617,
      -0.020575685426592827,
      0.9993178248405457
    ],
    [
      0.9492696523666382,
      0.313603937625885,
      0.023231128230690956,
      -0.21016231179237366,
      0.5777290463447571,
      0.7887083292007446,
      0.23392076790332794,
      -0.7535791993141174,
      0.6143283843994141
    ],
    [
      0.9988378882408142,
      -0.04715517908334732,
      0.009961183182895184,
      0.0481913760304451,
      0.9743826389312744,
      -0.21967291831970215,
      0.0006527089281007648,
      0.21989767253398895,
      0.9755227565765381
    ],
    [
      0.9920763373374939,
      0.015046194195747375,
      -0.12473266571760178,
      -0.05911802873015404,
      0.9319304823875427,
      -0.35778576135635376,
      0.11085885763168335,
      0.36232471466064453,
      0.9254356622695923
    ],
    [
      0.9257357716560364,
      -0.2121216356754303,
      0.3130777180194855,
      0.19944356381893158,
      -0.42952877283096313,
      -0.880753755569458,
      0.3213028311729431,
      0.8777866363525391,
      -0.355323851108551
    ],
    [
      0.9908413887023926,
      -0.1194867417216301,
      -0.06289853900671005,
      0.12051190435886383,
      0.9926299452781677,
      0.01275142002850771,
      0.060911353677511215,
      -0.020214656367897987,
      0.9979383945465088
    ],
    [
      0.9903953075408936,
      0.055191755294799805,
      0.1267714649438858,
      -0.07166261970996857,
      0.9890154600143433,
      0.12927855551242828,
      -0.11824381351470947,
      -0.13712164759635925,
      0.9834714531898499
    ],
    [
      0.7525225281715393,
      -0.5222188830375671,
      -0.4012446701526642,
      0.33617791533470154,
      0.8285170793533325,
      -0.44782114028930664,
      0.56629878282547,
      0.20210586488246918,
      0.7990362048149109
    ],
    [
      0.9979439973831177,
      -0.047117896378040314,
      0.043446529656648636,
      0.04913249984383583,
      0.9977077841758728,
      -0.046530742198228836,
      -0.041154514998197556,
      0.04856971651315689,
      0.9979715347290039
    ],
    [
      0.9248859286308289,
      -0.3132452368736267,
      0.2155536264181137,
      0.12807118892669678,
      0.79038405418396,
      0.5990749597549438,
      -0.35802751779556274,
      -0.5264698266983032,
      0.77113276720047
    ],
    [
      0.6995275616645813,
      0.3494819700717926,
      0.6233165860176086,
      -0.4953676164150238,
      0.8658190965652466,
      0.07048601657152176,
      -0.5150458216667175,
      -0.358077734708786,
      0.7787863612174988
    ],
    [
      0.9586384892463684,
      0.010907314717769623,
      -0.28441736102104187,
      -0.10528779774904251,
      0.9419723153114319,
      -0.31875184178352356,
      0.2644365131855011,
      0.33551347255706787,
      0.9041593074798584
    ],
    [
      0.7802473902702332,
      -0.37544822692871094,
      -0.5002525448799133,
      0.5502400994300842,
      0.7923193573951721,
      0.2635639011859894,
      0.2974051237106323,
      -0.4809040427207947,
      0.8247917890548706
    ],
    [
      0.904178261756897,
      -0.045339182019233704,
      0.4247424006462097,
      0.004253535531461239,
      0.9952573776245117,
      0.09718408435583115,
      -0.4271342158317566,
      -0.08606507629156113,
      0.9000829458236694
    ],
    [
      0.9730372428894043,
      -0.13096602261066437,
      -0.1898588389158249,
      0.1366722285747528,
      0.9904666543006897,
      0.017221760004758835,
      0.18579335510730743,
      -0.04270584508776665,
      0.9816603660583496
    ],
    [
      0.8661506772041321,
      0.08466148376464844,
      -0.4925600588321686,
      0.02189847268164158,
      0.9781726598739624,
      0.20663654804229736,
      0.4993029832839966,
      -0.18976469337940216,
      0.8453909754753113
    ],
    [
      0.9357726573944092,
      -0.1806829422712326,
      0.30279242992401123,
      0.100288525223732,
      0.9596500396728516,
      0.2627052962779999,
      -0.33804112672805786,
      -0.21546581387519836,
      0.9161347150802612
    ],
    [
      -0.0285175833851099,
      -0.09579063206911087,
      -0.9949929714202881,
      0.23959140479564667,
      0.9657266139984131,
      -0.09984004497528076,
      0.9704549312591553,
      -0.24123896658420563,
      -0.004589577205479145
    ],
    [
      0.8641617298126221,
      0.18176594376564026,
      0.46923938393592834,
      -0.2870800793170929,
      0.9439277648925781,
      0.16305048763751984,
      -0.4132910370826721,
      -0.2756112813949585,
      0.8678876161575317
    ],
    [
      0.9726057052612305,
      -0.0464906245470047,
      0.22776466608047485,
      0.17516134679317474,
      0.790724515914917,
      -0.5865774750709534,
      -0.15282875299453735,
      0.6104041934013367,
      0.777206540107727
    ],
    [
      0.9796940684318542,
      0.06843344122171402,
      -0.18845799565315247,
      -0.18579229712486267,
      0.6632034182548523,
      -0.7250120043754578,
      0.07537093013525009,
      0.7453039884567261,
      0.6624508500099182
    ],
    [
      0.8805392384529114,
      0.2292919158935547,
      -0.4148201644420624,
      -0.1705603152513504,
      0.9698554277420044,
      0.17403921484947205,
      0.44222137331962585,
      -0.0824965313076973,
      0.893103837966919
    ],
    [
      0.9841944575309753,
      -0.0875052958726883,
      0.15396203100681305,
      0.06003597378730774,
      0.9827739596366882,
      0.17478887736797333,
      -0.16660480201244354,
      -0.1627829521894455,
      0.9724941253662109
    ]
  ],
  "root_rot": [
    0.5864157676696777,
    0.38649922609329224,
    -0.7118531465530396,
    0.31805047392845154,
    -0.9181077480316162,
    -0.23647867143154144,
    -0.7449566125869751,
    -0.08773039281368256,
    -0.6613191366195679
  ],
  "root_trans": [
    0.25659704208374023,
    0.4510921835899353,
    2.5430164337158203
  ]
}