{
  "betas": [
    -0.8653861880302429,
    1.0941967964172363,
    1.1442410945892334,
    -0.30157706141471863,
    0.06326794624328613,
    0.2390015721321106,
    0.4179340600967407,
    0.3801428973674774,
    -0.12370094656944275,
    0.6633549928665161
  ],
  "joints": [
    [
      0.9489864706993103,
      -0.28821855783462524,
      -0.12788578867912292,
      0.3002112805843353,
      0.949903666973114,
      0.08692628145217896,
      0.09642542153596878,
      -0.12088462710380554,
      0.9879721999168396
    ],
    [
      0.9124035239219666,
      0.3992820680141449,
      -0.08996452391147614,
      -0.3696196377277374,
      0.8982186317443848,
      0.23787517845630646,
      0.17578710615634918,
      -0.18378549814224243,
      0.967120349407196
    ],
    [
      0.9944133162498474,
      -0.013441999442875385,
      0.1046968400478363,
      0.03268186375498772,
      0.982327938079834,
      -0.18429233133792877,
      -0.10036937892436981,
      0.18668444454669952,
      0.9772793054580688
    ],
    [
      0.9897259473800659,
      0.008684087544679642,
      -0.1427134871482849,
      -0.0640249252319336,
      0.9194029569625854,
      -0.3880709111690521,
      0.12784115970134735,
      0.39322108030319214,
      0.9105129837989807
    ],
    [
      0.995606005191803,
      0.04975837096571922,
      0.07932671904563904,
      -0.015898874029517174,
      0.924660861492157,
      -0.3804594874382019,
      -0.09228136390447617,
      0.37752658128738403,
      0.9213889837265015
    ],
    [
      0.999057412147522,
      0.032872024923563004,
      -0.028350630775094032,
      -0.028903011232614517,
      0.991020679473877,
      0.13054750859737396,
      0.032387424260377884,
      -0.1296050250530243,
      0.9910366535186768
    ],
    [
      0.9825352430343628,
      0.11417602002620697,
      -0.1469293236732483,
      -0.10457780957221985,
      0.9919434785842896,
      0.07149535417556763,
      0.1539086401462555,
      -0.05488116294145584,
      0.9865596890449524
    ],
    [
      0.8612421751022339,
      -0.5064829587936401,
      -0.041675079613924026,
      0.48924219608306885,
      0.8485173583030701,
      -0.20164412260055542,
      0.1374913454055786,
      0.1532752364873886,
      0.9785717725753784
    ],
    [
      0.9904016256332397,
      0.0541849210858345,
      0.127155601978302,
      -0.04553324356675148,
      0.9965080618858337,
      -0.06998910754919052,
      -0.13050392270088196,
      0.06352752447128296,
      0.989410400390625
    ],
    [
      0.989363431930542,
      -0.13151222467422485,
      0.06216511130332947,
      0.04427282512187958,
      0.6793164014816284,
      0.7325087785720825,
      -0.1385636329650879,
      -0.7219651937484741,
      0.677913248538971
    ],
    [
      0.8609358072280884,
      0.49837222695350647,
      0.10205183178186417,
      -0.4668041169643402,
      0.8536843657493591,
      -0.2309044748544693,
      -0.20219644904136658,
      0.1511557400226593,
      0.9676096439361572
    ],
    [
      0.9815863966941833,
      0.14471858739852905,
      0.12467823922634125,
      -0.15690666437149048,
      0.983112096786499,
      0.09418540447950363,
      -0.10894230753183365,
      -0.11201396584510803,
      0.987716794013977
    ],
    [
      0.8417470455169678,
      0.0025162959937006235,
      -0.5398663878440857,
      0.2056509107351303,
      0.9231013059616089,
      0.32494863867759705,
      0.4991690516471863,
      -0.384548544883728,
      0.7765003442764282
    ],
    [
      0.7196382880210876,
      -0.13148093223571777,
      0.6817870140075684,
      -0.12225129455327988,
      0.94257652759552,
      0.31081196665763855,
      -0.6835023164749146,
      -0.30702152848243713,
      0.6622404456138611
    ],
    [
      0.9495291709899902,
      0.017534514889121056,
      0.3131881058216095,
      -0.0295366533100605,
      0.9989981651306152,
      0.03361865133047104,
      -0.3122848868370056,
      -0.04117242246866226,
      0.9490957856178284
    ],
    [
      0.3971807658672333,
      0.7515168190002441,
      -0.5267540216445923,
      -0.6859292387962341,
      0.6244125366210938,
      0.3736442029476166,
      0.609711766242981,
      0.2129117101430893,
      0.7634920477867126
    ],
    [
      0.39062193036079407,
      -0.6606361865997314,
      0.641072690486908,
      0.5202313661575317,
      0.7329554557800293,
      0.4383327066898346,
      -0.7594562768936157,
      0.1622837632894516,
      0.6299921274185181
    ],
    [
      0.33923211693763733,
      -0.4050939679145813,
      -0.8490114808082581,
      0.4642384350299835,
      0.8570622801780701,
      -0.22344356775283813,
      0.8181712627410889,
      -0.31834450364112854,
      0.47880324721336365
    ],
    [
      0.3205704689025879,
      0.3022465407848358,
      0.8977090120315552,
      -0.27189549803733826,
      0.9372043609619141,
      -0.2184506505727768,
      -0.9073628783226013,
      -0.17405422031879425,
      0.3826195001602173
    ],
    [
      0.9479625821113586,
      -0.19254419207572937,
      0.25356200337409973,
      0.2586784064769745,
      0.9300838708877563,
      -0.2608245313167572,
      -0.18561367690563202,
      0.3128429055213928,
      0.9314917325973511
    ],
    [
      0.9314690828323364,
      0.2669419050216675,
      -0.24719920754432678,
      -0.35214871168136597,
      0.8322330117225647,
      -0.428228497505188,
      0.09141518175601959,
      0.4859324097633362,
      0.8692025542259216
    ],
    [
      0.9750176668167114,
      0.039853211492300034,
      -0.2185227870941162,
      -0.022040175274014473,
      0.9962760806083679,
      0.08335623145103455,
      0.22103102505207062,
      -0.07645752280950546,
      0.9722651243209839
    ],
    [
      0.985079288482666,
      -0.005014990456402302,
      0.17202799022197723,
      -0.004500380717217922,
      0.998482882976532,
      0.05487845838069916,
      -0.17204222083091736,
      -0.054833829402923584,
      0.9835622310638428
    ]
  ],
  "root_rot": [
    -0.9496197700500488,
    -0.09101113677024841,
    -0.2998989224433899,
    0.11484089493751526,
    -0.991398274898529,
    -0.06277745217084885,
    -0.2916058301925659,
    -0.09405536204576492,
    0.951903223991394
  ],
  "root_trans": [
    0.13944168388843536,
    0.4594695568084717,
    2.7981929779052734
  ]
}