{
  "betas": [
    -0.675567090511322,
    1.0342824459075928,
    1.181114673614502,
    -0.09102094173431396,
    -0.28602051734924316,
    -0.05132659524679184,
    0.3322629928588867,
    0.7653794288635254,
    0.18003414571285248,
    1.205488681793213
  ],
  "joints": [
    [
      0.8749864101409912,
      -0.47454333305358887,
      0.09595564752817154,
      0.4509628713130951,
      0.870958149433136,
      0.19510111212730408,
      -0.17615728080272675,
      -0.12743836641311646,
      0.9760779738426208
    ],
    [
      0.9420059323310852,
      0.30953237414360046,
      -0.12967069447040558,
      -0.2669191360473633,
      0.9252493977546692,
      0.26956942677497864,
      0.20341821014881134,
      -0.21932442486286163,
      0.9542105197906494
    ],
    [
      0.9996293783187866,
      0.006523823365569115,
      0.026431525126099586,
      -0.0023167564067989588,
      0.9877271056175232,
      -0.15617193281650543,
      -0.027125975117087364,
      0.15605279803276062,
      0.9873761534690857
    ],
    [
      0.998932957649231,
      0.009793941862881184,
      0.04513369873166084,
      -0.0029865684919059277,
      0.9889092445373535,
      -0.1484910249710083,
      -0.046087443828582764,
      0.14819778501987457,
      0.9878832697868347
    ],
    [
      0.9974889159202576,
      -0.04714805632829666,
      -0.052848223596811295,
      0.01477938424795866,
      0.8683484792709351,
      -0.49573421478271484,
      0.06926358491182327,
      0.4937083125114441,
      0.866864800453186
    ],
    [
      0.9954448938369751,
      0.026813281700015068,
      -0.09149053692817688,
      -0.03420799970626831,
      0.9961885213851929,
      -0.0802389532327652,
      0.08899035304784775,
      0.08300316333770752,
      0.9925680160522461
    ],
    [
      0.9706169366836548,
      0.19335182011127472,
      0.14324040710926056,
      -0.12015483528375626,
      0.9051876664161682,
      -0.4076739251613617,
      -0.2084839642047882,
      0.37848421931266785,
      0.9018226265907288
    ],
    [
      0.9447147250175476,
      -0.25038865208625793,
      -0.21170642971992493,
      0.26000407338142395,
      0.9654321670532227,
      0.01840498112142086,
      0.19977977871894836,
      -0.07243199646472931,
      0.9771600365638733
    ],
    [
      0.9984182715415955,
      0.036323390901088715,
      0.04291465878486633,
      -0.03930409997701645,
      0.9967167973518372,
      0.07078691571950912,
      -0.0402025431394577,
      -0.07236166298389435,
      0.9965679049491882
    ],
    [
      0.977874755859375,
      -0.17010514438152313,
      0.12175843119621277,
      0.1002265214920044,
      0.8918664455413818,
      0.4410543143749237,
      -0.18361786007881165,
      -0.41909247636795044,
      0.8891827464103699
    ],
    [
      0.921582043170929,
      0.3623841404914856,
      0.13915544748306274,
      -0.3210521638393402,
      0.9130525588989258,
      -0.2515162229537964,
      -0.21820174157619476,
      0.18711666762828827,
      0.9577970504760742
    ],
    [
      0.9606626629829407,
      0.22834615409374237,
      0.15806753933429718,
      -0.21723562479019165,
      0.9724501967430115,
      -0.08455312997102737,
      -0.17302019894123077,
      0.04688912257552147,
      0.983801543712616
    ],
    [
      0.9299092888832092,
      0.3566763997077942,
      -0.08972593396902084,
      -0.349401593208313,
      0.9328991174697876,
      0.08728005737066269,
      0.11483597010374069,
      -0.04981214553117752,
      0.9921348690986633
    ],
    [
      0.9505529403686523,
      -0.30310532450675964,
      0.06764818727970123,
      0.307626336812973,
      0.9488391876220703,
      -0.07120583206415176,
      -0.04260438680648804,
      0.08849527686834335,
      0.9951650500297546
    ],
    [
      0.9129883646965027,
      -0.09699468314647675,
      0.39628803730010986,
      0.09861385822296143,
      0.9949915409088135,
      0.016340618953108788,
      -0.39588823914527893,
      0.02416069619357586,
      0.9179807305335999
    ],
    [
      0.66704922914505,
      0.5121360421180725,
      -0.5410748720169067,
      -0.6509184837341309,
      0.7539289593696594,
      -0.0888611301779747,
      0.36242300271987915,
      0.4114703834056854,
      0.8362665772438049
    ],
    [
      0.7790208458900452,
      -0.6118918061256409,
      0.1368025690317154,
      0.6194111704826355,
      0.7848920822143555,
      -0.016557110473513603,
      -0.09724410623311996,
      0.09763536602258682,
      0.9904599189758301
    ],
    [
      -0.29200297594070435,
      -0.29224926233291626,
      -0.910672664642334,
      -0.09129239618778229,
      0.956339955329895,
      -0.2776321470737457,
      0.9520503878593445,
      0.002068056259304285,
      -0.30593425035476685
    ],
    [
      -0.3583671748638153,
      0.24211163818836212,
      0.9016401767730713,
      0.03660321235656738,
      0.9686882495880127,
      -0.24556729197502136,
      -0.9328629374504089,
      -0.05500033125281334,
      -0.3560081422328949
    ],
    [
      0.9755294322967529,
      -0.21934965252876282,
      -0.015103165060281754,
      0.21073994040489197,
      0.9524046778678894,
      -0.22025921940803528,
      0.06269810348749161,
      0.21168650686740875,
      0.9753245115280151
    ],
    [
      0.9244433045387268,
      0.21804168820381165,
      0.31282979249954224,
      -0.132385715842247,
      0.9528783559799194,
      -0.2729412019252777,
      -0.3576013147830963,
      0.21090446412563324,
      0.9097476005554199
    ],
    [
      0.9747657775878906,
      0.12010395526885986,
      -0.1881665587425232,
      -0.10283548384904861,
      0.9897569417953491,
      0.09902502596378326,
      0.1981324702501297,
      -0.07717601209878922,
      0.9771321415901184
    ],
    [
      0.9370321035385132,
      -0.17656587064266205,
      0.3013222813606262,
      0.1748434156179428,
      0.984046220779419,
      0.03290526196360588,
      -0.302325040102005,
      0.02185092680156231,
      0.9529542922973633
    ]
  ],
  "root_rot": [
    -0.624163806438446,
    0.030584802851080894,
    -0.7806946039199829,
    0.09237704426050186,
    -0.9893354177474976,
    -0.11261386424303055,
    -0.775813102722168,
    -0.14240777492523193,
    0.6146820187568665
  ],
  "root_trans": [
    0.4351971745491028,
    0.4976269006729126,
    2.7491016387939453
  ]
}