{
  "betas": [
    -0.5628879070281982,
    1.176218867301941,
    1.279407262802124,
    -0.36021706461906433,
    -0.07849186658859253,
    -0.5858159065246582,
    0.10952241718769073,
    0.7693449854850769,
    -0.09446492791175842,
    0.8916307091712952
  ],
  "joints": [
    [
      0.9482043981552124,
      -0.31305256485939026,
      0.0539124570786953,
      0.3166896402835846,
      0.9183297157287598,
      -0.23744075000286102,
      0.024822022765874863,
      0.24221587181091309,
      0.9699047803878784
    ],
    [
      0.9377500414848328,
      0.3060765564441681,
      0.16414029896259308,
      -0.11805475503206253,
      -0.16355566680431366,
      0.9794450402259827,
      0.3266312777996063,
      -0.937852144241333,
      -0.1172405406832695
    ],
    [
      0.9949367642402649,
      -0.06537563353776932,
      -0.07633460313081741,
      0.03421253338456154,
      0.9344710111618042,
      -0.3543916344642639,
      0.0945010557770729,
      0.34998559951782227,
      0.9319762587547302
    ],
    [
      0.978486955165863,
      -0.07476435601711273,
      -0.19228523969650269,
      -0.05737319216132164,
      0.7966511249542236,
      -0.6017104387283325,
      0.1981707215309143,
      0.599797785282135,
      0.7752232551574707
    ],
    [
      0.9158637523651123,
      -0.345816969871521,
      0.20397117733955383,
      0.07800699025392532,
      -0.34508296847343445,
      -0.9353249073028564,
      0.39383819699287415,
      0.8725413084030151,
      -0.28907284140586853
    ],
    [
      0.973045825958252,
      -0.1922818422317505,
      -0.12731733918190002,
      0.1862805038690567,
      0.980807363986969,
      -0.057588182389736176,
      0.13594695925712585,
      0.03231918811798096,
      0.9901888966560364
    ],
    [
      0.9778878092765808,
      -0.10358171910047531,
      0.1816760152578354,
      0.03362184017896652,
      0.9352909326553345,
      0.3522789180278778,
      -0.20640957355499268,
      -0.3383810222148895,
      0.9180921912193298
    ],
    [
      0.9447717666625977,
      -0.32657819986343384,
      0.027441028505563736,
      0.3214515447616577,
      0.9071112275123596,
      -0.27169471979141235,
      0.06383749842643738,
      0.2655104398727417,
      0.9619921445846558
    ],
    [
      0.9927822947502136,
      -0.1184680163860321,
      -0.018673541024327278,
      0.1183275431394577,
      0.9929385781288147,
      -0.008460227400064468,
      0.01954394392669201,
      0.00618956983089447,
      0.9997898936271667
    ],
    [
      0.9091680645942688,
      -0.14020340144634247,
      0.3921179175376892,
      -0.13035903871059418,
      0.7984723448753357,
      0.5877487659454346,
      -0.3954996168613434,
      -0.5854785442352295,
      0.7076687812805176
    ],
    [
      0.8142995238304138,
      0.39458712935447693,
      0.4256961941719055,
      -0.5100435614585876,
      0.8365103602409363,
      0.2002648413181305,
      -0.2770773470401764,
      -0.3801991641521454,
      0.8824266195297241
    ],
    [
      0.9894744753837585,
      -0.05612844601273537,
      -0.13337808847427368,
      0.005661639850586653,
      0.9360215067863464,
      -0.351897269487381,
      0.14459620416164398,
      0.3474383056163788,
      0.926487147808075
    ],
    [
      0.8426333665847778,
      -0.28041067719459534,
      -0.4597160816192627,
      0.4397687613964081,
      0.8510286211967468,
      0.28697332739830017,
      0.31076115369796753,
      -0.4439820349216461,
      0.8404209613800049
    ],
    [
      0.9552664756774902,
      -0.1045868992805481,
      0.27663591504096985,
      0.05605670064687729,
      0.9824575185775757,
      0.17786219716072083,
      -0.29038506746292114,
      -0.15439851582050323,
      0.9443715214729309
    ],
    [
      0.9715049862861633,
      -0.18170201778411865,
      -0.15219219028949738,
      0.20029187202453613,
      0.9726956486701965,
      0.1172451376914978,
      0.1267329901456833,
      -0.14438709616661072,
      0.9813721179962158
    ],
    [
      0.8549546003341675,
      0.12053991109132767,
      -0.504502534866333,
      -0.00245002843439579,
      0.9735509157180786,
      0.2284570038318634,
      0.5186971426010132,
      -0.19408433139324188,
      0.8326371312141418
    ],
    [
      0.7910816669464111,
      -0.49767524003982544,
      0.35568127036094666,
      0.47284623980522156,
      0.8663871884346008,
      0.16059169173240662,
      -0.3880802094936371,
      0.04114142432808876,
      0.9207068681716919
    ],
    [
      0.44830647110939026,
      -0.21267518401145935,
      -0.8682112097740173,
      0.43459147214889526,
      0.9006196856498718,
      0.0037901836913079023,
      0.781122088432312,
      -0.37901630997657776,
      0.4961804449558258
    ],
    [
      0.4866357743740082,
      0.35448116064071655,
      0.7984539866447449,
      -0.2767794728279114,
      0.9294523596763611,
      -0.24394963681697845,
      -0.8286005258560181,
      -0.10228109359741211,
      0.5504179000854492
    ],
    [
      0.9389776587486267,
      -0.11017528921365738,
      0.3258562684059143,
      0.3204845190048218,
      0.6243025064468384,
      -0.7124155163764954,
      -0.12494231015443802,
      0.7733741998672485,
      0.6215155720710754
    ],
    [
      0.9696180820465088,
      0.05367257818579674,
      -0.23866286873817444,
      -0.1760714054107666,
      0.8304268717765808,
      -0.5285736918449402,
      0.16982214152812958,
      0.5545363426208496,
      0.8146471381187439
    ],
    [
      0.9858523607254028,
      0.03090137243270874,
      -0.16474346816539764,
      -0.014211757108569145,
      0.9947301149368286,
      0.10153835266828537,
      0.16701295971870422,
      -0.09776050597429276,
      0.9810962080955505
    ],
    [
      0.9817529916763306,
      -0.0874328538775444,
      0.16886863112449646,
      0.07911401242017746,
      0.99532550573349,
      0.055390551686286926,
      -0.17292220890522003,
      -0.04101996123790741,
      0.984080970287323
    ]
  ],
  "root_rot": [
    -0.6819660663604736,
    -0.5857381820678711,
    0.4379875063896179,
    0.3614361584186554,
    -0.7905163168907166,
    -0.4944167137145996,
    0.6358349919319153,
    -0.17887090146541595,
    0.7508122324943542
  ],
  "root_trans": [
    -0.02258472889661789,
    0.48215487599372864,
    2.7309682369232178
  ]
}