{
  "betas": [
    -0.6206355690956116,
    0.7379194498062134,
    1.3014819622039795,
    0.5210157036781311,
    0.3816400170326233,
    -0.20915722846984863,
    -0.335160493850708,
    0.351640522480011,
    0.10994985699653625,
    0.5492766499519348
  ],
  "joints": [
    [
      0.9387750029563904,
      -0.33826175332069397,
      -0.06542503088712692,
      0.3388633131980896,
      0.872229814529419,
      0.35268521308898926,
      -0.06223425269126892,
      -0.3532622158527374,
      0.9334520697593689
    ],
    [
      0.970248818397522,
      0.17332084476947784,
      -0.1690477728843689,
      -0.15284326672554016,
      0.9799889326095581,
      0.1275172084569931,
      0.18776632845401764,
      -0.0978856086730957,
      0.9773240089416504
    ],
    [
      0.9957066774368286,
      0.024732761085033417,
      0.08919952064752579,
      -0.009300601668655872,
      0.9854977130889893,
      -0.1694338023662567,
      -0.0920964777469635,
      0.16787675023078918,
      0.9814966917037964
    ],
    [
      0.9951139092445374,
      0.0983748733997345,
      0.00840988103300333,
      -0.08902353793382645,
      0.9308221340179443,
      -0.35446417331695557,
      -0.042698491364717484,
      0.35198354721069336,
      0.9350317120552063
    ],
    [
      0.9985408782958984,
      -0.05398505926132202,
      0.0013451756676658988,
      0.05158738046884537,
      0.9462347030639648,
      -0.3193409740924835,
      0.015966789796948433,
      0.31894439458847046,
      0.947638988494873
    ],
    [
      0.987086832523346,
      0.019780028611421585,
      -0.15896020829677582,
      -0.02886873111128807,
      0.9980649948120117,
      -0.0550716258585453,
      0.15756329894065857,
      0.058949459344148636,
      0.9857478141784668
    ],
    [
      0.9863867163658142,
      0.11867707222700119,
      0.11382824927568436,
      -0.09948571026325226,
      0.981835663318634,
      -0.16155897080898285,
      -0.1309339851140976,
      0.14803536236286163,
      0.980276346206665
    ],
    [
      0.9486216306686401,
      -0.08139322698116302,
      -0.3057648241519928,
      0.1382935792207718,
      0.9758150577545166,
      0.16929195821285248,
      0.2845907211303711,
      -0.20287932455539703,
      0.9369354248046875
    ],
    [
      0.9972283840179443,
      0.04971582815051079,
      0.055351145565509796,
      -0.04946187511086464,
      0.9987582564353943,
      -0.005949231330305338,
      -0.055578190833330154,
      0.0031949710100889206,
      0.9984491467475891
    ],
    [
      0.9772297143936157,
      -0.2105259746313095,
      0.026475265622138977,
      0.14589251577854156,
      0.7572684288024902,
      0.6366001963615417,
      -0.15406975150108337,
      -0.618242084980011,
      0.7707393765449524
    ],
    [
      0.8938640356063843,
      0.1887345314025879,
      0.4066771864891052,
      -0.22103653848171234,
      0.9746903777122498,
      0.03348821774125099,
      -0.39006397128105164,
      -0.11982444673776627,
      0.9129579067230225
    ],
    [
      0.9424493312835693,
      0.21332469582557678,
      0.2574526369571686,
      -0.22473447024822235,
      0.9742987155914307,
      0.015377091243863106,
      -0.2475554496049881,
      -0.07235060632228851,
      0.9661685824394226
    ],
    [
      0.9631149768829346,
      0.18051093816757202,
      -0.19956283271312714,
      -0.17498676478862762,
      0.9835358262062073,
      0.04513164237141609,
      0.2044239491224289,
      -0.008546104654669762,
      0.9788451194763184
    ],
    [
      0.963787317276001,
      -0.2500157952308655,
      0.09276933968067169,
      0.2595788538455963,
      0.9592563509941101,
      -0.1115623265504837,
      -0.06109723076224327,
      0.13160330057144165,
      0.9894179105758667
    ],
    [
      0.8856951594352722,
      -0.238423690199852,
      0.3983694016933441,
      0.22928303480148315,
      0.9707501530647278,
      0.07122781872749329,
      -0.4036995768547058,
      0.02825319766998291,
      0.914455235004425
    ],
    [
      0.6237509250640869,
      0.6309786438941956,
      -0.46130311489105225,
      -0.7416873574256897,
      0.6640437245368958,
      -0.09458164125680923,
      0.246646448969841,
      0.40113815665245056,
      0.882186770439148
    ],
    [
      0.6657376885414124,
      -0.7303845882415771,
      0.15274697542190552,
      0.7415042519569397,
      0.6246570944786072,
      -0.2448977679014206,
      0.08345507830381393,
      0.27630022168159485,
      0.9574410915374756
    ],
    [
      0.08520464599132538,
      -0.2385423481464386,
      -0.9673870205879211,
      -0.13157902657985687,
      0.9597204327583313,
      -0.24824097752571106,
      0.9876371026039124,
      0.14843915402889252,
      0.05038547143340111
    ],
    [
      -0.1302003115415573,
      0.3301996886730194,
      0.9348881244659424,
      0.16646622121334076,
      0.9368098974227905,
      -0.3076949119567871,
      -0.9774132966995239,
      0.11556534469127655,
      -0.17694003880023956
    ],
    [
      0.9789144396781921,
      -0.183624729514122,
      0.0894898846745491,
      0.20427024364471436,
      0.8807684779167175,
      -0.4272242784500122,
      -0.000370936089893803,
      0.43649613857269287,
      0.8997060656547546
    ],
    [
      0.9756882786750793,
      0.20592473447322845,
      0.07501627504825592,
      -0.18076632916927338,
      0.9496755003929138,
      -0.25581228733062744,
      -0.12391920387744904,
      0.236032634973526,
      0.9638115167617798
    ],
    [
      0.937638521194458,
      0.1736481636762619,
      -0.30113163590431213,
      -0.06725217401981354,
      0.9405396580696106,
      0.33295977115631104,
      0.3410441279411316,
      -0.29194414615631104,
      0.8935644030570984
    ],
    [
      0.8720992207527161,
      -0.37131214141845703,
      0.3187009394168854,
      0.18434135615825653,
      0.8526198863983154,
      0.48893532156944275,
      -0.4532783031463623,
      -0.3676503300666809,
      0.8120173215866089
    ]
  ],
  "root_rot": [
    0.4980016350746155,
    -0.07389095425605774,
    0.8640223145484924,
    -0.09264663606882095,
    -0.9951940178871155,
    -0.03170943632721901,
    0.8622128367424011,
    -0.06425740569829941,
    -0.5024539828300476
  ],
  "root_trans": [
    -0.4102265238761902,
    0.5718069076538086,
    2.327009916305542
  ]
}