{
  "betas": [
    -0.5594232678413391,
    1.1550912857055664,
    1.2136163711547852,
    0.0787886381149292,
    0.16614753007888794,
    -0.09258127957582474,
    0.3572647273540497,
    0.788408637046814,
    0.15241506695747375,
    1.221911907196045
  ],
  "joints": [
    [
      0.9113410711288452,
      -0.41087988018989563,
      0.025203416123986244,
      0.38200709223747253,
      0.8669379353523254,
      0.3201393187046051,
      -0.1533886045217514,
      -0.2821282148361206,
      0.9470351934432983
    ],
    [
      0.955136775970459,
      0.21239957213401794,
      -0.20639832317829132,
      -0.19219502806663513,
      0.9747499227523804,
      0.11368277668952942,
      0.22533290088176727,
      -0.06891386210918427,
      0.9718416333198547
    ],
    [
      0.9983689785003662,
      -0.016237521544098854,
      0.054733820259571075,
      0.024395417422056198,
      0.9881025552749634,
      -0.15184928476810455,
      -0.05161697044968605,
      0.15293686091899872,
      0.9868870377540588
    ],
    [
      0.9993476867675781,
      0.026999643072485924,
      0.023984629660844803,
      -0.018592391163110733,
      0.953995406627655,
      -0.299244225025177,
      -0.03096071071922779,
      0.2986030876636505,
      0.9538750648498535
    ],
    [
      0.9991351962089539,
      -0.037523046135902405,
      0.017910519614815712,
      0.04149097576737404,
      0.8718628287315369,
      -0.4879894554615021,
      0.0026953360065817833,
      0.4883106052875519,
      0.8726657032966614
    ],
    [
      0.9916152954101562,
      0.10200802981853485,
      -0.0793316662311554,
      -0.09619255363941193,
      0.9926102757453918,
      0.07397090643644333,
      0.08629106730222702,
      -0.06571955978870392,
      0.9940999150276184
    ],
    [
      0.9838734269142151,
      0.11916913837194443,
      0.13338610529899597,
      -0.07767180353403091,
      0.9563995003700256,
      -0.2815440595149994,
      -0.16112177073955536,
      0.26664337515830994,
      0.9502321481704712
    ],
    [
      0.9414920806884766,
      -0.16972659528255463,
      -0.2911796569824219,
      0.24296192824840546,
      0.9405512809753418,
      0.23734541237354279,
      0.23358555138111115,
      -0.29420438408851624,
      0.9267587065696716
    ],
    [
      0.9962121844291687,
      0.08283152431249619,
      0.026460444554686546,
      -0.08237525075674057,
      0.9964407682418823,
      -0.01789383962750435,
      -0.027848437428474426,
      0.015646377578377724,
      0.9994897246360779
    ],
    [
      0.9782417416572571,
      -0.15511660277843475,
      0.13777494430541992,
      0.07341189682483673,
      0.8799155354499817,
      0.46942442655563354,
      -0.19404585659503937,
      -0.4490962624549866,
      0.8721575140953064
    ],
    [
      0.9225664734840393,
      0.340014785528183,
      0.1823761910200119,
      -0.3131348192691803,
      0.9359689950942993,
      -0.16096176207065582,
      -0.22542782127857208,
      0.09138959646224976,
      0.9699640870094299
    ],
    [
      0.9645280241966248,
      0.1476425975561142,
      0.21883192658424377,
      -0.11260811239480972,
      0.9798815250396729,
      -0.1647774875164032,
      -0.23875753581523895,
      0.13429024815559387,
      0.9617489576339722
    ],
    [
      0.9200910925865173,
      0.39126819372177124,
      -0.018483618274331093,
      -0.38682040572166443,
      0.915034830570221,
      0.11437303572893143,
      0.061663687229156494,
      -0.09808376431465149,
      0.9932659268379211
    ],
    [
      0.9944307804107666,
      0.09494679421186447,
      0.04574410617351532,
      -0.10079636424779892,
      0.9835835099220276,
      0.14967842400074005,
      -0.030781658366322517,
      -0.1534556746482849,
      0.9876760244369507
    ],
    [
      0.8065807223320007,
      -0.061560943722724915,
      0.5879096388816833,
      0.02502201311290264,
      0.9972266554832458,
      0.07009230554103851,
      -0.5905941128730774,
      -0.041824422776699066,
      0.8058841824531555
    ],
    [
      0.7866681814193726,
      0.5538363456726074,
      -0.272797554731369,
      -0.6032053828239441,
      0.783635139465332,
      -0.14852352440357208,
      0.1315160095691681,
      0.2813916802406311,
      0.950537919998169
    ],
    [
      0.9724277257919312,
      -0.08183727413415909,
      0.21837389469146729,
      -0.022602085024118423,
      0.8989217281341553,
      0.4375258982181549,
      -0.23210696876049042,
      -0.43039795756340027,
      0.8722867369651794
    ],
    [
      0.9338766932487488,
      -0.031910479068756104,
      -0.3561684787273407,
      -0.05053141713142395,
      0.9742400050163269,
      -0.2197796106338501,
      0.354006826877594,
      0.223244771361351,
      0.9082075357437134
    ],
    [
      -0.23690351843833923,
      0.005973932798951864,
      0.9715149402618408,
      -0.6633591651916504,
      0.7296004891395569,
      -0.16624626517295837,
      -0.7098108530044556,
      -0.6838476061820984,
      -0.16888205707073212
    ],
    [
      0.9926320314407349,
      -0.11954335123300552,
      0.019771678373217583,
      0.10803058743476868,
      0.799254834651947,
      -0.5912030935287476,
      0.05487176030874252,
      0.5889831781387329,
      0.8062803149223328
    ],
    [
      0.7211773991584778,
      0.6903271079063416,
      -0.057893142104148865,
      -0.6728580594062805,
      0.6781353950500488,
      -0.29562556743621826,
      -0.16481897234916687,
      0.25215232372283936,
      0.9535480737686157
    ],
    [
      0.9686389565467834,
      0.1793130487203598,
      -0.17200392484664917,
      -0.15324509143829346,
      0.9760340452194214,
      0.1545107364654541,
      0.19558745622634888,
      -0.12330636382102966,
      0.9729034304618835
    ],
    [
      0.9545770883560181,
      -0.22988490760326385,
      0.18956682085990906,
      0.2035934329032898,
      0.9677486419677734,
      0.1483655869960785,
      -0.2175600379705429,
      -0.10303182899951935,
      0.9705937504768372
    ]
  ],
  "root_rot": [
    -0.6429384350776672,
    0.06157210096716881,
    -0.7634389400482178,
    0.07916948199272156,
    -0.9860817193984985,
    -0.14620190858840942,
    -0.7618151307106018,
    -0.15443989634513855,
    0.6291152238845825
  ],
  "root_trans": [
    0.4383377432823181,
    0.4844359755516052,
    2.875718116760254
  ]
}