{
  "betas": [
    -0.5305578112602234,
    1.3177632093429565,
    1.3062598705291748,
    0.045376718044281006,
    0.24091088771820068,
    -0.12299375981092453,
    0.26275086402893066,
    0.8379696607589722,
    0.18029065430164337,
    1.128291368484497
  ],
  "joints": [
    [
      0.9409767389297485,
      -0.3384677469730377,
      0.0015125941717997193,
      0.30247488617897034,
      0.8429012894630432,
      0.44500136375427246,
      -0.15189360082149506,
      -0.41827842593193054,
      0.8955284953117371
    ],
    [
      0.940064549446106,
      0.2253781259059906,
      -0.25589701533317566,
      -0.2184288203716278,
      0.9742647409439087,
      0.055650532245635986,
      0.2618538737297058,
      0.003580183954909444,
      0.9651008248329163
    ],
    [
      0.995483934879303,
      -0.041129954159259796,
      0.0855565145611763,
      0.054163094609975815,
      0.9862580895423889,
      -0.15608097612857819,
      -0.07796120643615723,
      0.16001012921333313,
      0.9840317964553833
    ],
    [
      0.9885068535804749,
      0.1235811859369278,
      0.08707401901483536,
      -0.0697026252746582,
      0.8836781978607178,
      -0.46287620067596436,
      -0.13414821028709412,
      0.4514870047569275,
      0.8821358680725098
    ],
    [
      0.9993186593055725,
      -0.03685864806175232,
      0.0019106018589809537,
      0.03363946080207825,
      0.8882966041564941,
      -0.4580365717411041,
      0.015185429714620113,
      0.45778876543045044,
      0.8889312744140625
    ],
    [
      0.9924705028533936,
      0.09521423280239105,
      -0.07704892754554749,
      -0.08932233601808548,
      0.9930519461631775,
      0.0766122117638588,
      0.08380815386772156,
      -0.06915317475795746,
      0.9940795302391052
    ],
    [
      0.990652322769165,
      0.04271798953413963,
      0.12954989075660706,
      -0.0251160841435194,
      0.9905847311019897,
      -0.13457711040973663,
      -0.13407902419567108,
      0.13006533682346344,
      0.9823979735374451
    ],
    [
      0.920215904712677,
      -0.15566354990005493,
      -0.35912609100341797,
      0.2412634640932083,
      0.9480677247047424,
      0.2072666734457016,
      0.308212012052536,
      -0.2773740887641907,
      0.9099829196929932
    ],
    [
      0.9943840503692627,
      0.08554811775684357,
      0.062305185943841934,
      -0.08194860070943832,
      0.9949354529380798,
      -0.058205053210258484,
      -0.06696897000074387,
      0.05277235060930252,
      0.9963585138320923
    ],
    [
      0.9605905413627625,
      -0.2760324478149414,
      0.032740265130996704,
      0.22501879930496216,
      0.8413510322570801,
      0.49142131209373474,
      -0.16319428384304047,
      -0.4646874666213989,
      0.8703063130378723
    ],
    [
      0.9172110557556152,
      0.32287514209747314,
      0.23339998722076416,
      -0.307666540145874,
      0.9462336897850037,
      -0.09991540759801865,
      -0.2531111538410187,
      0.019834157079458237,
      0.9672338962554932
    ],
    [
      0.989317774772644,
      0.10751452296972275,
      0.09844314306974411,
      -0.09510704129934311,
      0.987830638885498,
      -0.12306643277406693,
      -0.11047656834125519,
      0.11238916218280792,
      0.9875038266181946
    ],
    [
      0.9689031839370728,
      0.24724338948726654,
      -0.009868133813142776,
      -0.2445906549692154,
      0.963018000125885,
      0.1130114197731018,
      0.037444520741701126,
      -0.10708346217870712,
      0.9935446381568909
    ],
    [
      0.9497576355934143,
      0.24178718030452728,
      0.19874440133571625,
      -0.2819318175315857,
      0.9366681575775146,
      0.20776709914207458,
      -0.1359221488237381,
      -0.253360778093338,
      0.9577752351760864
    ],
    [
      0.8685612082481384,
      -0.05047738552093506,
      0.49300459027290344,
      0.010005141608417034,
      0.9963825941085815,
      0.08439010381698608,
      -0.4954809248447418,
      -0.06836538761854172,
      0.8659242987632751
    ],
    [
      0.7133467197418213,
      0.6260266304016113,
      -0.31500324606895447,
      -0.693240761756897,
      0.6962299942970276,
      -0.1862284392118454,
      0.10273073613643646,
      0.351218581199646,
      0.9306405782699585
    ],
    [
      0.9321486949920654,
      -0.017498517408967018,
      0.36165276169776917,
      -0.15214107930660248,
      0.8874459862709045,
      0.43507781624794006,
      -0.3285605311393738,
      -0.46057942509651184,
      0.8245694041252136
    ],
    [
      0.4912858009338379,
      -0.24540230631828308,
      -0.8357128500938416,
      -0.10165245085954666,
      0.9367769360542297,
      -0.33483704924583435,
      0.8650462627410889,
      0.24945294857025146,
      0.4352794587612152
    ],
    [
      -0.38170602917671204,
      -0.09475649148225784,
      0.9194138050079346,
      -0.5585358142852783,
      0.8162131309509277,
      -0.14776261150836945,
      -0.7364362478256226,
      -0.5699273943901062,
      -0.36447837948799133
    ],
    [
      0.9966431856155396,
      -0.06027288734912872,
      0.05540257319808006,
      0.07710850983858109,
      0.9184677600860596,
      -0.3879062831401825,
      -0.027505258098244667,
      0.3908762037754059,
      0.9200322031974792
    ],
    [
      0.8908452391624451,
      0.44996964931488037,
      0.06262610107660294,
      -0.4022354185581207,
      0.8452902436256409,
      -0.35169723629951477,
      -0.211190328001976,
      0.288117378950119,
      0.9340165257453918
    ],
    [
      0.9563045501708984,
      0.21057742834091187,
      -0.2028268426656723,
      -0.16602322459220886,
      0.9621452689170837,
      0.21613164246082306,
      0.24066130816936493,
      -0.17301371693611145,
      0.9550646543502808
    ],
    [
      0.9344437122344971,
      -0.2645675837993622,
      0.2383672147989273,
      0.22382833063602448,
      0.9569666385650635,
      0.18470405042171478,
      -0.27697622776031494,
      -0.11924219876527786,
      0.9534491896629333
    ]
  ],
  "root_rot": [
    -0.5360053777694702,
    0.021595316007733345,
    -0.8439382910728455,
    0.108901746571064,
    -0.9895516633987427,
    -0.09448747336864471,
    -0.8371610641479492,
    -0.14255213737487793,
    0.5280532240867615
  ],
  "root_trans": [
    0.364404559135437,
    0.486878901720047,
    2.8262219429016113
  ]
}