{
  "betas": [
    -0.860219419002533,
    0.8650346994400024,
    1.6097322702407837,
    0.36983147263526917,
    0.349425733089447,
    -0.05087611824274063,
    0.07556280493736267,
    0.5140730738639832,
    -0.20638838410377502,
    0.9082998037338257
  ],
  "joints": [
    [
      0.9682855010032654,
      -0.24965040385723114,
      -0.009886147454380989,
      0.24192579090595245,
      0.9269720315933228,
      0.286696195602417,
      -0.062409643083810806,
      -0.27999553084373474,
      0.9579704403877258
    ],
    [
      0.9120189547538757,
      0.3639622926712036,
      -0.18908442556858063,
      -0.3193557858467102,
      0.9194402098655701,
      0.22943758964538574,
      0.25735846161842346,
      -0.1488662213087082,
      0.9547803401947021
    ],
    [
      0.992302417755127,
      -0.10183592885732651,
      0.07046522200107574,
      0.11025089770555496,
      0.985603392124176,
      -0.12818238139152527,
      -0.05639718845486641,
      0.13496454060077667,
      0.9892441034317017
    ],
    [
      0.9999767541885376,
      -0.003931150771677494,
      -0.005577401258051395,
      0.003285941667854786,
      0.9937803745269775,
      -0.11130891740322113,
      0.005980282090604305,
      0.11128799617290497,
      0.993770182132721
    ],
    [
      0.9990782737731934,
      -0.04194033890962601,
      0.009144805371761322,
      0.042925331741571426,
      0.9770713448524475,
      -0.2085403949022293,
      -0.00018887108308263123,
      0.2087407261133194,
      0.977971076965332
    ],
    [
      0.9939801692962646,
      0.030881894752383232,
      -0.10511810332536697,
      -0.026357125490903854,
      0.9986764788627625,
      0.044165417551994324,
      0.10634288936853409,
      -0.041128937155008316,
      0.9934785962104797
    ],
    [
      0.9945402145385742,
      0.09170224517583847,
      -0.04980294778943062,
      -0.10083120316267014,
      0.967417299747467,
      -0.23224328458309174,
      0.02688300795853138,
      0.2359970062971115,
      0.9713818430900574
    ],
    [
      0.9166814684867859,
      -0.2363356500864029,
      -0.3222431540489197,
      0.27504047751426697,
      0.958122730255127,
      0.07970982044935226,
      0.2899101972579956,
      -0.16169840097427368,
      0.9432952404022217
    ],
    [
      0.9953701496124268,
      0.05532795190811157,
      0.0785948634147644,
      -0.050480857491493225,
      0.9967752695083618,
      -0.062375836074352264,
      -0.08179254084825516,
      0.058119505643844604,
      0.9949533343315125
    ],
    [
      0.9529396891593933,
      -0.15547782182693481,
      0.2602546811103821,
      0.037888288497924805,
      0.9128222465515137,
      0.40659546852111816,
      -0.3007828891277313,
      -0.37760040163993835,
      0.8757553100585938
    ],
    [
      0.9202143549919128,
      0.2973884344100952,
      0.2544909119606018,
      -0.3091749846935272,
      0.950981855392456,
      0.006665404886007309,
      -0.24003398418426514,
      -0.08481582254171371,
      0.9670522212982178
    ],
    [
      0.9747124910354614,
      0.20406977832317352,
      0.09105607122182846,
      -0.1911352425813675,
      0.9724563360214233,
      -0.13340184092521667,
      -0.1157713308930397,
      0.1126243993639946,
      0.986870288848877
    ],
    [
      0.9560055732727051,
      0.24869894981384277,
      -0.15557031333446503,
      -0.2330523133277893,
      0.9659816026687622,
      0.11209900677204132,
      0.17815695703029633,
      -0.07091125845909119,
      0.9814436435699463
    ],
    [
      0.9640820026397705,
      -0.08532096445560455,
      0.2515279948711395,
      0.020918909460306168,
      0.9684500098228455,
      0.24832838773727417,
      -0.2647798955440521,
      -0.23414720594882965,
      0.93545001745224
    ],
    [
      0.914547324180603,
      -0.09996654093265533,
      0.3919309675693512,
      0.06828303635120392,
      0.9932278394699097,
      0.09399990737438202,
      -0.39867356419563293,
      -0.05920512601733208,
      0.9151799082756042
    ],
    [
      0.824150025844574,
      0.5604538321495056,
      -0.08165865391492844,
      -0.5656726360321045,
      0.8073728680610657,
      -0.16781999170780182,
      -0.028126390650868416,
      0.18450094759464264,
      0.9824298024177551
    ],
    [
      0.818458616733551,
      -0.3064819574356079,
      0.4859982132911682,
      0.10900420695543289,
      0.913317859172821,
      0.392388254404068,
      -0.5641307830810547,
      -0.26817768812179565,
      0.780920684337616
    ],
    [
      0.9549082517623901,
      -0.006363812834024429,
      -0.296832799911499,
      -0.03410482406616211,
      0.9908012747764587,
      -0.1309567242860794,
      0.2949357032775879,
      0.13517507910728455,
      0.9459072947502136
    ],
    [
      -0.6112690567970276,
      0.0005847216816619039,
      0.7914226651191711,
      -0.6523258686065674,
      0.5658618211746216,
      -0.5042532682418823,
      -0.4481307566165924,
      -0.8244998455047607,
      -0.34551239013671875
    ],
    [
      0.9910919666290283,
      0.048463739454746246,
      0.12404873222112656,
      0.04378943890333176,
      0.7610671520233154,
      -0.6471933722496033,
      -0.1257748305797577,
      0.6468601226806641,
      0.7521653175354004
    ],
    [
      0.8626306056976318,
      0.4881622791290283,
      -0.13253696262836456,
      -0.49662110209465027,
      0.7675493359565735,
      -0.4052598178386688,
      -0.09610390663146973,
      0.4154101610183716,
      0.9045432209968567
    ],
    [
      0.8889350295066833,
      0.26587751507759094,
      -0.372965931892395,
      -0.1705108880996704,
      0.9478434920310974,
      0.2692931294441223,
      0.4251123070716858,
      -0.17578937113285065,
      0.8879063129425049
    ],
    [
      0.9501567482948303,
      -0.2859794497489929,
      0.12416937947273254,
      0.2448565512895584,
      0.931026816368103,
      0.27061840891838074,
      -0.19299635291099548,
      -0.22672618925571442,
      0.9546453356742859
    ]
  ],
  "root_rot": [
    0.3968312442302704,
    -0.06517349928617477,
    0.9155749082565308,
    -0.22533941268920898,
    -0.9738678932189941,
    0.028344307094812393,
    0.8898017406463623,
    -0.21756300330162048,
    -0.40114736557006836
  ],
  "root_trans": [
    -0.4195213317871094,
    0.539935290813446,
    2.376129150390625
  ]
}