{
  "betas": [
    -0.460480272769928,
    0.9221107959747314,
    0.5543040037155151,
    -0.5106710195541382,
    0.10008639097213745,
    -0.614351749420166,
    0.09412918984889984,
    0.8455812335014343,
    -0.24985921382904053,
    0.523503839969635
  ],
  "joints": [
    [
      0.8407341241836548,
      -0.49493905901908875,
      0.21954821050167084,
      0.5354107022285461,
      0.8203318119049072,
      -0.20097559690475464,
      -0.08063168823719025,
      0.2865155041217804,
      0.954676628112793
    ],
    [
      0.6101559400558472,
      0.6507589221000671,
      0.4519098997116089,
      -0.3364306092262268,
      -0.30359870195388794,
      0.8914270997047424,
      0.7173033952713013,
      -0.6959459185600281,
      0.03369266912341118
    ],
    [
      0.9813277721405029,
      -0.18703031539916992,
      -0.044894296675920486,
      0.1453973352909088,
      0.8741242289543152,
      -0.4634290039539337,
      0.12591847777366638,
      0.4482482373714447,
      0.8849961161613464
    ],
    [
      0.9805073738098145,
      -0.0434238463640213,
      -0.19162359833717346,
      -0.06973934918642044,
      0.8348565101623535,
      -0.5460320711135864,
      0.18368901312351227,
      0.5487522482872009,
      0.8155546188354492
    ],
    [
      0.9223230481147766,
      -0.09636843204498291,
      -0.3742103576660156,
      -0.011789677664637566,
      0.9609350562095642,
      -0.27652281522750854,
      0.3862399160861969,
      0.2594551742076874,
      0.8851563930511475
    ],
    [
      0.9757339358329773,
      -0.1831396073102951,
      -0.12001334130764008,
      0.165717214345932,
      0.9759088158607483,
      -0.14191457629203796,
      0.14311225712299347,
      0.118582583963871,
      0.9825767278671265
    ],
    [
      0.9636732339859009,
      0.0005778255872428417,
      0.2670833170413971,
      -0.08898339420557022,
      0.9435604810714722,
      0.31902289390563965,
      -0.25182491540908813,
      -0.3311998248100281,
      0.9093353748321533
    ],
    [
      0.8984847664833069,
      -0.38852617144584656,
      -0.2043832242488861,
      0.1837310492992401,
      0.755620002746582,
      -0.6287140250205994,
      0.39870792627334595,
      0.527338445186615,
      0.7502973675727844
    ],
    [
      0.9894585013389587,
      -0.13036049902439117,
      0.06307150423526764,
      0.12987950444221497,
      0.991460919380188,
      0.011684354394674301,
      -0.06405610591173172,
      -0.003369488287717104,
      0.9979405999183655
    ],
    [
      0.9727948904037476,
      -0.1350134164094925,
      0.18825918436050415,
      0.02039402537047863,
      0.8593772649765015,
      0.5109353065490723,
      -0.23076876997947693,
      -0.49319586157798767,
      0.8387512564659119
    ],
    [
      0.9299260973930359,
      0.3664863705635071,
      0.030416369438171387,
      -0.3674025535583496,
      0.9294490218162537,
      0.03376074507832527,
      -0.015897614881396294,
      -0.04257005453109741,
      0.9989669322967529
    ],
    [
      0.9695577025413513,
      -0.1148729920387268,
      -0.21624524891376495,
      0.016911469399929047,
      0.9124335646629333,
      -0.4088752567768097,
      0.2442781627178192,
      0.3927711248397827,
      0.8865996599197388
    ],
    [
      0.882308840751648,
      -0.1543292999267578,
      -0.4446501135826111,
      0.3192586302757263,
      0.8903931379318237,
      0.3244594931602478,
      0.34583982825279236,
      -0.428231805562973,
      0.8348727226257324
    ],
    [
      0.9440162181854248,
      -0.07357344776391983,
      0.32159027457237244,
      -0.012350953184068203,
      0.9662488102912903,
      0.2573142349720001,
      -0.32966771721839905,
      -0.24688076972961426,
      0.9112458229064941
    ],
    [
      0.9761748909950256,
      -0.14147357642650604,
      -0.16452305018901825,
      0.17975299060344696,
      0.951948344707489,
      0.2479579895734787,
      0.121537946164608,
      -0.2716238498687744,
      0.954698383808136
    ],
    [
      0.8768895268440247,
      0.12958258390426636,
      -0.4628964066505432,
      -0.08609752357006073,
      0.9897465705871582,
      0.1139691025018692,
      0.4729185402393341,
      -0.06008407473564148,
      0.8790551424026489
    ],
    [
      0.9422555565834045,
      -0.00683604134246707,
      0.3348248600959778,
      -0.08195072412490845,
      0.9646886587142944,
      0.2503194212913513,
      -0.32471296191215515,
      -0.2633040249347687,
      0.9084230065345764
    ],
    [
      0.34822043776512146,
      -0.3564816117286682,
      -0.8669851422309875,
      0.39117100834846497,
      0.8957566022872925,
      -0.21119968593120575,
      0.8518965244293213,
      -0.2655954360961914,
      0.45136603713035583
    ],
    [
      0.7692460417747498,
      0.23548263311386108,
      0.5939768552780151,
      -0.426486611366272,
      0.8814463019371033,
      0.2028830349445343,
      -0.4757833182811737,
      -0.4093901216983795,
      0.778479278087616
    ],
    [
      0.9306707978248596,
      -0.20951306819915771,
      0.2999267876148224,
      0.3560011684894562,
      0.7076088190078735,
      -0.6103710532188416,
      -0.08435016125440598,
      0.6748288869857788,
      0.7331377863883972
    ],
    [
      0.9524863958358765,
      0.16488657891750336,
      -0.25609004497528076,
      -0.28608977794647217,
      0.7728278636932373,
      -0.56647127866745,
      0.10450999438762665,
      0.6128209233283997,
      0.7832803726196289
    ],
    [
      0.97953200340271,
      0.12128981947898865,
      -0.16064192354679108,
      -0.09256206452846527,
      0.9801004528999329,
      0.1755998581647873,
      0.17874370515346527,
      -0.15713633596897125,
      0.9712665677070618
    ],
    [
      0.9779971837997437,
      -0.07729455083608627,
      0.19377049803733826,
      0.07548156380653381,
      0.9970067739486694,
      0.016733385622501373,
      -0.1944838911294937,
      -0.0017391060246154666,
      0.9809041023254395
    ]
  ],
  "root_rot": [
    -0.6067965030670166,
    -0.6982273459434509,
    0.37983769178390503,
    0.4350789487361908,
    -0.6916876435279846,
    -0.5764326453208923,
    0.6652100086212158,
    -0.18451792001724243,
    0.7234976291656494
  ],
  "root_trans": [
    -0.07327698171138763,
    0.4636933207511902,
    2.647614002227783
  ]
}