{
  "betas": [
    -0.8643741011619568,
    1.0721012353897095,
    1.1995302438735962,
    -0.03227245807647705,
    0.033449411392211914,
    -0.12662184238433838,
    0.337188720703125,
    0.5195873975753784,
    -0.004720941185951233,
    0.6284381151199341
  ],
  "joints": [
    [
      0.9394976496696472,
      -0.3216986060142517,
      -0.11770393699407578,
      0.341220885515213,
      0.9091584086418152,
      0.23874546587467194,
      0.030207442119717598,
      -0.2644638419151306,
      0.9639225006103516
    ],
    [
      0.8962025046348572,
      0.37441664934158325,
      -0.23797723650932312,
      -0.36064374446868896,
      0.9272499680519104,
      0.10071542859077454,
      0.2583739161491394,
      -0.004436425399035215,
      0.9660347700119019
    ],
    [
      0.9881580471992493,
      -0.02779804728925228,
      0.15090058743953705,
      0.049179788678884506,
      0.9889477491378784,
      -0.1398707926273346,
      -0.14534464478492737,
      0.1456357091665268,
      0.9786037802696228
    ],
    [
      0.9917512536048889,
      0.07637085765600204,
      -0.10294155031442642,
      -0.11493872851133347,
      0.8853407502174377,
      -0.45051175355911255,
      0.05673237517476082,
      0.4586275517940521,
      0.8868157863616943
    ],
    [
      0.9998012781143188,
      0.0025487951934337616,
      0.019771451130509377,
      0.004449016880244017,
      0.9382497072219849,
      -0.3459300398826599,
      -0.01943226531147957,
      0.3459492623806,
      0.9380519390106201
    ],
    [
      0.9942103028297424,
      0.1074364110827446,
      0.0018032152438536286,
      -0.10709185153245926,
      0.9893707633018494,
      0.098370760679245,
      0.008784553036093712,
      -0.09799433499574661,
      0.9951481819152832
    ],
    [
      0.9803159236907959,
      0.09633560478687286,
      -0.17233748733997345,
      -0.0758863240480423,
      0.9896793365478516,
      0.12155681848526001,
      0.18226909637451172,
      -0.10608601570129395,
      0.9775089621543884
    ],
    [
      0.8963496088981628,
      -0.34712928533554077,
      -0.275787353515625,
      0.3669198751449585,
      0.9299929141998291,
      0.02197595313191414,
      0.24885180592536926,
      -0.12088999897241592,
      0.9609674215316772
    ],
    [
      0.9788370132446289,
      0.10473428666591644,
      0.17580874264240265,
      -0.09184177219867706,
      0.992558479309082,
      -0.07995492964982986,
      -0.18287447094917297,
      0.062116269022226334,
      0.9811719655990601
    ],
    [
      0.9787848591804504,
      -0.20326414704322815,
      -0.025764163583517075,
      0.17201879620552063,
      0.7469177842140198,
      0.6422798037528992,
      -0.1113087460398674,
      -0.6330857276916504,
      0.7660370469093323
    ],
    [
      0.9032834768295288,
      0.38628703355789185,
      0.18671143054962158,
      -0.36817052960395813,
      0.9213219881057739,
      -0.12496495246887207,
      -0.22029370069503784,
      0.044137146323919296,
      0.9744344353675842
    ],
    [
      0.9956180453300476,
      0.08085914701223373,
      0.04697342962026596,
      -0.08162123709917068,
      0.996557354927063,
      0.014535807073116302,
      -0.0456363707780838,
      -0.01830614171922207,
      0.9987903237342834
    ],
    [
      0.9851692914962769,
      0.09637518972158432,
      -0.14196208119392395,
      -0.05277504399418831,
      0.9574451446533203,
      0.2837490439414978,
      0.16326728463172913,
      -0.27204880118370056,
      0.9483317732810974
    ],
    [
      0.85948246717453,
      0.018179843202233315,
      0.5108417868614197,
      -0.18424341082572937,
      0.9432108402252197,
      0.2764193117618561,
      -0.47680628299713135,
      -0.3316968083381653,
      0.8140227198600769
    ],
    [
      0.9066330790519714,
      0.03775588050484657,
      0.42022737860679626,
      -0.04623548313975334,
      0.9988804459571838,
      0.01000650878995657,
      -0.4193790853023529,
      -0.02850164659321308,
      0.9073637127876282
    ],
    [
      0.5397781729698181,
      0.6175872087478638,
      -0.5720364451408386,
      -0.7465673685073853,
      0.6651694774627686,
      0.013669412583112717,
      0.3889431953430176,
      0.4196852445602417,
      0.8201144337654114
    ],
    [
      0.6344498991966248,
      -0.44837960600852966,
      0.6296260952949524,
      0.25156641006469727,
      0.8899916410446167,
      0.3803015649318695,
      -0.73088139295578,
      -0.08288954198360443,
      0.6774523258209229
    ],
    [
      -0.5831623673439026,
      -0.2997985780239105,
      -0.7550114393234253,
      0.06640416383743286,
      0.9087075591087341,
      -0.4121176600456238,
      0.8096369504928589,
      -0.29046741127967834,
      -0.5100162029266357
    ],
    [
      -0.18426519632339478,
      0.2803706228733063,
      0.9420396089553833,
      -0.28899720311164856,
      0.9006286859512329,
      -0.32457444071769714,
      -0.9394291043281555,
      -0.33205458521842957,
      -0.08492819964885712
    ],
    [
      0.9429736733436584,
      -0.3203871250152588,
      0.09029211848974228,
      0.33228614926338196,
      0.9220556616783142,
      -0.19849254190921783,
      -0.019659889861941338,
      0.21717607975006104,
      0.9759344458580017
    ],
    [
      0.9191418290138245,
      0.34556663036346436,
      -0.18910862505435944,
      -0.39376911520957947,
      0.7923972010612488,
      -0.4658890664577484,
      -0.011146558448672295,
      0.5026832222938538,
      0.8643988966941833
    ],
    [
      0.952764630317688,
      0.13372384011745453,
      -0.2726860046386719,
      -0.0912722572684288,
      0.9824172258377075,
      0.1628675013780594,
      0.2896707057952881,
      -0.13028572499752045,
      0.9482176899909973
    ],
    [
      0.9773508906364441,
      -0.11776120960712433,
      0.1758333295583725,
      0.0954381674528122,
      0.9868515729904175,
      0.13044337928295135,
      -0.18888257443904877,
      -0.11070777475833893,
      0.9757391810417175
    ]
  ],
  "root_rot": [
    -0.8089320659637451,
    -0.0173760075122118,
    -0.5876451730728149,
    0.08060689270496368,
    -0.993401288986206,
    -0.08158691227436066,
    -0.5823498368263245,
    -0.11336653679609299,
    0.8049947619438171
  ],
  "root_trans": [
    0.231205552816391,
    0.48744726181030273,
    2.7989180088043213
  ]
}