{
  "betas": [
    -0.9445636868476868,
    1.214956283569336,
    1.5748246908187866,
    -0.15210363268852234,
    0.1689542979001999,
    0.08450710773468018,
    0.39963865280151367,
    0.3098629415035248,
    -0.15542787313461304,
    0.7872617840766907
  ],
  "joints": [
    [
      0.961524248123169,
      -0.24844761192798615,
      -0.1172388419508934,
      0.24951289594173431,
      0.9683544635772705,
      -0.005737722851336002,
      0.11495428532361984,
      -0.023735642433166504,
      0.9930871725082397
    ],
    [
      0.9136919379234314,
      0.406374454498291,
      -0.005181870888918638,
      -0.38062503933906555,
      0.8601270914077759,
      0.3395674228668213,
      0.1424485743045807,
      -0.30828768014907837,
      0.9405674934387207
    ],
    [
      0.996766984462738,
      -0.027540937066078186,
      0.07547831535339355,
      0.03960323706269264,
      0.9857805967330933,
      -0.16330362856388092,
      -0.0699075311422348,
      0.16576486825942993,
      0.983684241771698
    ],
    [
      0.9908802509307861,
      -0.016762621700763702,
      -0.1336984783411026,
      -0.038399744778871536,
      0.9159584045410156,
      -0.39943167567253113,
      0.12915776669979095,
      0.4009229838848114,
      0.9069614410400391
    ],
    [
      0.9969075322151184,
      0.03587348759174347,
      0.06991759687662125,
      0.006586194969713688,
      0.848450779914856,
      -0.5292332768440247,
      -0.07830708473920822,
      0.5280570983886719,
      0.8455907106399536
    ],
    [
      0.9987485408782959,
      0.02032838575541973,
      -0.04569773003458977,
      -0.015973711386322975,
      0.9954708218574524,
      0.09371619671583176,
      0.04739585891366005,
      -0.09286893904209137,
      0.9945497512817383
    ],
    [
      0.9961407780647278,
      0.07206753641366959,
      -0.05009862780570984,
      -0.06204574182629585,
      0.9819238185882568,
      0.1788179874420166,
      0.062080010771751404,
      -0.17501947283744812,
      0.9826058149337769
    ],
    [
      0.8662850260734558,
      -0.49953579902648926,
      0.0037669625598937273,
      0.49146735668182373,
      0.8508935570716858,
      -0.18558020889759064,
      0.08949866145849228,
      0.16261669993400574,
      0.9826219081878662
    ],
    [
      0.9882887601852417,
      0.041087307035923004,
      0.14695994555950165,
      -0.03194407746195793,
      0.9974356293678284,
      -0.06404450535774231,
      -0.14921452105045319,
      0.058599960058927536,
      0.987066924571991
    ],
    [
      0.9952589273452759,
      -0.053588610142469406,
      0.08116527646780014,
      -0.012248273007571697,
      0.758815586566925,
      0.6511904001235962,
      -0.09648583829402924,
      -0.6490972638130188,
      0.7545616030693054
    ],
    [
      0.8772567510604858,
      0.4755375385284424,
      0.06545770168304443,
      -0.46385079622268677,
      0.8748817443847656,
      -0.13937127590179443,
      -0.12354402989149094,
      0.09190177917480469,
      0.9880743622779846
    ],
    [
      0.9840009808540344,
      0.1501244604587555,
      0.09594158828258514,
      -0.15707331895828247,
      0.9851393103599548,
      0.06948798149824142,
      -0.08408397436141968,
      -0.08344610035419464,
      0.9929586052894592
    ],
    [
      0.7679228782653809,
      0.04855724051594734,
      -0.6386991739273071,
      0.23651836812496185,
      0.90516197681427,
      0.353186696767807,
      0.5952759981155396,
      -0.42228421568870544,
      0.6836099028587341
    ],
    [
      0.6347785592079163,
      -0.2287215292453766,
      0.7380669116973877,
      -0.0714048519730568,
      0.9337354302406311,
      0.35076993703842163,
      -0.7693877816200256,
      -0.2753627896308899,
      0.5763834118843079
    ],
    [
      0.9636523127555847,
      0.014030182734131813,
      0.26679104566574097,
      -0.03397549316287041,
      0.9969476461410522,
      0.07029175758361816,
      -0.26499050855636597,
      -0.07680116593837738,
      0.9611876010894775
    ],
    [
      0.25233936309814453,
      0.7454724311828613,
      -0.6169244647026062,
      -0.7126758694648743,
      0.5744400024414062,
      0.40263110399246216,
      0.6545364260673523,
      0.33806753158569336,
      0.6762340664863586
    ],
    [
      0.37495577335357666,
      -0.6429909467697144,
      0.6678103804588318,
      0.5473662614822388,
      0.7349474430084229,
      0.4003028869628906,
      -0.7481967210769653,
      0.21544098854064941,
      0.6275243163108826
    ],
    [
      -0.237616166472435,
      -0.3694877326488495,
      -0.8983414769172668,
      0.281597375869751,
      0.8589116334915161,
      -0.427754282951355,
      0.9296458959579468,
      -0.35461193323135376,
      -0.10004451125860214
    ],
    [
      0.33765098452568054,
      0.27974560856819153,
      0.8987401723861694,
      0.004877673927694559,
      0.9542824029922485,
      -0.2988663613796234,
      -0.9412586688995361,
      0.105296291410923,
      0.3208498954772949
    ],
    [
      0.9093934297561646,
      -0.2868165373802185,
      0.30123060941696167,
      0.3699682950973511,
      0.8887314796447754,
      -0.2707024812698364,
      -0.19007118046283722,
      0.35762083530426025,
      0.9143195748329163
    ],
    [
      0.9311521649360657,
      0.30972006916999817,
      -0.1924293339252472,
      -0.36279740929603577,
      0.8398057222366333,
      -0.4038617014884949,
      0.03651916980743408,
      0.4458695948123932,
      0.8943525552749634
    ],
    [
      0.9863355755805969,
      0.008402813225984573,
      -0.16453415155410767,
      -0.006157141178846359,
      0.9998807907104492,
      0.01415393128991127,
      0.16463349759578705,
      -0.012947466224431992,
      0.9862697124481201
    ],
    [
      0.9902260303497314,
      -0.006214813329279423,
      0.13933339715003967,
      0.0013205930590629578,
      0.9993797540664673,
      0.03519096598029137,
      -0.13946567475795746,
      -0.03466301038861275,
      0.9896200299263
    ]
  ],
  "root_rot": [
    -0.981626033782959,
    -0.12655052542686462,
    -0.14281252026557922,
    0.14342738687992096,
    -0.9829794764518738,
    -0.11480425298213959,
    -0.12585322558879852,
    -0.13317805528640747,
    0.9830690622329712
  ],
  "root_trans": [
    0.1032223105430603,
    0.4667019844055176,
    2.7698261737823486
  ]
}