{
  "betas": [
    -0.7319133877754211,
    1.081175684928894,
    1.3818429708480835,
    0.0894353985786438,
    -0.3142043948173523,
    -0.17705923318862915,
    0.1347205936908722,
    0.7663379311561584,
    0.22580426931381226,
    1.2369401454925537
  ],
  "joints": [
    [
      0.9519102573394775,
      -0.3063690662384033,
      0.0022133777383714914,
      0.2892051935195923,
      0.9009184837341309,
      0.3235832750797272,
      -0.10112999379634857,
      -0.30738210678100586,
      0.9461970925331116
    ],
    [
      0.9712448716163635,
      0.12866441905498505,
      -0.20032231509685516,
      -0.14340098202228546,
      0.987794041633606,
      -0.0608193539083004,
      0.19005192816257477,
      0.0877968892455101,
      0.9778404831886292
    ],
    [
      0.9957637786865234,
      -0.011820858344435692,
      0.0911845937371254,
      0.021319463849067688,
      0.9943581223487854,
      -0.1039099469780922,
      -0.08944185078144073,
      0.10541378706693649,
      0.9903978109359741
    ],
    [
      0.9947102665901184,
      0.020935431122779846,
      0.10056367516517639,
      -0.0035457678604871035,
      0.9854248762130737,
      -0.17007389664649963,
      -0.10265852510929108,
      0.1688176989555359,
      0.9802864789962769
    ],
    [
      0.9998475313186646,
      -0.017459429800510406,
      4.973245449946262e-05,
      0.01731780171394348,
      0.9913668036460876,
      -0.1299688220024109,
      0.002219878602772951,
      0.1299498826265335,
      0.9915180206298828
    ],
    [
      0.9936242699623108,
      -0.009389209561049938,
      -0.1123504489660263,
      0.005768532399088144,
      0.9994547963142395,
      -0.03250844404101372,
      0.11259442567825317,
      0.03165308013558388,
      0.9931367039680481
    ],
    [
      0.980650007724762,
      0.19099611043930054,
      0.04296460002660751,
      -0.1728258728981018,
      0.9477085471153259,
      -0.2682901918888092,
      -0.09196031838655472,
      0.2556734085083008,
      0.9623794555664062
    ],
    [
      0.9525096416473389,
      -0.25952279567718506,
      -0.1592903435230255,
      0.27886849641799927,
      0.953538179397583,
      0.11400569975376129,
      0.1223023384809494,
      -0.15301257371902466,
      0.9806270599365234
    ],
    [
      0.9987164735794067,
      0.0081571564078331,
      0.0499897226691246,
      -0.00856222864240408,
      0.9999321699142456,
      0.007894376292824745,
      -0.04992193728685379,
      -0.008312266319990158,
      0.9987185597419739
    ],
    [
      0.8970152735710144,
      -0.4253324270248413,
      0.12023313343524933,
      0.2954089343547821,
      0.7792527675628662,
      0.5527192950248718,
      -0.32878145575523376,
      -0.4602796733379364,
      0.8246486186981201
    ],
    [
      0.9362038969993591,
      0.2969905734062195,
      0.18793317675590515,
      -0.2314576357603073,
      0.9233953356742859,
      -0.30621612071990967,
      -0.26447993516921997,
      0.24318213760852814,
      0.9332270622253418
    ],
    [
      0.992023229598999,
      0.12563103437423706,
      -0.010330221615731716,
      -0.12597526609897614,
      0.9909757971763611,
      -0.04579479992389679,
      0.0044837514869868755,
      0.04673085734248161,
      0.9988974332809448
    ],
    [
      0.9761080145835876,
      0.20547564327716827,
      -0.07066022604703903,
      -0.18962839245796204,
      0.9643324017524719,
      0.18467290699481964,
      0.10608573257923126,
      -0.16686153411865234,
      0.9802566170692444
    ],
    [
      0.9480807185173035,
      -0.30773261189460754,
      0.0802716538310051,
      0.3147830367088318,
      0.9439922571182251,
      -0.09894625842571259,
      -0.045326825231313705,
      0.11907720565795898,
      0.9918498396873474
    ],
    [
      0.9830396771430969,
      -0.048675552010536194,
      0.17681553959846497,
      0.06082450598478317,
      0.9960978627204895,
      -0.06394964456558228,
      -0.17301277816295624,
      0.07361975312232971,
      0.9821643829345703
    ],
    [
      0.5702160000801086,
      0.5957446098327637,
      -0.5656341910362244,
      -0.620552659034729,
      0.7635509371757507,
      0.17861780524253845,
      0.5383011698722839,
      0.24915507435798645,
      0.8050798773765564
    ],
    [
      0.6118703484535217,
      -0.7728511691093445,
      0.16827262938022614,
      0.7909442782402039,
      0.5965963006019592,
      -0.1359410136938095,
      0.004671345464885235,
      0.21627254784107208,
      0.976321816444397
    ],
    [
      -0.07485616207122803,
      -0.314374178647995,
      -0.9463431239128113,
      0.4204478859901428,
      0.8505775928497314,
      -0.31581854820251465,
      0.9042234420776367,
      -0.42152896523475647,
      0.06850699335336685
    ],
    [
      0.37081605195999146,
      0.3072933852672577,
      0.8763939142227173,
      0.06525246053934097,
      0.9327186346054077,
      -0.35465207695961,
      -0.9264110922813416,
      0.18869754672050476,
      0.3258153796195984
    ],
    [
      0.9510546326637268,
      -0.2624676823616028,
      0.16311319172382355,
      0.3038468658924103,
      0.8904489874839783,
      -0.3387886881828308,
      -0.05632289871573448,
      0.37176793813705444,
      0.9266155958175659
    ],
    [
      0.9651676416397095,
      0.08834867924451828,
      0.24626408517360687,
      0.010164099745452404,
      0.9278877973556519,
      -0.3727208077907562,
      -0.2614348828792572,
      0.36224108934402466,
      0.8946692943572998
    ],
    [
      0.9762568473815918,
      0.13103128969669342,
      -0.17249183356761932,
      -0.12584158778190613,
      0.9912136793136597,
      0.040734149515628815,
      0.17631372809410095,
      -0.018060341477394104,
      0.9841683506965637
    ],
    [
      0.845112681388855,
      -0.2689216136932373,
      0.4620234966278076,
      0.20628312230110168,
      0.9613710641860962,
      0.18224398791790009,
      -0.4931854009628296,
      -0.05870907008647919,
      0.8679408431053162
    ]
  ],
  "root_rot": [
    -0.08951309323310852,
    0.045341964811086655,
    -0.9949530959129333,
    0.13107138872146606,
    -0.9897388815879822,
    -0.05689647048711777,
    -0.9873235821723938,
    -0.13550284504890442,
    0.08265155553817749
  ],
  "root_trans": [
    0.5158757567405701,
    0.4761745035648346,
    2.703585624694824
  ]
}