{
  "betas": [
    -0.5013419389724731,
    1.3066152334213257,
    1.2844674587249756,
    0.1102294921875,
    0.252093106508255,
    -0.17097511887550354,
    0.21747362613677979,
    0.7906390428543091,
    0.1525650918483734,
    0.9924806952476501
  ],
  "joints": [
    [
      0.9391415119171143,
      -0.3432234823703766,
      0.01452013198286295,
      0.3018559515476227,
      0.8446528911590576,
      0.44209110736846924,
      -0.1640005111694336,
      -0.4108031392097473,
      0.8968526124954224
    ],
    [
      0.9431792497634888,
      0.21866852045059204,
      -0.25019368529319763,
      -0.21378988027572632,
      0.975754976272583,
      0.04686244949698448,
      0.2543751001358032,
      0.009289197623729706,
      0.9670609831809998
    ],
    [
      0.995573878288269,
      -0.05257527530193329,
      0.0778997465968132,
      0.06398807466030121,
      0.9862877130508423,
      -0.15212510526180267,
      -0.06883353739976883,
      0.15643645823001862,
      0.9852864742279053
    ],
    [
      0.9894134998321533,
      0.1125742644071579,
      0.09158560633659363,
      -0.06189417093992233,
      0.8981452584266663,
      -0.4353207051753998,
      -0.13126309216022491,
      0.42504358291625977,
      0.8956047296524048
    ],
    [
      0.9994406700134277,
      -0.03192199766635895,
      0.009961380623281002,
      0.03304247185587883,
      0.8969179391860962,
      -0.44096073508262634,
      0.005141806323081255,
      0.44104325771331787,
      0.8974710702896118
    ],
    [
      0.9922324419021606,
      0.09468115121126175,
      -0.08068676292896271,
      -0.08801162242889404,
      0.9926924705505371,
      0.08255739510059357,
      0.08791376650333405,
      -0.07481475174427032,
      0.9933147430419922
    ],
    [
      0.9867231249809265,
      0.05957319214940071,
      0.15109103918075562,
      -0.03292517736554146,
      0.9843546748161316,
      -0.1730950027704239,
      -0.1590389758348465,
      0.16582214832305908,
      0.9732469916343689
    ],
    [
      0.922886073589325,
      -0.16478921473026276,
      -0.348031222820282,
      0.24426274001598358,
      0.9492226839065552,
      0.1982724517583847,
      0.29768598079681396,
      -0.2679939568042755,
      0.9162762761116028
    ],
    [
      0.9944154024124146,
      0.09108325839042664,
      0.0533093623816967,
      -0.08728792518377304,
      0.9937452077865601,
      -0.06965183466672897,
      -0.059320032596588135,
      0.0646095871925354,
      0.996146023273468
    ],
    [
      0.9637272357940674,
      -0.265889048576355,
      0.023083841428160667,
      0.2190062552690506,
      0.8372918963432312,
      0.5009775161743164,
      -0.15253236889839172,
      -0.47775015234947205,
      0.8651523590087891
    ],
    [
      0.9214440584182739,
      0.29860344529151917,
      0.2485494315624237,
      -0.2877260148525238,
      0.9543749690055847,
      -0.07988846302032471,
      -0.2610643208026886,
      0.0020986178424209356,
      0.9653191566467285
    ],
    [
      0.9885431528091431,
      0.11926549673080444,
      0.0925104022026062,
      -0.10313309729099274,
      0.981228232383728,
      -0.16295623779296875,
      -0.11020887643098831,
      0.1515483856201172,
      0.9822866916656494
    ],
    [
      0.9727593660354614,
      0.2307823896408081,
      -0.02187996730208397,
      -0.22662882506847382,
      0.9665992856025696,
      0.11968810856342316,
      0.04877106472849846,
      -0.1114690974354744,
      0.9925704598426819
    ],
    [
      0.9359937906265259,
      0.28142988681793213,
      0.21145394444465637,
      -0.32744020223617554,
      0.9165742993354797,
      0.22950899600982666,
      -0.129222571849823,
      -0.28405752778053284,
      0.9500592947006226
    ],
    [
      0.8689521551132202,
      -0.029583897441625595,
      0.4940112233161926,
      -0.008308959193527699,
      0.9971988797187805,
      0.0743325725197792,
      -0.4948264956474304,
      -0.06869616359472275,
      0.8662723302841187
    ],
    [
      0.7080426812171936,
      0.6363483667373657,
      -0.3061637878417969,
      -0.6974009275436401,
      0.6982250809669495,
      -0.16159722208976746,
      0.11093910038471222,
      0.32793664932250977,
      0.9381631016731262
    ],
    [
      0.9275404810905457,
      0.004391195718199015,
      0.37369677424430847,
      -0.18111681938171387,
      0.8799411654472351,
      0.43920406699180603,
      -0.3269025385379791,
      -0.4750623404979706,
      0.8169763684272766
    ],
    [
      0.6527827978134155,
      -0.19168509542942047,
      -0.7328925132751465,
      -0.11623599380254745,
      0.9306566119194031,
      -0.34694018959999084,
      0.7485744953155518,
      0.3116650879383087,
      0.5852358937263489
    ],
    [
      -0.3360240161418915,
      -0.08348595350980759,
      0.9381460547447205,
      -0.5597626566886902,
      0.8187646865844727,
      -0.12763294577598572,
      -0.7574653029441833,
      -0.5680268406867981,
      -0.32185691595077515
    ],
    [
      0.9972599148750305,
      -0.04391912743449211,
      0.059527911245822906,
      0.06669605523347855,
      0.8819037675857544,
      -0.4666876792907715,
      -0.03200140967965126,
      0.4693793058395386,
      0.8824164867401123
    ],
    [
      0.9146573543548584,
      0.40299704670906067,
      0.0315471887588501,
      -0.3661142587661743,
      0.8589682579040527,
      -0.3579578101634979,
      -0.17135398089885712,
      0.3158589005470276,
      0.9332045912742615
    ],
    [
      0.953015148639679,
      0.21817447245121002,
      -0.21014755964279175,
      -0.17168974876403809,
      0.9605783224105835,
      0.21865931153297424,
      0.24956907331943512,
      -0.17230544984340668,
      0.9529039859771729
    ],
    [
      0.9366375207901001,
      -0.257638543844223,
      0.23734459280967712,
      0.21681126952171326,
      0.9585436582565308,
      0.18489675223827362,
      -0.27514171600341797,
      -0.1217222735285759,
      0.9536668658256531
    ]
  ],
  "root_rot": [
    -0.5189821124076843,
    0.03101971559226513,
    -0.8542221188545227,
    0.10062725096940994,
    -0.9901753067970276,
    -0.09709266573190689,
    -0.8488414287567139,
    -0.13634736835956573,
    0.5107618570327759
  ],
  "root_trans": [
    0.3775138854980469,
    0.48555317521095276,
    2.84118390083313
  ]
}