{
  "betas": [
    -0.4778445363044739,
    1.091854214668274,
    1.164785385131836,
    0.27033066749572754,
    0.2845568060874939,
    -0.1558729112148285,
    0.3323515057563782,
    0.7312902212142944,
    0.0915912315249443,
    0.9503489136695862
  ],
  "joints": [
    [
      0.9174171090126038,
      -0.39699169993400574,
      0.02726764976978302,
      0.3652564585208893,
      0.8673074245452881,
      0.3381797671318054,
      -0.1579039990901947,
      -0.3002921938896179,
      0.9406864643096924
    ],
    [
      0.9491362571716309,
      0.24585820734500885,
      -0.1967083215713501,
      -0.2163209170103073,
      0.9631224870681763,
      0.16000105440616608,
      0.22879178822040558,
      -0.10931067168712616,
      0.9673187732696533
    ],
    [
      0.9981790781021118,
      -0.041473887860774994,
      0.04380014166235924,
      0.048060085624456406,
      0.9856220483779907,
      -0.16198572516441345,
      -0.03645220771431923,
      0.16379579901695251,
      0.9858205318450928
    ],
    [
      0.9983097910881042,
      0.03660004213452339,
      0.04514216631650925,
      -0.021968727931380272,
      0.9568008184432983,
      -0.2899131178855896,
      -0.05380288138985634,
      0.28843143582344055,
      0.9559876918792725
    ],
    [
      0.9992894530296326,
      -0.03494138643145561,
      0.014133761636912823,
      0.037422049790620804,
      0.8749722838401794,
      -0.4827246367931366,
      0.004500417970120907,
      0.48291054368019104,
      0.8756581544876099
    ],
    [
      0.9915632605552673,
      0.11014726012945175,
      -0.06833647191524506,
      -0.10255736857652664,
      0.9890540242195129,
      0.10608522593975067,
      0.07927346229553223,
      -0.09818180650472641,
      0.9920060634613037
    ],
    [
      0.9788133502006531,
      0.12945079803466797,
      0.15864096581935883,
      -0.07377592474222183,
      0.945716917514801,
      -0.31650683283805847,
      -0.1910015195608139,
      0.2980972230434418,
      0.9352306723594666
    ],
    [
      0.9418830275535583,
      -0.18712639808654785,
      -0.27899834513664246,
      0.24733340740203857,
      0.9482825398445129,
      0.19896332919597626,
      0.22733797132968903,
      -0.2564058005809784,
      0.9394538402557373
    ],
    [
      0.9949206113815308,
      0.09376055747270584,
      0.03663240000605583,
      -0.09222855418920517,
      0.9948732256889343,
      -0.04148715361952782,
      -0.04033445194363594,
      0.03789786994457245,
      0.9984672665596008
    ],
    [
      0.9792847037315369,
      -0.1789141148328781,
      0.09482225775718689,
      0.11324968189001083,
      0.872134268283844,
      0.47597944736480713,
      -0.16785715520381927,
      -0.45538079738616943,
      0.874329686164856
    ],
    [
      0.9280655384063721,
      0.3168990910053253,
      0.1956256926059723,
      -0.29519787430763245,
      0.9462227821350098,
      -0.13236571848392487,
      -0.22705206274986267,
      0.06509575247764587,
      0.9717047214508057
    ],
    [
      0.9524893164634705,
      0.21620413661003113,
      0.21452227234840393,
      -0.17390547692775726,
      0.9642990231513977,
      -0.1997104436159134,
      -0.2500418424606323,
      0.15291547775268555,
      0.9560835957527161
    ],
    [
      0.9406293034553528,
      0.33832788467407227,
      0.027399644255638123,
      -0.33870238065719604,
      0.9302319884300232,
      0.14124150574207306,
      0.02229791134595871,
      -0.14213621616363525,
      0.9895959496498108
    ],
    [
      0.9895643591880798,
      0.13914766907691956,
      0.037419699132442474,
      -0.14394082129001617,
      0.9664812088012695,
      0.21259142458438873,
      -0.00658383360132575,
      -0.21575912833213806,
      0.9764243960380554
    ],
    [
      0.8141207098960876,
      -0.0402187779545784,
      0.5793011784553528,
      -0.018759459257125854,
      0.9952564239501953,
      0.09546063840389252,
      -0.5803925395011902,
      -0.08858386427164078,
      0.8095043897628784
    ],
    [
      0.7640773057937622,
      0.5856167078018188,
      -0.27062687277793884,
      -0.6342117786407471,
      0.7586966753005981,
      -0.14884495735168457,
      0.11815760284662247,
      0.2853638231754303,
      0.951107919216156
    ],
    [
      0.9536848068237305,
      -0.0622740276157856,
      0.2942911684513092,
      -0.07379862666130066,
      0.8999991416931152,
      0.4295990467071533,
      -0.2916146516799927,
      -0.43142035603523254,
      0.8537197709083557
    ],
    [
      0.9319897890090942,
      -0.042284756898880005,
      -0.36000970005989075,
      -0.033931974321603775,
      0.9786346554756165,
      -0.20278781652450562,
      0.36089277267456055,
      0.20121201872825623,
      0.910642683506012
    ],
    [
      -0.4115908741950989,
      -0.0017470642924308777,
      0.9113670587539673,
      -0.5824660062789917,
      0.7696171402931213,
      -0.2615774869918823,
      -0.7009467482566833,
      -0.6385031938552856,
      -0.31778499484062195
    ],
    [
      0.9891365766525269,
      -0.13958819210529327,
      0.04608646035194397,
      0.14105568826198578,
      0.8130404949188232,
      -0.5648614168167114,
      0.04137784242630005,
      0.5652258396148682,
      0.8238977789878845
    ],
    [
      0.766660213470459,
      0.6282094717025757,
      -0.13260868191719055,
      -0.6310157775878906,
      0.6991027593612671,
      -0.3362653851509094,
      -0.11853799223899841,
      0.34147945046424866,
      0.9323843717575073
    ],
    [
      0.9547407627105713,
      0.2065809667110443,
      -0.21399636566638947,
      -0.15794356167316437,
      0.961759090423584,
      0.22377045452594757,
      0.25203970074653625,
      -0.17984342575073242,
      0.9508587121963501
    ],
    [
      0.9428731203079224,
      -0.27103960514068604,
      0.1937210112810135,
      0.21686027944087982,
      0.9407427906990051,
      0.2607194781303406,
      -0.2529069483280182,
      -0.2038150131702423,
      0.9457787871360779
    ]
  ],
  "root_rot": [
    -0.6666325330734253,
    0.06572075933218002,
    -0.7424834370613098,
    0.04960791394114494,
    -0.9899851083755493,
    -0.13216833770275116,
    -0.743733823299408,
    -0.12494079023599625,
    0.6566960215568542
  ],
  "root_trans": [
    0.45261651277542114,
    0.4900258779525757,
    2.8767788410186768
  ]
}