{
  "betas": [
    -0.8551787734031677,
    0.9008352756500244,
    1.6771289110183716,
    0.3645997643470764,
    0.27433285117149353,
    0.021877791732549667,
    -0.05229616165161133,
    0.39946913719177246,
    0.11906194686889648,
    1.096474528312683
  ],
  "joints": [
    [
      0.9857825636863708,
      -0.1678311973810196,
      0.008083012886345387,
      0.16236861050128937,
      0.963867723941803,
      0.21117626130580902,
      -0.04323292523622513,
      -0.2068614661693573,
      0.9774144887924194
    ],
    [
      0.9764922857284546,
      0.1427472084760666,
      -0.1615116149187088,
      -0.1259518265724182,
      0.9859315752983093,
      0.10988666862249374,
      0.17492541670799255,
      -0.0869608074426651,
      0.9807338714599609
    ],
    [
      0.9963078498840332,
      -0.026035217568278313,
      0.0818098783493042,
      0.03362223133444786,
      0.9951192140579224,
      -0.09277553111314774,
      -0.07899515330791473,
      0.09518361836671829,
      0.9923204183578491
    ],
    [
      0.9991790056228638,
      0.0016603225376456976,
      0.040479689836502075,
      -2.7736159609048627e-05,
      0.9991876482963562,
      -0.04029861465096474,
      -0.040513720363378525,
      0.04026440531015396,
      0.9983673691749573
    ],
    [
      0.998725414276123,
      -0.049729425460100174,
      0.008631158620119095,
      0.050456538796424866,
      0.9793429374694824,
      -0.19580982625484467,
      0.0012846464524045587,
      0.1959957629442215,
      0.9806038737297058
    ],
    [
      0.9903727173805237,
      0.02839807979762554,
      -0.13548241555690765,
      -0.02814931422472,
      0.9995967149734497,
      0.0037519149482250214,
      0.13553431630134583,
      9.794237848836929e-05,
      0.9907727241516113
    ],
    [
      0.9893086552619934,
      0.08552871644496918,
      0.11812388896942139,
      -0.05909967049956322,
      0.9756054878234863,
      -0.211426243185997,
      -0.13332533836364746,
      0.20218472182750702,
      0.9702296853065491
    ],
    [
      0.9654203653335571,
      -0.17410247027873993,
      -0.1940406709909439,
      0.19652393460273743,
      0.9750865697860718,
      0.10288164764642715,
      0.17129448056221008,
      -0.13745766878128052,
      0.9755837321281433
    ],
    [
      0.9963334202766418,
      0.04767982289195061,
      0.07103830575942993,
      -0.04537611082196236,
      0.998401403427124,
      -0.033698469400405884,
      -0.07253148406744003,
      0.030351467430591583,
      0.996904194355011
    ],
    [
      0.9749206900596619,
      -0.1742929071187973,
      0.13838958740234375,
      0.08602268993854523,
      0.8686171770095825,
      0.48795947432518005,
      -0.2052554190158844,
      -0.46381711959838867,
      0.8618260025978088
    ],
    [
      0.9276560544967651,
      0.2701358199119568,
      0.25783872604370117,
      -0.30666083097457886,
      0.9450671672821045,
      0.1131688728928566,
      -0.21310395002365112,
      -0.18405084311962128,
      0.9595373868942261
    ],
    [
      0.9209508895874023,
      0.2579386234283447,
      0.29209086298942566,
      -0.24024340510368347,
      0.965996503829956,
      -0.09557101875543594,
      -0.3068102300167084,
      0.01784330978989601,
      0.9516034126281738
    ],
    [
      0.9740496873855591,
      0.20547443628311157,
      -0.09490785002708435,
      -0.2036256343126297,
      0.9786229729652405,
      0.028875406831502914,
      0.09881214797496796,
      -0.008800409734249115,
      0.9950672388076782
    ],
    [
      0.9963142275810242,
      -0.08351553976535797,
      0.019574102014303207,
      0.08457572013139725,
      0.9945064187049866,
      -0.0616765059530735,
      -0.014315621927380562,
      0.06310467422008514,
      0.9979043006896973
    ],
    [
      0.8383157253265381,
      -0.23243743181228638,
      0.4931526780128479,
      0.18968553841114044,
      0.9723982214927673,
      0.13587145507335663,
      -0.5111224055290222,
      -0.020359251648187637,
      0.8592667579650879
    ],
    [
      0.6769888997077942,
      0.7035897374153137,
      -0.2159803956747055,
      -0.73441082239151,
      0.6650246977806091,
      -0.1355838179588318,
      0.0482369028031826,
      0.25040706992149353,
      0.9669382572174072
    ],
    [
      0.7839391827583313,
      -0.6165779232978821,
      0.07260113209486008,
      0.6205943822860718,
      0.7749825716018677,
      -0.11943436414003372,
      0.017375987023115158,
      0.13868513703346252,
      0.9901840090751648
    ],
    [
      0.9399170875549316,
      0.011135650798678398,
      -0.3412211537361145,
      -0.1218487024307251,
      0.9445850849151611,
      -0.30481433868408203,
      0.3189181387424469,
      0.3280775547027588,
      0.8891885280609131
    ],
    [
      -0.6174754500389099,
      0.17562192678451538,
      0.7667339444160461,
      0.06947506964206696,
      0.983123779296875,
      -0.1692359447479248,
      -0.783515989780426,
      -0.05123014748096466,
      -0.6192561388015747
    ],
    [
      0.9884586930274963,
      0.04197491705417633,
      0.14555935561656952,
      0.048990339040756226,
      0.8206470608711243,
      -0.5693314671516418,
      -0.1433504968881607,
      0.569891631603241,
      0.8091193437576294
    ],
    [
      0.9265479445457458,
      0.11951287090778351,
      0.3566868007183075,
      -0.1415620893239975,
      0.9892650246620178,
      0.036261964589357376,
      -0.34852397441864014,
      -0.08409178256988525,
      0.9335199594497681
    ],
    [
      0.9524111747741699,
      0.22529323399066925,
      -0.2053186446428299,
      -0.1665511578321457,
      0.9487735033035278,
      0.26849496364593506,
      0.2552909851074219,
      -0.22152157127857208,
      0.9411453604698181
    ],
    [
      0.8777776956558228,
      -0.3632187247276306,
      0.3123754560947418,
      0.1987120658159256,
      0.8693568110466003,
      0.4524734318256378,
      -0.43591251969337463,
      -0.3350983262062073,
      0.8352779746055603
    ]
  ],
  "root_rot": [
    0.630217969417572,
    -0.063576340675354,
    0.7738109230995178,
    -0.11630813032388687,
    -0.993126392364502,
    0.013129987753927708,
    0.7676572799682617,
    -0.09827525168657303,
    -0.6332805156707764
  ],
  "root_trans": [
    -0.4038291275501251,
    0.543746292591095,
    2.240675926208496
  ]
}