{
  "betas": [
    -0.5417284965515137,
    1.1866391897201538,
    1.361968755722046,
    0.042257726192474365,
    0.2287673056125641,
    -0.1010490134358406,
    0.2731335163116455,
    0.8206346035003662,
    0.16734308004379272,
    1.2248246669769287
  ],
  "joints": [
    [
      0.9351210594177246,
      -0.3540121614933014,
      -0.014968044124543667,
      0.3251952528953552,
      0.8406937718391418,
      0.43299180269241333,
      -0.14070084691047668,
      -0.4097672700881958,
      0.9012735486030579
    ],
    [
      0.9390523433685303,
      0.22860068082809448,
      -0.25675374269485474,
      -0.22278201580047607,
      0.9734838604927063,
      0.05193726345896721,
      0.2618184983730316,
      0.008428310044109821,
      0.9650804400444031
    ],
    [
      0.9953001737594604,
      -0.029603641480207443,
      0.09220205247402191,
      0.04406099393963814,
      0.9863025546073914,
      -0.1589527428150177,
      -0.08623353391885757,
      0.16226819157600403,
      0.9829714894294739
    ],
    [
      0.9904807209968567,
      0.12046321481466293,
      0.06660749763250351,
      -0.0749744400382042,
      0.8779299259185791,
      -0.47288256883621216,
      -0.11544167250394821,
      0.4633871912956238,
      0.8786043524742126
    ],
    [
      0.9991720914840698,
      -0.04066883772611618,
      -0.0010885205119848251,
      0.035735297948122025,
      0.890122652053833,
      -0.45431795716285706,
      0.019445495679974556,
      0.4539029002189636,
      0.8908390402793884
    ],
    [
      0.9924850463867188,
      0.10007041692733765,
      -0.07042253762483597,
      -0.09397776424884796,
      0.991932213306427,
      0.08507993817329407,
      0.07836837321519852,
      -0.07782241702079773,
      0.9938822984695435
    ],
    [
      0.9952189326286316,
      0.03112327679991722,
      0.09257740527391434,
      -0.022368676960468292,
      0.9953073859214783,
      -0.0941428616642952,
      -0.09507300704717636,
      0.09162192791700363,
      0.991244912147522
    ],
    [
      0.9200236797332764,
      -0.1638241708278656,
      -0.3559747040271759,
      0.255418598651886,
      0.9396345019340515,
      0.2277025431394577,
      0.2971828877925873,
      -0.3004143238067627,
      0.9063297510147095
    ],
    [
      0.9941425323486328,
      0.08217812329530716,
      0.07019665092229843,
      -0.07841675728559494,
      0.9954156279563904,
      -0.05475979670882225,
      -0.07437489181756973,
      0.048934437334537506,
      0.9960291385650635
    ],
    [
      0.9637451171875,
      -0.2583375573158264,
      0.06676212698221207,
      0.19142256677150726,
      0.8437163829803467,
      0.5014979243278503,
      -0.185884028673172,
      -0.47053632140159607,
      0.8625791668891907
    ],
    [
      0.9134783744812012,
      0.35046494007110596,
      0.20671617984771729,
      -0.3277387320995331,
      0.9348357319831848,
      -0.1366361826658249,
      -0.24113187193870544,
      0.05706530064344406,
      0.9688131809234619
    ],
    [
      0.9885494112968445,
      0.0991908609867096,
      0.11371533572673798,
      -0.09228307753801346,
      0.9936420321464539,
      -0.06449288129806519,
      -0.11938944458961487,
      0.053260400891304016,
      0.9914178848266602
    ],
    [
      0.9718139171600342,
      0.23560212552547455,
      0.008324626833200455,
      -0.2348521202802658,
      0.9644348621368408,
      0.12128381431102753,
      0.020546166226267815,
      -0.11982036381959915,
      0.9925828576087952
    ],
    [
      0.9618351459503174,
      0.2024078220129013,
      0.1841309815645218,
      -0.2383834421634674,
      0.9502049684524536,
      0.2007085233926773,
      -0.1343371868133545,
      -0.23694229125976562,
      0.9621912240982056
    ],
    [
      0.8674997091293335,
      -0.04091108217835426,
      0.4957525134086609,
      0.0014208315405994654,
      0.9968119859695435,
      0.07977385073900223,
      -0.49743568897247314,
      -0.06849940866231918,
      0.8647922277450562
    ],
    [
      0.7297815084457397,
      0.6010702848434448,
      -0.32578137516975403,
      -0.677182137966156,
      0.7010459303855896,
      -0.22351515293121338,
      0.09403938055038452,
      0.3837305009365082,
      0.9186444282531738
    ],
    [
      0.9271934032440186,
      -0.060603074729442596,
      0.3696480691432953,
      -0.10272425413131714,
      0.9078550338745117,
      0.4065057635307312,
      -0.36022239923477173,
      -0.41488125920295715,
      0.8355317711830139
    ],
    [
      0.27875515818595886,
      -0.23638276755809784,
      -0.9308161735534668,
      -0.11077821999788284,
      0.9548501968383789,
      -0.2756614685058594,
      0.9539516568183899,
      0.17995621263980865,
      0.23998335003852844
    ],
    [
      -0.3551037609577179,
      -0.0806756541132927,
      0.9313391447067261,
      -0.5489646196365356,
      0.8243916630744934,
      -0.13789935410022736,
      -0.7566630840301514,
      -0.5602408647537231,
      -0.33703264594078064
    ],
    [
      0.9871107339859009,
      -0.15505093336105347,
      -0.039643704891204834,
      0.14203473925590515,
      0.962906002998352,
      -0.22943012416362762,
      0.07374651730060577,
      0.2208421528339386,
      0.9725174903869629
    ],
    [
      0.8743504881858826,
      0.4746401011943817,
      0.10113349556922913,
      -0.4157170355319977,
      0.8400670289993286,
      -0.3485207259654999,
      -0.25038084387779236,
      0.2626863420009613,
      0.9318289756774902
    ],
    [
      0.9514185786247253,
      0.2240452617406845,
      -0.2112022042274475,
      -0.17433397471904755,
      0.9573844075202942,
      0.2302667647600174,
      0.253791868686676,
      -0.18226036429405212,
      0.9499320387840271
    ],
    [
      0.9334746599197388,
      -0.2746126651763916,
      0.23067912459373474,
      0.23199264705181122,
      0.9528597593307495,
      0.19554467499256134,
      -0.2735038995742798,
      -0.12902013957500458,
      0.9531785845756531
    ]
  ],
  "root_rot": [
    -0.5501094460487366,
    0.01011563278734684,
    -0.8350313305854797,
    0.10806944966316223,
    -0.9906560778617859,
    -0.08319584280252457,
    -0.8280704021453857,
    -0.13600818812847137,
    0.543876051902771
  ],
  "root_trans": [
    0.35120081901550293,
    0.4932853877544403,
    2.8397555351257324
  ]
}