{
  "betas": [
    -0.64764004945755,
    1.250118374824524,
    0.9777227640151978,
    -0.16652104258537292,
    -0.1275673508644104,
    0.8094688653945923,
    0.4267500042915344,
    0.5607000589370728,
    -0.06348130106925964,
    0.7038921117782593
  ],
  "joints": [
    [
      0.970572829246521,
      -0.23775970935821533,
      -0.038193412125110626,
      0.23412983119487762,
      0.8946195840835571,
      0.38057711720466614,
      -0.05631733313202858,
      -0.37832000851631165,
      0.9239600896835327
    ],
    [
      0.9433644413948059,
      0.17320923507213593,
      -0.28295227885246277,
      -0.20540684461593628,
      0.9746971726417542,
      -0.08816666156053543,
      0.2605215311050415,
      0.14129364490509033,
      0.9550729990005493
    ],
    [
      0.9845070242881775,
      -0.02900085411965847,
      0.17293047904968262,
      0.05234413594007492,
      0.9898672103881836,
      -0.13199613988399506,
      -0.16735020279884338,
      0.13900300860404968,
      0.9760492444038391
    ],
    [
      0.9972172975540161,
      0.029644466936588287,
      0.06840205937623978,
      -0.009923608042299747,
      0.9621580839157104,
      -0.272311270236969,
      -0.07388611137866974,
      0.2708747088909149,
      0.9597748517990112
    ],
    [
      0.9980982542037964,
      -0.039159875363111496,
      0.04760744422674179,
      0.043411217629909515,
      0.994828999042511,
      -0.09181906282901764,
      -0.04376564174890518,
      0.09371113777160645,
      0.9946370720863342
    ],
    [
      0.9966203570365906,
      -0.057280533015728,
      -0.058878980576992035,
      0.06299500912427902,
      0.9929625391960144,
      0.10028509050607681,
      0.05272023379802704,
      -0.10365524888038635,
      0.9932150840759277
    ],
    [
      0.9623919725418091,
      0.23769332468509674,
      0.13154327869415283,
      -0.1986219733953476,
      0.9459921717643738,
      -0.25621870160102844,
      -0.18534038960933685,
      0.22045540809631348,
      0.9576264023780823
    ],
    [
      0.8552597165107727,
      -0.32767045497894287,
      -0.4014509618282318,
      0.3828407824039459,
      0.9216392636299133,
      0.06335596740245819,
      0.34923309087753296,
      -0.20787759125232697,
      0.9136865735054016
    ],
    [
      0.9912091493606567,
      -0.0716085359454155,
      0.11125046759843826,
      0.08124455064535141,
      0.993093729019165,
      -0.0846409946680069,
      -0.10442113876342773,
      0.09293542057275772,
      0.9901813864707947
    ],
    [
      0.9353470206260681,
      -0.3463824689388275,
      0.07172966748476028,
      0.23141281306743622,
      0.7525617480278015,
      0.6165217161178589,
      -0.2675333023071289,
      -0.5600625872612,
      0.7840637564659119
    ],
    [
      0.8080604672431946,
      0.46304112672805786,
      0.36418554186820984,
      -0.32649901509284973,
      0.8665919899940491,
      -0.377381294965744,
      -0.4903433918952942,
      0.1860407143831253,
      0.8514412045478821
    ],
    [
      0.9843115210533142,
      0.08617831021547318,
      -0.1539614498615265,
      -0.10992291569709778,
      0.9820857644081116,
      -0.15305064618587494,
      0.13801370561122894,
      0.16757340729236603,
      0.9761512875556946
    ],
    [
      0.8414061665534973,
      -0.42577069997787476,
      -0.33279868960380554,
      0.5136277079582214,
      0.821521520614624,
      0.24756629765033722,
      0.16799479722976685,
      -0.37923842668533325,
      0.909920871257782
    ],
    [
      0.8714219331741333,
      -0.042420171201229095,
      0.48869654536247253,
      -0.025761812925338745,
      0.9909213185310364,
      0.1319519430398941,
      -0.4898572266101837,
      -0.12757553160190582,
      0.8624177575111389
    ],
    [
      0.9984508156776428,
      -0.02457110583782196,
      -0.049921758472919464,
      0.02414633147418499,
      0.9996671080589294,
      -0.009094280190765858,
      0.05012859031558037,
      0.007874764502048492,
      0.9987117648124695
    ],
    [
      0.953226625919342,
      0.0682448223233223,
      -0.29445135593414307,
      -0.05332733318209648,
      0.9968675374984741,
      0.05840681493282318,
      0.297514945268631,
      -0.039972614496946335,
      0.9538800120353699
    ],
    [
      0.8334348797798157,
      -0.39460569620132446,
      0.38687554001808167,
      0.259547621011734,
      0.8975719213485718,
      0.356370210647583,
      -0.487874299287796,
      -0.19659872353076935,
      0.850486695766449
    ],
    [
      -0.10226262360811234,
      0.027392128482460976,
      -0.9943801760673523,
      0.1255655288696289,
      0.9919806122779846,
      0.014412795193493366,
      0.9868006706237793,
      -0.12338599562644958,
      -0.10488204658031464
    ],
    [
      0.09114540368318558,
      0.09611401706933975,
      0.9911885857582092,
      -0.702580451965332,
      0.7115907669067383,
      -0.004395605064928532,
      -0.705743134021759,
      -0.6959890127182007,
      0.13238605856895447
    ],
    [
      0.9777114987373352,
      -0.05754078924655914,
      0.20191405713558197,
      0.12779191136360168,
      0.9261416792869568,
      -0.35486721992492676,
      -0.16658169031143188,
      0.37276074290275574,
      0.9128526449203491
    ],
    [
      0.9471911191940308,
      0.1504674255847931,
      -0.28317582607269287,
      -0.22634954750537872,
      0.939245343208313,
      -0.2580389976501465,
      0.22714510560035706,
      0.3085089325904846,
      0.9237030744552612
    ],
    [
      0.9023771286010742,
      0.24222059547901154,
      -0.3564334809780121,
      -0.16652023792266846,
      0.9588344693183899,
      0.23001611232757568,
      0.39747536182403564,
      -0.1482078731060028,
      0.9055649042129517
    ],
    [
      0.9514723420143127,
      -0.2232234925031662,
      0.2118292897939682,
      0.14032848179340363,
      0.927341103553772,
      0.3469097316265106,
      -0.2738763988018036,
      -0.30034932494163513,
      0.9136640429496765
    ]
  ],
  "root_rot": [
    0.004811861086636782,
    0.0356261320412159,
    -0.9993535876274109,
    0.125751793384552,
    -0.9914533495903015,
    -0.03473899886012077,
    -0.9920499920845032,
    -0.12550334632396698,
    -0.009250786155462265
  ],
  "root_trans": [
    0.4897271990776062,
    0.4703506827354431,
    2.67472767829895
  ]
}