{
  "betas": [
    -0.2974766492843628,
    1.6719555854797363,
    1.106573462486267,
    -0.3745252192020416,
    -0.1807413101196289,
    0.28533807396888733,
    0.19210001826286316,
    0.24859493970870972,
    0.0009215623140335083,
    0.12710469961166382
  ],
  "joints": [
    [
      0.8778820037841797,
      -0.45799192786216736,
      -0.13988083600997925,
      0.4533658027648926,
      0.7007995843887329,
      0.5507625341415405,
      -0.15421633422374725,
      -0.5469216704368591,
      0.8228572010993958
    ],
    [
      0.8521392345428467,
      0.48692113161087036,
      -0.19174593687057495,
      -0.4344249665737152,
      0.8624908328056335,
      0.25958532094955444,
      0.2917766869068146,
      -0.1379036158323288,
      0.9464929699897766
    ],
    [
      0.9849629402160645,
      0.05137786641716957,
      0.1649489849805832,
      0.0024012408684939146,
      0.9505941867828369,
      -0.31042706966400146,
      -0.1727486252784729,
      0.3061552941799164,
      0.9361766576766968
    ],
    [
      0.9742090106010437,
      0.22246135771274567,
      -0.03778824210166931,
      -0.19120514392852783,
      0.7249206304550171,
      -0.6617633104324341,
      -0.11982332915067673,
      0.6519209742546082,
      0.7487599849700928
    ],
    [
      0.9995644688606262,
      -0.02950916439294815,
      4.3618738345685415e-06,
      0.025081386789679527,
      0.8495044112205505,
      -0.5269849300384521,
      0.01554718054831028,
      0.5267555713653564,
      0.8498745560646057
    ],
    [
      0.9925575852394104,
      -0.07408777624368668,
      -0.09664645791053772,
      0.08014857023954391,
      0.9949506521224976,
      0.06040976569056511,
      0.09168284386396408,
      -0.06770624220371246,
      0.99348384141922
    ],
    [
      0.9998126029968262,
      0.0027084832545369864,
      -0.01916876994073391,
      -0.0017621847800910473,
      0.9987867474555969,
      0.049213334918022156,
      0.01927880570292473,
      -0.04917033016681671,
      0.9986043572425842
    ],
    [
      0.7723662257194519,
      -0.3305111825466156,
      -0.5424138903617859,
      0.4638763666152954,
      0.8768603801727295,
      0.1262325495481491,
      0.43389996886253357,
      -0.3491107225418091,
      0.8305736780166626
    ],
    [
      0.9920236468315125,
      -0.04601394757628441,
      0.11735286563634872,
      0.04808182269334793,
      0.9987330436706543,
      -0.014849587343633175,
      -0.11652088910341263,
      0.02037368156015873,
      0.9929792284965515
    ],
    [
      0.9483029246330261,
      -0.052661698311567307,
      0.31296679377555847,
      -0.12729500234127045,
      0.8402213454246521,
      0.5270901322364807,
      -0.29071885347366333,
      -0.5396803021430969,
      0.7900807857513428
    ],
    [
      0.7017839550971985,
      0.503671407699585,
      0.5037999153137207,
      -0.5123296976089478,
      0.8482171893119812,
      -0.1343349814414978,
      -0.4949924349784851,
      -0.16383753716945648,
      0.8533110618591309
    ],
    [
      0.9851500391960144,
      0.16808462142944336,
      0.035028308629989624,
      -0.16889294981956482,
      0.9853990077972412,
      0.021538665518164635,
      -0.030896544456481934,
      -0.02713485062122345,
      0.9991541504859924
    ],
    [
      0.745854914188385,
      0.00337812933139503,
      -0.6660997867584229,
      0.2920054793357849,
      0.897122323513031,
      0.3315183222293854,
      0.5986928939819336,
      -0.4417693614959717,
      0.6681366562843323
    ],
    [
      0.7409391403198242,
      -0.34466832876205444,
      0.576379120349884,
      0.319935142993927,
      0.9357615113258362,
      0.14829634130001068,
      -0.5904664993286133,
      0.0745253711938858,
      0.8036138415336609
    ],
    [
      0.9562534689903259,
      -0.2499639093875885,
      0.15197791159152985,
      0.24178841710090637,
      0.9677727222442627,
      0.07038696110248566,
      -0.1646742820739746,
      -0.030561285093426704,
      0.9858744144439697
    ],
    [
      0.16020074486732483,
      0.7016655206680298,
      -0.6942631006240845,
      -0.6250035166740417,
      0.6164987087249756,
      0.478852778673172,
      0.7640067338943481,
      0.35720428824424744,
      0.5373069643974304
    ],
    [
      0.5148565769195557,
      -0.6158394813537598,
      0.5963761210441589,
      0.6808730363845825,
      0.7164492011070251,
      0.152027890086174,
      -0.5208979845046997,
      0.32778382301330566,
      0.7881770730018616
    ],
    [
      -0.4839339554309845,
      -0.36011803150177,
      -0.7975732088088989,
      0.10441608726978302,
      0.881130576133728,
      -0.4612009525299072,
      0.8688528537750244,
      -0.30647024512290955,
      -0.38880687952041626
    ],
    [
      0.8816671967506409,
      -0.01391313225030899,
      0.471666544675827,
      0.12160288542509079,
      0.9725033044815063,
      -0.19862061738967896,
      -0.4559338092803955,
      0.23247329890727997,
      0.8591161370277405
    ],
    [
      0.9189497828483582,
      -0.251043438911438,
      0.30415207147598267,
      0.335166871547699,
      0.9035772085189819,
      -0.26685449481010437,
      -0.20783281326293945,
      0.34716758131980896,
      0.9144835472106934
    ],
    [
      0.9343096017837524,
      0.20132483541965485,
      -0.29416656494140625,
      -0.31888487935066223,
      0.8408596515655518,
      -0.4373414218425751,
      0.15930508077144623,
      0.5024175047874451,
      0.8498227000236511
    ],
    [
      0.9099755883216858,
      0.2519533336162567,
      -0.3293388783931732,
      -0.17094869911670685,
      0.9515436291694641,
      0.2556194067001343,
      0.37778446078300476,
      -0.1763073205947876,
      0.9089525938034058
    ],
    [
      0.915351152420044,
      -0.28719133138656616,
      0.2822294235229492,
      0.14609955251216888,
      0.8900375962257385,
      0.4318426847457886,
      -0.3752162456512451,
      -0.3540540933609009,
      0.856655478477478
    ]
  ],
  "root_rot": [
    0.20266401767730713,
    0.022801417857408524,
    0.9789827466011047,
    -0.10370384901762009,
    -0.9936072826385498,
    0.04461027309298515,
    0.9737415909767151,
    -0.110565185546875,
    -0.19900384545326233
  ],
  "root_trans": [
    -0.2664455771446228,
    0.5959231853485107,
    2.621598482131958
  ]
}