{
  "betas": [
    -0.7641209363937378,
    0.7238044738769531,
    1.3271968364715576,
    0.22321447730064392,
    -0.021688878536224365,
    0.32708823680877686,
    0.2117837369441986,
    0.38264310359954834,
    0.11011287569999695,
    0.8591243624687195
  ],
  "joints": [
    [
      0.9871707558631897,
      -0.13086697459220886,
      -0.09147554636001587,
      0.15703421831130981,
      0.8993894457817078,
      0.40796923637390137,
      0.02888244204223156,
      -0.41710007190704346,
      0.9084015488624573
    ],
    [
      0.9636006951332092,
      0.23673015832901,
      -0.12422799319028854,
      -0.2490009367465973,
      0.9638643860816956,
      -0.09467826038599014,
      0.09732574224472046,
      0.12216491252183914,
      0.9877264499664307
    ],
    [
      0.9812742471694946,
      -0.028824470937252045,
      0.19044692814350128,
      0.04264841601252556,
      0.9967121481895447,
      -0.0688910260796547,
      -0.18783503770828247,
      0.07572324573993683,
      0.9792772531509399
    ],
    [
      0.9990738034248352,
      0.021876366809010506,
      0.037051841616630554,
      -0.013236136175692081,
      0.9756079912185669,
      -0.2191203236579895,
      -0.040941622108221054,
      0.21842698752880096,
      0.9749939441680908
    ],
    [
      0.9919027090072632,
      0.045492637902498245,
      0.11857282370328903,
      -0.015208287164568901,
      0.969471275806427,
      -0.24473287165164948,
      -0.12608648836612701,
      0.240947887301445,
      0.9623130559921265
    ],
    [
      0.9908284544944763,
      -0.08353464305400848,
      -0.10621187090873718,
      0.09462591260671616,
      0.9900578260421753,
      0.10407410562038422,
      0.09646210819482803,
      -0.11316997557878494,
      0.9888820052146912
    ],
    [
      0.9942466020584106,
      0.0038043709937483072,
      -0.10704772174358368,
      -0.01829487271606922,
      0.9907159805297852,
      -0.13471147418022156,
      0.10554139316082001,
      0.13589484989643097,
      0.9850856065750122
    ],
    [
      0.8963623642921448,
      -0.32258933782577515,
      -0.3040899336338043,
      0.4067072570323944,
      0.8713456988334656,
      0.27449196577072144,
      0.17641930282115936,
      -0.36971983313560486,
      0.9122409224510193
    ],
    [
      0.9956232905387878,
      -0.06434566527605057,
      0.06777871400117874,
      0.07178087532520294,
      0.9909206628799438,
      -0.11368277668952942,
      -0.05984833091497421,
      0.11805043369531631,
      0.9912024736404419
    ],
    [
      0.8935619592666626,
      -0.03716246783733368,
      0.4473991096019745,
      -0.19485895335674286,
      0.865695595741272,
      0.4610869884490967,
      -0.404446542263031,
      -0.49918949604034424,
      0.7663112282752991
    ],
    [
      0.7845834493637085,
      0.4231315851211548,
      0.45319804549217224,
      -0.4127929210662842,
      0.9018703699111938,
      -0.12740427255630493,
      -0.4626346826553345,
      -0.08711764961481094,
      0.8822582960128784
    ],
    [
      0.9980428218841553,
      0.04350319132208824,
      -0.04492338001728058,
      -0.04912711679935455,
      0.9899237751960754,
      -0.132806196808815,
      0.038693223148584366,
      0.13475321233272552,
      0.9901235103607178
    ],
    [
      0.857390820980072,
      -0.31307390332221985,
      -0.4084920585155487,
      0.438129186630249,
      0.86044842004776,
      0.26013725996017456,
      0.27004414796829224,
      -0.40201157331466675,
      0.874907374382019
    ],
    [
      0.8981198668479919,
      -0.07369983941316605,
      0.4335309565067291,
      -0.027374334633350372,
      0.9745742678642273,
      0.2223864495754242,
      -0.43889790773391724,
      -0.2115972936153412,
      0.8732670545578003
    ],
    [
      0.9903154373168945,
      -0.12701673805713654,
      0.05605350062251091,
      0.12902958691120148,
      0.9910621643066406,
      -0.033869676291942596,
      -0.05125048756599426,
      0.04077422618865967,
      0.9978531002998352
    ],
    [
      0.8860076665878296,
      0.24296918511390686,
      -0.39491307735443115,
      -0.21063964068889618,
      0.9696668982505798,
      0.12400396168231964,
      0.41306328773498535,
      -0.026684096083045006,
      0.910311222076416
    ],
    [
      0.6270847320556641,
      -0.4714548587799072,
      0.6200766563415527,
      0.3457241654396057,
      0.881791353225708,
      0.320809543132782,
      -0.6980254650115967,
      0.013200717978179455,
      0.7159512639045715
    ],
    [
      -0.4212615191936493,
      -0.1916598081588745,
      -0.8864565491676331,
      0.1532360315322876,
      0.9483219385147095,
      -0.2778564393520355,
      0.8939001560211182,
      -0.2528873383998871,
      -0.37012234330177307
    ],
    [
      -0.4669427275657654,
      0.22081542015075684,
      0.8562740087509155,
      -0.14753358066082,
      0.9352954626083374,
      -0.3216463625431061,
      -0.871893584728241,
      -0.2765195965766907,
      -0.4041517376899719
    ],
    [
      0.9761762619018555,
      -0.16675134003162384,
      0.13883048295974731,
      0.21091057360172272,
      0.8794870376586914,
      -0.42663732171058655,
      -0.05095726251602173,
      0.4457540214061737,
      0.8937039971351624
    ],
    [
      0.9311116933822632,
      0.35936251282691956,
      -0.062365636229515076,
      -0.364551305770874,
      0.9115291237831116,
      -0.19030779600143433,
      -0.011541392654180527,
      0.19993332028388977,
      0.9797415137290955
    ],
    [
      0.8334789872169495,
      0.2963487505912781,
      -0.4663585126399994,
      -0.1230272427201271,
      0.9223530292510986,
      0.3662365674972534,
      0.538680911064148,
      -0.2478756606578827,
      0.8052208423614502
    ],
    [
      0.922543466091156,
      -0.3355371356010437,
      0.1905999779701233,
      0.1802452802658081,
      0.8114062547683716,
      0.5559959411621094,
      -0.3412112891674042,
      -0.4785756766796112,
      0.8090365529060364
    ]
  ],
  "root_rot": [
    -0.11457837373018265,
    -0.08224643766880035,
    0.9900036454200745,
    -0.10107582807540894,
    -0.9904299378395081,
    -0.09397988766431808,
    0.9882587790489197,
    -0.11083351820707321,
    0.10516872256994247
  ],
  "root_trans": [
    -0.3691619336605072,
    0.5385701060295105,
    2.470782518386841
  ]
}