{
  "betas": [
    -0.7507688403129578,
    1.0155149698257446,
    1.4526176452636719,
    -0.03418684005737305,
    -0.05237215757369995,
    -0.34511080384254456,
    0.1467828005552292,
    0.7469597458839417,
    0.059552133083343506,
    0.7385720014572144
  ],
  "joints": [
    [
      0.9832521677017212,
      -0.18172143399715424,
      -0.013874518685042858,
      0.17654968798160553,
      0.9686243534088135,
      -0.1749199777841568,
      0.04522590711712837,
      0.1695409119129181,
      0.984484851360321
    ],
    [
      0.9994086027145386,
      0.028588222339749336,
      -0.019109729677438736,
      0.011790583841502666,
      0.2371474951505661,
      0.971402108669281,
      0.03230246528983116,
      -0.9710529446601868,
      0.23667018115520477
    ],
    [
      0.9963396191596985,
      0.021050618961453438,
      -0.08285114169120789,
      -0.04251336678862572,
      0.9628668427467346,
      -0.26660844683647156,
      0.07416234910488129,
      0.269154816865921,
      0.9602373242378235
    ],
    [
      0.9885982275009155,
      -0.03742382675409317,
      -0.14585328102111816,
      -0.052889615297317505,
      0.8206052780151367,
      -0.5690427422523499,
      0.1409837156534195,
      0.5702686905860901,
      0.8092696070671082
    ],
    [
      0.9534791707992554,
      -0.28306686878204346,
      0.10368505120277405,
      0.06135480850934982,
      -0.1545267105102539,
      -0.9860816597938538,
      0.29514920711517334,
      0.9465699195861816,
      -0.1299704909324646
    ],
    [
      0.9748046398162842,
      -0.15754902362823486,
      -0.15790557861328125,
      0.16009721159934998,
      0.9870951175689697,
      0.0034679581876844168,
      0.15532146394252777,
      -0.02866082265973091,
      0.9874480366706848
    ],
    [
      0.9782158732414246,
      -0.08841107040643692,
      0.18782217800617218,
      0.02321053296327591,
      0.9456820487976074,
      0.3242633640766144,
      -0.20628853142261505,
      -0.31284013390541077,
      0.9271332621574402
    ],
    [
      0.9420912265777588,
      -0.310773640871048,
      0.12603095173835754,
      0.3323095738887787,
      0.9156454205513,
      -0.22619429230690002,
      -0.045104436576366425,
      0.25497695803642273,
      0.9658945798873901
    ],
    [
      0.994804859161377,
      -0.07389477640390396,
      -0.07001952081918716,
      0.07226254045963287,
      0.9970579147338867,
      -0.025567451491951942,
      0.07170281559228897,
      0.020374838262796402,
      0.9972178936004639
    ],
    [
      0.936599612236023,
      -0.20551125705242157,
      0.28380662202835083,
      -0.0350770466029644,
      0.7508891820907593,
      0.6594959497451782,
      -0.34864118695259094,
      -0.6276388168334961,
      0.6960737705230713
    ],
    [
      0.832687497138977,
      0.3511422574520111,
      0.4281712770462036,
      -0.44278809428215027,
      0.886547863483429,
      0.13405780494213104,
      -0.332520991563797,
      -0.3012174069881439,
      0.8936989307403564
    ],
    [
      0.9993201494216919,
      0.032769255340099335,
      -0.01689228229224682,
      -0.0364350751042366,
      0.9477708339691162,
      -0.3168642222881317,
      0.005626607220619917,
      0.31726428866386414,
      0.9483204483985901
    ],
    [
      0.8239625096321106,
      -0.24411174654960632,
      -0.5113660097122192,
      0.4341820180416107,
      0.8518638014793396,
      0.2929403483867645,
      0.3641040325164795,
      -0.4633978009223938,
      0.8078927397727966
    ],
    [
      0.9697525501251221,
      -0.11726997047662735,
      0.21407414972782135,
      0.10247357189655304,
      0.9915943741798401,
      0.07899235934019089,
      -0.22153814136981964,
      -0.054666101932525635,
      0.9736182689666748
    ],
    [
      0.9729358553886414,
      -0.20343390107154846,
      -0.1095920205116272,
      0.21545542776584625,
      0.970062792301178,
      0.1120578795671463,
      0.08351478725671768,
      -0.13263733685016632,
      0.9876397848129272
    ],
    [
      0.7504361867904663,
      0.2247057557106018,
      -0.6215730309486389,
      -0.03168277442455292,
      0.9515823721885681,
      0.30575689673423767,
      0.6601832509040833,
      -0.20975789427757263,
      0.7212211489677429
    ],
    [
      0.5848035216331482,
      -0.708666980266571,
      0.39470991492271423,
      0.7670667171478271,
      0.641390323638916,
      0.015071393921971321,
      -0.26384371519088745,
      0.2939550280570984,
      0.9186821579933167
    ],
    [
      0.5114549994468689,
      -0.19866283237934113,
      -0.8360304832458496,
      0.5296685099601746,
      0.8389931917190552,
      0.12466628849506378,
      0.6766573786735535,
      -0.5065801739692688,
      0.5343326926231384
    ],
    [
      0.19078609347343445,
      0.3819197714328766,
      0.9042887091636658,
      0.11785642057657242,
      0.9056341648101807,
      -0.4073532819747925,
      -0.9745309352874756,
      0.18429356813430786,
      0.12777070701122284
    ],
    [
      0.9120221138000488,
      -0.2565900981426239,
      0.31996434926986694,
      0.40933486819267273,
      0.6183416843414307,
      -0.6708938479423523,
      -0.0257025808095932,
      0.7428425550460815,
      0.6689725518226624
    ],
    [
      0.9820518493652344,
      0.11446133255958557,
      -0.1499091386795044,
      -0.1657252311706543,
      0.9031342267990112,
      -0.3960854411125183,
      0.09005160629749298,
      0.41382017731666565,
      0.9058937430381775
    ],
    [
      0.9800723195075989,
      0.05056598782539368,
      -0.19209739565849304,
      -0.014342718757689,
      0.9825469255447388,
      0.1854608952999115,
      0.19812272489070892,
      -0.17900986969470978,
      0.963692307472229
    ],
    [
      0.9646972417831421,
      -0.10862983018159866,
      0.23991410434246063,
      0.0691307932138443,
      0.9834745526313782,
      0.16732820868492126,
      -0.25412625074386597,
      -0.14483560621738434,
      0.956264853477478
    ]
  ],
  "root_rot": [
    -0.7304219603538513,
    -0.4482569098472595,
    0.5153149962425232,
    0.22786638140678406,
    -0.8711984753608704,
    -0.434844970703125,
    0.64386385679245,
    -0.20019736886024475,
    0.7384851574897766
  ],
  "root_trans": [
    -0.007715951651334763,
    0.4890548884868622,
    2.7088701725006104
  ]
}