{
  "betas": [
    -0.7388056516647339,
    1.0970144271850586,
    1.3738768100738525,
    0.07483476400375366,
    -0.316705584526062,
    -0.1542973518371582,
    0.13620994985103607,
    0.7618716359138489,
    0.23715732991695404,
    1.228525996208191
  ],
  "joints": [
    [
      0.9524409770965576,
      -0.3046329915523529,
      0.007409202866256237,
      0.2857288718223572,
      0.9012589454650879,
      0.3257167637348175,
      -0.10590168088674545,
      -0.30810898542404175,
      0.9454383850097656
    ],
    [
      0.9726862907409668,
      0.12746556103229523,
      -0.19399484992027283,
      -0.1416168063879013,
      0.9880489706993103,
      -0.06085984781384468,
      0.18391887843608856,
      0.08667046576738358,
      0.979112982749939
    ],
    [
      0.9960033893585205,
      -0.013250023126602173,
      0.08832743018865585,
      0.02254142053425312,
      0.9942124485969543,
      -0.10504090040922165,
      -0.08642443269491196,
      0.10661210864782333,
      0.9905376434326172
    ],
    [
      0.9942751526832581,
      0.024647697806358337,
      0.10396850854158401,
      -0.006409832742065191,
      0.9850371479988098,
      -0.17222297191619873,
      -0.10665774345397949,
      0.17057059705257416,
      0.9795559644699097
    ],
    [
      0.999893307685852,
      -0.014312169514596462,
      0.002925779903307557,
      0.014579425565898418,
      0.9902632236480713,
      -0.13844174146652222,
      -0.0009158901521004736,
      0.1384696215391159,
      0.9903662204742432
    ],
    [
      0.9932457804679871,
      -0.009917071089148521,
      -0.11560449749231339,
      0.006215967237949371,
      0.999457836151123,
      -0.03233189508318901,
      0.11586246639490128,
      0.03139492869377136,
      0.9927689433097839
    ],
    [
      0.9813120365142822,
      0.1860152631998062,
      0.04924503341317177,
      -0.1671571582555771,
      0.9508414268493652,
      -0.2606896758079529,
      -0.09531646221876144,
      0.2475862354040146,
      0.9641659259796143
    ],
    [
      0.9521892070770264,
      -0.2605099380016327,
      -0.15959389507770538,
      0.2810758352279663,
      0.9517072439193726,
      0.12348990887403488,
      0.11971631646156311,
      -0.16244375705718994,
      0.9794284105300903
    ],
    [
      0.9989203214645386,
      0.00743835000321269,
      0.045856256037950516,
      -0.007813776843249798,
      0.9999373555183411,
      0.008013240061700344,
      -0.04579377919435501,
      -0.008362899534404278,
      0.9989158511161804
    ],
    [
      0.8985228538513184,
      -0.42300519347190857,
      0.11714618653059006,
      0.29588016867637634,
      0.7808604836463928,
      0.5501924157142639,
      -0.3242091238498688,
      -0.45969927310943604,
      0.826779842376709
    ],
    [
      0.9349174499511719,
      0.30038830637931824,
      0.18893440067768097,
      -0.2374376356601715,
      0.925193190574646,
      -0.29604223370552063,
      -0.26372841000556946,
      0.23191490769386292,
      0.9363027215003967
    ],
    [
      0.9915295839309692,
      0.12976239621639252,
      0.005537780933082104,
      -0.12943682074546814,
      0.9907652139663696,
      -0.04037895426154137,
      -0.010726310312747955,
      0.039320141077041626,
      0.9991690516471863
    ],
    [
      0.9752406477928162,
      0.20632092654705048,
      -0.07960687577724457,
      -0.18940089643001556,
      0.9650819301605225,
      0.18095338344573975,
      0.11416163295507431,
      -0.16139549016952515,
      0.9802644848823547
    ],
    [
      0.9494340419769287,
      -0.3028506934642792,
      0.08280322700738907,
      0.31014564633369446,
      0.9456944465637207,
      -0.09732247143983841,
      -0.048832375556230545,
      0.11808233708143234,
      0.9918023347854614
    ],
    [
      0.9798892736434937,
      -0.0506516732275486,
      0.1930062174797058,
      0.06450346857309341,
      0.9957212209701538,
      -0.06617043912410736,
      -0.1888287514448166,
      0.07728926837444305,
      0.9789637327194214
    ],
    [
      0.5638633370399475,
      0.603816032409668,
      -0.5634397864341736,
      -0.6271495223045349,
      0.7569559812545776,
      0.18357859551906586,
      0.5373467803001404,
      0.24984776973724365,
      0.8055026531219482
    ],
    [
      0.6060006022453308,
      -0.7759811282157898,
      0.17497603595256805,
      0.7954050898551941,
      0.5937949419021606,
      -0.12140148133039474,
      -0.00969462189823389,
      0.21274620294570923,
      0.9770594239234924
    ],
    [
      -0.08625882863998413,
      -0.31754347681999207,
      -0.9443122148513794,
      0.4153950810432434,
      0.850061297416687,
      -0.32379430532455444,
      0.9055420160293579,
      -0.42019277811050415,
      0.05858071148395538
    ],
    [
      0.39223572611808777,
      0.30623549222946167,
      0.8673932552337646,
      0.0536431148648262,
      0.9337376356124878,
      -0.3539159893989563,
      -0.9182992577552795,
      0.18534816801548004,
      0.34981784224510193
    ],
    [
      0.9482699036598206,
      -0.26914307475090027,
      0.16836322844028473,
      0.31175312399864197,
      0.8896169662475586,
      -0.3337538540363312,
      -0.05995124951004982,
      0.36897650361061096,
      0.9275031685829163
    ],
    [
      0.9676432609558105,
      0.08218833059072495,
      0.23856140673160553,
      0.01578511670231819,
      0.9238937497138977,
      -0.3823234736919403,
      -0.2518278956413269,
      0.3737184703350067,
      0.8927022218704224
    ],
    [
      0.9760744571685791,
      0.13174191117286682,
      -0.1729816496372223,
      -0.12498914450407028,
      0.9909267425537109,
      0.049414876848459244,
      0.17792215943336487,
      -0.026611771434545517,
      0.9836845993995667
    ],
    [
      0.8521408438682556,
      -0.2549072206020355,
      0.45703190565109253,
      0.1986606866121292,
      0.9655409455299377,
      0.16812056303024292,
      -0.48413822054862976,
      -0.05246812105178833,
      0.8734169006347656
    ]
  ],
  "root_rot": [
    -0.08464447408914566,
    0.04509427025914192,
    -0.9953902959823608,
    0.1294599175453186,
    -0.9900100231170654,
    -0.05585934594273567,
    -0.9879653453826904,
    -0.13359133899211884,
    0.07796097546815872
  ],
  "root_trans": [
    0.513473391532898,
    0.47609269618988037,
    2.703094482421875
  ]
}