{
  "betas": [
    -0.41154444217681885,
    1.0550131797790527,
    0.6214053630828857,
    -0.541664719581604,
    -0.04035201668739319,
    -0.7062854766845703,
    0.1210114061832428,
    0.9484046101570129,
    -0.33308807015419006,
    0.8467605113983154
  ],
  "joints": [
    [
      0.8543647527694702,
      -0.47616398334503174,
      0.208155557513237,
      0.5184951424598694,
      0.8080195784568787,
      -0.27976274490356445,
      -0.034980811178684235,
      0.3469470739364624,
      0.9372321367263794
    ],
    [
      0.6822124123573303,
      0.5577409267425537,
      0.4727697968482971,
      -0.3174208998680115,
      -0.3565666079521179,
      0.8786945939064026,
      0.6586578488349915,
      -0.749523401260376,
      -0.06621553748846054
    ],
    [
      0.9793808460235596,
      -0.1916196644306183,
      -0.06399236619472504,
      0.14076678454875946,
      0.8744837045669556,
      -0.4641798138618469,
      0.14490626752376556,
      0.44560083746910095,
      0.8834262490272522
    ],
    [
      0.9692861437797546,
      -0.09294875711202621,
      -0.22769507765769958,
      -0.04998965933918953,
      0.8320417404174805,
      -0.5524560213088989,
      0.24080190062522888,
      0.546870231628418,
      0.80184006690979
    ],
    [
      0.9421710968017578,
      -0.23738287389278412,
      -0.2365647852420807,
      -0.030465761199593544,
      0.6422944664955139,
      -0.7658522725105286,
      0.33374446630477905,
      0.7287710309028625,
      0.597919225692749
    ],
    [
      0.9773096442222595,
      -0.18505547940731049,
      -0.1030549481511116,
      0.16596484184265137,
      0.9713180065155029,
      -0.17028485238552094,
      0.13161127269268036,
      0.14931753277778625,
      0.9799911379814148
    ],
    [
      0.9676146507263184,
      -0.004919650498777628,
      0.25238391757011414,
      -0.07669548690319061,
      0.9468169212341309,
      0.3124988377094269,
      -0.24049875140190125,
      -0.3217351734638214,
      0.9157766103744507
    ],
    [
      0.9083877205848694,
      -0.3589228391647339,
      -0.21449042856693268,
      0.2106332778930664,
      0.835940957069397,
      -0.5067901611328125,
      0.36119991540908813,
      0.4151831269264221,
      0.8349595665931702
    ],
    [
      0.9899147152900696,
      -0.1285453736782074,
      0.05953838303685188,
      0.1272360235452652,
      0.9915497303009033,
      0.0252997949719429,
      -0.06228744238615036,
      -0.017469214275479317,
      0.9979052543640137
    ],
    [
      0.962506890296936,
      -0.10780508071184158,
      0.248914897441864,
      -0.04456253722310066,
      0.8423242568969727,
      0.5371257066726685,
      -0.26757195591926575,
      -0.5280794501304626,
      0.8059388399124146
    ],
    [
      0.8949940204620361,
      0.43802905082702637,
      0.08435795456171036,
      -0.44280174374580383,
      0.8952679634094238,
      0.04921276867389679,
      -0.053966354578733444,
      -0.08139897882938385,
      0.9952195286750793
    ],
    [
      0.9674236178398132,
      -0.11406590044498444,
      -0.22600996494293213,
      0.009438001550734043,
      0.908374011516571,
      -0.41805216670036316,
      0.2529870569705963,
      0.4023004472255707,
      0.8798590302467346
    ],
    [
      0.8728379607200623,
      -0.1521398276090622,
      -0.46368882060050964,
      0.32290294766426086,
      0.8924739360809326,
      0.314998060464859,
      0.3659065067768097,
      -0.4246687591075897,
      0.8281115293502808
    ],
    [
      0.9441881775856018,
      -0.053170572966337204,
      0.3250869810581207,
      -0.02940697968006134,
      0.9693409204483032,
      0.2439536154270172,
      -0.32809126377105713,
      -0.2398979514837265,
      0.9136766791343689
    ],
    [
      0.9837120175361633,
      -0.13170118629932404,
      -0.12233343720436096,
      0.16024012863636017,
      0.9508897662162781,
      0.26482391357421875,
      0.08144798874855042,
      -0.28011319041252136,
      0.9565054774284363
    ],
    [
      0.8888567090034485,
      0.10166306793689728,
      -0.4467642605304718,
      -0.05784764513373375,
      0.9921709299087524,
      0.11068211495876312,
      0.45451876521110535,
      -0.07253626734018326,
      0.8877787590026855
    ],
    [
      0.9486888647079468,
      -0.06589849293231964,
      0.30926814675331116,
      -0.015124248340725899,
      0.9674680233001709,
      0.2525410056114197,
      -0.31584906578063965,
      -0.2442602962255478,
      0.9168294668197632
    ],
    [
      0.37535518407821655,
      -0.3199986219406128,
      -0.8698903918266296,
      0.34578990936279297,
      0.9191018342971802,
      -0.18889424204826355,
      0.8599638342857361,
      -0.2298969179391861,
      0.4556419253349304
    ],
    [
      0.6981719136238098,
      0.2084272801876068,
      0.684918999671936,
      -0.4383324682712555,
      0.8808571100234985,
      0.17876103520393372,
      -0.566057026386261,
      -0.4250282049179077,
      0.7063501477241516
    ],
    [
      0.9327872395515442,
      -0.16781063377857208,
      0.31897884607315063,
      0.33431383967399597,
      0.7335566878318787,
      -0.5917168259620667,
      -0.13469275832176208,
      0.6585850119590759,
      0.7403537631034851
    ],
    [
      0.9573156237602234,
      0.15664725005626678,
      -0.24291636049747467,
      -0.26742178201675415,
      0.7989392280578613,
      -0.538685142993927,
      0.10969186574220657,
      0.5806528925895691,
      0.8067278861999512
    ],
    [
      0.9867234230041504,
      0.08278080075979233,
      -0.1397288292646408,
      -0.07225897163152695,
      0.9942702651023865,
      0.07877319306135178,
      0.14544914662837982,
      -0.06763070076704025,
      0.9870514273643494
    ],
    [
      0.9829856157302856,
      -0.08733191341161728,
      0.16159333288669586,
      0.09034473448991776,
      0.9958455562591553,
      -0.011377102695405483,
      -0.15992842614650726,
      0.02578263357281685,
      0.9867918491363525
    ]
  ],
  "root_rot": [
    -0.6089368462562561,
    -0.712396502494812,
    0.34883666038513184,
    0.4239390790462494,
    -0.6639841198921204,
    -0.615955114364624,
    0.6704262495040894,
    -0.22719232738018036,
    0.7063370943069458
  ],
  "root_trans": [
    -0.041643545031547546,
    0.4725078344345093,
    2.6931443214416504
  ]
}