{
  "betas": [
    -0.8584397435188293,
    1.2390719652175903,
    1.828769326210022,
    -0.1663438379764557,
    -0.2747560739517212,
    -0.2776221036911011,
    0.3282480239868164,
    0.5334539413452148,
    -0.1921861469745636,
    0.4261489510536194
  ],
  "joints": [
    [
      0.8896608948707581,
      -0.45306724309921265,
      -0.056865591555833817,
      0.4431183934211731,
      0.8265677094459534,
      0.34703290462493896,
      -0.11022599041461945,
      -0.33393973112106323,
      0.9361274242401123
    ],
    [
      0.8496876955032349,
      0.5042054653167725,
      -0.15429715812206268,
      -0.4416770040988922,
      0.8404170870780945,
      0.31403911113739014,
      0.2880142033100128,
      -0.1986856907606125,
      0.936788022518158
    ],
    [
      0.995559573173523,
      -0.013441384769976139,
      0.09316854178905487,
      0.04062908515334129,
      0.9541721940040588,
      -0.2964872419834137,
      -0.08491364121437073,
      0.29895609617233276,
      0.9504813551902771
    ],
    [
      0.9897329211235046,
      0.13974833488464355,
      -0.02998466230928898,
      -0.12886767089366913,
      0.7817672491073608,
      -0.6101089715957642,
      -0.06182068586349487,
      0.6077090501785278,
      0.7917498350143433
    ],
    [
      0.9983525276184082,
      -0.05662722885608673,
      -0.00925214122980833,
      0.0385427288711071,
      0.7813019156455994,
      -0.6229621171951294,
      0.04250533506274223,
      0.6215791702270508,
      0.7821972966194153
    ],
    [
      0.9991046786308289,
      0.015727704390883446,
      -0.03927329182624817,
      -0.014159681275486946,
      0.9991037249565125,
      0.03988959267735481,
      0.039865463972091675,
      -0.039297785609960556,
      0.998431921005249
    ],
    [
      0.9990941882133484,
      0.02793112024664879,
      0.03210565447807312,
      -0.029661785811185837,
      0.9980590343475342,
      0.05475771799683571,
      -0.03051389381289482,
      -0.0556604228913784,
      0.997983455657959
    ],
    [
      0.8902580142021179,
      -0.3168255686759949,
      -0.3272038996219635,
      0.34019869565963745,
      0.940230667591095,
      0.0152060491964221,
      0.30282944440841675,
      -0.12485162913799286,
      0.9448315501213074
    ],
    [
      0.9906370639801025,
      0.014959821477532387,
      0.13569951057434082,
      -0.007683560252189636,
      0.9985121488571167,
      -0.05398650839924812,
      -0.13630522787570953,
      0.05243838578462601,
      0.9892780780792236
    ],
    [
      0.9717097282409668,
      -0.22906747460365295,
      0.05751752108335495,
      0.13934160768985748,
      0.7526665925979614,
      0.6434881091117859,
      -0.1906937062740326,
      -0.6172690987586975,
      0.7632920742034912
    ],
    [
      0.8788337111473083,
      0.33058682084083557,
      0.3440401256084442,
      -0.25756850838661194,
      0.9356844425201416,
      -0.2411494255065918,
      -0.4016338586807251,
      0.12331634759902954,
      0.9074597954750061
    ],
    [
      0.9854993224143982,
      0.16656199097633362,
      0.032377395778894424,
      -0.1671849489212036,
      0.9857689142227173,
      0.01757430098950863,
      -0.02898942120373249,
      -0.02273247204720974,
      0.9993212819099426
    ],
    [
      0.814914882183075,
      0.07060016691684723,
      -0.575264573097229,
      0.19128276407718658,
      0.9041768908500671,
      0.38193586468696594,
      0.5471057295799255,
      -0.42128342390060425,
      0.7233226299285889
    ],
    [
      0.7698665857315063,
      -0.27555400133132935,
      0.5756520628929138,
      0.22175045311450958,
      0.9612839818000793,
      0.16358385980129242,
      -0.5984414219856262,
      0.0017133818473666906,
      0.8011646270751953
    ],
    [
      0.9715238213539124,
      -0.04131871089339256,
      0.23331144452095032,
      0.03374898433685303,
      0.998769223690033,
      0.036345914006233215,
      -0.23452606797218323,
      -0.027436895295977592,
      0.9717225432395935
    ],
    [
      0.1145375594496727,
      0.6741648316383362,
      -0.7296457886695862,
      -0.6255459189414978,
      0.6195228099822998,
      0.4742191433906555,
      0.7717340588569641,
      0.4021110534667969,
      0.4926797151565552
    ],
    [
      0.4364345669746399,
      -0.6844189167022705,
      0.5840339064598083,
      0.7551029324531555,
      0.6315782070159912,
      0.17586492002010345,
      -0.48922839760780334,
      0.3642521798610687,
      0.7924492955207825
    ],
    [
      -0.4977809488773346,
      -0.39762938022613525,
      -0.7707820534706116,
      0.21812769770622253,
      0.8027490973472595,
      -0.5549901723861694,
      0.8394250869750977,
      -0.44439247250556946,
      -0.3128592371940613
    ],
    [
      0.7114982604980469,
      0.1759529411792755,
      0.6803019642829895,
      0.2519586682319641,
      0.8398845791816711,
      -0.48073986172676086,
      -0.6559625864028931,
      0.5134535431861877,
      0.5532435774803162
    ],
    [
      0.8803936243057251,
      -0.2934827208518982,
      0.3725252151489258,
      0.3957188129425049,
      0.8875329494476318,
      -0.23599137365818024,
      -0.261368989944458,
      0.3551805317401886,
      0.8975149989128113
    ],
    [
      0.8259986042976379,
      0.3458195924758911,
      -0.44512367248535156,
      -0.5352083444595337,
      0.7289403676986694,
      -0.42684653401374817,
      0.17685672640800476,
      0.5908085703849792,
      0.787189245223999
    ],
    [
      0.9381465315818787,
      0.12255450338125229,
      -0.3238232433795929,
      -0.09829652309417725,
      0.9910517334938049,
      0.09030025452375412,
      0.33199232816696167,
      -0.05288417264819145,
      0.9417984485626221
    ],
    [
      0.97128826379776,
      -0.07537396997213364,
      0.22564992308616638,
      0.0494256317615509,
      0.9917211532592773,
      0.11851727217435837,
      -0.23271490633487701,
      -0.10396154224872589,
      0.9669725298881531
    ]
  ],
  "root_rot": [
    -0.5239010453224182,
    0.030506975948810577,
    -0.8512325286865234,
    0.12123341858386993,
    -0.986513614654541,
    -0.10996977239847183,
    -0.8431073427200317,
    -0.16081112623214722,
    0.5131370425224304
  ],
  "root_trans": [
    0.30528968572616577,
    0.5549802780151367,
    2.5567879676818848
  ]
}