{
  "betas": [
    -0.6929829716682434,
    1.190403699874878,
    0.6960240602493286,
    -0.7027548551559448,
    0.12703371047973633,
    -0.033534206449985504,
    0.21165704727172852,
    0.5990208387374878,
    -0.6092941761016846,
    0.4257456660270691
  ],
  "joints": [
    [
      0.7684389352798462,
      -0.6090956926345825,
      0.19622470438480377,
      0.6300962567329407,
      0.7737202048301697,
      -0.06584702432155609,
      -0.1117158830165863,
      0.174239844083786,
      0.9783456325531006
    ],
    [
      0.4753575623035431,
      0.7033180594444275,
      0.5285630226135254,
      -0.45869284868240356,
      -0.31454479694366455,
      0.8310610055923462,
      0.7507569789886475,
      -0.637499213218689,
      0.17308570444583893
    ],
    [
      0.9840198159217834,
      -0.17796733975410461,
      -0.005713493563234806,
      0.15196719765663147,
      0.856116771697998,
      -0.4939332604408264,
      0.09279540181159973,
      0.4851718544960022,
      0.869481086730957
    ],
    [
      0.9887025356292725,
      -0.05557260662317276,
      -0.13920843601226807,
      -0.03135331720113754,
      0.8315103650093079,
      -0.5546239018440247,
      0.14657513797283173,
      0.552722692489624,
      0.8203740119934082
    ],
    [
      0.9865776896476746,
      -0.1503637284040451,
      -0.06368015706539154,
      0.09842150658369064,
      0.8587400317192078,
      -0.5028706192970276,
      0.1302981823682785,
      0.4898534417152405,
      0.8620128035545349
    ],
    [
      0.9754128456115723,
      -0.20462915301322937,
      -0.08183305710554123,
      0.19940032064914703,
      0.9775745868682861,
      -0.06773097068071365,
      0.09385764598846436,
      0.049748122692108154,
      0.9943419098854065
    ],
    [
      0.9510223865509033,
      0.015737559646368027,
      0.3087211847305298,
      -0.0996660441160202,
      0.9609807133674622,
      0.2580360174179077,
      -0.29261431097984314,
      -0.27616703510284424,
      0.9154826998710632
    ],
    [
      0.8612594604492188,
      -0.457993745803833,
      -0.22016780078411102,
      0.23623482882976532,
      0.7444480061531067,
      -0.6244920492172241,
      0.44991692900657654,
      0.4858383536338806,
      0.7493569850921631
    ],
    [
      0.9826717376708984,
      -0.17813947796821594,
      0.05121070519089699,
      0.17649006843566895,
      0.983674943447113,
      0.03513994812965393,
      -0.05663450062274933,
      -0.025492854416370392,
      0.9980694055557251
    ],
    [
      0.9739701151847839,
      -0.09794202446937561,
      0.2044251263141632,
      -0.07214658707380295,
      0.7209956049919128,
      0.6891735196113586,
      -0.21488869190216064,
      -0.6859829425811768,
      0.6951619982719421
    ],
    [
      0.862869143486023,
      0.4745107591152191,
      0.17405857145786285,
      -0.465872585773468,
      0.8802435994148254,
      -0.09018769860267639,
      -0.19600899517536163,
      -0.003268953412771225,
      0.9805966019630432
    ],
    [
      0.9431822299957275,
      -0.13916927576065063,
      -0.30172717571258545,
      0.031429849565029144,
      0.9413569569587708,
      -0.3359455168247223,
      0.33078622817993164,
      0.3073745667934418,
      0.8922452330589294
    ],
    [
      0.7761919498443604,
      -0.18888847529888153,
      -0.6015374064445496,
      0.4711613655090332,
      0.807752788066864,
      0.3543195426464081,
      0.418966680765152,
      -0.558441162109375,
      0.7159681916236877
    ],
    [
      0.91134113073349,
      -0.06896062195301056,
      0.40583473443984985,
      -0.01032655406743288,
      0.9817283749580383,
      0.19000743329524994,
      -0.4115224778652191,
      -0.17735245823860168,
      0.8939773440361023
    ],
    [
      0.9772244095802307,
      -0.037548091262578964,
      -0.2088603675365448,
      0.09464654326438904,
      0.9580263495445251,
      0.2706059217453003,
      0.18993300199508667,
      -0.2842106223106384,
      0.9397605061531067
    ],
    [
      0.8042009472846985,
      0.04832923412322998,
      -0.5923892855644226,
      0.0266717579215765,
      0.9927500486373901,
      0.11720041185617447,
      0.5937587022781372,
      -0.11005272716283798,
      0.7970815300941467
    ],
    [
      0.9700216054916382,
      0.01775985397398472,
      0.24236883223056793,
      -0.0854889303445816,
      0.9585173726081848,
      0.2719118297100067,
      -0.22748562693595886,
      -0.2844802141189575,
      0.9313008189201355
    ],
    [
      0.1141604334115982,
      -0.24365273118019104,
      -0.9631204009056091,
      0.3011980950832367,
      0.9323176741600037,
      -0.20015864074230194,
      0.946703314781189,
      -0.2672398090362549,
      0.17982153594493866
    ],
    [
      0.7082765698432922,
      0.20680508017539978,
      0.6749635934829712,
      -0.5097185969352722,
      0.8113086819648743,
      0.2862953543663025,
      -0.488396555185318,
      -0.5468178391456604,
      0.6800433397293091
    ],
    [
      0.8865658640861511,
      -0.3760354816913605,
      0.2694406807422638,
      0.4565156102180481,
      0.8053537011146545,
      -0.37815195322036743,
      -0.07479647547006607,
      0.4582604467868805,
      0.8856651782989502
    ],
    [
      0.9040732979774475,
      0.2695835530757904,
      -0.33162662386894226,
      -0.41578277945518494,
      0.7343238592147827,
      -0.5365568399429321,
      0.09887443482875824,
      0.6229713559150696,
      0.7759708166122437
    ],
    [
      0.9251160025596619,
      0.24695979058742523,
      -0.28839412331581116,
      -0.1958768218755722,
      0.9611085057258606,
      0.19468623399734497,
      0.32525768876075745,
      -0.12361764907836914,
      0.9375105500221252
    ],
    [
      0.9578303098678589,
      -0.15792502462863922,
      0.24004310369491577,
      0.1479414403438568,
      0.9872242212295532,
      0.05917532742023468,
      -0.24632161855697632,
      -0.021167611703276634,
      0.9689569473266602
    ]
  ],
  "root_rot": [
    0.6365606784820557,
    0.7198000550270081,
    -0.27690839767456055,
    0.6290220618247986,
    -0.6923121809959412,
    -0.35360288619995117,
    -0.4462304711341858,
    0.05090823024511337,
    -0.8934687972068787
  ],
  "root_trans": [
    0.10517654567956924,
    0.46745654940605164,
    2.4888737201690674
  ]
}