{
  "betas": [
    -0.9103040099143982,
    1.6191203594207764,
    1.4099663496017456,
    -0.14571121335029602,
    0.08932128548622131,
    0.12603792548179626,
    0.09917111694812775,
    0.13336393237113953,
    0.07113273441791534,
    0.15188714861869812
  ],
  "joints": [
    [
      0.9521639943122864,
      -0.24168680608272552,
      -0.18700583279132843,
      0.282291442155838,
      0.9300030469894409,
      0.2353844940662384,
      0.1170266643166542,
      -0.2769148051738739,
      0.9537415504455566
    ],
    [
      0.9523223638534546,
      0.29880714416503906,
      -0.06161503121256828,
      -0.2721622884273529,
      0.9232915043830872,
      0.2710358798503876,
      0.13787609338760376,
      -0.24134422838687897,
      0.9605951905250549
    ],
    [
      0.99208003282547,
      0.03209706395864487,
      0.12143748998641968,
      -0.008576576597988605,
      0.9818534851074219,
      -0.18944691121578217,
      -0.12531451880931854,
      0.18690496683120728,
      0.9743525385856628
    ],
    [
      0.9914596080780029,
      -0.004875872749835253,
      -0.13032305240631104,
      -0.06572581082582474,
      0.8444315195083618,
      -0.5316159725189209,
      0.11264096945524216,
      0.5356413722038269,
      0.8368992805480957
    ],
    [
      0.9946193695068359,
      0.04587209224700928,
      0.09288793802261353,
      0.005325120873749256,
      0.8728011250495911,
      -0.4880470037460327,
      -0.10346043109893799,
      0.48591557145118713,
      0.8678606152534485
    ],
    [
      0.9960982799530029,
      -0.030557898804545403,
      -0.08279205858707428,
      0.042001862078905106,
      0.9892288446426392,
      0.14022161066532135,
      0.0776154175400734,
      -0.1431519091129303,
      0.9866526126861572
    ],
    [
      0.9942905902862549,
      0.03649671748280525,
      -0.10027117282152176,
      -0.022473400458693504,
      0.9902356863021851,
      0.1375797837972641,
      0.10431330651044846,
      -0.1345408409833908,
      0.9854022264480591
    ],
    [
      0.8631519675254822,
      -0.42316028475761414,
      -0.27550676465034485,
      0.40269213914871216,
      0.906053900718689,
      -0.13002049922943115,
      0.30464351177215576,
      0.0012830541236326098,
      0.9524655342102051
    ],
    [
      0.9914771318435669,
      -0.003924206364899874,
      0.130221426486969,
      0.014261427335441113,
      0.9968085289001465,
      -0.07854460179805756,
      -0.12949761748313904,
      0.07973232120275497,
      0.988368809223175
    ],
    [
      0.927102267742157,
      -0.11318749934434891,
      0.3573092520236969,
      -0.15559233725070953,
      0.7510651350021362,
      0.6416323781013489,
      -0.34098732471466064,
      -0.6504534482955933,
      0.6787030696868896
    ],
    [
      0.8925873041152954,
      0.3361193537712097,
      0.30051910877227783,
      -0.38459599018096924,
      0.9154601693153381,
      0.11840049177408218,
      -0.23531654477119446,
      -0.22126120328903198,
      0.9463982582092285
    ],
    [
      0.9947522282600403,
      0.09876301139593124,
      -0.02671949565410614,
      -0.09407327324151993,
      0.9855758547782898,
      0.14067840576171875,
      0.04022791609168053,
      -0.13742655515670776,
      0.9896947145462036
    ],
    [
      0.6137011647224426,
      -0.0011744053335860372,
      -0.7895374298095703,
      0.4450056850910187,
      0.8265425562858582,
      0.344669908285141,
      0.6521815061569214,
      -0.5628730058670044,
      0.5077727437019348
    ],
    [
      0.593878448009491,
      -0.24202477931976318,
      0.7672890424728394,
      -0.028547218069434166,
      0.9467421770095825,
      0.32072484493255615,
      -0.8040481805801392,
      -0.21237553656101227,
      0.5553406476974487
    ],
    [
      0.994986891746521,
      -0.08931579440832138,
      -0.044987697154283524,
      0.09169168025255203,
      0.9943302869796753,
      0.05385063216090202,
      0.03992291912436485,
      -0.05770566314458847,
      0.9975351095199585
    ],
    [
      0.2014053761959076,
      0.7428522109985352,
      -0.638440728187561,
      -0.5193914771080017,
      0.6336115598678589,
      0.5733837485313416,
      0.8304627537727356,
      0.21611808240413666,
      0.5134438872337341
    ],
    [
      0.3491322994232178,
      -0.6313775777816772,
      0.692436933517456,
      0.5974646210670471,
      0.7192445397377014,
      0.3545747697353363,
      -0.721902072429657,
      0.2899130880832672,
      0.6283372640609741
    ],
    [
      -0.11288116127252579,
      -0.3425437808036804,
      -0.9326959252357483,
      0.32680338621139526,
      0.8736697435379028,
      -0.3604176342487335,
      0.938326895236969,
      -0.34549254179000854,
      0.013323611579835415
    ],
    [
      0.5242636203765869,
      0.3426012098789215,
      0.779597282409668,
      -0.1616603285074234,
      0.9388909935951233,
      -0.3038908839225769,
      -0.8360702395439148,
      0.03328897804021835,
      0.5476114153862
    ],
    [
      0.9341019988059998,
      -0.22320616245269775,
      0.2786259651184082,
      0.30242452025413513,
      0.909469485282898,
      -0.2853148579597473,
      -0.18971778452396393,
      0.3507765233516693,
      0.9170402884483337
    ],
    [
      0.9041416645050049,
      0.31236445903778076,
      -0.2914726138114929,
      -0.40137484669685364,
      0.8547831177711487,
      -0.3290044665336609,
      0.1463765949010849,
      0.41445639729499817,
      0.8982203006744385
    ],
    [
      0.9429441690444946,
      0.2677941620349884,
      -0.19784487783908844,
      -0.2142145335674286,
      0.9428499937057495,
      0.2552371621131897,
      0.2548890709877014,
      -0.19829314947128296,
      0.9464203119277954
    ],
    [
      0.9330994486808777,
      -0.19693420827388763,
      0.30090251564979553,
      0.1623825877904892,
      0.9773003458976746,
      0.13607318699359894,
      -0.3208695948123932,
      -0.07810848206281662,
      0.9438971281051636
    ]
  ],
  "root_rot": [
    0.879322350025177,
    0.1319020688533783,
    0.45759591460227966,
    0.08142402768135071,
    -0.9883700609207153,
    0.1284322440624237,
    0.469214528799057,
    -0.07567404955625534,
    -0.8798359036445618
  ],
  "root_trans": [
    -0.037886038422584534,
    0.5338410139083862,
    2.3375866413116455
  ]
}