{
  "betas": [
    -0.9840232729911804,
    1.3198928833007812,
    1.5427278280258179,
    0.028422147035598755,
    -0.03635111451148987,
    -0.21945500373840332,
    0.09203873574733734,
    0.3635174036026001,
    -0.189304918050766,
    0.49982351064682007
  ],
  "joints": [
    [
      0.9451242685317993,
      -0.194985032081604,
      -0.26214662194252014,
      0.2771964371204376,
      0.9032619595527649,
      0.3275361657142639,
      0.17292240262031555,
      -0.3822285234928131,
      0.9077439308166504
    ],
    [
      0.9159529805183411,
      0.3637937307357788,
      -0.16936463117599487,
      -0.3568718433380127,
      0.9314692616462708,
      0.07076381891965866,
      0.18350139260292053,
      -0.004374854266643524,
      0.9830097556114197
    ],
    [
      0.9807292222976685,
      -0.054017506539821625,
      0.18775545060634613,
      0.077397421002388,
      0.9898115396499634,
      -0.11951059103012085,
      -0.17938683927059174,
      0.13173934817314148,
      0.9749178886413574
    ],
    [
      0.9842077493667603,
      -0.027061520144343376,
      -0.17493638396263123,
      -0.07268592715263367,
      0.8393093347549438,
      -0.538773238658905,
      0.1614057570695877,
      0.5429802536964417,
      0.8240877389907837
    ],
    [
      0.9918472170829773,
      0.04328519105911255,
      0.11985636502504349,
      -0.0031777669209986925,
      0.9486532807350159,
      -0.31630176305770874,
      -0.12739332020282745,
      0.3133421540260315,
      0.9410566687583923
    ],
    [
      0.9983839988708496,
      0.03868023306131363,
      -0.04163163900375366,
      -0.03595086187124252,
      0.9972748756408691,
      0.0644235759973526,
      0.04401010274887085,
      -0.06282277405261993,
      0.997053861618042
    ],
    [
      0.9508904218673706,
      0.24301870167255402,
      -0.19170129299163818,
      -0.2141008824110031,
      0.9636767506599426,
      0.15964943170547485,
      0.22353588044643402,
      -0.11076568812131882,
      0.9683815240859985
    ],
    [
      0.8679802417755127,
      -0.3918587565422058,
      -0.30505242943763733,
      0.4136354923248291,
      0.9104120135307312,
      0.007456144317984581,
      0.274801641702652,
      -0.13265229761600494,
      0.95230633020401
    ],
    [
      0.9742637276649475,
      0.07556769996881485,
      0.2123672217130661,
      -0.055064164102077484,
      0.993375301361084,
      -0.10086341947317123,
      -0.2185823619365692,
      0.08657374233007431,
      0.9719706177711487
    ],
    [
      0.898972749710083,
      -0.37807849049568176,
      0.22114402055740356,
      0.1533786952495575,
      0.7446512579917908,
      0.649591863155365,
      -0.41027185320854187,
      -0.5500465631484985,
      0.7274103760719299
    ],
    [
      0.8581504225730896,
      0.34611302614212036,
      0.3791881501674652,
      -0.41836708784103394,
      0.8995310664176941,
      0.12574881315231323,
      -0.2975682318210602,
      -0.2665512263774872,
      0.9167352914810181
    ],
    [
      0.9949014782905579,
      0.08342799544334412,
      -0.05666360631585121,
      -0.07910776883363724,
      0.9940686225891113,
      0.07462847977876663,
      0.06255362182855606,
      -0.06976545602083206,
      0.995600163936615
    ],
    [
      0.9214144349098206,
      -0.10337869077920914,
      -0.3745775818824768,
      0.21635471284389496,
      0.9372098445892334,
      0.2735477685928345,
      0.3227787911891937,
      -0.33309245109558105,
      0.8859251737594604
    ],
    [
      0.7623288631439209,
      -0.1006958857178688,
      0.6393083333969116,
      -0.11979387700557709,
      0.9487976431846619,
      0.29228833317756653,
      -0.6360064148902893,
      -0.299405038356781,
      0.7112330794334412
    ],
    [
      0.9812659621238708,
      -0.06575221568346024,
      0.1810903698205948,
      0.06338261067867279,
      0.9978113174438477,
      0.018847506493330002,
      -0.18193328380584717,
      -0.007016437128186226,
      0.9832858443260193
    ],
    [
      0.45948532223701477,
      0.7321672439575195,
      -0.502796471118927,
      -0.7615523934364319,
      0.616085946559906,
      0.2011864334344864,
      0.45706799626350403,
      0.2904636561870575,
      0.8406661152839661
    ],
    [
      0.4934542775154114,
      -0.49344271421432495,
      0.7162521481513977,
      0.3169569969177246,
      0.8688856959342957,
      0.3802313506603241,
      -0.8099636435508728,
      0.03939436003565788,
      0.5851554870605469
    ],
    [
      -0.7234799861907959,
      -0.3135707974433899,
      -0.6150203943252563,
      0.14081986248493195,
      0.8051226139068604,
      -0.5761488080024719,
      0.6758301854133606,
      -0.50343918800354,
      -0.5383331179618835
    ],
    [
      0.3349829316139221,
      0.3304204046726227,
      0.882388174533844,
      -0.3653615117073059,
      0.9087735414505005,
      -0.20159773528575897,
      -0.8685029745101929,
      -0.2548588812351227,
      0.42514652013778687
    ],
    [
      0.8698784112930298,
      -0.42622601985931396,
      0.2482801377773285,
      0.48231664299964905,
      0.8404327630996704,
      -0.24706976115703583,
      -0.10335519909858704,
      0.3346702754497528,
      0.9366502165794373
    ],
    [
      0.9265856146812439,
      0.2678014039993286,
      -0.26404833793640137,
      -0.3610312342643738,
      0.830041229724884,
      -0.42507416009902954,
      0.1053355485200882,
      0.4891972839832306,
      0.8657889366149902
    ],
    [
      0.9002216458320618,
      0.23792912065982819,
      -0.3646787703037262,
      -0.1754961907863617,
      0.9647302627563477,
      0.19620545208454132,
      0.39849966764450073,
      -0.11262867599725723,
      0.9102267026901245
    ],
    [
      0.9635326862335205,
      -0.11081153899431229,
      0.24356836080551147,
      0.06720159947872162,
      0.9812613725662231,
      0.18058234453201294,
      -0.2590148448944092,
      -0.15762881934642792,
      0.9529241323471069
    ]
  ],
  "root_rot": [
    0.6783220767974854,
    0.005460633896291256,
    0.7347443699836731,
    -0.03505824878811836,
    -0.9985929727554321,
    0.03978762775659561,
    0.7339277863502502,
    -0.052747681736946106,
    -0.6771762371063232
  ],
  "root_trans": [
    -0.10892072319984436,
    0.5498962998390198,
    2.2968602180480957
  ]
}