{
  "betas": [
    -0.5989059209823608,
    1.1580041646957397,
    1.447590708732605,
    -0.22376754879951477,
    -0.08418822288513184,
    -0.48803555965423584,
    0.03942227363586426,
    0.7816739082336426,
    0.06278069317340851,
    0.7533559799194336
  ],
  "joints": [
    [
      0.9783470630645752,
      -0.20663446187973022,
      0.0117957703769207,
      0.204180046916008,
      0.9542585015296936,
      -0.2184058278799057,
      0.03387395665049553,
      0.21608518064022064,
      0.9757866263389587
    ],
    [
      0.9853599071502686,
      0.1700991541147232,
      -0.011495585553348064,
      0.004696421790868044,
      0.040320273488759995,
      0.9991757273674011,
      0.1704224795103073,
      -0.9846016764640808,
      0.03893112391233444
    ],
    [
      0.9967774748802185,
      -0.018870998173952103,
      -0.0779644325375557,
      -0.005226183217018843,
      0.9545915722846985,
      -0.2978716194629669,
      0.08004532009363174,
      0.2973192036151886,
      0.9514167308807373
    ],
    [
      0.9873647093772888,
      -0.04903058335185051,
      -0.15068815648555756,
      -0.05302267149090767,
      0.7938941121101379,
      -0.6057398915290833,
      0.14933021366596222,
      0.6060760617256165,
      0.7812632918357849
    ],
    [
      0.9155921339988708,
      -0.361947625875473,
      0.17517103254795074,
      0.06654579192399979,
      -0.2932347059249878,
      -0.9537217020988464,
      0.39656350016593933,
      0.88487708568573,
      -0.24439729750156403
    ],
    [
      0.9736085534095764,
      -0.17518700659275055,
      -0.14627352356910706,
      0.1743841916322708,
      0.9845058917999268,
      -0.018394775688648224,
      0.1472296565771103,
      -0.007598481141030788,
      0.9890732169151306
    ],
    [
      0.9702544212341309,
      -0.1243736520409584,
      0.2076956182718277,
      0.04037884250283241,
      0.9290611147880554,
      0.36771583557128906,
      -0.23869609832763672,
      -0.34839144349098206,
      0.90644770860672
    ],
    [
      0.9339683055877686,
      -0.335787832736969,
      0.12226911634206772,
      0.3569350838661194,
      0.8931640386581421,
      -0.27359724044799805,
      -0.01733575016260147,
      0.2991732954978943,
      0.9540413618087769
    ],
    [
      0.9925843477249146,
      -0.11080030351877213,
      -0.049994707107543945,
      0.10958848893642426,
      0.9936271905899048,
      -0.02636999450623989,
      0.052597906440496445,
      0.020695600658655167,
      0.9984012246131897
    ],
    [
      0.9267067313194275,
      -0.17020678520202637,
      0.33502858877182007,
      -0.08064334839582443,
      0.780695915222168,
      0.6196858286857605,
      -0.36703017354011536,
      -0.601284921169281,
      0.7097501158714294
    ],
    [
      0.7829723358154297,
      0.38494235277175903,
      0.4886448085308075,
      -0.510289192199707,
      0.8467071056365967,
      0.1506388634443283,
      -0.35575175285339355,
      -0.3672962188720703,
      0.8593801856040955
    ],
    [
      0.9981878399848938,
      0.0029520830139517784,
      -0.060102008283138275,
      -0.02179037220776081,
      0.9487420320510864,
      -0.3152993321418762,
      0.05609051510691643,
      0.3160376250743866,
      0.9470871090888977
    ],
    [
      0.8389332890510559,
      -0.26782456040382385,
      -0.4737730324268341,
      0.43920212984085083,
      0.847256064414978,
      0.2987617552280426,
      0.32139134407043457,
      -0.4587233066558838,
      0.8284204602241516
    ],
    [
      0.9398727416992188,
      -0.16364111006259918,
      0.2997678816318512,
      0.1199120357632637,
      0.979970395565033,
      0.15899428725242615,
      -0.319781631231308,
      -0.11348861455917358,
      0.9406700134277344
    ],
    [
      0.9842516779899597,
      -0.16351981461048126,
      -0.06715518981218338,
      0.16855968534946442,
      0.9826115369796753,
      0.07786007225513458,
      0.053255800157785416,
      -0.08795357495546341,
      0.9946998953819275
    ],
    [
      0.8191443085670471,
      0.18555928766727448,
      -0.5427433252334595,
      -0.04132727533578873,
      0.9628599882125854,
      0.26681965589523315,
      0.5720967054367065,
      -0.19613367319107056,
      0.7963899374008179
    ],
    [
      0.6117232441902161,
      -0.6098154187202454,
      0.5039045810699463,
      0.6356151700019836,
      0.7581073045730591,
      0.14583100378513336,
      -0.47094374895095825,
      0.23108120262622833,
      0.8513597846031189
    ],
    [
      0.5243685841560364,
      -0.2018057256937027,
      -0.8272316455841064,
      0.47489064931869507,
      0.8756943941116333,
      0.0873970314860344,
      0.7067648768424988,
      -0.4386727809906006,
      0.5550222992897034
    ],
    [
      0.5549545884132385,
      0.3651820421218872,
      0.7474406361579895,
      -0.1407104730606079,
      0.926755428314209,
      -0.34831729531288147,
      -0.8198938369750977,
      0.08812756091356277,
      0.565692126750946
    ],
    [
      0.9311984777450562,
      -0.15268439054489136,
      0.3309939205646515,
      0.35349470376968384,
      0.5998333692550659,
      -0.7178031802177429,
      -0.08894383907318115,
      0.7854217290878296,
      0.6125370264053345
    ],
    [
      0.9669103026390076,
      0.09665955603122711,
      -0.23609618842601776,
      -0.20662130415439606,
      0.8395317792892456,
      -0.5024878978729248,
      0.14963996410369873,
      0.5346432328224182,
      0.8317238688468933
    ],
    [
      0.9760481119155884,
      0.04046224430203438,
      -0.21375882625579834,
      -0.007705402560532093,
      0.9883652925491333,
      0.15190309286117554,
      0.21741816401481628,
      -0.14661763608455658,
      0.9650038480758667
    ],
    [
      0.9786144495010376,
      -0.0843677669763565,
      0.18760551512241364,
      0.06315752118825912,
      0.991203784942627,
      0.11630138009786606,
      -0.19576741755008698,
      -0.1019655093550682,
      0.9753348231315613
    ]
  ],
  "root_rot": [
    -0.6969465613365173,
    -0.5156506896018982,
    0.49836722016334534,
    0.27088090777397156,
    -0.8327656984329224,
    -0.4828300476074219,
    0.6639947295188904,
    -0.20150859653949738,
    0.7200731039047241
  ],
  "root_trans": [
    -0.016741465777158737,
    0.48768141865730286,
    2.722362756729126
  ]
}