{
  "betas": [
    -0.6087583899497986,
    1.1458594799041748,
    1.2480303049087524,
    0.13437724113464355,
    0.13170430064201355,
    -0.16593152284622192,
    0.342419296503067,
    0.8280693888664246,
    0.15748858451843262,
    1.2723312377929688
  ],
  "joints": [
    [
      0.9136051535606384,
      -0.40514859557151794,
      0.03435356542468071,
      0.3762209713459015,
      0.8743633031845093,
      0.30650708079338074,
      -0.1542184054851532,
      -0.2671019434928894,
      0.9512482285499573
    ],
    [
      0.9568575024604797,
      0.2021946758031845,
      -0.208665132522583,
      -0.18712082505226135,
      0.9782215356826782,
      0.08982449769973755,
      0.2222827523946762,
      -0.04690364748239517,
      0.9738534688949585
    ],
    [
      0.9983342885971069,
      -0.012583568692207336,
      0.05630552023649216,
      0.020388618111610413,
      0.989902913570404,
      -0.14027300477027893,
      -0.05397186428308487,
      0.14118734002113342,
      0.9885106086730957
    ],
    [
      0.9995109438896179,
      0.020420648157596588,
      0.023681217804551125,
      -0.012954317964613438,
      0.9596827626228333,
      -0.28078681230545044,
      -0.0284603089094162,
      0.2803427278995514,
      0.959477961063385
    ],
    [
      0.9993129968643188,
      -0.032527726143598557,
      0.017758507281541824,
      0.03705960512161255,
      0.8763296008110046,
      -0.48028430342674255,
      6.025365291861817e-05,
      0.48061251640319824,
      0.8769330382347107
    ],
    [
      0.9911313056945801,
      0.10503332316875458,
      -0.08140411972999573,
      -0.10043828934431076,
      0.9932140707969666,
      0.058633748441934586,
      0.0870102196931839,
      -0.0499376580119133,
      0.9949549436569214
    ],
    [
      0.9828639626502991,
      0.12427092343568802,
      0.1361442655324936,
      -0.08200278133153915,
      0.9562430381774902,
      -0.28084635734558105,
      -0.16508805751800537,
      0.2648695111274719,
      0.9500473737716675
    ],
    [
      0.9387893080711365,
      -0.16536179184913635,
      -0.302208811044693,
      0.23952393233776093,
      0.943831205368042,
      0.22762051224708557,
      0.24759432673454285,
      -0.2860739231109619,
      0.9256667494773865
    ],
    [
      0.99593186378479,
      0.0865798369050026,
      0.02497343346476555,
      -0.08608553558588028,
      0.9960823059082031,
      -0.020233768969774246,
      -0.026627428829669952,
      0.018001604825258255,
      0.9994834065437317
    ],
    [
      0.9769625663757324,
      -0.1634446233510971,
      0.1372220665216446,
      0.08098229020833969,
      0.8788303732872009,
      0.47021180391311646,
      -0.1974484920501709,
      -0.4482668340206146,
      0.8718205094337463
    ],
    [
      0.9209878444671631,
      0.3389490246772766,
      0.1920803338289261,
      -0.31411033868789673,
      0.9376897215843201,
      -0.14856892824172974,
      -0.23046903312206268,
      0.07649576663970947,
      0.9700682163238525
    ],
    [
      0.9659799337387085,
      0.14081142842769623,
      0.21692167222499847,
      -0.10790809243917465,
      0.9817265868186951,
      -0.15674443542957306,
      -0.2350291609764099,
      0.12800435721874237,
      0.9635228514671326
    ],
    [
      0.915640115737915,
      0.40158918499946594,
      -0.018147438764572144,
      -0.39690670371055603,
      0.9102822542190552,
      0.11769145727157593,
      0.06378290802240372,
      -0.10056018084287643,
      0.9928843975067139
    ],
    [
      0.99516361951828,
      0.08942103385925293,
      0.0406605526804924,
      -0.09428586810827255,
      0.9856554269790649,
      0.13997699320316315,
      -0.027560409158468246,
      -0.1431337147951126,
      0.9893195629119873
    ],
    [
      0.8069702386856079,
      -0.07030587643384933,
      0.5863924622535706,
      0.029316294938325882,
      0.9964336156845093,
      0.0791240781545639,
      -0.5898640155792236,
      -0.0466599240899086,
      0.8061533570289612
    ],
    [
      0.7916305661201477,
      0.5441216826438904,
      -0.27794355154037476,
      -0.5954271554946899,
      0.7890618443489075,
      -0.15115539729595184,
      0.13706772029399872,
      0.2851543724536896,
      0.9486303329467773
    ],
    [
      0.9767307043075562,
      -0.07594744861125946,
      0.20057201385498047,
      -0.01675557717680931,
      0.9053204655647278,
      0.4243985414505005,
      -0.21381394565105438,
      -0.4178837835788727,
      0.8829817771911621
    ],
    [
      0.9352285861968994,
      -0.02828354388475418,
      -0.35291293263435364,
      -0.049781136214733124,
      0.9763960242271423,
      -0.21017274260520935,
      0.35052722692489624,
      0.21412797272205353,
      0.9117454886436462
    ],
    [
      -0.15171241760253906,
      0.017934691160917282,
      0.9882620573043823,
      -0.6654107570648193,
      0.7374826073646545,
      -0.1155337393283844,
      -0.7308980226516724,
      -0.6751280426979065,
      -0.09995133429765701
    ],
    [
      0.9926285743713379,
      -0.11853735893964767,
      0.02524656616151333,
      0.10957665741443634,
      0.7887704372406006,
      -0.6048422455787659,
      0.05178263038396835,
      0.6031501293182373,
      0.7959449887275696
    ],
    [
      0.7153865694999695,
      0.6949847340583801,
      -0.07223667204380035,
      -0.681393563747406,
      0.6710142493247986,
      -0.29230546951293945,
      -0.15467602014541626,
      0.2583330571651459,
      0.9535927176475525
    ],
    [
      0.9657294750213623,
      0.1906917542219162,
      -0.17607711255550385,
      -0.16234102845191956,
      0.973098635673523,
      0.16347579658031464,
      0.2025138884782791,
      -0.12928886711597443,
      0.9707071185112
    ],
    [
      0.9516951441764832,
      -0.23710104823112488,
      0.1950884610414505,
      0.2107006013393402,
      0.9664729833602905,
      0.14674913883209229,
      -0.22334209084510803,
      -0.09855519235134125,
      0.9697449803352356
    ]
  ],
  "root_rot": [
    -0.6301477551460266,
    0.06539549678564072,
    -0.7737164497375488,
    0.07744740694761276,
    -0.9861846566200256,
    -0.14643003046512604,
    -0.7726030945777893,
    -0.15219490230083466,
    0.6163773536682129
  ],
  "root_trans": [
    0.43341439962387085,
    0.48249298334121704,
    2.8812763690948486
  ]
}