{
  "betas": [
    -0.8917933106422424,
    1.2202272415161133,
    1.3092347383499146,
    0.0690036416053772,
    -0.25175780057907104,
    0.013263899832963943,
    0.2215457558631897,
    0.8896307945251465,
    -0.058650970458984375,
    1.080909252166748
  ],
  "joints": [
    [
      0.951602041721344,
      -0.307304710149765,
      0.0041792793199419975,
      0.28519099950790405,
      0.8880293965339661,
      0.36065205931663513,
      -0.11454138159751892,
      -0.34200531244277954,
      0.9326910972595215
    ],
    [
      0.9661586284637451,
      0.16515912115573883,
      -0.19814139604568481,
      -0.17393621802330017,
      0.9843695759773254,
      -0.02761845290660858,
      0.19048291444778442,
      0.061147768050432205,
      0.9797843098640442
    ],
    [
      0.994960367679596,
      -0.0455700159072876,
      0.0893150120973587,
      0.054914530366659164,
      0.9929414391517639,
      -0.10512709617614746,
      -0.08389393240213394,
      0.10950199514627457,
      0.9904398322105408
    ],
    [
      0.9918991327285767,
      0.02809053100645542,
      0.12388329952955246,
      0.00537002831697464,
      0.9650984406471252,
      -0.26183241605758667,
      -0.1269145905971527,
      0.26037660241127014,
      0.9571294784545898
    ],
    [
      0.9983009099960327,
      -0.03748287260532379,
      0.044612862169742584,
      0.04409821704030037,
      0.9864566922187805,
      -0.15798257291316986,
      -0.038087017834186554,
      0.159681499004364,
      0.9864335656166077
    ],
    [
      0.9947367906570435,
      0.009404905140399933,
      -0.10203085839748383,
      -0.004335256293416023,
      0.9987500309944153,
      0.04979589954018593,
      0.10237164795398712,
      -0.049091484397649765,
      0.9935341477394104
    ],
    [
      0.9561218023300171,
      0.2623833119869232,
      0.13033024966716766,
      -0.22537045180797577,
      0.9429574012756348,
      -0.2450295388698578,
      -0.1871875673532486,
      0.20490552484989166,
      0.9607155919075012
    ],
    [
      0.9394236207008362,
      -0.2646668553352356,
      -0.21779493987560272,
      0.2895854413509369,
      0.9527940154075623,
      0.09123453497886658,
      0.18336698412895203,
      -0.14877814054489136,
      0.9717208743095398
    ],
    [
      0.9993510246276855,
      0.004731100518256426,
      0.035707246512174606,
      -0.0024282822851091623,
      0.997930109500885,
      -0.06426176428794861,
      -0.035937368869781494,
      0.06413336098194122,
      0.9972939491271973
    ],
    [
      0.9093663096427917,
      -0.4159606993198395,
      0.0054504345171153545,
      0.3558485209941864,
      0.784602701663971,
      0.5077110528945923,
      -0.215464249253273,
      -0.4597557485103607,
      0.8615102767944336
    ],
    [
      0.8894691467285156,
      0.3516561985015869,
      0.2918604910373688,
      -0.2596568763256073,
      0.914436399936676,
      -0.3104582726955414,
      -0.3760624825954437,
      0.20035946369171143,
      0.9046729207038879
    ],
    [
      0.9976072907447815,
      0.04851070046424866,
      -0.04925888404250145,
      -0.05398324131965637,
      0.9917056560516357,
      -0.1166437566280365,
      0.04319183900952339,
      0.11902381479740143,
      0.991951584815979
    ],
    [
      0.9763646721839905,
      -0.009136675857007504,
      -0.21593663096427917,
      0.0390474759042263,
      0.9901221394538879,
      0.13466057181358337,
      0.21257327497005463,
      -0.13990959525108337,
      0.9670770168304443
    ],
    [
      0.913558840751648,
      -0.06211268529295921,
      0.40193554759025574,
      -0.01637181080877781,
      0.9818519949913025,
      0.18894092738628387,
      -0.40637683868408203,
      -0.17918908596038818,
      0.895962655544281
    ],
    [
      0.984449028968811,
      0.04128625988960266,
      0.17074991762638092,
      -0.031736183911561966,
      0.9977952241897583,
      -0.05828745290637016,
      -0.17277994751930237,
      0.051962073892354965,
      0.9835888147354126
    ],
    [
      0.8119102120399475,
      0.4485943615436554,
      -0.3735838532447815,
      -0.5244243741035461,
      0.8416062593460083,
      -0.1291428655385971,
      0.2564777731895447,
      0.3007689118385315,
      0.9185625314712524
    ],
    [
      0.6223563551902771,
      -0.5700542330741882,
      0.5363867282867432,
      0.42188915610313416,
      0.8215131759643555,
      0.3835696280002594,
      -0.6593042612075806,
      -0.012421246618032455,
      0.7517736554145813
    ],
    [
      0.2722671926021576,
      -0.1910080760717392,
      -0.9430727958679199,
      -0.3491775095462799,
      0.893676221370697,
      -0.2818116843700409,
      0.8966301083564758,
      0.4060279130935669,
      0.17662298679351807
    ],
    [
      -0.6904794573783875,
      0.07176695764064789,
      0.7197830677032471,
      -0.4263930916786194,
      0.7634240388870239,
      -0.48515215516090393,
      -0.584317684173584,
      -0.6418980956077576,
      -0.49652767181396484
    ],
    [
      0.9678698182106018,
      0.2310643047094345,
      0.0991830825805664,
      -0.16778749227523804,
      0.8872563242912292,
      -0.42967838048934937,
      -0.1872841715812683,
      0.39923104643821716,
      0.8975183367729187
    ],
    [
      0.8744631409645081,
      0.4606967270374298,
      -0.15189701318740845,
      -0.4808676838874817,
      0.8644885420799255,
      -0.14637534320354462,
      0.06387858837842941,
      0.20104220509529114,
      0.9774975180625916
    ],
    [
      0.7611151933670044,
      0.47795578837394714,
      -0.4384768605232239,
      -0.23108549416065216,
      0.8314770460128784,
      0.5052183270454407,
      0.6060553789138794,
      -0.28320375084877014,
      0.7432984709739685
    ],
    [
      0.9173300266265869,
      -0.33892613649368286,
      0.20888908207416534,
      0.18947194516658783,
      0.8330998420715332,
      0.5196584463119507,
      -0.35015130043029785,
      -0.437119722366333,
      0.8284444808959961
    ]
  ],
  "root_rot": [
    -0.12834499776363373,
    0.037235625088214874,
    -0.9910303354263306,
    0.13065053522586823,
    -0.9899504780769348,
    -0.054115165024995804,
    -0.9830859899520874,
    -0.13642404973506927,
    0.12219033390283585
  ],
  "root_trans": [
    0.5052325129508972,
    0.47120338678359985,
    2.6718082427978516
  ]
}