{
  "betas": [
    -0.38440072536468506,
    0.7322729825973511,
    1.0160776376724243,
    0.09293481707572937,
    0.3375563323497772,
    0.11319244652986526,
    0.09287324547767639,
    0.6036161184310913,
    -0.11787369847297668,
    0.6349625587463379
  ],
  "joints": [
    [
      0.9890339970588684,
      -0.1123092845082283,
      -0.09590713679790497,
      0.12370780855417252,
      0.9847155809402466,
      0.12260346114635468,
      0.08067174255847931,
      -0.1331234872341156,
      0.9878107309341431
    ],
    [
      0.9474467635154724,
      0.3178976774215698,
      0.035856179893016815,
      -0.2573689818382263,
      0.690842866897583,
      0.6756458878517151,
      0.1900152713060379,
      -0.6493667960166931,
      0.7363538146018982
    ],
    [
      0.99815434217453,
      -0.030757669359445572,
      0.052364375442266464,
      0.04140935838222504,
      0.9754290580749512,
      -0.2163873016834259,
      -0.04442216083407402,
      0.21815626323223114,
      0.9749023914337158
    ],
    [
      0.9931854009628296,
      0.058671239763498306,
      -0.10069897025823593,
      -0.1028558686375618,
      0.8475601077079773,
      -0.5206364989280701,
      0.054802056401968,
      0.5274461507797241,
      0.8478190302848816
    ],
    [
      0.9502094388008118,
      -0.13314245641231537,
      0.2817358076572418,
      0.2155466228723526,
      -0.3720981776714325,
      -0.9028192162513733,
      0.22503697872161865,
      0.9185945391654968,
      -0.32487279176712036
    ],
    [
      0.9889051914215088,
      -0.11538288742303848,
      -0.09355951100587845,
      0.12233035266399384,
      0.9898552894592285,
      0.07226162403821945,
      0.08427263051271439,
      -0.08290506154298782,
      0.992987871170044
    ],
    [
      0.9797527194023132,
      -0.16220656037330627,
      0.11736103147268295,
      0.1398506909608841,
      0.9739341139793396,
      0.1785891354084015,
      -0.14327025413513184,
      -0.15856017172336578,
      0.976899266242981
    ],
    [
      0.8578708171844482,
      -0.5021838545799255,
      0.10894527286291122,
      0.4895687997341156,
      0.7343081831932068,
      -0.4702274799346924,
      0.1561412215232849,
      0.45673060417175293,
      0.8757951259613037
    ],
    [
      0.9953975677490234,
      -0.059829775243997574,
      0.07486031949520111,
      0.06392306089401245,
      0.9965180158615112,
      -0.05353182926774025,
      -0.07139686495065689,
      0.05807075649499893,
      0.9957560896873474
    ],
    [
      0.9524593353271484,
      -0.023926785215735435,
      0.3037245571613312,
      -0.16564983129501343,
      0.7960106134414673,
      0.5821744799613953,
      -0.2556975483894348,
      -0.6048095226287842,
      0.754204273223877
    ],
    [
      0.7302166223526001,
      0.43106257915496826,
      0.5300647616386414,
      -0.5886228084564209,
      0.7908046245574951,
      0.16778305172920227,
      -0.34685268998146057,
      -0.4345262050628662,
      0.8311919569969177
    ],
    [
      0.9659910202026367,
      -0.06748838722705841,
      -0.24961304664611816,
      -0.0018707035342231393,
      0.9634893536567688,
      -0.2677401304244995,
      0.2585688531398773,
      0.2591015100479126,
      0.9305958151817322
    ],
    [
      0.8767984509468079,
      -0.2242564857006073,
      -0.425362765789032,
      0.37564966082572937,
      0.8716690540313721,
      0.3147704303264618,
      0.30018624663352966,
      -0.43577760457992554,
      0.8485199213027954
    ],
    [
      0.9266809225082397,
      -0.1045730859041214,
      0.36100834608078003,
      0.03852600231766701,
      0.9818834066390991,
      0.18552832305431366,
      -0.3738693594932556,
      -0.1580173373222351,
      0.9139214158058167
    ],
    [
      0.9658635854721069,
      -0.18349416553974152,
      -0.18285886943340302,
      0.1992236077785492,
      0.9773370623588562,
      0.07157006114721298,
      0.16558204591274261,
      -0.10555673390626907,
      0.9805306792259216
    ],
    [
      0.9032753705978394,
      0.08625292032957077,
      -0.42030245065689087,
      -0.03390183299779892,
      0.9908706545829773,
      0.13048432767391205,
      0.42771995067596436,
      -0.10361427813768387,
      0.8979532122612
    ],
    [
      0.9151861071586609,
      -0.16233783960342407,
      0.3688911497592926,
      0.09305040538311005,
      0.975671112537384,
      0.19851341843605042,
      -0.392142653465271,
      -0.14735126495361328,
      0.9080262780189514
    ],
    [
      0.4778255820274353,
      -0.09063158929347992,
      -0.8737668991088867,
      0.30830493569374084,
      0.9486941695213318,
      0.070195272564888,
      0.8225757479667664,
      -0.30292773246765137,
      0.481252521276474
    ],
    [
      0.8169751763343811,
      0.2134813368320465,
      0.5357025265693665,
      -0.24415333569049835,
      0.9696347117424011,
      -0.01405948493629694,
      -0.5224372148513794,
      -0.11930730938911438,
      0.8442896604537964
    ],
    [
      0.9742352962493896,
      0.050006523728370667,
      0.21992023289203644,
      0.14043118059635162,
      0.6285125017166138,
      -0.7650169730186462,
      -0.17647846043109894,
      0.7761902213096619,
      0.6052966117858887
    ],
    [
      0.9816778898239136,
      -0.0448366142809391,
      -0.1851976215839386,
      -0.10981305688619614,
      0.661169171333313,
      -0.7421566843986511,
      0.1557227224111557,
      0.7488959431648254,
      0.6441314816474915
    ],
    [
      0.9412495493888855,
      0.13327839970588684,
      -0.3103001117706299,
      -0.062437888234853745,
      0.9716688990592957,
      0.22794973850250244,
      0.3318897485733032,
      -0.19518309831619263,
      0.9229045510292053
    ],
    [
      0.9787711501121521,
      -0.07999445497989655,
      0.18870055675506592,
      0.04339677467942238,
      0.9806992411613464,
      0.19064590334892273,
      -0.20030908286571503,
      -0.17840971052646637,
      0.9633516073226929
    ]
  ],
  "root_rot": [
    -0.5747753381729126,
    -0.3384176790714264,
    0.7450548410415649,
    0.13533775508403778,
    -0.937252938747406,
    -0.32131075859069824,
    0.8070420622825623,
    -0.08384748548269272,
    0.5845105648040771
  ],
  "root_trans": [
    -0.18645146489143372,
    0.5164910554885864,
    2.6742587089538574
  ]
}