{
  "betas": [
    -0.3999282717704773,
    1.5707796812057495,
    1.3366423845291138,
    -0.21502557396888733,
    -0.10002785921096802,
    0.059154726564884186,
    0.10749055445194244,
    0.24632401764392853,
    0.05002796649932861,
    0.17054186761379242
  ],
  "joints": [
    [
      0.8570069074630737,
      -0.5000309348106384,
      -0.12453196942806244,
      0.49148881435394287,
      0.7205496430397034,
      0.4891287684440613,
      -0.15484806895256042,
      -0.48039281368255615,
      0.8632756471633911
    ],
    [
      0.893164336681366,
      0.4234382212162018,
      -0.15151751041412354,
      -0.3743462562561035,
      0.8867039084434509,
      0.27133211493492126,
      0.24924352765083313,
      -0.1856241673231125,
      0.9504848122596741
    ],
    [
      0.9874155521392822,
      0.06867413222789764,
      0.14245805144309998,
      -0.023171868175268173,
      0.9538991451263428,
      -0.2992314100265503,
      -0.15644007921218872,
      0.29216477274894714,
      0.9434861540794373
    ],
    [
      0.9803239703178406,
      0.19112607836723328,
      -0.04935393109917641,
      -0.18354524672031403,
      0.7905848622322083,
      -0.5841975212097168,
      -0.07263688743114471,
      0.5817614793777466,
      0.810109555721283
    ],
    [
      0.9994953274726868,
      -0.031643886119127274,
      0.002794260624796152,
      0.027092592790722847,
      0.8031895756721497,
      -0.5951070785522461,
      0.01658717542886734,
      0.5948824286460876,
      0.8036415576934814
    ],
    [
      0.9923157691955566,
      -0.06268101185560226,
      -0.10667885094881058,
      0.06980832666158676,
      0.9954769015312195,
      0.064440056681633,
      0.10215716809034348,
      -0.07139196246862411,
      0.9922030568122864
    ],
    [
      0.9999823570251465,
      -0.005307069513946772,
      -0.002675033640116453,
      0.0054106577299535275,
      0.9991716742515564,
      0.04033179208636284,
      0.0024587742518633604,
      -0.04034555330872536,
      0.9991827607154846
    ],
    [
      0.8099637031555176,
      -0.3130320608615875,
      -0.49595338106155396,
      0.45698118209838867,
      0.8668936491012573,
      0.19915714859962463,
      0.36759626865386963,
      -0.38795140385627747,
      0.8452021479606628
    ],
    [
      0.9957685470581055,
      -0.02923518978059292,
      0.08712232112884521,
      0.03206096217036247,
      0.9989984035491943,
      -0.03121347352862358,
      -0.086122527718544,
      0.033874619752168655,
      0.9957085251808167
    ],
    [
      0.9378855228424072,
      -0.017969783395528793,
      0.34647923707962036,
      -0.18731530010700226,
      0.8143730759620667,
      0.5492808818817139,
      -0.2920338213443756,
      -0.5800634622573853,
      0.7604227066040039
    ],
    [
      0.7339209914207458,
      0.47169530391693115,
      0.48873665928840637,
      -0.5135074853897095,
      0.8562997579574585,
      -0.05532364547252655,
      -0.44460102915763855,
      -0.21036674082279205,
      0.8706754446029663
    ],
    [
      0.9790650010108948,
      0.172279953956604,
      0.10840385407209396,
      -0.17388319969177246,
      0.9847512245178223,
      0.00544294249266386,
      -0.10581312328577042,
      -0.024178601801395416,
      0.9940920472145081
    ],
    [
      0.6903551816940308,
      0.03567681461572647,
      -0.7225902676582336,
      0.30328506231307983,
      0.8925139307975769,
      0.3338218331336975,
      0.6568316221237183,
      -0.4496065080165863,
      0.6053313612937927
    ],
    [
      0.7614290118217468,
      -0.31471139192581177,
      0.5667297840118408,
      0.2624262571334839,
      0.9490542411804199,
      0.1744379699230194,
      -0.5927548408508301,
      0.01590264029800892,
      0.8052259683609009
    ],
    [
      0.9547305703163147,
      -0.2372588813304901,
      0.17943711578845978,
      0.23283635079860687,
      0.9714447855949402,
      0.04563124477863312,
      -0.18513968586921692,
      -0.0017860624939203262,
      0.9827105402946472
    ],
    [
      0.15688981115818024,
      0.6828104257583618,
      -0.7135512828826904,
      -0.5739012956619263,
      0.651025116443634,
      0.49679329991340637,
      0.803755521774292,
      0.33156618475914,
      0.4940049946308136
    ],
    [
      0.4193718135356903,
      -0.6693227291107178,
      0.6132978200912476,
      0.7328905463218689,
      0.6482934355735779,
      0.20636610686779022,
      -0.535722553730011,
      0.3629360795021057,
      0.7624163031578064
    ],
    [
      -0.42690062522888184,
      -0.3660122752189636,
      -0.8269163966178894,
      0.13383977115154266,
      0.8787846565246582,
      -0.4580658972263336,
      0.8943392038345337,
      -0.30622294545173645,
      -0.32616671919822693
    ],
    [
      0.8639044761657715,
      0.044557563960552216,
      0.5016809105873108,
      0.12383904308080673,
      0.9467073678970337,
      -0.2973365783691406,
      -0.4881936013698578,
      0.3189980685710907,
      0.8123467564582825
    ],
    [
      0.934166669845581,
      -0.243871808052063,
      0.2604979872703552,
      0.31438496708869934,
      0.9078211784362793,
      -0.27752986550331116,
      -0.168803870677948,
      0.3411557972431183,
      0.9247259497642517
    ],
    [
      0.9031943082809448,
      0.26193371415138245,
      -0.3400452435016632,
      -0.38177773356437683,
      0.8523078560829163,
      -0.3575151860713959,
      0.19617797434329987,
      0.45272737741470337,
      0.8698000907897949
    ],
    [
      0.924433708190918,
      0.2897948920726776,
      -0.24787360429763794,
      -0.20674246549606323,
      0.9270471334457397,
      0.3127957880496979,
      0.32043710350990295,
      -0.23791293799877167,
      0.9169065356254578
    ],
    [
      0.8900405168533325,
      -0.3151097297668457,
      0.32944464683532715,
      0.1625380963087082,
      0.8945050835609436,
      0.4164638817310333,
      -0.4259217083454132,
      -0.3171224296092987,
      0.8473631143569946
    ]
  ],
  "root_rot": [
    0.27629658579826355,
    -0.013528062961995602,
    0.9609772562980652,
    -0.10128673911094666,
    -0.9947424530982971,
    0.015118197537958622,
    0.9557202458381653,
    -0.10151135921478271,
    -0.2762141525745392
  ],
  "root_trans": [
    -0.3011077642440796,
    0.6173129677772522,
    2.586052417755127
  ]
}