{
  "betas": [
    -0.7261324524879456,
    1.147251844406128,
    1.754224181175232,
    -0.08987689018249512,
    0.30112749338150024,
    0.010622169822454453,
    0.3688458502292633,
    0.4361986815929413,
    -0.29645368456840515,
    0.8400879502296448
  ],
  "joints": [
    [
      0.9691693186759949,
      -0.16728948056697845,
      -0.1809007078409195,
      0.15985450148582458,
      0.9856054186820984,
      -0.05503213033080101,
      0.18750301003456116,
      0.024417662993073463,
      0.9819605350494385
    ],
    [
      0.9531794190406799,
      0.2704145908355713,
      0.13537000119686127,
      -0.2931153178215027,
      0.7160553336143494,
      0.6335205435752869,
      0.0743807852268219,
      -0.643537700176239,
      0.7617918848991394
    ],
    [
      0.9993581771850586,
      0.003937885165214539,
      0.03560619428753853,
      0.0032868545968085527,
      0.9796679019927979,
      -0.2005988508462906,
      -0.03567218407988548,
      0.20058712363243103,
      0.979026198387146
    ],
    [
      0.9890373349189758,
      -0.06049549579620361,
      -0.13470523059368134,
      -0.016789641231298447,
      0.8602444529533386,
      -0.5096052885055542,
      0.14670826494693756,
      0.5062803030014038,
      0.8497982025146484
    ],
    [
      0.9982796907424927,
      -0.03397642448544502,
      0.04778371751308441,
      0.057974833995103836,
      0.4503559470176697,
      -0.8909648656845093,
      0.00875211600214243,
      0.8922023773193359,
      0.4515509605407715
    ],
    [
      0.9968093633651733,
      -0.04759180173277855,
      -0.06407778710126877,
      0.05035834759473801,
      0.9978361129760742,
      0.042274110019207,
      0.061927225440740585,
      -0.045366086065769196,
      0.9970490336418152
    ],
    [
      0.9999844431877136,
      0.00397802097722888,
      -0.0039094663225114346,
      -0.002911253133788705,
      0.9701464176177979,
      0.2425023913383484,
      0.004757434129714966,
      -0.24248723685741425,
      0.9701429009437561
    ],
    [
      0.9178102016448975,
      -0.3878839313983917,
      0.08467812091112137,
      0.3969290852546692,
      0.891940712928772,
      -0.21653851866722107,
      0.008463949896395206,
      0.23235249519348145,
      0.972594678401947
    ],
    [
      0.9944491982460022,
      -0.001946358592249453,
      0.10519997775554657,
      0.005688055884093046,
      0.9993613362312317,
      -0.03527916222810745,
      -0.10506411641836166,
      0.03568171709775925,
      0.9938251376152039
    ],
    [
      0.971645712852478,
      -0.060370221734046936,
      0.2286047786474228,
      -0.08642326295375824,
      0.8092727065086365,
      0.5810410976409912,
      -0.2200811803340912,
      -0.5843228101730347,
      0.7811089754104614
    ],
    [
      0.914659321308136,
      0.38354721665382385,
      0.12763169407844543,
      -0.379188597202301,
      0.9235103726387024,
      -0.05783356353640556,
      -0.14005108177661896,
      0.004501522518694401,
      0.9901341199874878
    ],
    [
      0.9924932718276978,
      0.07054883241653442,
      -0.09989965707063675,
      -0.07012733072042465,
      0.9975081086158752,
      0.0077290828339755535,
      0.1001959964632988,
      -0.0006653670570813119,
      0.9949674606323242
    ],
    [
      0.6652544140815735,
      0.030265389010310173,
      -0.7460029721260071,
      0.3547082841396332,
      0.8664035201072693,
      0.3514641225337982,
      0.6569767594337463,
      -0.49842655658721924,
      0.5656433701515198
    ],
    [
      0.6336169242858887,
      -0.29494595527648926,
      0.7152177691459656,
      0.023163707926869392,
      0.931293785572052,
      0.36353176832199097,
      -0.773300051689148,
      -0.21377278864383698,
      0.5969155430793762
    ],
    [
      0.9816723465919495,
      -0.07480039447546005,
      -0.1752834916114807,
      0.09560703486204147,
      0.9889354705810547,
      0.11342775076627731,
      0.16485963761806488,
      -0.1281072199344635,
      0.977962076663971
    ],
    [
      0.4613879323005676,
      0.5572981238365173,
      -0.6903187036514282,
      -0.38654354214668274,
      0.826627790927887,
      0.40898722410202026,
      0.7985644340515137,
      0.07813651859760284,
      0.5968160629272461
    ],
    [
      0.38215577602386475,
      -0.6998668909072876,
      0.6034428477287292,
      0.7169744968414307,
      0.6365377902984619,
      0.28419554233551025,
      -0.5830132365226746,
      0.32404619455337524,
      0.7450432777404785
    ],
    [
      0.16789992153644562,
      -0.2696956694126129,
      -0.9481949806213379,
      0.5251589417457581,
      0.8384741544723511,
      -0.14549612998962402,
      0.8342767357826233,
      -0.4735243320465088,
      0.2824128270149231
    ],
    [
      0.41184017062187195,
      0.2602745294570923,
      0.8732954859733582,
      0.1274937242269516,
      0.932458758354187,
      -0.338032603263855,
      -0.9022932648658752,
      0.2505550682544708,
      0.35084059834480286
    ],
    [
      0.9045602679252625,
      -0.26209211349487305,
      0.33627164363861084,
      0.39479517936706543,
      0.8126885890960693,
      -0.4285720884799957,
      -0.16095876693725586,
      0.5204275846481323,
      0.8385984897613525
    ],
    [
      0.9333125948905945,
      0.31228527426719666,
      -0.17721563577651978,
      -0.353005588054657,
      0.888308584690094,
      -0.2937600314617157,
      0.0656852200627327,
      0.3367280662059784,
      0.9393080472946167
    ],
    [
      0.9974156022071838,
      0.018191225826740265,
      -0.06950698047876358,
      -0.01440976932644844,
      0.9984085559844971,
      0.05452325567603111,
      0.07038820534944534,
      -0.05338076502084732,
      0.9960904121398926
    ],
    [
      0.9911640286445618,
      0.02904195711016655,
      0.12942297756671906,
      -0.024741481989622116,
      0.9990910291671753,
      -0.034713197499513626,
      -0.1303134709596634,
      0.031204359605908394,
      0.9909816384315491
    ]
  ],
  "root_rot": [
    -0.9663353562355042,
    -0.2330365926027298,
    0.10904061794281006,
    0.19779856503009796,
    -0.943917989730835,
    -0.26437559723854065,
    0.16453459858894348,
    -0.23390743136405945,
    0.9582356214523315
  ],
  "root_trans": [
    0.0511130690574646,
    0.4871380031108856,
    2.7231109142303467
  ]
}