{
  "betas": [
    -0.660355269908905,
    1.119042992591858,
    0.6931933164596558,
    -0.9587174654006958,
    0.08808073401451111,
    0.2472691535949707,
    0.5129119157791138,
    0.40999728441238403,
    -0.6795681715011597,
    0.46473726630210876
  ],
  "joints": [
    [
      0.7715975642204285,
      -0.5983453989028931,
      0.215916708111763,
      0.615473210811615,
      0.7880003452301025,
      -0.01575247198343277,
      -0.16071702539920807,
      0.14504551887512207,
      0.9762847423553467
    ],
    [
      0.4408363997936249,
      0.7618085145950317,
      0.4746694266796112,
      -0.534225583076477,
      -0.20227567851543427,
      0.8207846879959106,
      0.7212948203086853,
      -0.6154123544692993,
      0.3178071081638336
    ],
    [
      0.9783152937889099,
      -0.20707866549491882,
      0.004193256609141827,
      0.18155208230018616,
      0.8476226925849915,
      -0.4985726475715637,
      0.09968943893909454,
      0.48852255940437317,
      0.8668377995491028
    ],
    [
      0.993915855884552,
      0.005796824116259813,
      -0.10998916625976562,
      -0.059924013912677765,
      0.8663419485092163,
      -0.4958435595035553,
      0.09241390973329544,
      0.499417781829834,
      0.8614183664321899
    ],
    [
      0.9900636672973633,
      -0.138705775141716,
      -0.023121310397982597,
      0.12107660621404648,
      0.9244851469993591,
      -0.3614797592163086,
      0.07151464372873306,
      0.3550885319709778,
      0.9320932030677795
    ],
    [
      0.9745253324508667,
      -0.20967616140842438,
      -0.0796000063419342,
      0.20399804413318634,
      0.9761799573898315,
      -0.07387451082468033,
      0.0931936651468277,
      0.055754344910383224,
      0.9940856099128723
    ],
    [
      0.9565059542655945,
      0.009201095439493656,
      0.29156753420829773,
      -0.0971231609582901,
      0.9525231719017029,
      0.2885596752166748,
      -0.2750697731971741,
      -0.30432701110839844,
      0.9119877219200134
    ],
    [
      0.8240368366241455,
      -0.5039005875587463,
      -0.25893527269363403,
      0.2787971794605255,
      0.7585594654083252,
      -0.5889480113983154,
      0.4931890368461609,
      0.4131244421005249,
      0.7655670046806335
    ],
    [
      0.9817478656768799,
      -0.18262962996959686,
      0.053081270307302475,
      0.18087166547775269,
      0.9828379154205322,
      0.03626454249024391,
      -0.058793261647224426,
      -0.026001736521720886,
      0.9979315400123596
    ],
    [
      0.9775883555412292,
      -0.0737128034234047,
      0.19719883799552917,
      -0.0616595633327961,
      0.795370876789093,
      0.6029785871505737,
      -0.2012934684753418,
      -0.601624071598053,
      0.773000180721283
    ],
    [
      0.8713818192481995,
      0.4655410051345825,
      0.15480691194534302,
      -0.44496259093284607,
      0.8828455209732056,
      -0.15030640363693237,
      -0.20664440095424652,
      0.062091000378131866,
      0.976443886756897
    ],
    [
      0.9417422413825989,
      -0.14148613810539246,
      -0.3051280379295349,
      -0.0014738872414454818,
      0.9054690003395081,
      -0.42440980672836304,
      0.3363320827484131,
      0.400134414434433,
      0.8525098562240601
    ],
    [
      0.7569222450256348,
      -0.2469647377729416,
      -0.6050430536270142,
      0.5216851234436035,
      0.7859609723091125,
      0.3318283259868622,
      0.3935903012752533,
      -0.5668101906776428,
      0.7237491607666016
    ],
    [
      0.901164710521698,
      -0.011637629941105843,
      0.4333205223083496,
      -0.06939082592725754,
      0.9828752875328064,
      0.170707106590271,
      -0.4278867244720459,
      -0.18390370905399323,
      0.8849250078201294
    ],
    [
      0.9591823220252991,
      -0.05398717522621155,
      -0.2775872051715851,
      0.12771159410476685,
      0.9585014581680298,
      0.2548817992210388,
      0.25230738520622253,
      -0.2799292206764221,
      0.926272451877594
    ],
    [
      0.8376149535179138,
      0.00089276023209095,
      -0.5462602972984314,
      0.07732214778661728,
      0.9897363781929016,
      0.12018020451068878,
      0.54076087474823,
      -0.1429027020931244,
      0.828948974609375
    ],
    [
      0.9515277743339539,
      0.1415385603904724,
      0.2730598747730255,
      -0.22056053578853607,
      0.9327808618545532,
      0.28508394956588745,
      -0.21435466408729553,
      -0.33149152994155884,
      0.9187847375869751
    ],
    [
      0.016210472211241722,
      -0.2507396638393402,
      -0.967918872833252,
      0.2325427085161209,
      0.9424465894699097,
      -0.2402465045452118,
      0.9724510908126831,
      -0.22118794918060303,
      0.07358518242835999
    ],
    [
      0.8654851913452148,
      0.14584355056285858,
      0.4792337119579315,
      -0.3450387120246887,
      0.8671165108680725,
      0.35924550890922546,
      -0.3631577789783478,
      -0.47627586126327515,
      0.8007981777191162
    ],
    [
      0.9433874487876892,
      -0.25157052278518677,
      0.21617691218852997,
      0.3237670063972473,
      0.8400329351425171,
      -0.4353386163711548,
      -0.07207731902599335,
      0.4806838929653168,
      0.8739267587661743
    ],
    [
      0.9479016065597534,
      0.1865593045949936,
      -0.2582211196422577,
      -0.31156599521636963,
      0.711880624294281,
      -0.6294065117835999,
      0.06640104949474335,
      0.6770684123039246,
      0.7329183220863342
    ],
    [
      0.9176130890846252,
      0.21274937689304352,
      -0.33574363589286804,
      -0.1648954153060913,
      0.9723330140113831,
      0.16546273231506348,
      0.3616567552089691,
      -0.09646820276975632,
      0.9273068904876709
    ],
    [
      0.9730527997016907,
      -0.09814193844795227,
      0.20865362882614136,
      0.09544292837381363,
      0.9951694011688232,
      0.022989576682448387,
      -0.20990194380283356,
      -0.0024555628187954426,
      0.9777193069458008
    ]
  ],
  "root_rot": [
    0.6157480478286743,
    0.7101670503616333,
    -0.3413461148738861,
    0.6378084421157837,
    -0.7035961151123047,
    -0.3132935166358948,
    -0.4626605808734894,
    -0.024803603067994118,
    -0.8861884474754333
  ],
  "root_trans": [
    0.14477741718292236,
    0.4472736418247223,
    2.450552225112915
  ]
}