{
  "betas": [
    -0.6379691958427429,
    0.8860272169113159,
    1.4008753299713135,
    0.21974653005599976,
    0.005675464868545532,
    -0.2682727575302124,
    0.21408891677856445,
    0.7353373765945435,
    0.24915620684623718,
    1.3894920349121094
  ],
  "joints": [
    [
      0.9365788102149963,
      -0.3457266688346863,
      -0.05738605186343193,
      0.3390669524669647,
      0.8525018095970154,
      0.3978368639945984,
      -0.0886211097240448,
      -0.39206328988075256,
      0.9156596064567566
    ],
    [
      0.9473240971565247,
      0.2298930138349533,
      -0.22299370169639587,
      -0.22693988680839539,
      0.9731219410896301,
      0.039141349494457245,
      0.22599837183952332,
      0.013526623137295246,
      0.974033772945404
    ],
    [
      0.9918139576911926,
      0.02244354970753193,
      0.1257031261920929,
      -0.001451814197935164,
      0.9863506555557251,
      -0.16465207934379578,
      -0.12768273055553436,
      0.16312174499034882,
      0.978308916091919
    ],
    [
      0.9956592321395874,
      0.08568193763494492,
      0.03635087236762047,
      -0.05843846872448921,
      0.8794735670089722,
      -0.4723465144634247,
      -0.07244119048118591,
      0.4681718349456787,
      0.8806630969047546
    ],
    [
      0.9992765188217163,
      -0.03161981701850891,
      -0.021131502464413643,
      0.01932830922305584,
      0.9007750749588013,
      -0.4338555335998535,
      0.03275316581130028,
      0.43313324451446533,
      0.900734543800354
    ],
    [
      0.9962485432624817,
      0.06213235482573509,
      -0.06023513898253441,
      -0.060542985796928406,
      0.9977766275405884,
      0.02786298654973507,
      0.06183240935206413,
      -0.02411164715886116,
      0.9977951645851135
    ],
    [
      0.9994819164276123,
      0.005078259855508804,
      -0.03178241476416588,
      -0.0066329739056527615,
      0.9987764954566956,
      -0.04900475591421127,
      0.03149467334151268,
      0.049190178513526917,
      0.9982927441596985
    ],
    [
      0.9264654517173767,
      -0.18441082537174225,
      -0.3281073272228241,
      0.2501203715801239,
      0.9530681371688843,
      0.170589879155159,
      0.2812500298023224,
      -0.24011194705963135,
      0.9291096329689026
    ],
    [
      0.9960053563117981,
      0.042564406991004944,
      0.078495092689991,
      -0.04125869274139404,
      0.9989830255508423,
      -0.01818256452679634,
      -0.07918919622898102,
      0.014871328137814999,
      0.9967485666275024
    ],
    [
      0.9351227283477783,
      -0.30414819717407227,
      0.18176749348640442,
      0.1260225772857666,
      0.7649502754211426,
      0.6316402554512024,
      -0.33115532994270325,
      -0.567754328250885,
      0.7536519169807434
    ],
    [
      0.9200502634048462,
      0.32508206367492676,
      0.21869871020317078,
      -0.292622447013855,
      0.941322922706604,
      -0.16817593574523926,
      -0.26053711771965027,
      0.09073415398597717,
      0.9611907005310059
    ],
    [
      0.9773035645484924,
      0.15339308977127075,
      0.1461108773946762,
      -0.14705196022987366,
      0.9876906871795654,
      -0.05331920087337494,
      -0.15249112248420715,
      0.03062315285205841,
      0.987830400466919
    ],
    [
      0.968957245349884,
      0.24639679491519928,
      0.020259227603673935,
      -0.24705420434474945,
      0.9619439840316772,
      0.11673939228057861,
      0.009275971911847591,
      -0.11812061071395874,
      0.9929559826850891
    ],
    [
      0.9950772523880005,
      -0.062116507440805435,
      0.0772186666727066,
      0.0630413070321083,
      0.9979648590087891,
      -0.00959484837949276,
      -0.07646550983190536,
      0.01441558264195919,
      0.9969680309295654
    ],
    [
      0.9023904204368591,
      -0.047071050852537155,
      0.4283407926559448,
      0.01954667456448078,
      0.9974641799926758,
      0.0684337243437767,
      -0.4304758310317993,
      -0.0533813014626503,
      0.90102219581604
    ],
    [
      0.6409820914268494,
      0.6133586764335632,
      -0.46144670248031616,
      -0.7352797389030457,
      0.6631773710250854,
      -0.13985498249530792,
      0.22023974359035492,
      0.42893701791763306,
      0.876075029373169
    ],
    [
      0.6524415612220764,
      -0.7139289379119873,
      0.25421571731567383,
      0.7178069949150085,
      0.6897535920143127,
      0.09483224153518677,
      -0.24304963648319244,
      0.12060532718896866,
      0.9624871015548706
    ],
    [
      0.19277559220790863,
      -0.20340155065059662,
      -0.959929883480072,
      -0.07854100316762924,
      0.9719421863555908,
      -0.2217196822166443,
      0.9780945181846619,
      0.1181359812617302,
      0.17139136791229248
    ],
    [
      -0.193014457821846,
      0.27017125487327576,
      0.9432671666145325,
      0.13215865194797516,
      0.959742546081543,
      -0.24784740805625916,
      -0.9722548723220825,
      0.07682279497385025,
      -0.22094964981079102
    ],
    [
      0.9752753973007202,
      -0.1598464548587799,
      -0.15260058641433716,
      0.12958087027072906,
      0.9729921817779541,
      -0.1910366266965866,
      0.17901571094989777,
      0.16653922200202942,
      0.9696483612060547
    ],
    [
      0.8294719457626343,
      0.19319070875644684,
      0.5240739583969116,
      -0.07846475392580032,
      0.9692776203155518,
      -0.23311808705329895,
      -0.5530095100402832,
      0.15224358439445496,
      0.8191472291946411
    ],
    [
      0.940007746219635,
      0.282341867685318,
      -0.19149023294448853,
      -0.19474342465400696,
      0.9049543142318726,
      0.37832868099212646,
      0.2801080048084259,
      -0.3183404207229614,
      0.9056482911109924
    ],
    [
      0.6733338832855225,
      -0.5721853375434875,
      0.46821513772010803,
      0.33737242221832275,
      0.8012999296188354,
      0.49406298995018005,
      -0.6578763723373413,
      -0.17470647394657135,
      0.7325819730758667
    ]
  ],
  "root_rot": [
    -0.5810537934303284,
    0.007781530264765024,
    -0.8138279318809509,
    0.11698642373085022,
    -0.9887714385986328,
    -0.0929798036813736,
    -0.8054133057594299,
    -0.14923310279846191,
    0.5736190676689148
  ],
  "root_trans": [
    0.3368123173713684,
    0.49010756611824036,
    2.8251266479492188
  ]
}