{
  "betas": [
    -0.8557527661323547,
    0.9868768453598022,
    1.3968608379364014,
    0.4315038323402405,
    0.41740381717681885,
    -0.3639543354511261,
    -0.05406257510185242,
    0.5746222734451294,
    -0.10622534155845642,
    0.8144958019256592
  ],
  "joints": [
    [
      0.9751567244529724,
      -0.21622684597969055,
      -0.048116911202669144,
      0.21540042757987976,
      0.8749071359634399,
      0.43375125527381897,
      -0.05169084668159485,
      -0.4333398938179016,
      0.8997469544410706
    ],
    [
      0.9557971358299255,
      0.2527991235256195,
      -0.15014854073524475,
      -0.23545381426811218,
      0.9639290571212769,
      0.12410607933998108,
      0.17610643804073334,
      -0.08326717466115952,
      0.9808431267738342
    ],
    [
      0.9961932897567749,
      -0.06102539598941803,
      0.06224674731492996,
      0.06935417652130127,
      0.9874540567398071,
      -0.14186082780361176,
      -0.05280868709087372,
      0.1456378996372223,
      0.9879274964332581
    ],
    [
      0.9977028965950012,
      0.055551886558532715,
      0.03876862674951553,
      -0.04570716992020607,
      0.9744282364845276,
      -0.22000114619731903,
      -0.04999871924519539,
      0.2177237570285797,
      0.9747290015220642
    ],
    [
      0.9979905486106873,
      -0.02823411487042904,
      0.05672471225261688,
      0.048956889659166336,
      0.9119250774383545,
      -0.4074259102344513,
      -0.040225379168987274,
      0.40938428044319153,
      0.911474883556366
    ],
    [
      0.9852761626243591,
      0.09155338257551193,
      -0.1443912833929062,
      -0.08973018079996109,
      0.9957829713821411,
      0.01910286769270897,
      0.1455312818288803,
      -0.005865348037332296,
      0.9893363118171692
    ],
    [
      0.9931737780570984,
      0.11516035348176956,
      0.018543081358075142,
      -0.10379316657781601,
      0.9450556635856628,
      -0.30999475717544556,
      -0.053223345428705215,
      0.30595406889915466,
      0.9505573511123657
    ],
    [
      0.9361909031867981,
      -0.1875160187482834,
      -0.2972950041294098,
      0.23409609496593475,
      0.9635609984397888,
      0.12941871583461761,
      0.26219379901885986,
      -0.19075623154640198,
      0.945973813533783
    ],
    [
      0.9923291206359863,
      0.11091213673353195,
      0.05460185557603836,
      -0.1061348021030426,
      0.990818202495575,
      -0.08375363051891327,
      -0.06338980793952942,
      0.07731601595878601,
      0.9949893951416016
    ],
    [
      0.9688620567321777,
      -0.1910136193037033,
      0.15754368901252747,
      0.09314504265785217,
      0.8707190752029419,
      0.4828791320323944,
      -0.22941282391548157,
      -0.4531688988208771,
      0.8613986372947693
    ],
    [
      0.9213846921920776,
      0.25966280698776245,
      0.28918060660362244,
      -0.3118151128292084,
      0.9380320310592651,
      0.15121924877166748,
      -0.2319946587085724,
      -0.22950200736522675,
      0.9452551603317261
    ],
    [
      0.9454696774482727,
      0.23874640464782715,
      0.22155654430389404,
      -0.2004624307155609,
      0.9626660943031311,
      -0.18190345168113708,
      -0.25671374797821045,
      0.12757042050361633,
      0.9580312967300415
    ],
    [
      0.9494642615318298,
      0.2921115756034851,
      -0.11484085023403168,
      -0.27475517988204956,
      0.9503884315490723,
      0.1458474099636078,
      0.15174712240695953,
      -0.10692378878593445,
      0.9826189875602722
    ],
    [
      0.9957998991012573,
      0.08821634203195572,
      0.02450595609843731,
      -0.09141836315393448,
      0.9727334380149841,
      0.21314872801303864,
      -0.005034563597291708,
      -0.2144937515258789,
      0.9767124652862549
    ],
    [
      0.8621290326118469,
      -0.16151608526706696,
      0.48025622963905334,
      0.11055935174226761,
      0.9849593639373779,
      0.13278403878211975,
      -0.4944796562194824,
      -0.061380162835121155,
      0.8670191764831543
    ],
    [
      0.7797755002975464,
      0.5952209234237671,
      -0.19406752288341522,
      -0.6184161901473999,
      0.7806036472320557,
      -0.0906602218747139,
      0.09752696752548218,
      0.19070912897586823,
      0.9767898917198181
    ],
    [
      0.9885913729667664,
      -0.027683189138770103,
      0.14805682003498077,
      -0.031877849251031876,
      0.922244668006897,
      0.3852901756763458,
      -0.14721068739891052,
      -0.3856142461299896,
      0.910840630531311
    ],
    [
      0.9297413229942322,
      -0.07722700387239456,
      -0.3600236177444458,
      0.05797559395432472,
      0.9962653517723083,
      -0.0639854371547699,
      0.36362048983573914,
      0.03861731290817261,
      0.9307463765144348
    ],
    [
      -0.4545900821685791,
      -0.03396179899573326,
      0.8900530934333801,
      -0.5367656946182251,
      0.8078836798667908,
      -0.2433239072561264,
      -0.7107957005500793,
      -0.5883625745773315,
      -0.38548544049263
    ],
    [
      0.9454994797706604,
      -0.18622955679893494,
      0.26711276173591614,
      0.3141363263130188,
      0.7376335263252258,
      -0.5976747870445251,
      -0.08572662621736526,
      0.6490110158920288,
      0.7559335827827454
    ],
    [
      0.8445684313774109,
      0.5130648612976074,
      -0.15319456160068512,
      -0.5220822691917419,
      0.7255385518074036,
      -0.44835689663887024,
      -0.11888761073350906,
      0.4586482346057892,
      0.8806290626525879
    ],
    [
      0.9493984580039978,
      0.17430129647254944,
      -0.26126956939697266,
      -0.12518274784088135,
      0.9729429483413696,
      0.19419381022453308,
      0.288048654794693,
      -0.15166082978248596,
      0.9455300569534302
    ],
    [
      0.9402820467948914,
      -0.2904440760612488,
      0.17751604318618774,
      0.22322538495063782,
      0.9198372960090637,
      0.3225986957550049,
      -0.2569827139377594,
      -0.2637076675891876,
      0.9297409653663635
    ]
  ],
  "root_rot": [
    0.48355987668037415,
    -0.12034383416175842,
    0.8669989705085754,
    -0.1532098948955536,
    -0.986849308013916,
    -0.05152840167284012,
    0.8617984652519226,
    -0.10791575163602829,
    -0.4956386089324951
  ],
  "root_trans": [
    -0.3758549690246582,
    0.5759811997413635,
    2.3256959915161133
  ]
}