{
  "betas": [
    -0.6451559066772461,
    0.779890775680542,
    1.2123517990112305,
    0.49258917570114136,
    0.4153038263320923,
    -0.26698747277259827,
    -0.4137483239173889,
    0.48070335388183594,
    0.218647763133049,
    0.5101748704910278
  ],
  "joints": [
    [
      0.9150381088256836,
      -0.40083158016204834,
      -0.04515930637717247,
      0.39390790462493896,
      0.8638574481010437,
      0.3139854967594147,
      -0.08684410154819489,
      -0.3050972819328308,
      0.9483532309532166
    ],
    [
      0.9720064997673035,
      0.18480610847473145,
      -0.14508651196956635,
      -0.15970711410045624,
      0.9726056456565857,
      0.1689138263463974,
      0.17232827842235565,
      -0.1410139948129654,
      0.9748938679695129
    ],
    [
      0.9966162443161011,
      0.029967766255140305,
      0.07653816044330597,
      -0.017086327075958252,
      0.9863595962524414,
      -0.16371557116508484,
      -0.08040034025907516,
      0.1618538349866867,
      0.983534038066864
    ],
    [
      0.9955586194992065,
      0.09346604347229004,
      -0.011269944719970226,
      -0.09222032129764557,
      0.944142758846283,
      -0.316369891166687,
      -0.01892940141260624,
      0.3160041272640228,
      0.9485689401626587
    ],
    [
      0.998638391494751,
      -0.052153874188661575,
      -0.0011429211590439081,
      0.04765268415212631,
      0.9209266901016235,
      -0.3868115544319153,
      0.021226268261671066,
      0.3862304091453552,
      0.9221580028533936
    ],
    [
      0.9867069721221924,
      0.021201595664024353,
      -0.16112035512924194,
      -0.029287006705999374,
      0.9984190464019775,
      -0.047974102199077606,
      0.15984852612018585,
      0.05205511674284935,
      0.9857679605484009
    ],
    [
      0.9835100173950195,
      0.13590317964553833,
      0.11932450532913208,
      -0.11329909414052963,
      0.9772669672966003,
      -0.17919977009296417,
      -0.14096572995185852,
      0.16272541880607605,
      0.9765495657920837
    ],
    [
      0.948421835899353,
      -0.10259448736906052,
      -0.2999506890773773,
      0.15070080757141113,
      0.9783461689949036,
      0.14187335968017578,
      0.2789001762866974,
      -0.17975860834121704,
      0.9433459639549255
    ],
    [
      0.997870922088623,
      0.050577595829963684,
      0.04117725044488907,
      -0.05056006461381912,
      0.9987199306488037,
      -0.0014677471481263638,
      -0.04119877889752388,
      -0.000617302255704999,
      0.999150812625885
    ],
    [
      0.9811570048332214,
      -0.19017578661441803,
      0.03412148728966713,
      0.12641999125480652,
      0.7654368281364441,
      0.6309711933135986,
      -0.14611324667930603,
      -0.6147680282592773,
      0.7750557065010071
    ],
    [
      0.9063429236412048,
      0.18691343069076538,
      0.3789536952972412,
      -0.2368747442960739,
      0.9674213528633118,
      0.08936623483896255,
      -0.3499041497707367,
      -0.17076098918914795,
      0.9210905432701111
    ],
    [
      0.9380156993865967,
      0.2079135626554489,
      0.2773056626319885,
      -0.2203177660703659,
      0.9753278493881226,
      0.013983187265694141,
      -0.26755666732788086,
      -0.07421181350946426,
      0.9606798887252808
    ],
    [
      0.9561443328857422,
      0.18108071386814117,
      -0.23021239042282104,
      -0.1747806817293167,
      0.9834539294242859,
      0.047647085040807724,
      0.23503121733665466,
      -0.005320813041180372,
      0.9719732999801636
    ],
    [
      0.9684629440307617,
      -0.21732932329177856,
      0.12185028195381165,
      0.22899460792541504,
      0.9691123366355896,
      -0.09155723452568054,
      -0.09818854182958603,
      0.11657284945249557,
      0.9883166551589966
    ],
    [
      0.880682110786438,
      -0.22623996436595917,
      0.41619059443473816,
      0.2135583460330963,
      0.9738528728485107,
      0.07748231291770935,
      -0.4228379726409912,
      0.020643701776862144,
      0.9059702157974243
    ],
    [
      0.5967376232147217,
      0.6361972689628601,
      -0.4890371561050415,
      -0.75395268201828,
      0.6531572937965393,
      -0.07029140740633011,
      0.27469897270202637,
      0.4106564223766327,
      0.8694261312484741
    ],
    [
      0.610435426235199,
      -0.7559928297996521,
      0.23631221055984497,
      0.7920567393302917,
      0.5811790227890015,
      -0.18675397336483002,
      0.0038449526764452457,
      0.3011738955974579,
      0.9535614848136902
    ],
    [
      -0.06037937477231026,
      -0.24074386060237885,
      -0.9687086939811707,
      -0.1152205541729927,
      0.9656732082366943,
      -0.23280777037143707,
      0.991503119468689,
      0.0975583866238594,
      -0.08604538440704346
    ],
    [
      -0.08808151632547379,
      0.3502891957759857,
      0.932490885257721,
      0.18014425039291382,
      0.9262953400611877,
      -0.3309457302093506,
      -0.9796885848045349,
      0.13883265852928162,
      -0.1446920931339264
    ],
    [
      0.9640411138534546,
      -0.26534080505371094,
      -0.014798272401094437,
      0.24327735602855682,
      0.9035513997077942,
      -0.3527194559574127,
      0.10696184635162354,
      0.3364359736442566,
      0.9356120824813843
    ],
    [
      0.9831320643424988,
      0.179057314991951,
      0.037279874086380005,
      -0.16410720348358154,
      0.9536006450653076,
      -0.25241753458976746,
      -0.08074731379747391,
      0.24204190075397491,
      0.9668999910354614
    ],
    [
      0.9316040873527527,
      0.21475711464881897,
      -0.2932460308074951,
      -0.09289278090000153,
      0.9206661581993103,
      0.37913671135902405,
      0.3514040410518646,
      -0.32596486806869507,
      0.87764573097229
    ],
    [
      0.8599455952644348,
      -0.3879314363002777,
      0.3316666781902313,
      0.1929004043340683,
      0.8486713171005249,
      0.4924899935722351,
      -0.4725283980369568,
      -0.35953596234321594,
      0.8046432733535767
    ]
  ],
  "root_rot": [
    0.5112306475639343,
    -0.06811636686325073,
    0.8567399978637695,
    -0.09596829861402512,
    -0.9951444864273071,
    -0.021854568272829056,
    0.8540686368942261,
    -0.07104715704917908,
    -0.5152853727340698
  ],
  "root_trans": [
    -0.40288078784942627,
    0.5793372988700867,
    2.334440231323242
  ]
}