{
  "betas": [
    -0.7972819209098816,
    0.5995218753814697,
    1.5922701358795166,
    0.5209559798240662,
    0.38937103748321533,
    -0.393818736076355,
    -0.057931721210479736,
    0.48676174879074097,
    -0.06346669793128967,
    1.0238656997680664
  ],
  "joints": [
    [
      0.98332279920578,
      -0.1801607310771942,
      0.024868547916412354,
      0.1731233447790146,
      0.9691376686096191,
      0.17550046741962433,
      -0.055719342082738876,
      -0.16826827824115753,
      0.9841651916503906
    ],
    [
      0.9592428207397461,
      0.2344391942024231,
      -0.15777046978473663,
      -0.20280547440052032,
      0.9599374532699585,
      0.19336500763893127,
      0.19678212702274323,
      -0.15348726511001587,
      0.9683586359024048
    ],
    [
      0.9964809417724609,
      -0.06284862011671066,
      0.05545863136649132,
      0.06687881052494049,
      0.9950068593025208,
      -0.0740850493311882,
      -0.05052557215094566,
      0.07753335684537888,
      0.9957085847854614
    ],
    [
      0.9988430142402649,
      0.016275782138109207,
      0.04525092616677284,
      -0.014191091060638428,
      0.9988399744033813,
      -0.04601439833641052,
      -0.0459473542869091,
      0.045319002121686935,
      0.9979153275489807
    ],
    [
      0.9985895752906799,
      -0.053091466426849365,
      -0.00030472807702608407,
      0.05196740850806236,
      0.9785906672477722,
      -0.1991473287343979,
      0.010871225968003273,
      0.1988506317138672,
      0.9799694418907166
    ],
    [
      0.9919607043266296,
      0.04800033941864967,
      -0.11708907037973404,
      -0.05025412514805794,
      0.9986022710800171,
      -0.01637117564678192,
      0.11613959074020386,
      0.022123776376247406,
      0.9929864406585693
    ],
    [
      0.9965581893920898,
      0.06852732598781586,
      0.046645231544971466,
      -0.05884082615375519,
      0.9811146855354309,
      -0.18426008522510529,
      -0.05839116871356964,
      0.18088124692440033,
      0.9817700982093811
    ],
    [
      0.9640045762062073,
      -0.2025585174560547,
      -0.17223615944385529,
      0.21465778350830078,
      0.9751620292663574,
      0.05459759384393692,
      0.15689899027347565,
      -0.08960416167974472,
      0.9835414290428162
    ],
    [
      0.9947394728660583,
      0.06736386567354202,
      0.07717149704694748,
      -0.06347648799419403,
      0.9966397881507874,
      -0.05176693573594093,
      -0.08039940893650055,
      0.046596042811870575,
      0.9956729412078857
    ],
    [
      0.9678293466567993,
      -0.1644693911075592,
      0.19041085243225098,
      0.07987978309392929,
      0.9184756278991699,
      0.3873262107372284,
      -0.2385910600423813,
      -0.3596556484699249,
      0.9020654559135437
    ],
    [
      0.9482409358024597,
      0.24000021815299988,
      0.20793983340263367,
      -0.2754956781864166,
      0.9474130272865295,
      0.16282105445861816,
      -0.15792782604694366,
      -0.21168012917041779,
      0.9644948244094849
    ],
    [
      0.9186297655105591,
      0.29202979803085327,
      0.26615390181541443,
      -0.25051426887512207,
      0.9513787031173706,
      -0.1792236566543579,
      -0.30555182695388794,
      0.09796483814716339,
      0.9471224546432495
    ],
    [
      0.9688411355018616,
      0.23974253237247467,
      -0.06221171095967293,
      -0.23589380085468292,
      0.9697147607803345,
      0.06330376863479614,
      0.07550422102212906,
      -0.046655938029289246,
      0.9960533380508423
    ],
    [
      0.9937852025032043,
      -0.09108094125986099,
      0.06399444490671158,
      0.0839291661977768,
      0.9907397627830505,
      0.10672716796398163,
      -0.07312264293432236,
      -0.10069287568330765,
      0.9922268390655518
    ],
    [
      0.8412420153617859,
      -0.2052849680185318,
      0.5001698136329651,
      0.1359475553035736,
      0.9757051467895508,
      0.17180722951889038,
      -0.5232877135276794,
      -0.07653460651636124,
      0.848712146282196
    ],
    [
      0.7126872539520264,
      0.6727905869483948,
      -0.19856928288936615,
      -0.6996162533760071,
      0.6610878109931946,
      -0.2711089253425598,
      -0.05112781003117561,
      0.33213815093040466,
      0.94184410572052
    ],
    [
      0.8252520561218262,
      -0.49914029240608215,
      0.26423099637031555,
      0.4817652106285095,
      0.8663239479064941,
      0.13185249269008636,
      -0.2947225570678711,
      0.018485764041543007,
      0.9554040431976318
    ],
    [
      0.7545549869537354,
      -0.08388963341712952,
      -0.6508526802062988,
      -0.24902956187725067,
      0.8810046315193176,
      -0.40226250886917114,
      0.6071498990058899,
      0.4656107723712921,
      0.6438754200935364
    ],
    [
      -0.7049254775047302,
      0.1535033881664276,
      0.692471444606781,
      -0.1707112193107605,
      0.910882294178009,
      -0.3757009506225586,
      -0.6884312629699707,
      -0.38305383920669556,
      -0.615899384021759
    ],
    [
      0.9959136247634888,
      0.08466984331607819,
      0.031417522579431534,
      -0.042659372091293335,
      0.7476723790168762,
      -0.6626960635185242,
      -0.07960040867328644,
      0.6586478352546692,
      0.7482290863990784
    ],
    [
      0.8353807926177979,
      0.5451740026473999,
      0.07017326354980469,
      -0.5152090787887573,
      0.8210909366607666,
      -0.24570168554782867,
      -0.19156880676746368,
      0.1691005527973175,
      0.966802179813385
    ],
    [
      0.8387276530265808,
      0.44596999883651733,
      -0.3124848008155823,
      -0.3142685294151306,
      0.8650482892990112,
      0.3910585939884186,
      0.44471481442451477,
      -0.22978749871253967,
      0.8656942248344421
    ],
    [
      0.9396257996559143,
      -0.2947182059288025,
      0.17390944063663483,
      0.21123559772968292,
      0.8993545174598694,
      0.38280659914016724,
      -0.2692263126373291,
      -0.32295912504196167,
      0.9073116779327393
    ]
  ],
  "root_rot": [
    0.6582504510879517,
    -0.08119437843561172,
    0.7484075427055359,
    -0.15890951454639435,
    -0.9867509603500366,
    0.03271428123116493,
    0.7358357310295105,
    -0.14046326279640198,
    -0.6624318361282349
  ],
  "root_trans": [
    -0.4116056263446808,
    0.542449951171875,
    2.2920022010803223
  ]
}