{
  "betas": [
    -0.8650429844856262,
    1.3276585340499878,
    1.8091164827346802,
    -0.21404513716697693,
    -0.264896035194397,
    -0.15471866726875305,
    0.3466237783432007,
    0.4834972023963928,
    -0.10864666104316711,
    0.38857701420783997
  ],
  "joints": [
    [
      0.9057292938232422,
      -0.418587327003479,
      -0.06662647426128387,
      0.4122925102710724,
      0.8335978984832764,
      0.3675995469093323,
      -0.09833282977342606,
      -0.3604152798652649,
      0.9275944828987122
    ],
    [
      0.8502610325813293,
      0.4970168173313141,
      -0.17329351603984833,
      -0.4385952949523926,
      0.8510145545005798,
      0.28880539536476135,
      0.2910163998603821,
      -0.169554203748703,
      0.9415737390518188
    ],
    [
      0.9930314421653748,
      -0.015250631608068943,
      0.1168583557009697,
      0.04823800548911095,
      0.9573192596435547,
      -0.2849787473678589,
      -0.10752465575933456,
      0.2886298894882202,
      0.9513837695121765
    ],
    [
      0.9891825318336487,
      0.1453510820865631,
      -0.019772309809923172,
      -0.1263931840658188,
      0.776127815246582,
      -0.6177785992622375,
      -0.07444895058870316,
      0.6135948896408081,
      0.7861034870147705
    ],
    [
      0.9984802007675171,
      -0.053443487733602524,
      -0.013454923406243324,
      0.03422516956925392,
      0.7926697731018066,
      -0.6086898446083069,
      0.04319581389427185,
      0.6073042750358582,
      0.7932941913604736
    ],
    [
      0.9993351697921753,
      0.018058663234114647,
      -0.031671345233917236,
      -0.01681593805551529,
      0.9990948438644409,
      0.03907494619488716,
      0.03234831616282463,
      -0.03851638734340668,
      0.9987342953681946
    ],
    [
      0.9992388486862183,
      0.01313056144863367,
      0.036734022200107574,
      -0.015328776091337204,
      0.9980677366256714,
      0.0602153018116951,
      -0.035872381180524826,
      -0.06073255464434624,
      0.9975093603134155
    ],
    [
      0.8785009980201721,
      -0.30790504813194275,
      -0.3652813136577606,
      0.33018758893013,
      0.9439140558242798,
      -0.001548756379634142,
      0.3452710509300232,
      -0.11925079673528671,
      0.9308958649635315
    ],
    [
      0.9874489307403564,
      0.017814623191952705,
      0.15693077445030212,
      -0.008828858844935894,
      0.9982907772064209,
      -0.05777151137590408,
      -0.15769173204898834,
      0.05566089600324631,
      0.9859184622764587
    ],
    [
      0.9706246256828308,
      -0.2374289631843567,
      0.038927238434553146,
      0.15887974202632904,
      0.7540079355239868,
      0.6373612284660339,
      -0.18067944049835205,
      -0.6124537587165833,
      0.7695813179016113
    ],
    [
      0.8718062043190002,
      0.3187031149864197,
      0.3719976842403412,
      -0.2470872849225998,
      0.9418291449546814,
      -0.22782841324806213,
      -0.4229678809642792,
      0.10670632123947144,
      0.8998399972915649
    ],
    [
      0.9889851212501526,
      0.14715947210788727,
      -0.01588789001107216,
      -0.1468248814344406,
      0.9889500141143799,
      0.020501939579844475,
      0.01872938498854637,
      -0.017943376675248146,
      0.9996635317802429
    ],
    [
      0.8273125886917114,
      0.043860308825969696,
      -0.5600269436836243,
      0.20460933446884155,
      0.9049331545829773,
      0.3731365501880646,
      0.5231528878211975,
      -0.4232873022556305,
      0.7396883368492126
    ],
    [
      0.7385367751121521,
      -0.2892949879169464,
      0.6089925169944763,
      0.22816230356693268,
      0.9572108387947083,
      0.17801539599895477,
      -0.6344331502914429,
      0.007478217128664255,
      0.7729416489601135
    ],
    [
      0.9782612323760986,
      -0.0283034835010767,
      0.20543597638607025,
      0.029574347659945488,
      0.9995577335357666,
      -0.003117581130936742,
      -0.2052568793296814,
      0.009125441312789917,
      0.9786656498908997
    ],
    [
      0.12772080302238464,
      0.6734203100204468,
      -0.7281430959701538,
      -0.6357055902481079,
      0.6191058158874512,
      0.46107083559036255,
      0.7612920999526978,
      0.4039963483810425,
      0.507169783115387
    ],
    [
      0.38494357466697693,
      -0.7024158835411072,
      0.5986904501914978,
      0.7610334157943726,
      0.6085637807846069,
      0.2246735543012619,
      -0.5221556425094604,
      0.36913684010505676,
      0.7688246369361877
    ],
    [
      -0.5359627604484558,
      -0.38502076268196106,
      -0.7513341307640076,
      0.20312683284282684,
      0.8049978613853455,
      -0.5574208498001099,
      0.8194409012794495,
      -0.4513729512691498,
      -0.35324081778526306
    ],
    [
      0.8515841960906982,
      0.039873432368040085,
      0.5226991772651672,
      0.1925879567861557,
      0.9035792350769043,
      -0.38269367814064026,
      -0.4875594675540924,
      0.4265614449977875,
      0.7617946267127991
    ],
    [
      0.8771900534629822,
      -0.3038409948348999,
      0.3717772960662842,
      0.4038553535938263,
      0.885688841342926,
      -0.22903311252593994,
      -0.2596893608570099,
      0.3510497808456421,
      0.8996252417564392
    ],
    [
      0.8592685461044312,
      0.29357871413230896,
      -0.4188903868198395,
      -0.47485026717185974,
      0.7622892260551453,
      -0.4398094713687897,
      0.1901969164609909,
      0.5768246054649353,
      0.7944170832633972
    ],
    [
      0.93138188123703,
      0.13061082363128662,
      -0.3398067355155945,
      -0.10480745881795883,
      0.9901065826416016,
      0.09329676628112793,
      0.34863045811653137,
      -0.051280636340379715,
      0.9358563423156738
    ],
    [
      0.97428297996521,
      -0.07709892839193344,
      0.21172699332237244,
      0.046876899898052216,
      0.9884342551231384,
      0.14422279596328735,
      -0.22039765119552612,
      -0.13058872520923615,
      0.9666288495063782
    ]
  ],
  "root_rot": [
    -0.4970036745071411,
    0.027172045782208443,
    -0.8673229217529297,
    0.1251903474330902,
    -0.9868078231811523,
    -0.10265340656042099,
    -0.8586703538894653,
    -0.15959958732128143,
    0.48704543709754944
  ],
  "root_trans": [
    0.294603168964386,
    0.5522942543029785,
    2.53665828704834
  ]
}