{
  "betas": [
    -0.5802389979362488,
    1.312544584274292,
    0.8079237937927246,
    -0.06265881657600403,
    0.08948579430580139,
    0.5789013504981995,
    0.10520763695240021,
    0.5985159873962402,
    -0.048075735569000244,
    0.3647906482219696
  ],
  "joints": [
    [
      0.9793522357940674,
      -0.16428224742412567,
      -0.11781596392393112,
      0.20083943009376526,
      0.8571851849555969,
      0.47423315048217773,
      0.02308201976120472,
      -0.48810335993766785,
      0.872480571269989
    ],
    [
      0.9406484961509705,
      0.1438010036945343,
      -0.30741122364997864,
      -0.1890702098608017,
      0.9742550849914551,
      -0.12279891222715378,
      0.2818383276462555,
      0.1736329197883606,
      0.9436200857162476
    ],
    [
      0.9758970141410828,
      -0.030673978850245476,
      0.21606509387493134,
      0.06329308450222015,
      0.987300455570221,
      -0.14571118354797363,
      -0.2088516354560852,
      0.15587453544139862,
      0.9654450416564941
    ],
    [
      0.9986236691474915,
      0.03139577433466911,
      0.04201262816786766,
      -0.013774453662335873,
      0.9299182295799255,
      -0.3675084412097931,
      -0.050606511533260345,
      0.36642393469810486,
      0.9290708303451538
    ],
    [
      0.9973084926605225,
      -0.054708465933799744,
      0.048813093453645706,
      0.058899447321891785,
      0.9942874908447266,
      -0.08901262283325195,
      -0.04366450384259224,
      0.09164811670780182,
      0.9948336482048035
    ],
    [
      0.9978103041648865,
      -0.04751104861497879,
      -0.0460149310529232,
      0.05334966257214546,
      0.9893633127212524,
      0.13532964885234833,
      0.03909583389759064,
      -0.1374882012605667,
      0.9897316098213196
    ],
    [
      0.9661495685577393,
      0.227698415517807,
      0.1212785616517067,
      -0.20726366341114044,
      0.9650055766105652,
      -0.1606428325176239,
      -0.15361258387565613,
      0.1300683617591858,
      0.979533314704895
    ],
    [
      0.8419230580329895,
      -0.26183345913887024,
      -0.4718143343925476,
      0.35563376545906067,
      0.9268578290939331,
      0.12024611234664917,
      0.405820369720459,
      -0.2690310776233673,
      0.8734598159790039
    ],
    [
      0.9854584336280823,
      -0.061230726540088654,
      0.1585005670785904,
      0.07167837023735046,
      0.9955573678016663,
      -0.06105562672019005,
      -0.15405791997909546,
      0.0715288445353508,
      0.9854693412780762
    ],
    [
      0.9096553921699524,
      -0.4123701751232147,
      0.049778711050748825,
      0.29131072759628296,
      0.7188064455986023,
      0.6312332153320312,
      -0.296083003282547,
      -0.5597035884857178,
      0.7739940285682678
    ],
    [
      0.7689843773841858,
      0.424972802400589,
      0.4775574207305908,
      -0.29362642765045166,
      0.8983792662620544,
      -0.3266468346118927,
      -0.5678437352180481,
      0.11096285283565521,
      0.815622866153717
    ],
    [
      0.9707241654396057,
      0.09421614557504654,
      -0.22094786167144775,
      -0.11094318330287933,
      0.9917293787002563,
      -0.06453242897987366,
      0.21304048597812653,
      0.08715584874153137,
      0.9731482863426208
    ],
    [
      0.8246062994003296,
      -0.41898679733276367,
      -0.38009801506996155,
      0.5433869361877441,
      0.7735139727592468,
      0.3262004256248474,
      0.15733745694160461,
      -0.47552722692489624,
      0.8655164241790771
    ],
    [
      0.8715381622314453,
      -0.06436693668365479,
      0.4860844612121582,
      -0.0001175588186015375,
      0.9913187623023987,
      0.13148047029972076,
      -0.4903276562690735,
      -0.11464739590883255,
      0.8639645576477051
    ],
    [
      0.9970841407775879,
      -0.0038195322267711163,
      -0.07621565461158752,
      0.005185440648347139,
      0.9998293519020081,
      0.017731787636876106,
      0.07613492012023926,
      -0.01807529293000698,
      0.9969338178634644
    ],
    [
      0.920827329158783,
      0.03682808205485344,
      -0.3882277011871338,
      0.015102156437933445,
      0.9914162158966064,
      0.12986814975738525,
      0.38967806100845337,
      -0.12544919550418854,
      0.9123669862747192
    ],
    [
      0.9053630232810974,
      -0.22208420932292938,
      0.36193427443504333,
      0.11230076104402542,
      0.947211742401123,
      0.30029717087745667,
      -0.40951967239379883,
      -0.23123246431350708,
      0.8825107216835022
    ],
    [
      -0.0740649402141571,
      0.006118851248174906,
      -0.9972345232963562,
      0.28641363978385925,
      0.9579823613166809,
      -0.015394031070172787,
      0.955238938331604,
      -0.2867617905139923,
      -0.07270542532205582
    ],
    [
      0.5992098450660706,
      0.18547749519348145,
      0.778810441493988,
      -0.5504066348075867,
      0.8018678426742554,
      0.23250925540924072,
      -0.5813777446746826,
      -0.5679842233657837,
      0.5825751423835754
    ],
    [
      0.9839564561843872,
      0.013983487151563168,
      0.17785996198654175,
      0.07214085757732391,
      0.880603015422821,
      -0.46833109855651855,
      -0.1631729155778885,
      0.4736483693122864,
      0.8654662370681763
    ],
    [
      0.9820233583450317,
      0.012033895589411259,
      -0.18837504088878632,
      -0.11755376309156418,
      0.8198013305664062,
      -0.5604524612426758,
      0.14768573641777039,
      0.5725216865539551,
      0.8064786791801453
    ],
    [
      0.8944783210754395,
      0.2530578374862671,
      -0.3686058223247528,
      -0.16262879967689514,
      0.9520898461341858,
      0.2589917480945587,
      0.4164857864379883,
      -0.171716570854187,
      0.892778217792511
    ],
    [
      0.9620146155357361,
      -0.1880682110786438,
      0.19788452982902527,
      0.12297621369361877,
      0.9456853270530701,
      0.30092525482177734,
      -0.24373099207878113,
      -0.26515936851501465,
      0.9328910112380981
    ]
  ],
  "root_rot": [
    0.1360640972852707,
    0.012252876535058022,
    -0.9906242489814758,
    0.1391381174325943,
    -0.9902492165565491,
    0.006862645037472248,
    -0.9808807373046875,
    -0.13876736164093018,
    -0.13644221425056458
  ],
  "root_trans": [
    0.46564847230911255,
    0.4754301905632019,
    2.64994740486145
  ]
}