{
  "betas": [
    -0.4892818331718445,
    1.5248417854309082,
    1.1684134006500244,
    -0.31024667620658875,
    -0.2622683644294739,
    -0.0301104374229908,
    0.23371954262256622,
    0.4298693537712097,
    0.017071813344955444,
    0.32112789154052734
  ],
  "joints": [
    [
      0.9035402536392212,
      -0.40719857811927795,
      -0.1334325671195984,
      0.4092351496219635,
      0.7276826500892639,
      0.5504584908485413,
      -0.12704937160015106,
      -0.5519667267799377,
      0.8241305351257324
    ],
    [
      0.8191876411437988,
      0.5358948111534119,
      -0.20432429015636444,
      -0.5066527724266052,
      0.843138575553894,
      0.18005666136741638,
      0.2687651216983795,
      -0.043978720903396606,
      0.9622012972831726
    ],
    [
      0.9838336706161499,
      0.013201750814914703,
      0.1785973757505417,
      0.03133248910307884,
      0.9692077040672302,
      -0.24424321949481964,
      -0.17632238566875458,
      0.24589060246944427,
      0.953125536441803
    ],
    [
      0.9791227579116821,
      0.20298323035240173,
      -0.010787157341837883,
      -0.16362492740154266,
      0.7555625438690186,
      -0.6343123316764832,
      -0.12060435116291046,
      0.6228347420692444,
      0.7730016112327576
    ],
    [
      0.9991966485977173,
      0.015411530621349812,
      0.036994170397520065,
      0.001306115067563951,
      0.9100874662399292,
      -0.41441404819488525,
      -0.04005468636751175,
      0.41412943601608276,
      0.9093362092971802
    ],
    [
      0.992769718170166,
      -0.06440871208906174,
      -0.10129038244485855,
      0.06830456852912903,
      0.9970337152481079,
      0.035472702234983444,
      0.09870516508817673,
      -0.04213482141494751,
      0.9942243099212646
    ],
    [
      0.9983572363853455,
      0.04465984180569649,
      -0.03589291498064995,
      -0.044347744435071945,
      0.9989715218544006,
      0.009445085190236568,
      0.03627781569957733,
      -0.00783779937773943,
      0.9993110299110413
    ],
    [
      0.7405266761779785,
      -0.4214157462120056,
      -0.5234777927398682,
      0.4565659761428833,
      0.8870682120323181,
      -0.06824597716331482,
      0.4931204319000244,
      -0.18846416473388672,
      0.8493017554283142
    ],
    [
      0.9915546178817749,
      -0.03701510652899742,
      0.12429554015398026,
      0.04025556519627571,
      0.9989092350006104,
      -0.023660261183977127,
      -0.12328418344259262,
      0.028464026749134064,
      0.9919631481170654
    ],
    [
      0.940814733505249,
      -0.1168798878788948,
      0.31813010573387146,
      -0.05063897743821144,
      0.8796418309211731,
      0.472933292388916,
      -0.3351169526576996,
      -0.46105238795280457,
      0.8216612935066223
    ],
    [
      0.7633652091026306,
      0.4690619707107544,
      0.44413334131240845,
      -0.4815521836280823,
      0.8714975118637085,
      -0.09273389726877213,
      -0.43055906891822815,
      -0.14308352768421173,
      0.8911486864089966
    ],
    [
      0.9911260008811951,
      0.13072337210178375,
      -0.024095144122838974,
      -0.1321287602186203,
      0.9886812567710876,
      -0.0710725262761116,
      0.014531577937304974,
      0.07362549751996994,
      0.9971800446510315
    ],
    [
      0.8193182945251465,
      -0.046485308557748795,
      -0.5714513659477234,
      0.26647239923477173,
      0.9133892059326172,
      0.30775418877601624,
      0.5076514482498169,
      -0.40442466735839844,
      0.7607435584068298
    ],
    [
      0.7978938817977905,
      -0.28322094678878784,
      0.5321195125579834,
      0.2419915497303009,
      0.9589913487434387,
      0.14756616950035095,
      -0.5520917773246765,
      0.011026266030967236,
      0.8337104320526123
    ],
    [
      0.9629920721054077,
      -0.21940329670906067,
      0.15655191242694855,
      0.21056628227233887,
      0.9749855995178223,
      0.07116761803627014,
      -0.16825029253959656,
      -0.03556929901242256,
      0.9851023554801941
    ],
    [
      0.22584845125675201,
      0.6939099431037903,
      -0.6837261319160461,
      -0.6657696962356567,
      0.622317373752594,
      0.41166952252388,
      0.7111563086509705,
      0.36222919821739197,
      0.6025336384773254
    ],
    [
      0.46410998702049255,
      -0.6402826309204102,
      0.6120784878730774,
      0.6891270875930786,
      0.6951438784599304,
      0.20464330911636353,
      -0.556512176990509,
      0.3268228769302368,
      0.7638593316078186
    ],
    [
      -0.5631204843521118,
      -0.3568907082080841,
      -0.745335042476654,
      0.04112313315272331,
      0.8887136578559875,
      -0.4566146731376648,
      0.8253509402275085,
      -0.2877795994281769,
      -0.4857763946056366
    ],
    [
      0.8936402797698975,
      -0.06403174996376038,
      0.4441925287246704,
      0.18867772817611694,
      0.9516516923904419,
      -0.24240417778491974,
      -0.40719500184059143,
      0.30043137073516846,
      0.8625156283378601
    ],
    [
      0.9163922667503357,
      -0.2539482116699219,
      0.3094114065170288,
      0.34313613176345825,
      0.8964084982872009,
      -0.28055208921432495,
      -0.2061132937669754,
      0.3632660508155823,
      0.9086006283760071
    ],
    [
      0.9424618482589722,
      0.08596495538949966,
      -0.32307225465774536,
      -0.24371521174907684,
      0.8381637334823608,
      -0.48793908953666687,
      0.22884176671504974,
      0.5386015772819519,
      0.8108882904052734
    ],
    [
      0.8709573149681091,
      0.2626397907733917,
      -0.4152752459049225,
      -0.17335361242294312,
      0.9550565481185913,
      0.240448459982872,
      0.45976272225379944,
      -0.13743093609809875,
      0.8773430585861206
    ],
    [
      0.9155378341674805,
      -0.26497918367385864,
      0.3026159703731537,
      0.1136106476187706,
      0.8920630812644958,
      0.4373968541622162,
      -0.3858536183834076,
      -0.36607298254966736,
      0.8468219637870789
    ]
  ],
  "root_rot": [
    0.09254651516675949,
    0.018854819238185883,
    0.99552983045578,
    -0.09093362838029861,
    -0.9954824447631836,
    0.02730730175971985,
    0.9915474057197571,
    -0.09305433183908463,
    -0.0904138907790184
  ],
  "root_trans": [
    -0.24960051476955414,
    0.5752209424972534,
    2.648740530014038
  ]
}