{
  "betas": [
    -0.7176451683044434,
    1.0733144283294678,
    1.365805983543396,
    0.08704426884651184,
    -0.313607394695282,
    -0.1645468771457672,
    0.12846261262893677,
    0.7447404265403748,
    0.20831094682216644,
    1.2053577899932861
  ],
  "joints": [
    [
      0.9507170915603638,
      -0.3100455403327942,
      0.0029523090925067663,
      0.29194170236587524,
      0.8983299732208252,
      0.32828855514526367,
      -0.10443655401468277,
      -0.31124767661094666,
      0.9445728659629822
    ],
    [
      0.9722728729248047,
      0.12930609285831451,
      -0.19484716653823853,
      -0.14272920787334442,
      0.9881510734558105,
      -0.05644303560256958,
      0.1852400153875351,
      0.08268841356039047,
      0.97920823097229
    ],
    [
      0.9958821535110474,
      -0.013268203474581242,
      0.08968108892440796,
      0.023050911724567413,
      0.9937804937362671,
      -0.10894506424665451,
      -0.08767781406641006,
      0.11056367307901382,
      0.9899941086769104
    ],
    [
      0.9946743249893188,
      0.022174781188368797,
      0.10065444558858871,
      -0.004106204956769943,
      0.9843320846557617,
      -0.17627683281898499,
      -0.10298629850149155,
      0.17492473125457764,
      0.9791809320449829
    ],
    [
      0.9998357892036438,
      -0.017951132729649544,
      0.002484334399923682,
      0.018122084438800812,
      0.9909428954124451,
      -0.1330559402704239,
      -7.332766836043447e-05,
      0.13307911157608032,
      0.9911054968833923
    ],
    [
      0.9935329556465149,
      -0.01113242469727993,
      -0.11299726366996765,
      0.007995259016752243,
      0.9995709657669067,
      -0.028178537264466286,
      0.11326247453689575,
      0.027092862874269485,
      0.9931957125663757
    ],
    [
      0.9809074401855469,
      0.18968366086483002,
      0.04290332272648811,
      -0.1716827005147934,
      0.9482415914535522,
      -0.26713839173316956,
      -0.09135450422763824,
      0.25467225909233093,
      0.9627026319503784
    ],
    [
      0.9520317316055298,
      -0.263984352350235,
      -0.15475121140480042,
      0.2825618088245392,
      0.9525149464607239,
      0.1134645938873291,
      0.11744994670152664,
      -0.1517486572265625,
      0.9814163446426392
    ],
    [
      0.9988784790039062,
      0.004995471332222223,
      0.04708312451839447,
      -0.005376228131353855,
      0.9999538064002991,
      0.007963733747601509,
      -0.04704117029905319,
      -0.008207932114601135,
      0.998859167098999
    ],
    [
      0.8955540060997009,
      -0.42807191610336304,
      0.12139786034822464,
      0.2947941720485687,
      0.7751822471618652,
      0.5587385892868042,
      -0.33328577876091003,
      -0.46459320187568665,
      0.8204106688499451
    ],
    [
      0.9355452060699463,
      0.29881229996681213,
      0.18832524120807648,
      -0.23197883367538452,
      0.9218871593475342,
      -0.3103382885456085,
      -0.2663475275039673,
      0.24664802849292755,
      0.9317852258682251
    ],
    [
      0.99217689037323,
      0.12483853101730347,
      -0.0005631761741824448,
      -0.12474618852138519,
      0.9912481904029846,
      -0.04319039359688759,
      -0.004833578132092953,
      0.042922768741846085,
      0.9990666508674622
    ],
    [
      0.9770902991294861,
      0.20084933936595917,
      -0.07038482278585434,
      -0.18517398834228516,
      0.9653216004371643,
      0.1840238869190216,
      0.10490506887435913,
      -0.16677452623844147,
      0.980398416519165
    ],
    [
      0.9501653909683228,
      -0.3012961745262146,
      0.08004038035869598,
      0.3082159757614136,
      0.9464449286460876,
      -0.09615035355091095,
      -0.04678408056497574,
      0.11602845042943954,
      0.9921435117721558
    ],
    [
      0.9800536036491394,
      -0.048153385519981384,
      0.1928115040063858,
      0.06140230596065521,
      0.9961015582084656,
      -0.0633358508348465,
      -0.18901000916957855,
      0.07391159236431122,
      0.9791896343231201
    ],
    [
      0.5689234733581543,
      0.6019437313079834,
      -0.560347855091095,
      -0.626814603805542,
      0.7584764957427979,
      0.17837253212928772,
      0.532380998134613,
      0.249753937125206,
      0.8088222146034241
    ],
    [
      0.6092252731323242,
      -0.7742779850959778,
      0.17128382623195648,
      0.7929832935333252,
      0.5961098670959473,
      -0.12581945955753326,
      -0.004684740211814642,
      0.21247762441635132,
      0.9771547317504883
    ],
    [
      -0.07541290670633316,
      -0.3101924955844879,
      -0.9476779103279114,
      0.417650043964386,
      0.8531790375709534,
      -0.3124963939189911,
      0.905472993850708,
      -0.41936397552490234,
      0.06521119177341461
    ],
    [
      0.3869243860244751,
      0.3065137565135956,
      0.8696774840354919,
      0.05052027851343155,
      0.9346739649772644,
      -0.3518982231616974,
      -0.920726478099823,
      0.18009433150291443,
      0.3461630046367645
    ],
    [
      0.9502008557319641,
      -0.26645684242248535,
      0.16161371767520905,
      0.30667901039123535,
      0.8916596174240112,
      -0.3330031931400299,
      -0.05537344142794609,
      0.3659834861755371,
      0.9289724826812744
    ],
    [
      0.9651677012443542,
      0.091856949031353,
      0.24497674405574799,
      0.008122062310576439,
      0.9253700971603394,
      -0.37897807359695435,
      -0.2615058720111847,
      0.3677671253681183,
      0.8923912644386292
    ],
    [
      0.9746273159980774,
      0.1389668583869934,
      -0.1754702627658844,
      -0.1311211884021759,
      0.989806056022644,
      0.055598847568035126,
      0.18140792846679688,
      -0.031180283054709435,
      0.9829134941101074
    ],
    [
      0.8296651840209961,
      -0.29360368847846985,
      0.4748184084892273,
      0.2212870866060257,
      0.9538185000419617,
      0.20313115417957306,
      -0.5125306248664856,
      -0.06345965713262558,
      0.8563206791877747
    ]
  ],
  "root_rot": [
    -0.09521953016519547,
    0.043533384799957275,
    -0.9945040345191956,
    0.13296228647232056,
    -0.9895351529121399,
    -0.05604645982384682,
    -0.9865365624427795,
    -0.13756823539733887,
    0.08843477070331573
  ],
  "root_trans": [
    0.5171055197715759,
    0.47641482949256897,
    2.704580545425415
  ]
}