{
  "betas": [
    -0.6135106682777405,
    1.455489993095398,
    1.2868077754974365,
    -0.14037606120109558,
    -0.10397672653198242,
    -0.15919235348701477,
    0.02977663278579712,
    0.2863219678401947,
    0.03762483596801758,
    0.1415029764175415
  ],
  "joints": [
    [
      0.8551353812217712,
      -0.5149123072624207,
      -0.06007414311170578,
      0.5088161826133728,
      0.8114786744117737,
      0.28741687536239624,
      -0.0992456004023552,
      -0.27634701132774353,
      0.9559198021888733
    ],
    [
      0.933241069316864,
      0.34423133730888367,
      -0.10279086232185364,
      -0.29842060804367065,
      0.9021121859550476,
      0.31167101860046387,
      0.2000158131122589,
      -0.2601892650127411,
      0.9446138739585876
    ],
    [
      0.9913509488105774,
      0.06123289093375206,
      0.11607659608125687,
      -0.031203841790556908,
      0.9690914750099182,
      -0.24472041428089142,
      -0.12747377157211304,
      0.23898179829120636,
      0.9626204371452332
    ],
    [
      0.9924198389053345,
      0.06930632889270782,
      -0.10148746520280838,
      -0.10020410269498825,
      0.9344385862350464,
      -0.3417362570762634,
      0.07114928960800171,
      0.34931522607803345,
      0.9343001842498779
    ],
    [
      0.9992583394050598,
      -0.0380985327064991,
      -0.005601097363978624,
      0.02463853918015957,
      0.7443371415138245,
      -0.6673493385314941,
      0.02959413453936577,
      0.6667163372039795,
      0.7447237968444824
    ],
    [
      0.994364857673645,
      -0.03339318931102753,
      -0.1006152331829071,
      0.03590681403875351,
      0.9990840554237366,
      0.02327551320195198,
      0.09974583238363266,
      -0.026757126674056053,
      0.9946531057357788
    ],
    [
      0.998663604259491,
      0.050089024007320404,
      0.012727741152048111,
      -0.050398167222738266,
      0.9984097480773926,
      0.025258667767047882,
      -0.011442319490015507,
      -0.025866368785500526,
      0.9995998740196228
    ],
    [
      0.8620578646659851,
      -0.2763165235519409,
      -0.42485934495925903,
      0.39024966955184937,
      0.8967667818069458,
      0.20860154926776886,
      0.3233596682548523,
      -0.3456278145313263,
      0.8808972835540771
    ],
    [
      0.9961662292480469,
      -0.004705615807324648,
      0.08735419809818268,
      0.008301610127091408,
      0.99913090467453,
      -0.04084823653101921,
      -0.08708605170249939,
      0.04141681268811226,
      0.9953395128250122
    ],
    [
      0.9439675211906433,
      -0.06857214868068695,
      0.3228360414505005,
      -0.1511845588684082,
      0.7796689867973328,
      0.6076672673225403,
      -0.29337430000305176,
      -0.6224260330200195,
      0.7256151437759399
    ],
    [
      0.7967478036880493,
      0.4082164466381073,
      0.4455920159816742,
      -0.4837094247341156,
      0.8727874159812927,
      0.06532496213912964,
      -0.36224037408828735,
      -0.26758459210395813,
      0.8928496241569519
    ],
    [
      0.9649536609649658,
      0.21039099991321564,
      0.1568441390991211,
      -0.20247581601142883,
      0.9771260619163513,
      -0.06502460688352585,
      -0.16693708300590515,
      0.030988585203886032,
      0.9854804873466492
    ],
    [
      0.7290987372398376,
      0.037083521485328674,
      -0.6834031343460083,
      0.2680678069591522,
      0.9032774567604065,
      0.33500662446022034,
      0.6297258734703064,
      -0.4274512827396393,
      0.6486375331878662
    ],
    [
      0.7499013543128967,
      -0.2898811995983124,
      0.5946569442749023,
      0.22123149037361145,
      0.957019567489624,
      0.1875370442867279,
      -0.6234617829322815,
      -0.009077447466552258,
      0.7818011045455933
    ],
    [
      0.9471358060836792,
      -0.21959486603736877,
      0.23390577733516693,
      0.20333074033260345,
      0.974794864654541,
      0.09182383865118027,
      -0.24817419052124023,
      -0.03940940648317337,
      0.9679135084152222
    ],
    [
      0.11242325603961945,
      0.7298051118850708,
      -0.6743484139442444,
      -0.6351994872093201,
      0.5746639370918274,
      0.5160263776779175,
      0.7641222476959229,
      0.3703323006629944,
      0.5281774401664734
    ],
    [
      0.3449900448322296,
      -0.6849766969680786,
      0.6417076587677002,
      0.7711783051490784,
      0.5965791344642639,
      0.2222101390361786,
      -0.5350381731987,
      0.4182107448577881,
      0.7340530753135681
    ],
    [
      -0.4859669506549835,
      -0.36285489797592163,
      -0.795092761516571,
      0.13063254952430725,
      0.8693639636039734,
      -0.47659361362457275,
      0.864159345626831,
      -0.3354737460613251,
      -0.37508147954940796
    ],
    [
      0.7601510286331177,
      0.0905546024441719,
      0.6434051990509033,
      0.21078769862651825,
      0.9023140072822571,
      -0.37602919340133667,
      -0.6146047115325928,
      0.421460896730423,
      0.6668071150779724
    ],
    [
      0.93517005443573,
      -0.2541733682155609,
      0.24668362736701965,
      0.3129230737686157,
      0.9191603064537048,
      -0.23921430110931396,
      -0.16593989729881287,
      0.30089905858039856,
      0.9391078948974609
    ],
    [
      0.9062161445617676,
      0.32947301864624023,
      -0.2649902403354645,
      -0.40116551518440247,
      0.8679746389389038,
      -0.2927221953868866,
      0.13356074690818787,
      0.3715745508670807,
      0.9187458157539368
    ],
    [
      0.9428589940071106,
      0.2674570679664612,
      -0.198704794049263,
      -0.1940290629863739,
      0.9255526065826416,
      0.32512331008911133,
      0.2708682715892792,
      -0.26799094676971436,
      0.9245600700378418
    ],
    [
      0.8486454486846924,
      -0.3631255328655243,
      0.3846306800842285,
      0.16411249339580536,
      0.8720094561576843,
      0.46115800738334656,
      -0.5028597712516785,
      -0.32823696732521057,
      0.7996202707290649
    ]
  ],
  "root_rot": [
    0.4220466613769531,
    -0.04852188378572464,
    0.9052746891975403,
    -0.12618084251880646,
    -0.9919911026954651,
    0.005656757857650518,
    0.8977500200271606,
    -0.11661573499441147,
    -0.42478907108306885
  ],
  "root_trans": [
    -0.33123835921287537,
    0.6084128618240356,
    2.457451343536377
  ]
}