{
  "betas": [
    -0.7356081008911133,
    1.1015599966049194,
    1.1435604095458984,
    0.32341769337654114,
    0.35910916328430176,
    -0.4882989525794983,
    -0.1335296928882599,
    0.5807191133499146,
    -0.08621940016746521,
    0.7458137273788452
  ],
  "joints": [
    [
      0.9700709581375122,
      -0.24221177399158478,
      -0.017198285087943077,
      0.22893492877483368,
      0.8886884450912476,
      0.39726772904396057,
      -0.08093900233507156,
      -0.3893151879310608,
      0.9175415635108948
    ],
    [
      0.9232897162437439,
      0.36713269352912903,
      -0.1129140555858612,
      -0.34040284156799316,
      0.9182708263397217,
      0.2022489607334137,
      0.17793788015842438,
      -0.14829814434051514,
      0.972802996635437
    ],
    [
      0.9956731796264648,
      -0.08463004231452942,
      0.03837338089942932,
      0.08905430138111115,
      0.9869744777679443,
      -0.13398052752017975,
      -0.02653476409614086,
      0.13681815564632416,
      0.9902406930923462
    ],
    [
      0.9950255155563354,
      0.09408237785100937,
      0.03275413066148758,
      -0.07940860837697983,
      0.9475810527801514,
      -0.3094905912876129,
      -0.060154806822538376,
      0.30535003542900085,
      0.9503383040428162
    ],
    [
      0.9974122643470764,
      0.008986200205981731,
      0.07133032381534576,
      0.022711079567670822,
      0.9019707441329956,
      -0.43119949102401733,
      -0.06821271032094955,
      0.43170365691185,
      0.8994325995445251
    ],
    [
      0.9851678609848022,
      0.08709532767534256,
      -0.14784753322601318,
      -0.0912957489490509,
      0.9955840706825256,
      -0.021852808073163033,
      0.14529135823249817,
      0.03502652421593666,
      0.9887688755989075
    ],
    [
      0.9952735900878906,
      0.07902412116527557,
      0.05644110590219498,
      -0.06376711279153824,
      0.9701694846153259,
      -0.23389075696468353,
      -0.07324045151472092,
      0.22918622195720673,
      0.9706231951713562
    ],
    [
      0.9136599898338318,
      -0.21127089858055115,
      -0.34726080298423767,
      0.25401705503463745,
      0.9637163281440735,
      0.08201338350772858,
      0.317333847284317,
      -0.16314251720905304,
      0.9341754913330078
    ],
    [
      0.9915876388549805,
      0.11531241238117218,
      0.05879458412528038,
      -0.11128872632980347,
      0.9914826154708862,
      -0.06765380501747131,
      -0.06609512865543365,
      0.060541510581970215,
      0.9959748983383179
    ],
    [
      0.9784021377563477,
      -0.18103325366973877,
      0.09978097677230835,
      0.10928471386432648,
      0.8627437353134155,
      0.49369028210639954,
      -0.17545975744724274,
      -0.47212305665016174,
      0.8638944625854492
    ],
    [
      0.9147577285766602,
      0.2645462155342102,
      0.3053417503833771,
      -0.3266980051994324,
      0.9290005564689636,
      0.1738572120666504,
      -0.23766937851905823,
      -0.2587917447090149,
      0.9362371563911438
    ],
    [
      0.9553590416908264,
      0.24745838344097137,
      0.16141076385974884,
      -0.20904892683029175,
      0.952242374420166,
      -0.22256004810333252,
      -0.20877651870250702,
      0.17888200283050537,
      0.9614642858505249
    ],
    [
      0.9304872751235962,
      0.3485119938850403,
      -0.11283943057060242,
      -0.33249586820602417,
      0.9327817559242249,
      0.13915729522705078,
      0.15375255048274994,
      -0.0919654592871666,
      0.983820378780365
    ],
    [
      0.9992810487747192,
      0.0378587506711483,
      0.002026893198490143,
      -0.0374787263572216,
      0.9783547520637512,
      0.20351248979568481,
      0.00572170689702034,
      -0.20344214141368866,
      0.979070246219635
    ],
    [
      0.8732801079750061,
      -0.16803590953350067,
      0.45732468366622925,
      0.12427686899900436,
      0.9844191074371338,
      0.12439575791358948,
      -0.4711020886898041,
      -0.05179746076464653,
      0.880556583404541
    ],
    [
      0.8021497130393982,
      0.5611786246299744,
      -0.20404507219791412,
      -0.5829483866691589,
      0.8099811673164368,
      -0.0640435442328453,
      0.12933281064033508,
      0.1703202724456787,
      0.9768643379211426
    ],
    [
      0.9937149882316589,
      -0.015276089310646057,
      0.11089219897985458,
      -0.0257257092744112,
      0.9329630136489868,
      0.3590518534183502,
      -0.10894322395324707,
      -0.3596480190753937,
      0.9267063140869141
    ],
    [
      0.9211551547050476,
      -0.12920011579990387,
      -0.3671245574951172,
      0.13000473380088806,
      0.9912546277046204,
      -0.022650789469480515,
      0.3668403923511505,
      -0.026863044127821922,
      0.9298959374427795
    ],
    [
      -0.5567225217819214,
      -0.04738013446331024,
      0.8293462991714478,
      -0.48233845829963684,
      0.8312710523605347,
      -0.27629348635673523,
      -0.6763207316398621,
      -0.5538443922996521,
      -0.48564058542251587
    ],
    [
      0.9530180096626282,
      -0.1889539659023285,
      0.23675529658794403,
      0.29779329895973206,
      0.7275339365005493,
      -0.6180723905563354,
      -0.05546026676893234,
      0.6595382690429688,
      0.7496221661567688
    ],
    [
      0.8624394536018372,
      0.504693329334259,
      -0.03850848972797394,
      -0.4699022173881531,
      0.7700629234313965,
      -0.4315032958984375,
      -0.18812289834022522,
      0.3902406692504883,
      0.901289165019989
    ],
    [
      0.9577845931053162,
      0.16007672250270844,
      -0.23879727721214294,
      -0.11453691869974136,
      0.9743413925170898,
      0.1937529742717743,
      0.263685405254364,
      -0.1582225114107132,
      0.9515438675880432
    ],
    [
      0.9383659362792969,
      -0.2994798719882965,
      0.1725722700357437,
      0.2275153249502182,
      0.9110347032546997,
      0.3438788056373596,
      -0.26020410656929016,
      -0.2834213376045227,
      0.9230201840400696
    ]
  ],
  "root_rot": [
    0.4605441987514496,
    -0.12637344002723694,
    0.8785948157310486,
    -0.19139046967029572,
    -0.9806684851646423,
    -0.04073172062635422,
    0.8667576313018799,
    -0.1493959128856659,
    -0.4758278429508209
  ],
  "root_trans": [
    -0.37032651901245117,
    0.5634024739265442,
    2.414757251739502
  ]
}