{
  "betas": [
    -0.7349792718887329,
    1.08931565284729,
    1.3818769454956055,
    0.08812329173088074,
    -0.3159778118133545,
    -0.17588144540786743,
    0.12562528252601624,
    0.7776849865913391,
    0.24251008033752441,
    1.2499642372131348
  ],
  "joints": [
    [
      0.9530779123306274,
      -0.30271682143211365,
      0.002206736011430621,
      0.28580695390701294,
      0.9021937847137451,
      0.3230493366718292,
      -0.09978336095809937,
      -0.30726051330566406,
      0.946379542350769
    ],
    [
      0.9716547727584839,
      0.12955684959888458,
      -0.19774217903614044,
      -0.14393214881420135,
      0.9877618551254272,
      -0.060083623975515366,
      0.18753793835639954,
      0.08684200048446655,
      0.9784108996391296
    ],
    [
      0.995849072933197,
      -0.01225547306239605,
      0.0901900976896286,
      0.02176273986697197,
      0.9942131042480469,
      -0.10519849509000778,
      -0.0883789137005806,
      0.10672462731599808,
      0.9903529286384583
    ],
    [
      0.9947143197059631,
      0.02106347866356373,
      0.10049815475940704,
      -0.003351970575749874,
      0.984873354434967,
      -0.1732431948184967,
      -0.10262706875801086,
      0.17199060320854187,
      0.9797382354736328
    ],
    [
      0.999870240688324,
      -0.01603095978498459,
      0.0015928118955343962,
      0.016100436449050903,
      0.9909993410110474,
      -0.1328953206539154,
      0.0005519638070836663,
      0.13290371000766754,
      0.9911288619041443
    ],
    [
      0.9935107827186584,
      -0.009441981092095375,
      -0.11334485560655594,
      0.005714388098567724,
      0.9994335174560547,
      -0.03316720947623253,
      0.11359380185604095,
      0.03230428695678711,
      0.9930019378662109
    ],
    [
      0.9808826446533203,
      0.1890164017677307,
      0.046282507479190826,
      -0.1703963577747345,
      0.949110746383667,
      -0.2648657262325287,
      -0.09399118274450302,
      0.2519158124923706,
      0.9631739854812622
    ],
    [
      0.9523518681526184,
      -0.26014167070388794,
      -0.1592239886522293,
      0.279986709356308,
      0.9527104496955872,
      0.11811104416847229,
      0.120968759059906,
      -0.15706385672092438,
      0.9801517724990845
    ],
    [
      0.9987846612930298,
      0.008347107097506523,
      0.04857489466667175,
      -0.008739721961319447,
      0.9999307990074158,
      0.007875892333686352,
      -0.048505790531635284,
      -0.00829085148870945,
      0.9987884759902954
    ],
    [
      0.8978266716003418,
      -0.42404359579086304,
      0.11871947348117828,
      0.29627636075019836,
      0.7811628580093384,
      0.5495497584342957,
      -0.3257722854614258,
      -0.45822665095329285,
      0.8269829154014587
    ],
    [
      0.9357377290725708,
      0.2970164716243744,
      0.19020040333271027,
      -0.23177045583724976,
      0.924322247505188,
      -0.30316802859306335,
      -0.2658523917198181,
      0.2396029233932495,
      0.9337628483772278
    ],
    [
      0.9916489720344543,
      0.12895935773849487,
      -0.0013739707646891475,
      -0.12890177965164185,
      0.9907557964324951,
      -0.04227612912654877,
      -0.004090632311999798,
      0.04210018366575241,
      0.9991050362586975
    ],
    [
      0.975634753704071,
      0.20737427473068237,
      -0.07164238393306732,
      -0.1913861185312271,
      0.9640669822692871,
      0.1842450350522995,
      0.10727574676275253,
      -0.16604451835155487,
      0.9802657961845398
    ],
    [
      0.9478020071983337,
      -0.3084718585014343,
      0.0807245671749115,
      0.31556007266044617,
      0.9437627792358398,
      -0.09865917265415192,
      -0.045751266181468964,
      0.11898281425237656,
      0.9918416738510132
    ],
    [
      0.9814227223396301,
      -0.049250464886426926,
      0.18542882800102234,
      0.06272611021995544,
      0.9957442879676819,
      -0.06751895695924759,
      -0.1813143491744995,
      0.0778958722949028,
      0.9803353548049927
    ],
    [
      0.5771336555480957,
      0.5920132994651794,
      -0.5625273585319519,
      -0.6151096224784851,
      0.7682226300239563,
      0.177409365773201,
      0.5371749997138977,
      0.24362707138061523,
      0.8075202107429504
    ],
    [
      0.6136907339096069,
      -0.770263135433197,
      0.17343126237392426,
      0.7895419597625732,
      0.5979532599449158,
      -0.1381135880947113,
      0.002680010860785842,
      0.22169028222560883,
      0.9751134514808655
    ],
    [
      -0.07781882584095001,
      -0.3142774701118469,
      -0.9461362957954407,
      0.4206539988517761,
      0.8500511646270752,
      -0.31695932149887085,
      0.9038774371147156,
      -0.4226614236831665,
      0.06605209410190582
    ],
    [
      0.32352182269096375,
      0.311886727809906,
      0.893342137336731,
      0.08351412415504456,
      0.9310197234153748,
      -0.35528528690338135,
      -0.9425279498100281,
      0.18954923748970032,
      0.27515825629234314
    ],
    [
      0.9512315988540649,
      -0.2617201805114746,
      0.16328205168247223,
      0.3032156825065613,
      0.8906314373016357,
      -0.3388744592666626,
      -0.05673384293913841,
      0.37185776233673096,
      0.9265544414520264
    ],
    [
      0.964554488658905,
      0.08606567233800888,
      0.24945417046546936,
      0.010298771783709526,
      0.932320237159729,
      -0.3614872097969055,
      -0.2636827826499939,
      0.35124316811561584,
      0.8983873128890991
    ],
    [
      0.9770777821540833,
      0.12899406254291534,
      -0.16935057938098907,
      -0.12364694476127625,
      0.9914457201957703,
      0.041794560849666595,
      0.17329315841197968,
      -0.0198968518525362,
      0.9846693277359009
    ],
    [
      0.8494334816932678,
      -0.2567501664161682,
      0.4610230028629303,
      0.1957617551088333,
      0.9646323919296265,
      0.17652688920497894,
      -0.49004098773002625,
      -0.059697188436985016,
      0.8696529269218445
    ]
  ],
  "root_rot": [
    -0.09029871225357056,
    0.04632188379764557,
    -0.9948368072509766,
    0.12914420664310455,
    -0.9899389147758484,
    -0.057815901935100555,
    -0.9875058531761169,
    -0.13369813561439514,
    0.08340800553560257
  ],
  "root_trans": [
    0.5158395171165466,
    0.4763568341732025,
    2.702956438064575
  ]
}