{
  "betas": [
    -0.9223337769508362,
    0.8280320167541504,
    0.6803455352783203,
    0.15209969878196716,
    0.39109259843826294,
    0.35407233238220215,
    -0.04498332738876343,
    0.20378971099853516,
    0.22609534859657288,
    0.2988206446170807
  ],
  "joints": [
    [
      0.9347293376922607,
      -0.3553536534309387,
      -0.0022036773152649403,
      0.35454612970352173,
      0.9321495890617371,
      0.07344494014978409,
      -0.02404477261006832,
      -0.06943243741989136,
      0.9972968101501465
    ],
    [
      0.9866039752960205,
      0.16294579207897186,
      0.007824084721505642,
      -0.12268241494894028,
      0.7094963192939758,
      0.6939480304718018,
      0.10752476751804352,
      -0.6856117844581604,
      0.7199824452400208
    ],
    [
      0.9892783164978027,
      0.1425255537033081,
      0.03185880929231644,
      -0.1274062842130661,
      0.9488834142684937,
      -0.2887694239616394,
      -0.07138732075691223,
      0.2816143035888672,
      0.9568684101104736
    ],
    [
      0.9960335493087769,
      0.01378654781728983,
      -0.08790316432714462,
      -0.049626823514699936,
      0.9060649871826172,
      -0.4202183187007904,
      0.07385263592004776,
      0.42291393876075745,
      0.9031553268432617
    ],
    [
      0.9724695682525635,
      -0.16902625560760498,
      0.16041557490825653,
      0.19983968138694763,
      0.2508208453655243,
      -0.9471815824508667,
      0.11986298114061356,
      0.9531626105308533,
      0.2776937782764435
    ],
    [
      0.9847202301025391,
      -0.1255943775177002,
      -0.12063216418027878,
      0.1419217735528946,
      0.9802154898643494,
      0.13797050714492798,
      0.10091719031333923,
      -0.1529826819896698,
      0.9830626249313354
    ],
    [
      0.9779738187789917,
      -0.12363697588443756,
      0.1681698113679886,
      0.1066926047205925,
      0.9885889291763306,
      0.10634231567382812,
      -0.17939865589141846,
      -0.08605752885341644,
      0.9800052642822266
    ],
    [
      0.9080272316932678,
      -0.4007892310619354,
      -0.12187938392162323,
      0.3804110884666443,
      0.9107406735420227,
      -0.1607445627450943,
      0.1754252016544342,
      0.09959616512060165,
      0.9794420003890991
    ],
    [
      0.9952977895736694,
      -0.08578873425722122,
      -0.04497302323579788,
      0.08573931455612183,
      0.9963130354881287,
      -0.0030300249345600605,
      0.04506714642047882,
      -0.0008401793311350048,
      0.99898362159729
    ],
    [
      0.9056474566459656,
      -0.052973926067352295,
      0.4207092821598053,
      -0.2816517949104309,
      0.6665255427360535,
      0.6902287602424622,
      -0.3169776201248169,
      -0.7435975670814514,
      0.588716983795166
    ],
    [
      0.8755473494529724,
      0.21648581326007843,
      0.43191516399383545,
      -0.31126877665519714,
      0.9364820122718811,
      0.1615953892469406,
      -0.36949771642684937,
      -0.2759261429309845,
      0.8873196244239807
    ],
    [
      0.9903548955917358,
      -0.04922663792967796,
      -0.12951385974884033,
      0.0501590371131897,
      0.9987334609031677,
      0.003945190459489822,
      0.12915562093257904,
      -0.010403430089354515,
      0.9915697574615479
    ],
    [
      0.6030105948448181,
      -0.09890145063400269,
      -0.7915785908699036,
      0.48504939675331116,
      0.8332421779632568,
      0.26539507508277893,
      0.6333286762237549,
      -0.5439907908439636,
      0.5504259467124939
    ],
    [
      0.7472357749938965,
      -0.26602640748023987,
      0.6089898943901062,
      0.18896476924419403,
      0.963609516620636,
      0.18907427787780762,
      -0.637127161026001,
      -0.02620541863143444,
      0.7703131437301636
    ],
    [
      0.9689666032791138,
      -0.09972919523715973,
      -0.22618061304092407,
      0.1245402991771698,
      0.9873442649841309,
      0.09818857908248901,
      0.21352586150169373,
      -0.12331007421016693,
      0.969123899936676
    ],
    [
      0.5846976041793823,
      0.3295828104019165,
      -0.7412852644920349,
      -0.036044348031282425,
      0.9234071969985962,
      0.3821255564689636,
      0.8104501366615295,
      -0.19670872390270233,
      0.5517935752868652
    ],
    [
      0.5057677030563354,
      -0.7202455997467041,
      0.47481074929237366,
      0.8271099328994751,
      0.5612570643424988,
      -0.029659206047654152,
      -0.24512898921966553,
      0.4077213406562805,
      0.8795880079269409
    ],
    [
      0.4214344918727875,
      -0.11187282204627991,
      -0.8999319076538086,
      0.4601787328720093,
      0.8814853429794312,
      0.10592015832662582,
      0.781427264213562,
      -0.45876792073249817,
      0.4229698181152344
    ],
    [
      0.4896440804004669,
      0.3715195655822754,
      0.7888104319572449,
      0.0917738825082779,
      0.8776947259902954,
      -0.4703504145145416,
      -0.8670791387557983,
      0.30269646644592285,
      0.39566221833229065
    ],
    [
      0.8990222811698914,
      -0.32368263602256775,
      0.29493817687034607,
      0.4335538148880005,
      0.7526152729988098,
      -0.49558189511299133,
      -0.06156371161341667,
      0.57341068983078,
      0.8169517517089844
    ],
    [
      0.8847415447235107,
      0.40665385127067566,
      -0.22773894667625427,
      -0.4659964442253113,
      0.7811492085456848,
      -0.4155154824256897,
      0.008927147835493088,
      0.4737493395805359,
      0.8806143999099731
    ],
    [
      0.9686468243598938,
      0.205799400806427,
      -0.13917586207389832,
      -0.1649106740951538,
      0.9515952467918396,
      0.25936636328697205,
      0.18581654131412506,
      -0.22828280925750732,
      0.9556982517242432
    ],
    [
      0.9535250663757324,
      -0.1482706218957901,
      0.2623085379600525,
      0.1615198850631714,
      0.9864264726638794,
      -0.029565149918198586,
      -0.2543644607067108,
      0.07055915892124176,
      0.9645310044288635
    ]
  ],
  "root_rot": [
    0.9418211579322815,
    0.32939836382865906,
    -0.06685493886470795,
    0.33115512132644653,
    -0.9434260129928589,
    0.01684178039431572,
    -0.05752503126859665,
    -0.038001302629709244,
    -0.9976205229759216
  ],
  "root_trans": [
    0.020478688180446625,
    0.5162584781646729,
    2.46213960647583
  ]
}