{
  "betas": [
    -0.6075506210327148,
    1.050498604774475,
    0.7840453386306763,
    0.07997304201126099,
    -0.21984189748764038,
    -0.013787824660539627,
    0.16718049347400665,
    0.6913681030273438,
    0.30243685841560364,
    1.1390105485916138
  ],
  "joints": [
    [
      0.8976971507072449,
      -0.4313352406024933,
      0.0899423286318779,
      0.41384145617485046,
      0.8954694867134094,
      0.16391921043395996,
      -0.15124475955963135,
      -0.1099279597401619,
      0.98236483335495
    ],
    [
      0.963786780834198,
      0.21505609154701233,
      -0.15768961608409882,
      -0.1896696388721466,
      0.9684674143791199,
      0.16154354810714722,
      0.18745817244052887,
      -0.12578459084033966,
      0.9741857051849365
    ],
    [
      0.99812912940979,
      0.031435348093509674,
      0.052441518753767014,
      -0.024978745728731155,
      0.992516815662384,
      -0.11952555179595947,
      -0.055806420743465424,
      0.11799200624227524,
      0.9914451837539673
    ],
    [
      0.9994679689407349,
      -0.0003782210114877671,
      0.03261248767375946,
      0.004789994563907385,
      0.9907921552658081,
      -0.1353069245815277,
      -0.032261017709970474,
      0.13539116084575653,
      0.9902668595314026
    ],
    [
      0.9975473284721375,
      -0.05444852262735367,
      -0.04398512840270996,
      0.032955966889858246,
      0.9197469353675842,
      -0.3911259174346924,
      0.061751414090394974,
      0.38871705532073975,
      0.9192854762077332
    ],
    [
      0.9957293272018433,
      0.027693452313542366,
      -0.08806992322206497,
      -0.03452426195144653,
      0.9964324831962585,
      -0.07700873911380768,
      0.08562309294939041,
      0.0797204002737999,
      0.9931331276893616
    ],
    [
      0.9699438214302063,
      0.15055780112743378,
      0.1911582499742508,
      -0.08130612969398499,
      0.9409739971160889,
      -0.3285684585571289,
      -0.2293434739112854,
      0.30315056443214417,
      0.9249331951141357
    ],
    [
      0.9468382000923157,
      -0.24630911648273468,
      -0.2069522589445114,
      0.25687628984451294,
      0.9661102890968323,
      0.025409428402781487,
      0.19368010759353638,
      -0.07721974700689316,
      0.9780210852622986
    ],
    [
      0.9984644055366516,
      0.03455714136362076,
      0.04329558461904526,
      -0.03760542720556259,
      0.996717631816864,
      0.0716923251748085,
      -0.04067599028348923,
      -0.07321039587259293,
      0.9964866042137146
    ],
    [
      0.9763347506523132,
      -0.18025019764900208,
      0.1195000484585762,
      0.10249262303113937,
      0.872221827507019,
      0.47825130820274353,
      -0.19043545424938202,
      -0.4546855390071869,
      0.8700547814369202
    ],
    [
      0.9113729596138,
      0.35364314913749695,
      0.21056091785430908,
      -0.30195340514183044,
      0.9221432209014893,
      -0.24181832373142242,
      -0.2796846926212311,
      0.1568070948123932,
      0.9472001791000366
    ],
    [
      0.9674177169799805,
      0.19793011248111725,
      0.15788166224956512,
      -0.18120545148849487,
      0.9767888188362122,
      -0.11422841995954514,
      -0.17682629823684692,
      0.08189757913351059,
      0.9808288216590881
    ],
    [
      0.9227064251899719,
      0.3835280239582062,
      -0.038976479321718216,
      -0.3811663091182709,
      0.9227738976478577,
      0.05657384172081947,
      0.05766412988305092,
      -0.03734452649950981,
      0.9976373910903931
    ],
    [
      0.9493163228034973,
      -0.3130689263343811,
      0.028045354411005974,
      0.31413909792900085,
      0.9419295191764832,
      -0.118681900203228,
      0.010738863609731197,
      0.12147678434848785,
      0.9925362467765808
    ],
    [
      0.8990551829338074,
      -0.09399140626192093,
      0.42762765288352966,
      0.09671119600534439,
      0.9951931238174438,
      0.01541269663721323,
      -0.427020788192749,
      0.027499521151185036,
      0.9038235545158386
    ],
    [
      0.7581180930137634,
      0.46927881240844727,
      -0.4528071880340576,
      -0.6014190316200256,
      0.7715728878974915,
      -0.20729312300682068,
      0.25209546089172363,
      0.4294795095920563,
      0.8671765923500061
    ],
    [
      0.7735921740531921,
      -0.6170579791069031,
      0.14420351386070251,
      0.6326053142547607,
      0.7652848362922668,
      -0.11895202100276947,
      -0.03695647418498993,
      0.1832442432641983,
      0.982372522354126
    ],
    [
      0.1513507068157196,
      -0.1597919911146164,
      -0.9754791855812073,
      -0.20050254464149475,
      0.9613702297210693,
      -0.18858984112739563,
      0.9679316282272339,
      0.22412927448749542,
      0.11346536129713058
    ],
    [
      -0.04272705689072609,
      0.233117938041687,
      0.9715093374252319,
      0.1668282151222229,
      0.9604097604751587,
      -0.2231174260377884,
      -0.9850597381591797,
      0.15254202485084534,
      -0.07992613315582275
    ],
    [
      0.9759093523025513,
      -0.1977424919605255,
      -0.09218946844339371,
      0.16474896669387817,
      0.9449233412742615,
      -0.2828030586242676,
      0.1430341750383377,
      0.2608020305633545,
      0.9547374248504639
    ],
    [
      0.9439876675605774,
      0.1592380404472351,
      0.289016455411911,
      -0.06727338582277298,
      0.9503344893455505,
      -0.30387255549430847,
      -0.3230504095554352,
      0.2674088478088379,
      0.9078165292739868
    ],
    [
      0.9626255035400391,
      0.1745515614748001,
      -0.2070842981338501,
      -0.1346326619386673,
      0.9718510508537292,
      0.19333815574645996,
      0.2350025624036789,
      -0.1582319289445877,
      0.959028959274292
    ],
    [
      0.8869508504867554,
      -0.2896949052810669,
      0.3597153127193451,
      0.2597900331020355,
      0.9568686485290527,
      0.13004441559314728,
      -0.3818735182285309,
      -0.02189253643155098,
      0.9239553213119507
    ]
  ],
  "root_rot": [
    -0.6448743343353271,
    0.023527830839157104,
    -0.7639263272285461,
    0.12925849854946136,
    -0.9817704558372498,
    -0.13935165107250214,
    -0.7532790899276733,
    -0.18860825896263123,
    0.6300774216651917
  ],
  "root_trans": [
    0.45710253715515137,
    0.4769458472728729,
    2.7735300064086914
  ]
}