{
  "betas": [
    -0.7251672744750977,
    1.0599966049194336,
    1.3672171831130981,
    0.09404513239860535,
    -0.31264013051986694,
    -0.15082252025604248,
    0.13330654799938202,
    0.7377273440361023,
    0.19980725646018982,
    1.2063543796539307
  ],
  "joints": [
    [
      0.9508998394012451,
      -0.30947595834732056,
      0.0037566390819847584,
      0.29144102334976196,
      0.8994388580322266,
      0.3256866931915283,
      -0.10417106747627258,
      -0.3086005747318268,
      0.9454702734947205
    ],
    [
      0.9720178842544556,
      0.12741921842098236,
      -0.19734658300876617,
      -0.14153200387954712,
      0.9881689548492432,
      -0.05908341333270073,
      0.18748340010643005,
      0.08536098152399063,
      0.9785518050193787
    ],
    [
      0.9958204030990601,
      -0.012121524661779404,
      0.09052512049674988,
      0.02186853066086769,
      0.9939678311347961,
      -0.10746989399194717,
      -0.0886763483285904,
      0.10900036990642548,
      0.9900785088539124
    ],
    [
      0.9946731328964233,
      0.02112462744116783,
      0.10089138150215149,
      -0.003602083306759596,
      0.9853008985519409,
      -0.17078976333141327,
      -0.10301624238491058,
      0.16951657831668854,
      0.9801284074783325
    ],
    [
      0.9998421669006348,
      -0.01775962859392166,
      0.0005317000905051827,
      0.017676716670393944,
      0.9912602305412292,
      -0.13073106110095978,
      0.0017946823500096798,
      0.13071982562541962,
      0.9914177060127258
    ],
    [
      0.993630588054657,
      -0.009794994257390499,
      -0.11226052045822144,
      0.00671923765912652,
      0.9995924830436707,
      -0.027744049206376076,
      0.11248652637004852,
      0.026813028380274773,
      0.9932914972305298
    ],
    [
      0.9813073873519897,
      0.1874384880065918,
      0.04361836984753609,
      -0.16948071122169495,
      0.9490857124328613,
      -0.26554206013679504,
      -0.09117037802934647,
      0.2531859278678894,
      0.9631120562553406
    ],
    [
      0.9523875117301941,
      -0.2614326775074005,
      -0.1568785011768341,
      0.2804611325263977,
      0.9530147910118103,
      0.11447403579950333,
      0.11958029121160507,
      -0.15302199125289917,
      0.9809610843658447
    ],
    [
      0.9987636804580688,
      0.006737972144037485,
      0.04925054311752319,
      -0.007125911768525839,
      0.9999449253082275,
      0.007705428171902895,
      -0.04919591173529625,
      -0.008046857081353664,
      0.9987567067146301
    ],
    [
      0.8966353535652161,
      -0.4250931441783905,
      0.12385840713977814,
      0.29099777340888977,
      0.776597797870636,
      0.5587630271911621,
      -0.33371448516845703,
      -0.4649641811847687,
      0.8200262188911438
    ],
    [
      0.9353185296058655,
      0.298740953207016,
      0.18956036865711212,
      -0.23107756674289703,
      0.9215158820152283,
      -0.31210848689079285,
      -0.26792246103286743,
      0.24811770021915436,
      0.9309431910514832
    ],
    [
      0.9924481511116028,
      0.12248191237449646,
      -0.006690902169793844,
      -0.12265846133232117,
      0.9914639592170715,
      -0.044205404818058014,
      0.0012194259325042367,
      0.0446922704577446,
      0.9990000128746033
    ],
    [
      0.977209210395813,
      0.19957125186920166,
      -0.07234269380569458,
      -0.1834126114845276,
      0.9653595089912415,
      0.1855822503566742,
      0.10687360167503357,
      -0.16808412969112396,
      0.9799621105194092
    ],
    [
      0.9497178792953491,
      -0.3017377555370331,
      0.08360803872346878,
      0.3090892434120178,
      0.9461285471916199,
      -0.09646047651767731,
      -0.04999818280339241,
      0.11745257675647736,
      0.9918190836906433
    ],
    [
      0.9820465445518494,
      -0.04620865359902382,
      0.18289169669151306,
      0.05970349162817001,
      0.9958299994468689,
      -0.06897876411676407,
      -0.17894163727760315,
      0.07865963131189346,
      0.9807102084159851
    ],
    [
      0.5699458122253418,
      0.5979525446891785,
      -0.5635730028152466,
      -0.6239066123962402,
      0.7612534761428833,
      0.17673048377037048,
      0.5346983671188354,
      0.2508901059627533,
      0.8069397807121277
    ],
    [
      0.6085656881332397,
      -0.7747610807418823,
      0.17144417762756348,
      0.7935015559196472,
      0.5946728587150574,
      -0.12930387258529663,
      -0.0017735898727551103,
      0.2147311121225357,
      0.976671576499939
    ],
    [
      -0.07274989038705826,
      -0.3093165457248688,
      -0.9481722116470337,
      0.4133221209049225,
      0.8558602333068848,
      -0.31091487407684326,
      0.9076740741729736,
      -0.41451960802078247,
      0.06558363884687424
    ],
    [
      0.3740677237510681,
      0.30586767196655273,
      0.8755102753639221,
      0.058219049125909805,
      0.9344398975372314,
      -0.3513297438621521,
      -0.9255721569061279,
      0.18239252269268036,
      0.3317364752292633
    ],
    [
      0.9494640827178955,
      -0.2679017186164856,
      0.1635439246892929,
      0.30870354175567627,
      0.8912404179573059,
      -0.33225393295288086,
      -0.05674557015299797,
      0.36594974994659424,
      0.9289029836654663
    ],
    [
      0.9655961394309998,
      0.10099858790636063,
      0.23963160812854767,
      -0.0038871965371072292,
      0.9269993305206299,
      -0.3750428259372711,
      -0.26001712679862976,
      0.361208438873291,
      0.895499587059021
    ],
    [
      0.9745267033576965,
      0.13834723830223083,
      -0.17651547491550446,
      -0.13102810084819794,
      0.9899862408638,
      0.05252504721283913,
      0.1820145845413208,
      -0.028058577328920364,
      0.9828953742980957
    ],
    [
      0.8336524963378906,
      -0.29034146666526794,
      0.46981415152549744,
      0.2188083827495575,
      0.9546874761581421,
      0.2017291933298111,
      -0.5070960521697998,
      -0.0653727799654007,
      0.8594067692756653
    ]
  ],
  "root_rot": [
    -0.09311022609472275,
    0.04364340007305145,
    -0.9946988821029663,
    0.13315610587596893,
    -0.9895185232162476,
    -0.05588037893176079,
    -0.9867116808891296,
    -0.13765326142311096,
    0.08632291108369827
  ],
  "root_trans": [
    0.5165767073631287,
    0.47636955976486206,
    2.7042691707611084
  ]
}