{
  "betas": [
    -0.8035264611244202,
    1.167012333869934,
    1.5015506744384766,
    -0.11959841847419739,
    -0.26923078298568726,
    0.009704697877168655,
    0.2623169422149658,
    0.43676960468292236,
    0.057525038719177246,
    0.2724968492984772
  ],
  "joints": [
    [
      0.9376887083053589,
      -0.3319624066352844,
      -0.10266903042793274,
      0.3425992727279663,
      0.8339167237281799,
      0.4326760768890381,
      -0.05801476910710335,
      -0.44088977575302124,
      0.8956843614578247
    ],
    [
      0.8510262370109558,
      0.4421605169773102,
      -0.2832816243171692,
      -0.41912564635276794,
      0.8969351649284363,
      0.14085783064365387,
      0.3163670301437378,
      -0.0011431208113208413,
      0.9486361742019653
    ],
    [
      0.985274612903595,
      -0.018904678523540497,
      0.16993066668510437,
      0.055490002036094666,
      0.975426971912384,
      -0.21322093904018402,
      -0.16172407567501068,
      0.21951065957546234,
      0.9621124267578125
    ],
    [
      0.9942933320999146,
      0.10154574364423752,
      0.03270122408866882,
      -0.07083535939455032,
      0.8576256036758423,
      -0.509372889995575,
      -0.0797700509428978,
      0.5041495561599731,
      0.8599244356155396
    ],
    [
      0.9988408088684082,
      -0.04647023603320122,
      -0.012550639919936657,
      0.03639944642782211,
      0.8998017311096191,
      -0.43477797508239746,
      0.031497322022914886,
      0.43381717801094055,
      0.9004501700401306
    ],
    [
      0.9994737505912781,
      0.01070432085543871,
      -0.03062175214290619,
      -0.009410771541297436,
      0.9990699291229248,
      0.04207970201969147,
      0.031043706461787224,
      -0.04176938161253929,
      0.9986448884010315
    ],
    [
      0.9983336925506592,
      0.05589567869901657,
      0.014336633495986462,
      -0.05595089867711067,
      0.9984273910522461,
      0.003479940816760063,
      -0.01411957573145628,
      -0.004276289604604244,
      0.9998911023139954
    ],
    [
      0.8319254517555237,
      -0.31684017181396484,
      -0.4555351436138153,
      0.29641690850257874,
      0.9477579593658447,
      -0.11786357313394547,
      0.46908098459243774,
      -0.03697461634874344,
      0.8823807239532471
    ],
    [
      0.9845479130744934,
      -0.004502933006733656,
      0.1750578135251999,
      0.013828103430569172,
      0.998546838760376,
      -0.05208588391542435,
      -0.17456889152526855,
      0.05370176210999489,
      0.9831794500350952
    ],
    [
      0.9272857904434204,
      -0.3720201849937439,
      0.04173867404460907,
      0.26963961124420166,
      0.7410826683044434,
      0.6148911118507385,
      -0.2596836984157562,
      -0.5589253306388855,
      0.7875068187713623
    ],
    [
      0.8733882904052734,
      0.2581493556499481,
      0.41297921538352966,
      -0.19113866984844208,
      0.9616177678108215,
      -0.19686882197856903,
      -0.44794970750808716,
      0.09300661087036133,
      0.8892080187797546
    ],
    [
      0.9827064275741577,
      0.09109050780534744,
      -0.16121594607830048,
      -0.09772860258817673,
      0.9946416616439819,
      -0.03371941298246384,
      0.1572805941104889,
      0.048891693353652954,
      0.9863429069519043
    ],
    [
      0.9122215509414673,
      0.015320497564971447,
      -0.4094108045101166,
      0.15425412356853485,
      0.9129220843315125,
      0.377860963344574,
      0.37954920530319214,
      -0.4078461825847626,
      0.8304239511489868
    ],
    [
      0.7549722194671631,
      -0.30287352204322815,
      0.581622302532196,
      0.2758786082267761,
      0.9513364434242249,
      0.13729514181613922,
      -0.5949015617370605,
      0.0568031407892704,
      0.8017889261245728
    ],
    [
      0.9950211048126221,
      -0.0047925845719873905,
      0.09954928606748581,
      0.007487675175070763,
      0.9996150135993958,
      -0.026716968044638634,
      -0.0993829146027565,
      0.0273293387144804,
      0.9946739077568054
    ],
    [
      0.2569311857223511,
      0.6200382709503174,
      -0.7413089275360107,
      -0.6206523180007935,
      0.6938347816467285,
      0.36521780490875244,
      0.7407949566841125,
      0.3662591874599457,
      0.5630959868431091
    ],
    [
      0.44599416851997375,
      -0.7012426853179932,
      0.5561904907226562,
      0.736504852771759,
      0.6406368613243103,
      0.2171289026737213,
      -0.5085762143135071,
      0.31279879808425903,
      0.8021889328956604
    ],
    [
      -0.6340509057044983,
      -0.33163201808929443,
      -0.6985697746276855,
      0.21471722424030304,
      0.7923466563224792,
      -0.5710370540618896,
      0.7428836226463318,
      -0.5120614767074585,
      -0.43118101358413696
    ],
    [
      0.9520442485809326,
      -0.009377808310091496,
      0.30581650137901306,
      0.07423588633537292,
      0.976742684841156,
      -0.20115362107753754,
      -0.2968176305294037,
      0.21420970559120178,
      0.9305984377861023
    ],
    [
      0.8799757957458496,
      -0.32323360443115234,
      0.34808436036109924,
      0.4337214231491089,
      0.8455780744552612,
      -0.31126105785369873,
      -0.19372248649597168,
      0.42487382888793945,
      0.884281575679779
    ],
    [
      0.9020691514015198,
      0.22948621213436127,
      -0.3655232787132263,
      -0.4067915976047516,
      0.7350414991378784,
      -0.5424339175224304,
      0.14419366419315338,
      0.638004720211029,
      0.7564113140106201
    ],
    [
      0.9335273504257202,
      0.12902823090553284,
      -0.3344821035861969,
      -0.10984156280755997,
      0.9910590052604675,
      0.07574241608381271,
      0.34126439690589905,
      -0.03396759182214737,
      0.939353346824646
    ],
    [
      0.9792436361312866,
      -0.09925924241542816,
      0.17671865224838257,
      0.06801270693540573,
      0.982246458530426,
      0.17483174800872803,
      -0.1909349411725998,
      -0.15918377041816711,
      0.9686095118522644
    ]
  ],
  "root_rot": [
    -0.26848435401916504,
    -0.006041068118065596,
    -0.963265061378479,
    0.12566448748111725,
    -0.9916544556617737,
    -0.028806500136852264,
    -0.9550521373748779,
    -0.12878231704235077,
    0.2670028507709503
  ],
  "root_trans": [
    0.2944466471672058,
    0.5394490361213684,
    2.5482659339904785
  ]
}