{
  "betas": [
    -0.5971876382827759,
    1.1951208114624023,
    0.8233249187469482,
    0.06662708520889282,
    0.20521411299705505,
    0.6796510219573975,
    0.04984337091445923,
    0.6519370079040527,
    -0.06349095702171326,
    0.44307219982147217
  ],
  "joints": [
    [
      0.984965443611145,
      -0.11081298440694809,
      -0.13252785801887512,
      0.16399182379245758,
      0.8409672379493713,
      0.5156363248825073,
      0.05431237071752548,
      -0.529617428779602,
      0.8464961051940918
    ],
    [
      0.9502496719360352,
      0.0965140163898468,
      -0.29615968465805054,
      -0.15974116325378418,
      0.9672342538833618,
      -0.19733387231826782,
      0.2674102783203125,
      0.23482535779476166,
      0.9345312714576721
    ],
    [
      0.9726735353469849,
      -0.006602423265576363,
      0.23208309710025787,
      0.036835163831710815,
      0.991323709487915,
      -0.1261766105890274,
      -0.2292363941669464,
      0.13127747178077698,
      0.9644775390625
    ],
    [
      0.998795747756958,
      0.04276673495769501,
      0.024043871089816093,
      -0.027575036510825157,
      0.8946731686592102,
      -0.4458693265914917,
      -0.04057978466153145,
      0.44466933608055115,
      0.8947750329971313
    ],
    [
      0.9974405765533447,
      -0.04284580424427986,
      0.05724179744720459,
      0.05192258581519127,
      0.9844361543655396,
      -0.16789720952510834,
      -0.04915720596909523,
      0.17043961584568024,
      0.9841412305831909
    ],
    [
      0.9982777833938599,
      -0.03222038969397545,
      -0.04902210831642151,
      0.04031968489289284,
      0.9838458895683289,
      0.17441783845424652,
      0.04261038452386856,
      -0.17609402537345886,
      0.9834505915641785
    ],
    [
      0.9738546013832092,
      0.1555471569299698,
      0.16556650400161743,
      -0.1502857208251953,
      0.9876664280891418,
      -0.043923553079366684,
      -0.1703566610813141,
      0.017892874777317047,
      0.9852200150489807
    ],
    [
      0.8251881003379822,
      -0.2012515366077423,
      -0.5277901291847229,
      0.34238919615745544,
      0.9213667511940002,
      0.18399173021316528,
      0.4492596387863159,
      -0.332537442445755,
      0.8292072415351868
    ],
    [
      0.9845860600471497,
      -0.053783874958753586,
      0.1664258986711502,
      0.06285957992076874,
      0.996781587600708,
      -0.04975121095776558,
      -0.16321446001529694,
      0.0594458132982254,
      0.9847980737686157
    ],
    [
      0.914358377456665,
      -0.39686504006385803,
      0.08029249310493469,
      0.24919067323207855,
      0.7078455686569214,
      0.6609528064727783,
      -0.31914371252059937,
      -0.5843395590782166,
      0.7461196184158325
    ],
    [
      0.750184178352356,
      0.3903163969516754,
      0.5337384939193726,
      -0.30902111530303955,
      0.920570433139801,
      -0.23886416852474213,
      -0.5845764875411987,
      0.014255682937800884,
      0.8112133741378784
    ],
    [
      0.9630776047706604,
      0.07602250576019287,
      -0.25826722383499146,
      -0.08084865659475327,
      0.9966934323310852,
      -0.0081017492339015,
      0.25679734349250793,
      0.02868317812681198,
      0.9660394191741943
    ],
    [
      0.7981456518173218,
      -0.42337048053741455,
      -0.42862680554389954,
      0.5706822276115417,
      0.7593194246292114,
      0.3126591742038727,
      0.19309403002262115,
      -0.49415725469589233,
      0.8476575016975403
    ],
    [
      0.863810658454895,
      -0.05549037829041481,
      0.5007513761520386,
      -0.012682625092566013,
      0.9912061095237732,
      0.13171763718128204,
      -0.5036569237709045,
      -0.12012994289398193,
      0.8555106520652771
    ],
    [
      0.992324709892273,
      -0.02706645429134369,
      -0.12066050618886948,
      0.029306434094905853,
      0.9994287490844727,
      0.01682824082672596,
      0.12013611197471619,
      -0.02023521065711975,
      0.9925510883331299
    ],
    [
      0.9053888320922852,
      0.019200343638658524,
      -0.4241489768028259,
      0.032507166266441345,
      0.9929100871086121,
      0.11433678865432739,
      0.42333707213401794,
      -0.1173071339726448,
      0.8983455300331116
    ],
    [
      0.9225630760192871,
      -0.18317089974880219,
      0.339596688747406,
      0.09166155755519867,
      0.9589810967445374,
      0.2682415246963501,
      -0.37480083107948303,
      -0.2163417488336563,
      0.9015102982521057
    ],
    [
      -0.08861036598682404,
      0.021455053240060806,
      -0.9958353042602539,
      0.25329968333244324,
      0.9673864245414734,
      -0.0016967160627245903,
      0.9633210897445679,
      -0.2523950934410095,
      -0.0911550223827362
    ],
    [
      0.7756526470184326,
      0.15663988888263702,
      0.6114139556884766,
      -0.3898952007293701,
      0.8806926608085632,
      0.2690020799636841,
      -0.4963313341140747,
      -0.44703951478004456,
      0.7441847324371338
    ],
    [
      0.9804165959358215,
      -0.030063096433877945,
      0.1946265995502472,
      0.11994218826293945,
      0.8749926686286926,
      -0.4690432548522949,
      -0.15619595348834991,
      0.4832017421722412,
      0.861463189125061
    ],
    [
      0.985297679901123,
      0.011689680628478527,
      -0.17044582962989807,
      -0.11470826715230942,
      0.7846112847328186,
      -0.6092840433120728,
      0.1266113817691803,
      0.6198777556419373,
      0.7744165658950806
    ],
    [
      0.8892478346824646,
      0.3028877079486847,
      -0.34277868270874023,
      -0.20234408974647522,
      0.9325286149978638,
      0.29907742142677307,
      0.41023778915405273,
      -0.1965947300195694,
      0.8905366063117981
    ],
    [
      0.9582749605178833,
      -0.19779707491397858,
      0.20636241137981415,
      0.13608643412590027,
      0.9505523443222046,
      0.27916061878204346,
      -0.2513754367828369,
      -0.2394295036792755,
      0.9378080368041992
    ]
  ],
  "root_rot": [
    0.2622775733470917,
    0.00771482614800334,
    -0.9649616479873657,
    0.160068079829216,
    -0.9864630699157715,
    0.03561994060873985,
    -0.9516242742538452,
    -0.1638018637895584,
    -0.2599620521068573
  ],
  "root_trans": [
    0.3962339758872986,
    0.5037623047828674,
    2.6144838333129883
  ]
}