{
  "betas": [
    -0.7322198748588562,
    1.1067060232162476,
    1.3694268465042114,
    0.06180819869041443,
    -0.3233588933944702,
    -0.1585601270198822,
    0.1329706758260727,
    0.7645648717880249,
    0.25029295682907104,
    1.2323014736175537
  ],
  "joints": [
    [
      0.953285813331604,
      -0.3020063042640686,
      0.006188038736581802,
      0.2835192084312439,
      0.9016240239143372,
      0.32663601636886597,
      -0.10422539710998535,
      -0.3096230626106262,
      0.9451299905776978
    ],
    [
      0.97251296043396,
      0.12564490735530853,
      -0.19604068994522095,
      -0.14070311188697815,
      0.9879274964332581,
      -0.06482084095478058,
      0.18552960455417633,
      0.09062263369560242,
      0.9784508943557739
    ],
    [
      0.9959470629692078,
      -0.012935412116348743,
      0.0890057235956192,
      0.02232271060347557,
      0.9941903352737427,
      -0.10529642552137375,
      -0.08712657541036606,
      0.10685652494430542,
      0.9904497265815735
    ],
    [
      0.994217574596405,
      0.02479785494506359,
      0.10448189824819565,
      -0.006099083926528692,
      0.9844406247138977,
      -0.1756114512681961,
      -0.10721102356910706,
      0.17395874857902527,
      0.9788994193077087
    ],
    [
      0.9999010562896729,
      -0.013832529075443745,
      0.002571728080511093,
      0.014053385704755783,
      0.9906901121139526,
      -0.13540907204151154,
      -0.000674734590575099,
      0.13543179631233215,
      0.9907864928245544
    ],
    [
      0.9931605458259583,
      -0.00920646172016859,
      -0.11639353632926941,
      0.005256913602352142,
      0.9994013905525208,
      -0.03419423848390579,
      0.1166386678814888,
      0.03334849327802658,
      0.9926144480705261
    ],
    [
      0.9810042381286621,
      0.18724775314331055,
      0.05068349838256836,
      -0.1679423749446869,
      0.9505627751350403,
      -0.2612006664276123,
      -0.09708709269762039,
      0.24772711098194122,
      0.9639529585838318
    ],
    [
      0.9523181319236755,
      -0.25810760259628296,
      -0.1626979559659958,
      0.27917614579200745,
      0.9522804021835327,
      0.12338022142648697,
      0.12308871746063232,
      -0.16291861236095428,
      0.9789313673973083
    ],
    [
      0.9988959431648254,
      0.008296342566609383,
      0.046240147203207016,
      -0.008666873909533024,
      0.9999319314956665,
      0.007818538695573807,
      -0.0461721308529377,
      -0.008210663683712482,
      0.9988998770713806
    ],
    [
      0.8997162580490112,
      -0.42168760299682617,
      0.11265043914318085,
      0.2975093722343445,
      0.7813333868980408,
      0.5486403703689575,
      -0.31937241554260254,
      -0.46010616421699524,
      0.8284343481063843
    ],
    [
      0.9357067942619324,
      0.2980744540691376,
      0.18869143724441528,
      -0.23664963245391846,
      0.9270272850990295,
      -0.29089054465293884,
      -0.261629194021225,
      0.2275344878435135,
      0.937964916229248
    ],
    [
      0.9918766617774963,
      0.12718239426612854,
      0.002324641915038228,
      -0.12700438499450684,
      0.9911800026893616,
      -0.037842757999897,
      -0.007117070723325014,
      0.037240102887153625,
      0.9992810487747192
    ],
    [
      0.9744695425033569,
      0.20972417294979095,
      -0.0801556333899498,
      -0.19268959760665894,
      0.9644465446472168,
      0.18086865544319153,
      0.11523836106061935,
      -0.1608058363199234,
      0.9802354574203491
    ],
    [
      0.9508216977119446,
      -0.29843080043792725,
      0.0829288586974144,
      0.30574363470077515,
      0.9471561908721924,
      -0.09703610837459564,
      -0.04958802089095116,
      0.11761900037527084,
      0.9918199777603149
    ],
    [
      0.9800478219985962,
      -0.05649418383836746,
      0.1905638575553894,
      0.06937181204557419,
      0.99568772315979,
      -0.06159162148833275,
      -0.18626251816749573,
      0.07358250021934509,
      0.9797406792640686
    ],
    [
      0.5627163052558899,
      0.6052913665771484,
      -0.5630032420158386,
      -0.6275559067726135,
      0.7561095356941223,
      0.18566611409187317,
      0.538074254989624,
      0.24883869290351868,
      0.8053293228149414
    ],
    [
      0.6009410619735718,
      -0.7805344462394714,
      0.17215049266815186,
      0.7992731928825378,
      0.5883521437644958,
      -0.12249130755662918,
      -0.005676426459103823,
      0.21120533347129822,
      0.977425217628479
    ],
    [
      -0.08283844590187073,
      -0.3185461163520813,
      -0.9442808032035828,
      0.42251473665237427,
      0.846934974193573,
      -0.3227730095386505,
      0.9025625586509705,
      -0.4257105588912964,
      0.06443165242671967
    ],
    [
      0.3719026744365692,
      0.31171125173568726,
      0.8743708729743958,
      0.05260682478547096,
      0.9333429932594299,
      -0.3551103174686432,
      -0.9267798066139221,
      0.17806436121463776,
      0.330714613199234
    ],
    [
      0.9491211175918579,
      -0.26708176732063293,
      0.16684257984161377,
      0.3093869388103485,
      0.8896475434303284,
      -0.3358674943447113,
      -0.05872699245810509,
      0.3703978359699249,
      0.9270148873329163
    ],
    [
      0.9670138359069824,
      0.0859682708978653,
      0.23977835476398468,
      0.00994028989225626,
      0.9278740882873535,
      -0.37276121973991394,
      -0.2545297145843506,
      0.3628487288951874,
      0.8964125514030457
    ],
    [
      0.9782492518424988,
      0.12696895003318787,
      -0.16403420269489288,
      -0.12164951860904694,
      0.9916791319847107,
      0.04211859032511711,
      0.16801702976226807,
      -0.021247798576951027,
      0.9855550527572632
    ],
    [
      0.8572518229484558,
      -0.24302208423614502,
      0.45393797755241394,
      0.19317078590393066,
      0.9690083861351013,
      0.1539735496044159,
      -0.4772886335849762,
      -0.044306546449661255,
      0.8776289820671082
    ]
  ],
  "root_rot": [
    -0.07973690330982208,
    0.04604495316743851,
    -0.9957519769668579,
    0.12980487942695618,
    -0.9899472594261169,
    -0.056170929223299026,
    -0.988328218460083,
    -0.13373234868049622,
    0.07295846939086914
  ],
  "root_trans": [
    0.5129953026771545,
    0.4758710265159607,
    2.7033820152282715
  ]
}