{
  "betas": [
    -0.632206380367279,
    1.3219449520111084,
    0.8689885139465332,
    0.03804817795753479,
    0.13232317566871643,
    0.5110896229743958,
    0.09944027662277222,
    0.6935389637947083,
    -0.03431743383407593,
    0.45629051327705383
  ],
  "joints": [
    [
      0.9824283123016357,
      -0.14686450362205505,
      -0.11517545580863953,
      0.18479125201702118,
      0.8520469069480896,
      0.489763468503952,
      0.02620602771639824,
      -0.5024409294128418,
      0.864214301109314
    ],
    [
      0.946923553943634,
      0.11601854860782623,
      -0.2997922897338867,
      -0.16762100160121918,
      0.9739819765090942,
      -0.15251995623111725,
      0.27429714798927307,
      0.1946762353181839,
      0.9417335987091064
    ],
    [
      0.9741262793540955,
      -0.023247141391038895,
      0.22480566799640656,
      0.05712553858757019,
      0.9877230525016785,
      -0.14539551734924316,
      -0.2186657041311264,
      0.15447573363780975,
      0.9634950160980225
    ],
    [
      0.9987255334854126,
      0.02406385913491249,
      0.044365882873535156,
      -0.007787398993968964,
      0.941966712474823,
      -0.3356161117553711,
      -0.049867406487464905,
      0.33484286069869995,
      0.9409536123275757
    ],
    [
      0.9974684715270996,
      -0.04466069117188454,
      0.055336110293865204,
      0.04866356775164604,
      0.9961265325546265,
      -0.07323736697435379,
      -0.05185093730688095,
      0.07574481517076492,
      0.9957781434059143
    ],
    [
      0.9978159070014954,
      -0.04643680155277252,
      -0.04698052629828453,
      0.05292367562651634,
      0.987587571144104,
      0.14788460731506348,
      0.03953010216355324,
      -0.15004797279834747,
      0.9878882169723511
    ],
    [
      0.9638563990592957,
      0.23271353542804718,
      0.12971240282058716,
      -0.21212948858737946,
      0.9648991823196411,
      -0.1548246443271637,
      -0.16118916869163513,
      0.12171289324760437,
      0.9793896675109863
    ],
    [
      0.8357616066932678,
      -0.24418330192565918,
      -0.49181002378463745,
      0.35190296173095703,
      0.9257521033287048,
      0.13837409019470215,
      0.42150551080703735,
      -0.288717120885849,
      0.8596369028091431
    ],
    [
      0.985697329044342,
      -0.06188172101974487,
      0.156752809882164,
      0.07130122929811478,
      0.9959266185760498,
      -0.05519378185272217,
      -0.1526987999677658,
      0.06558103114366531,
      0.9860944747924805
    ],
    [
      0.8974340558052063,
      -0.43839332461357117,
      0.049228351563215256,
      0.31450191140174866,
      0.7140523195266724,
      0.6254740953445435,
      -0.3093552887439728,
      -0.5458393096923828,
      0.7786903977394104
    ],
    [
      0.7731415629386902,
      0.40891486406326294,
      0.484809935092926,
      -0.2985774874687195,
      0.9090657234191895,
      -0.2906043231487274,
      -0.5595566034317017,
      0.07992495596408844,
      0.8249292969703674
    ],
    [
      0.9695284366607666,
      0.07937679439783096,
      -0.2317625731229782,
      -0.08326441794633865,
      0.996502697467804,
      -0.007024518214166164,
      0.23039446771144867,
      0.026108045130968094,
      0.9727469682693481
    ],
    [
      0.8192797303199768,
      -0.41493526101112366,
      -0.39573922753334045,
      0.5489351749420166,
      0.7670058608055115,
      0.3322230577468872,
      0.16568326950073242,
      -0.48941877484321594,
      0.8561649322509766
    ],
    [
      0.8724614977836609,
      -0.059560708701610565,
      0.4850398004055023,
      -0.008803155273199081,
      0.9904682636260986,
      0.1374596655368805,
      -0.48860371112823486,
      -0.12419813126325607,
      0.8636211156845093
    ],
    [
      0.9977927207946777,
      -0.0035993470810353756,
      -0.06630796194076538,
      0.00750966090708971,
      0.9982405304908752,
      0.058817531913518906,
      0.06597958505153656,
      -0.05918565392494202,
      0.9960641860961914
    ],
    [
      0.9185296297073364,
      0.017291419208049774,
      -0.39497390389442444,
      0.02793937176465988,
      0.993706226348877,
      0.1084776297211647,
      0.39436373114585876,
      -0.11067527532577515,
      0.9122654795646667
    ],
    [
      0.9108403921127319,
      -0.21170204877853394,
      0.35433337092399597,
      0.1082087978720665,
      0.9508985280990601,
      0.2899705767631531,
      -0.3983224332332611,
      -0.22577491402626038,
      0.8890247941017151
    ],
    [
      -0.09535238146781921,
      0.011196238920092583,
      -0.9953805208206177,
      0.2636808156967163,
      0.9645023345947266,
      -0.01441036444157362,
      0.9598855376243591,
      -0.2638368606567383,
      -0.0949198305606842
    ],
    [
      0.6418173313140869,
      0.1835588812828064,
      0.7445648312568665,
      -0.5140941143035889,
      0.8234291076660156,
      0.24014943838119507,
      -0.5690147876739502,
      -0.5369084477424622,
      0.6228576302528381
    ],
    [
      0.9828170537948608,
      0.0024255947209894657,
      0.1845664083957672,
      0.0861876904964447,
      0.8781856298446655,
      -0.4704909324645996,
      -0.16322477161884308,
      0.4783138632774353,
      0.8628867864608765
    ],
    [
      0.9810424447059631,
      -0.005671476013958454,
      -0.19371037185192108,
      -0.10828402638435364,
      0.8129318952560425,
      -0.5722031593322754,
      0.16071850061416626,
      0.5823311805725098,
      0.796906590461731
    ],
    [
      0.8903013467788696,
      0.27036771178245544,
      -0.3664216995239258,
      -0.17553828656673431,
      0.9462418556213379,
      0.2716849148273468,
      0.4201783537864685,
      -0.17756040394306183,
      0.889900267124176
    ],
    [
      0.9591805338859558,
      -0.19506478309631348,
      0.20474962890148163,
      0.13026189804077148,
      0.9473972916603088,
      0.29235291481018066,
      -0.25100699067115784,
      -0.2537481486797333,
      0.9341345429420471
    ]
  ],
  "root_rot": [
    0.18494963645935059,
    0.005913825705647469,
    -0.9827302098274231,
    0.14788439869880676,
    -0.9887625575065613,
    0.02188168838620186,
    -0.9715574383735657,
    -0.1493774801492691,
    -0.1837458312511444
  ],
  "root_trans": [
    0.44862693548202515,
    0.479457288980484,
    2.6268763542175293
  ]
}