{
  "cameras": [
    {
      "camera_id": "C0000",
      "extrinsics": {
        "view_matrix": [
          0.9188561554738048,
          -0.35288937530265624,
          0.17655722683141506,
          -0.4215528027134117,
          0.12128194453000071,
          -0.1732111371771056,
          -0.9773886595867766,
          2.5001061297864164,
          0.37549175154578357,
          0.9194927899425396,
          -0.11635700995111783,
          2.859515562587755,
          0.0,
          0.0,
          0.0,
          1.0
        ]
      },
      "intrinsics": {
        "camera_matrix": [
          4568.130206896842,
          0.0,
          2654.714848224602,
          0.0,
          4567.692814053368,
          2268.3896364727348,
          0.0,
          0.0,
          1.0
        ],
        "color_correction_matrix": [
          1.5431115095062167,
          -0.38989381648627014,
          -0.2547371825840727,
          -0.5409460032593453,
          1.9282328143473744,
          -0.45575775547096326,
          0.06084527197081402,
          -0.6347260378786151,
          1.544129885638444
        ],
        "distortion_coefficients": [
          -0.13481412902112042,
          0.1378831301583332,
          8.00380100890099e-05,
          -0.0002008957437950671,
          -0.029573224236959062
        ],
        "resolution": [
          5328,
          4608
        ],
        "white_balance_coefficients": [
          2.106836865185809,
          1.0,
          1.957982496441579
        ]
      }
    },
    {
      "camera_id": "C0001",
      "extrinsics": {
        "view_matrix": [
          -0.9448953844464102,
          -0.02440899534342655,
          0.32646119738522456,
          -0.7790692059201593,
          -0.004505313451338789,
          0.9980916266419501,
          0.061585769280989563,
          -0.24795841960070703,
          -0.32734143428929857,
          0.05672129911726875,
          -0.9432021414436429,
          4.928857659116428,
          0.0,
          0.0,
          0.0,
          1.0
        ]
      },
      "intrinsics": {
        "camera_matrix": [
          4581.693041713196,
          0.0,
          2668.297294233263,
          0.0,
          4581.21802284425,
          2250.9356190862177,
          0.0,
          0.0,
          1.0
        ],
        "color_correction_matrix": [
          1.73781163733659,
          -0.47908235806893895,
          -0.32250287225065505,
          -0.6716319689519313,
          2.200987359249336,
          -0.5535355743433843,
          0.04188502808792892,
          -0.7069459075661055,
          1.6906904280324095
        ],
        "distortion_coefficients": [
          -0.14097268428262283,
          0.15959545096181663,
          -6.332565758029005e-05,
          -5.548055209401581e-05,
          -0.060534603625763087
        ],
        "resolution": [
          5328,
          4608
        ],
        "white_balance_coefficients": [
          2.0846126458543424,
          1.0,
          1.9612879520864668
        ]
      }
    },
    {
      "camera_id": "C0003",
      "extrinsics": {
        "view_matrix": [
          -0.9909950174533356,
          -0.06448132189110274,
          -0.11735005117101134,
          0.12143409218081416,
          -0.13128475061731568,
          0.2955864789087207,
          0.946252052965643,
          -2.582329467524841,
          -0.026328494791997,
          0.9531373419468574,
          -0.3013901420890659,
          3.154118056900805,
          0.0,
          0.0,
          0.0,
          1.0
        ]
      },
      "intrinsics": {
        "camera_matrix": [
          4564.7815238641715,
          0.0,
          2682.072546892964,
          0.0,
          4564.1463370155825,
          2294.203405212459,
          0.0,
          0.0,
          1.0
        ],
        "color_correction_matrix": [
          1.6142354404051964,
          -0.37646717929610996,
          -0.2743991975450184,
          -0.6050725620667677,
          2.0929953899111506,
          -0.482285423402167,
          0.04671696191727564,
          -0.6498045261401681,
          1.6415284538752346
        ],
        "distortion_coefficients": [
          -0.1387550602225181,
          0.14343226228172024,
          3.079780155577277e-05,
          -2.8797700924401327e-05,
          -0.032716333064148125
        ],
        "resolution": [
          5328,
          4608
        ],
        "white_balance_coefficients": [
          2.049990155101448,
          1.0,
          1.9737946993805968
        ]
      }
    },
    {
      "camera_id": "C0004",
      "extrinsics": {
        "view_matrix": [
          1.0,
          -1.92327074728539e-20,
          1.730665126093404e-21,
          0.0,
          1.9297609767600572e-20,
          1.0,
          6.4906764722530246e-21,
          1.0842021724855044e-19,
          -1.0144457178007761e-20,
          3.812587140001435e-21,
          0.9999999999999999,
          -2.710505431213761e-20,
          0.0,
          0.0,
          0.0,
          1.0
        ]
      },
      "intrinsics": {
        "camera_matrix": [
          4568.395734095853,
          0.0,
          2643.304000158635,
          0.0,
          4567.785231178137,
          2274.165276219927,
          0.0,
          0.0,
          1.0
        ],
        "color_correction_matrix": [
          1.5774642797512455,
          -0.39775192705332324,
          -0.28636414706090074,
          -0.584866339630673,
          1.9954118912903858,
          -0.48334131722919377,
          0.06026099851788757,
          -0.6633282152778425,
          1.5727834282278526
        ],
        "distortion_coefficients": [
          -0.1394236426733232,
          0.15473266120753756,
          -9.388884227705867e-05,
          -0.00028112207660621255,
          -0.051574018664431766
        ],
        "resolution": [
          5328,
          4608
        ],
        "white_balance_coefficients": [
          2.078929802906804,
          1.0,
          1.9698654507771458
        ]
      }
    },
    {
      "camera_id": "C0005",
      "extrinsics": {
        "view_matrix": [
          0.9766618117021483,
          0.030683296506054267,
          0.21257996349185587,
          -0.47081430844485767,
          -0.08063834545669545,
          -0.8649571083817961,
          0.495324800410608,
          -1.0586088479512283,
          0.19907074823962417,
          -0.5009069134832576,
          -0.8422963262534109,
          4.6477000073673755,
          0.0,
          0.0,
          0.0,
          1.0
        ]
      },
      "intrinsics": {
        "camera_matrix": [
          4568.269878215251,
          0.0,
          2671.6615315142685,
          0.0,
          4567.567324848791,
          2331.9143366692338,
          0.0,
          0.0,
          1.0
        ],
        "color_correction_matrix": [
          1.626576514648838,
          -0.4753292563206059,
          -0.2090936614935207,
          -0.5442748272386656,
          1.9598198613603564,
          -0.4345414756705232,
          0.08157072567075813,
          -0.6602249825569255,
          1.5974737410170532
        ],
        "distortion_coefficients": [
          -0.13983730732583755,
          0.15578726226126866,
          4.715846816348448e-05,
          -0.00017200741058194196,
          -0.05316941829139099
        ],
        "resolution": [
          5328,
          4608
        ],
        "white_balance_coefficients": [
          2.1400487300297146,
          1.0,
          1.9467773976077882
        ]
      }
    },
    {
      "camera_id": "C0006",
      "extrinsics": {
        "view_matrix": [
          0.9937262605384615,
          0.0630239990676041,
          0.09239098796837429,
          -0.11378991360920923,
          -0.11150340724233383,
          0.4942861810115037,
          0.8621184149723361,
          -2.0848264063676343,
          0.00866656157861332,
          -0.8670116186087644,
          0.49821254892647415,
          1.337658997490604,
          0.0,
          0.0,
          0.0,
          1.0
        ]
      },
      "intrinsics": {
        "camera_matrix": [
          4566.508388824619,
          0.0,
          2684.179675514294,
          0.0,
          4565.932717620428,
          2283.4752576035385,
          0.0,
          0.0,
          1.0
        ],
        "color_correction_matrix": [
          1.5332517071687701,
          -0.44420914971841224,
          -0.19141772612009567,
          -0.5052418461904993,
          1.8474890112992781,
          -0.413701457632017,
          0.07758894006206361,
          -0.6180446333020819,
          1.5112337670467195
        ],
        "distortion_coefficients": [
          -0.14097434181564192,
          0.15383037130709504,
          -1.7966822203619367e-05,
          0.00011616041387812429,
          -0.04559610060207517
        ],
        "resolution": [
          5328,
          4608
        ],
        "white_balance_coefficients": [
          2.15159074437209,
          1.0,
          1.924225948516247
        ]
      }
    },
    {
      "camera_id": "C0007",
      "extrinsics": {
        "view_matrix": [
          0.9941354580581894,
          -0.04588023197048208,
          0.09792698987392705,
          -0.044912679485338676,
          0.10792382595631222,
          0.4784115997078855,
          -0.8714785075123157,
          2.1664469473091037,
          -0.006865771798208797,
          0.8769363406652027,
          0.4805575049859675,
          1.2042529767362904,
          0.0,
          0.0,
          0.0,
          1.0
        ]
      },
      "intrinsics": {
        "camera_matrix": [
          4578.161316058482,
          0.0,
          2656.3355880816744,
          0.0,
          4577.510107920817,
          2229.1385803704834,
          0.0,
          0.0,
          1.0
        ],
        "color_correction_matrix": [
          1.7277793866711606,
          -0.4333498981693571,
          -0.3092853060872773,
          -0.6446428016009773,
          2.183554713309583,
          -0.5157857059430665,
          0.06384087323415252,
          -0.7106814278388428,
          1.7113239142226229
        ],
        "distortion_coefficients": [
          -0.13811756193308697,
          0.14573511841405035,
          0.0002453936557985401,
          -4.121778037371884e-05,
          -0.03793866499197236
        ],
        "resolution": [
          5328,
          4608
        ],
        "white_balance_coefficients": [
          2.0562686128609378,
          1.0,
          1.9841519542679265
        ]
      }
    },
    {
      "camera_id": "C0008",
      "extrinsics": {
        "view_matrix": [
          0.9845114183160149,
          0.11540585329457168,
          0.13198013574299808,
          -0.3416127321947777,
          -0.13610509345980507,
          0.028590365005372407,
          0.9902817753362712,
          -2.450127605693081,
          0.11051095303039479,
          -0.9929068838789523,
          0.043854865250077896,
          2.4850904596870884,
          0.0,
          0.0,
          0.0,
          1.0
        ]
      },
      "intrinsics": {
        "camera_matrix": [
          4575.974017407249,
          0.0,
          2635.5157561852866,
          0.0,
          4575.642358941824,
          2289.929459214739,
          0.0,
          0.0,
          1.0
        ],
        "color_correction_matrix": [
          1.7181631613783304,
          -0.4656807373961545,
          -0.2668984523618765,
          -0.5915806025577742,
          2.09984995175765,
          -0.48580747817215225,
          0.08815737520743436,
          -0.7034600871737428,
          1.676308129761281
        ],
        "distortion_coefficients": [
          -0.13878258577640187,
          0.14789617736489086,
          -0.00023120235354127808,
          -8.72220737732557e-05,
          -0.04119135139057388
        ],
        "resolution": [
          5328,
          4608
        ],
        "white_balance_coefficients": [
          2.0974377533067012,
          1.0,
          1.9626397901737467
        ]
      }
    },
    {
      "camera_id": "C0009",
      "extrinsics": {
        "view_matrix": [
          0.9688931284318154,
          0.10369508074805119,
          -0.22470744515094385,
          0.5073136642929637,
          -0.025387947159383095,
          0.9448405961267229,
          0.32654509650265956,
          -0.9038692104182379,
          0.24617383658025413,
          -0.3106824393807188,
          0.9180821662813216,
          0.39766937533362595,
          0.0,
          0.0,
          0.0,
          1.0
        ]
      },
      "intrinsics": {
        "camera_matrix": [
          4568.849272292734,
          0.0,
          2674.979847731041,
          0.0,
          4568.271199661974,
          2236.7150488346356,
          0.0,
          0.0,
          1.0
        ],
        "color_correction_matrix": [
          1.5948185789468987,
          -0.37317980078340507,
          -0.24039393271098863,
          -0.5600407609219696,
          2.0140631555270345,
          -0.43663045660367217,
          0.0895217575782461,
          -0.6773736530014202,
          1.6444486317647005
        ],
        "distortion_coefficients": [
          -0.13873304943168785,
          0.15080754351274847,
          0.00012577871083674328,
          -3.191115637221777e-05,
          -0.044791712776376655
        ],
        "resolution": [
          5328,
          4608
        ],
        "white_balance_coefficients": [
          2.0258506138226733,
          1.0,
          1.9781157656172816
        ]
      }
    },
    {
      "camera_id": "C0010",
      "extrinsics": {
        "view_matrix": [
          -0.8709384649432792,
          -0.3293683587091989,
          -0.36466789626103996,
          0.9283455612032475,
          -0.10536097223703544,
          -0.599684734533755,
          0.7932699948292802,
          -1.8545055627483067,
          -0.47996380677245937,
          0.7293111156758741,
          0.48758593164702874,
          1.4472989523308566,
          0.0,
          0.0,
          0.0,
          1.0
        ]
      },
      "intrinsics": {
        "camera_matrix": [
          4573.478865930373,
          0.0,
          2647.682504962168,
          0.0,
          4572.898889472568,
          2249.628952968251,
          0.0,
          0.0,
          1.0
        ],
        "color_correction_matrix": [
          1.720164884510542,
          -0.44481293530496285,
          -0.3247979385321438,
          -0.6617341554662544,
          2.189786155369008,
          -0.5389398486831634,
          0.028155890288349757,
          -0.6614752580597157,
          1.669164101108869
        ],
        "distortion_coefficients": [
          -0.14328177356432298,
          0.17374139683825635,
          -0.00019468745313766728,
          -0.0001542790445242346,
          -0.08450838113686412
        ],
        "resolution": [
          5328,
          4608
        ],
        "white_balance_coefficients": [
          2.1338819096195176,
          1.0,
          1.9645391108953127
        ]
      }
    },
    {
      "camera_id": "C0012",
      "extrinsics": {
        "view_matrix": [
          0.9784995724924903,
          -0.1166849543121501,
          0.17006824532870507,
          -0.39906553583379345,
          0.08434531827564666,
          -0.5260864355614732,
          -0.846238104556397,
          2.181149582639553,
          0.18821385155453632,
          0.8423880838161204,
          -0.5049335226815621,
          3.6768055825706116,
          0.0,
          0.0,
          0.0,
          1.0
        ]
      },
      "intrinsics": {
        "camera_matrix": [
          4582.111785366428,
          0.0,
          2624.22714980499,
          0.0,
          4581.932149497476,
          2256.58954864348,
          0.0,
          0.0,
          1.0
        ],
        "color_correction_matrix": [
          1.5623499547309532,
          -0.36374171805997835,
          -0.24253987885337694,
          -0.5470493770115473,
          1.9505060721003733,
          -0.4165753006870109,
          0.08229043968366237,
          -0.650968186270188,
          1.5995022130794505
        ],
        "distortion_coefficients": [
          -0.13709363668850455,
          0.14116879458084783,
          -4.522113973405692e-05,
          -5.203428973204209e-05,
          -0.029436133334567675
        ],
        "resolution": [
          5328,
          4608
        ],
        "white_balance_coefficients": [
          2.0183274093027,
          1.0,
          1.9675247334492074
        ]
      }
    },
    {
      "camera_id": "C0013",
      "extrinsics": {
        "view_matrix": [
          0.9073261566462539,
          -0.40038860953197897,
          -0.12825056265991822,
          0.382595519787779,
          -0.1250345451462163,
          -0.5482219067043227,
          0.8269335544827985,
          -2.0411792717161945,
          -0.4014045440520272,
          -0.7342626930237741,
          -0.5474784832738713,
          4.01964613853905,
          0.0,
          0.0,
          0.0,
          1.0
        ]
      },
      "intrinsics": {
        "camera_matrix": [
          4562.322962449166,
          0.0,
          2687.9228949695953,
          0.0,
          4562.278104264109,
          2254.590675085898,
          0.0,
          0.0,
          1.0
        ],
        "color_correction_matrix": [
          1.7608063042183826,
          -0.39766504556156673,
          -0.40409128423412616,
          -0.704114525550441,
          2.3163234572641236,
          -0.6180828769498694,
          0.0368021748667173,
          -0.7360418760669637,
          1.7518832866484826
        ],
        "distortion_coefficients": [
          -0.13422401866798556,
          0.13637981125499662,
          -0.0001498574551786444,
          7.666792958980997e-05,
          -0.028373228004727708
        ],
        "resolution": [
          5328,
          4608
        ],
        "white_balance_coefficients": [
          2.036364478161787,
          1.0,
          1.9892118653815352
        ]
      }
    },
    {
      "camera_id": "C0014",
      "extrinsics": {
        "view_matrix": [
          0.9088319766776247,
          0.209569804733235,
          0.360700617011275,
          -0.8761550722277013,
          -0.07838922969404448,
          -0.7634557125093845,
          0.6410854106160597,
          -1.495129747755808,
          0.40973109088305104,
          -0.6109139644670608,
          -0.6774249487455589,
          4.409491947246209,
          0.0,
          0.0,
          0.0,
          1.0
        ]
      },
      "intrinsics": {
        "camera_matrix": [
          4567.5618027030505,
          0.0,
          2646.9736208438767,
          0.0,
          4567.033984399549,
          2316.9466982578156,
          0.0,
          0.0,
          1.0
        ],
        "color_correction_matrix": [
          1.6235594061584193,
          -0.43243508200652175,
          -0.22583241502802345,
          -0.5492541991450272,
          1.9788650493781996,
          -0.4367737306643392,
          0.0897558092044876,
          -0.6779369009840854,
          1.62351256264252
        ],
        "distortion_coefficients": [
          -0.1395525753076579,
          0.15356854811528656,
          -0.0001836247880421218,
          -0.00018315441245050923,
          -0.046922572897767266
        ],
        "resolution": [
          5328,
          4608
        ],
        "white_balance_coefficients": [
          2.084418914630114,
          1.0,
          1.9499586039850396
        ]
      }
    },
    {
      "camera_id": "C0016",
      "extrinsics": {
        "view_matrix": [
          0.9566555269491773,
          -0.24522253369108335,
          -0.15708631935250353,
          0.3628546993695507,
          0.08877805514487473,
          0.7592982794225842,
          -0.6446584985793613,
          1.5475732509658988,
          0.27736016239230316,
          0.6027702977387226,
          0.7481572752314092,
          0.7279999174583379,
          0.0,
          0.0,
          0.0,
          1.0
        ]
      },
      "intrinsics": {
        "camera_matrix": [
          4563.449244492781,
          0.0,
          2630.8477407179466,
          0.0,
          4562.907600509302,
          2295.179161677217,
          0.0,
          0.0,
          1.0
        ],
        "color_correction_matrix": [
          1.6276990736086583,
          -0.3973357698912895,
          -0.2385783143593899,
          -0.5542255819212418,
          2.021956378415867,
          -0.4386464732682587,
          0.0890162576018579,
          -0.6933729784960423,
          1.6738445653943343
        ],
        "distortion_coefficients": [
          -0.13646944725961216,
          0.1468204914175244,
          0.0005501525832547449,
          -0.0004165884563907272,
          -0.0443879244812887
        ],
        "resolution": [
          5328,
          4608
        ],
        "white_balance_coefficients": [
          2.061512107711031,
          1.0,
          1.9705020986830506
        ]
      }
    },
    {
      "camera_id": "C0018",
      "extrinsics": {
        "view_matrix": [
          0.9942108099993807,
          -0.09049848634902342,
          -0.05792140579190566,
          -0.031420677591682065,
          0.05691533098420479,
          0.9007965838284666,
          -0.4304952492907706,
          1.2745462754131667,
          0.09113457290915122,
          0.4247064145165456,
          0.9007324525568992,
          0.19114400142562094,
          0.0,
          0.0,
          0.0,
          1.0
        ]
      },
      "intrinsics": {
        "camera_matrix": [
          4561.4158712551525,
          0.0,
          2608.990302657355,
          0.0,
          4560.783317143359,
          2219.4703730934007,
          0.0,
          0.0,
          1.0
        ],
        "color_correction_matrix": [
          1.6159607398387494,
          -0.3835691279308726,
          -0.25849595208880716,
          -0.5801201764745179,
          2.0410152305628566,
          -0.4449339355817994,
          0.08201122641205376,
          -0.6790641847198378,
          1.649239560189036
        ],
        "distortion_coefficients": [
          -0.1385299292581753,
          0.14518341781222513,
          -3.917282850932081e-05,
          2.5201833234399567e-05,
          -0.03810364086457915
        ],
        "resolution": [
          5328,
          4608
        ],
        "white_balance_coefficients": [
          2.004475893250932,
          1.0,
          1.9852784491510869
        ]
      }
    },
    {
      "camera_id": "C0019",
      "extrinsics": {
        "view_matrix": [
          -0.8230374427989658,
          -0.5208205323763038,
          -0.22661716794233133,
          0.6828945333531188,
          0.15758823062353064,
          0.17392954954504322,
          -0.9720671074385777,
          2.3879089280059764,
          0.5456879303410367,
          -0.8357598248601821,
          -0.061075345515141446,
          3.141921659197665,
          0.0,
          0.0,
          0.0,
          1.0
        ]
      },
      "intrinsics": {
        "camera_matrix": [
          4565.676328292683,
          0.0,
          2599.396091666239,
          0.0,
          4565.847030420291,
          2325.76027532574,
          0.0,
          0.0,
          1.0
        ],
        "color_correction_matrix": [
          1.6798381535003517,
          -0.3972076813303196,
          -0.2707731989256287,
          -0.5988705677085852,
          2.114891634154113,
          -0.4663279585228591,
          0.08882450850621051,
          -0.7088679119091933,
          1.715574122687329
        ],
        "distortion_coefficients": [
          -0.140997274371767,
          0.14956022501188443,
          -0.0002696398208152548,
          0.00013656917669602577,
          -0.037099745940038426
        ],
        "resolution": [
          5328,
          4608
        ],
        "white_balance_coefficients": [
          2.0202468472437243,
          0.9999999999999999,
          1.954649932255563
        ]
      }
    },
    {
      "camera_id": "C0020",
      "extrinsics": {
        "view_matrix": [
          -0.9557060602244347,
          -0.028575771881416093,
          -0.2929323329912044,
          0.6058979051172474,
          -0.03785506391100884,
          -0.9750747937860139,
          0.21862328480620583,
          -0.4643692691186495,
          -0.2918782632992426,
          0.22002857038244653,
          0.9308031519225073,
          0.17895152499508427,
          0.0,
          0.0,
          0.0,
          1.0
        ]
      },
      "intrinsics": {
        "camera_matrix": [
          4576.787241027132,
          0.0,
          2616.651344005129,
          0.0,
          4576.436936415193,
          2251.3527152813217,
          0.0,
          0.0,
          1.0
        ],
        "color_correction_matrix": [
          1.6273819264616383,
          -0.40440428694041014,
          -0.2853574854408256,
          -0.5895619419908682,
          2.039601368295971,
          -0.47743893571101853,
          0.06635758385456511,
          -0.6670470206284411,
          1.61535561539884
        ],
        "distortion_coefficients": [
          -0.14193455292725604,
          0.1631741975318841,
          -7.255349117904871e-05,
          5.6452684523043176e-05,
          -0.061971622553616254
        ],
        "resolution": [
          5328,
          4608
        ],
        "white_balance_coefficients": [
          2.0457093697918527,
          1.0,
          1.9654742204546232
        ]
      }
    },
    {
      "camera_id": "C0021",
      "extrinsics": {
        "view_matrix": [
          -0.9634944472452207,
          0.13169041244060783,
          -0.23310101972931987,
          0.45758383287820553,
          0.08001357063452223,
          -0.6892327952317159,
          -0.720108313027554,
          1.8839940037517569,
          -0.25549222814391137,
          -0.7124716059242628,
          0.6535349509473546,
          0.9637744367750596,
          0.0,
          0.0,
          0.0,
          1.0
        ]
      },
      "intrinsics": {
        "camera_matrix": [
          4565.042636528056,
          0.0,
          2648.638759609491,
          0.0,
          4564.503456104996,
          2254.421971732098,
          0.0,
          0.0,
          1.0
        ],
        "color_correction_matrix": [
          1.7150761386210525,
          -0.46186260511491695,
          -0.2689492069489103,
          -0.5934489843655739,
          2.1174919262375447,
          -0.49882079942944624,
          0.07637758496964507,
          -0.7040624391773278,
          1.6947354411765427
        ],
        "distortion_coefficients": [
          -0.13665678120947425,
          0.14332132018318422,
          0.00018516565242320145,
          -1.1547155627355054e-05,
          -0.03421962203148171
        ],
        "resolution": [
          5328,
          4608
        ],
        "white_balance_coefficients": [
          2.105067223272868,
          1.0,
          1.9389890851743705
        ]
      }
    },
    {
      "camera_id": "C0022",
      "extrinsics": {
        "view_matrix": [
          -0.9938793978304251,
          -0.10717856652892249,
          -0.026767469903549262,
          0.016003895501572003,
          -0.09284955965736075,
          0.679167772720851,
          0.7280865990861479,
          -1.8930548708509372,
          -0.05985567508320564,
          0.7261156184618289,
          -0.6849623396845479,
          4.16594815606887,
          0.0,
          0.0,
          0.0,
          1.0
        ]
      },
      "intrinsics": {
        "camera_matrix": [
          4563.23355371615,
          0.0,
          2632.915949528312,
          0.0,
          4562.691173701384,
          2265.5805278591356,
          0.0,
          0.0,
          1.0
        ],
        "color_correction_matrix": [
          1.6339052055895886,
          -0.42089604275045556,
          -0.2857874605292526,
          -0.5973039282670245,
          2.056715355851553,
          -0.48995643872417455,
          0.051529507697052765,
          -0.6656092969615588,
          1.6241473469176217
        ],
        "distortion_coefficients": [
          -0.1434892092264502,
          0.16538669033548295,
          9.317127789691545e-05,
          -6.574092554459813e-05,
          -0.061521446048064025
        ],
        "resolution": [
          5328,
          4608
        ],
        "white_balance_coefficients": [
          2.104608161534624,
          1.0,
          1.9768072344606777
        ]
      }
    },
    {
      "camera_id": "C0024",
      "extrinsics": {
        "view_matrix": [
          -0.7399063030940374,
          -0.2311132049971905,
          -0.6317636813854062,
          1.8366287104160648,
          0.06815269953559112,
          0.9085473219953533,
          -0.4121856053297873,
          1.0862757861714087,
          0.6692487371581104,
          -0.3480351277830995,
          -0.6564889013846888,
          4.573509676096097,
          0.0,
          0.0,
          0.0,
          1.0
        ]
      },
      "intrinsics": {
        "camera_matrix": [
          4570.9314145594335,
          0.0,
          2588.426537540643,
          0.0,
          4570.817352793612,
          2215.4729940008438,
          0.0,
          0.0,
          1.0
        ],
        "color_correction_matrix": [
          1.6646171823507145,
          -0.4691056408543279,
          -0.2019906890523919,
          -0.534714125793214,
          1.980613782133259,
          -0.4204168007262013,
          0.10373108893672692,
          -0.6766435528429048,
          1.6406160537500927
        ],
        "distortion_coefficients": [
          -0.14080995148740644,
          0.16001597955968305,
          -0.00024226073549866398,
          0.0001687632258582056,
          -0.06023765416540905
        ],
        "resolution": [
          5328,
          4608
        ],
        "white_balance_coefficients": [
          2.116001881640103,
          1.0,
          1.9450317029008963
        ]
      }
    },
    {
      "camera_id": "C0025",
      "extrinsics": {
        "view_matrix": [
          -0.8481716285853337,
          0.5289217440053801,
          -0.029097717800716363,
          0.0426713947679871,
          -0.12683341376705132,
          -0.14944218726770106,
          0.980602018056684,
          -2.4560279580972773,
          0.514313302973099,
          0.8354093735306976,
          0.1938375737620252,
          2.3434297898707697,
          0.0,
          0.0,
          0.0,
          1.0
        ]
      },
      "intrinsics": {
        "camera_matrix": [
          4555.501196420893,
          0.0,
          2662.651405113357,
          0.0,
          4555.166588295254,
          2244.1190463429866,
          0.0,
          0.0,
          1.0
        ],
        "color_correction_matrix": [
          1.5298819909436583,
          -0.3783821162180947,
          -0.22386082062750273,
          -0.5178728413033848,
          1.8917959807450204,
          -0.41599174027761826,
          0.09338183562119075,
          -0.6522079797259458,
          1.5587254659720817
        ],
        "distortion_coefficients": [
          -0.13528565089004985,
          0.14121011298038785,
          -0.00014935458157914694,
          0.00016470163758343278,
          -0.03903784773903451
        ],
        "resolution": [
          5328,
          4608
        ],
        "white_balance_coefficients": [
          2.073737332296235,
          1.0,
          1.9849712306102272
        ]
      }
    },
    {
      "camera_id": "C0026",
      "extrinsics": {
        "view_matrix": [
          0.9874032729210853,
          0.03826162934083937,
          0.15352792692182113,
          -0.2141297278805361,
          -0.11197230113427742,
          -0.516585213674783,
          0.8488827485532221,
          -1.918566670752582,
          0.11178989401293177,
          -0.8553804795135103,
          -0.5057936880426784,
          3.835591410212885,
          0.0,
          0.0,
          0.0,
          1.0
        ]
      },
      "intrinsics": {
        "camera_matrix": [
          4576.856627092089,
          0.0,
          2661.6886970246546,
          0.0,
          4576.5902266542325,
          2267.9857608715442,
          0.0,
          0.0,
          1.0
        ],
        "color_correction_matrix": [
          1.5816524153360192,
          -0.39581735296515436,
          -0.2780309429571821,
          -0.5861113344902438,
          2.005972163585395,
          -0.4772885371173477,
          0.06326646772728356,
          -0.6557486877623453,
          1.576891334095512
        ],
        "distortion_coefficients": [
          -0.14125546379988008,
          0.14808845146863692,
          -0.00015880723716715518,
          -0.00021178564964813312,
          -0.0327564790103265
        ],
        "resolution": [
          5328,
          4608
        ],
        "white_balance_coefficients": [
          2.0310990585460513,
          1.0,
          1.9666167846443405
        ]
      }
    },
    {
      "camera_id": "C0028",
      "extrinsics": {
        "view_matrix": [
          0.9610015198304691,
          -0.02765359808222241,
          0.27515696864996025,
          -0.7670609347299496,
          -0.03248132935822448,
          -0.9993877517148692,
          0.013003267490203231,
          0.11668460564265648,
          0.27462891713483273,
          -0.021433623944777443,
          -0.9613113739251934,
          4.89273211526046,
          0.0,
          0.0,
          0.0,
          1.0
        ]
      },
      "intrinsics": {
        "camera_matrix": [
          4569.752299320142,
          0.0,
          2654.608556070289,
          0.0,
          4569.524561201847,
          2278.0149642247306,
          0.0,
          0.0,
          1.0
        ],
        "color_correction_matrix": [
          1.5425495831882245,
          -0.36799951492694244,
          -0.25635621006534964,
          -0.5664263169809973,
          1.965954880616405,
          -0.44442224807420644,
          0.05723002813117648,
          -0.6166154817148041,
          1.5518042837803085
        ],
        "distortion_coefficients": [
          -0.14316304596902032,
          0.163744148450571,
          -0.00010409931248752554,
          -9.416818958337603e-05,
          -0.06129762903373037
        ],
        "resolution": [
          5328,
          4608
        ],
        "white_balance_coefficients": [
          2.0589696983921306,
          1.0,
          1.979304787598822
        ]
      }
    },
    {
      "camera_id": "C0029",
      "extrinsics": {
        "view_matrix": [
          0.9734676521610223,
          -0.07742679397771644,
          0.215327243446896,
          -0.5026996139596739,
          0.054322163002561694,
          -0.8359172640114214,
          -0.5461606268620819,
          1.5101360829133665,
          0.2222832265440415,
          0.5433667447516377,
          -0.8095324254748408,
          4.30480145635732,
          0.0,
          0.0,
          0.0,
          1.0
        ]
      },
      "intrinsics": {
        "camera_matrix": [
          4569.558048642838,
          0.0,
          2632.7592821920216,
          0.0,
          4569.150219999643,
          2257.118133522089,
          0.0,
          0.0,
          1.0
        ],
        "color_correction_matrix": [
          1.6396075401624215,
          -0.4189419601768113,
          -0.25230608574824254,
          -0.5708250959016369,
          2.0227152833936834,
          -0.44509916909873753,
          0.08184847777213096,
          -0.6794638734206134,
          1.6461241609406612
        ],
        "distortion_coefficients": [
          -0.1424513346160429,
          0.15956690750695462,
          4.255630924979622e-06,
          8.101267095967418e-05,
          -0.052747661331237185
        ],
        "resolution": [
          5328,
          4608
        ],
        "white_balance_coefficients": [
          2.032575577862357,
          1.0,
          1.966946852779657
        ]
      }
    },
    {
      "camera_id": "C0030",
      "extrinsics": {
        "view_matrix": [
          -0.7266981614780123,
          0.35633603233947186,
          -0.587311173196151,
          1.7383974993841356,
          -0.06992145913884526,
          0.8121383408685727,
          0.5792601357275815,
          -1.4178356582604426,
          0.6833891802306876,
          0.4620129298491594,
          -0.5652639038500725,
          4.2641690867749,
          0.0,
          0.0,
          0.0,
          1.0
        ]
      },
      "intrinsics": {
        "camera_matrix": [
          4577.1079819396155,
          0.0,
          2650.006769224843,
          0.0,
          4576.945459597525,
          2258.193993342732,
          0.0,
          0.0,
          1.0
        ],
        "color_correction_matrix": [
          1.6411803897378288,
          -0.4177622289349644,
          -0.22266394086253635,
          -0.5450008860607749,
          1.9885494078396762,
          -0.4089690357483254,
          0.10520864293951503,
          -0.6939883584067015,
          1.6636083950257254
        ],
        "distortion_coefficients": [
          -0.142291944269041,
          0.1603695221570704,
          -0.00017449740969269006,
          0.00014773191749686422,
          -0.053574697795553294
        ],
        "resolution": [
          5328,
          4608
        ],
        "white_balance_coefficients": [
          2.0388686260554323,
          1.0,
          1.9637353000449826
        ]
      }
    },
    {
      "camera_id": "C0031",
      "extrinsics": {
        "view_matrix": [
          -0.8964107729382742,
          -0.2828270742331983,
          0.3412573402007558,
          -0.7976310134006319,
          0.013227282922712582,
          -0.7866706371345836,
          -0.6172311946562249,
          1.5468123732622467,
          0.4430268221526637,
          -0.5487787848951132,
          0.7089210676107424,
          1.1953401359661922,
          0.0,
          0.0,
          0.0,
          1.0
        ]
      },
      "intrinsics": {
        "camera_matrix": [
          4564.535489872056,
          0.0,
          2644.2734295015402,
          0.0,
          4564.082981819217,
          2276.559393901812,
          0.0,
          0.0,
          1.0
        ],
        "color_correction_matrix": [
          1.619412476364912,
          -0.4155633102488809,
          -0.2141676137178655,
          -0.5464824195988802,
          1.987790531648285,
          -0.4163715308772753,
          0.10144762263532674,
          -0.6806676807725855,
          1.6535564594693573
        ],
        "distortion_coefficients": [
          -0.14187536733010792,
          0.1588447315177638,
          -0.00019256548764213136,
          1.2682048472847279e-05,
          -0.05536922733917457
        ],
        "resolution": [
          5328,
          4608
        ],
        "white_balance_coefficients": [
          2.0668610637168308,
          1.0,
          1.9721683612540681
        ]
      }
    },
    {
      "camera_id": "C0034",
      "extrinsics": {
        "view_matrix": [
          0.9978578989806685,
          0.053584671830203275,
          0.037527275237282505,
          -0.04539209401741149,
          -0.06488289475059932,
          0.8839257556581925,
          0.4631041658772633,
          -1.2404395249208116,
          -0.008356040370174738,
          -0.4645470282209785,
          0.8855090260185884,
          0.3344907144916515,
          0.0,
          0.0,
          0.0,
          1.0
        ]
      },
      "intrinsics": {
