{
  "betas": [
    -1.0851964950561523,
    1.6430734395980835,
    1.414028286933899,
    -0.06986808776855469,
    -0.13808804750442505,
    -0.014581304043531418,
    -0.04306474328041077,
    0.44458630681037903,
    -0.18625220656394958,
    0.15172137320041656
  ],
  "joints": [
    [
      0.95101398229599,
      -0.20933710038661957,
      -0.22748731076717377,
      0.26306775212287903,
      0.93449467420578,
      0.23982293903827667,
      0.1623818576335907,
      -0.2879195213317871,
      0.9437873363494873
    ],
    [
      0.9434001445770264,
      0.3000892996788025,
      -0.1412186473608017,
      -0.2871323227882385,
      0.9521111249923706,
      0.10506907850503922,
      0.16598594188690186,
      -0.05857373774051666,
      0.9843870997428894
    ],
    [
      0.9805276393890381,
      0.020607003942131996,
      0.19529716670513153,
      0.0069666411727666855,
      0.9902032613754272,
      -0.1394597887992859,
      -0.19625772535800934,
      0.13810473680496216,
      0.9707781076431274
    ],
    [
      0.98952317237854,
      -0.0161431897431612,
      -0.1434684842824936,
      -0.05892409011721611,
      0.8620386719703674,
      -0.5034055113792419,
      0.13180197775363922,
      0.5065852403640747,
      0.8520560264587402
    ],
    [
      0.9937942028045654,
      0.0463440865278244,
      0.10112055391073227,
      0.0026353420689702034,
      0.8990097641944885,
      -0.4379206895828247,
      -0.1112033948302269,
      0.43546950817108154,
      0.8933085799217224
    ],
    [
      0.9984963536262512,
      0.0011865358101204038,
      -0.05480537191033363,
      0.003921131603419781,
      0.9956588745117188,
      0.09299483895301819,
      0.05467779561877251,
      -0.0930699035525322,
      0.994157075881958
    ],
    [
      0.9874788522720337,
      0.14291779696941376,
      -0.06678266823291779,
      -0.12679529190063477,
      0.9709361791610718,
      0.20299233496189117,
      0.0938529223203659,
      -0.1919829249382019,
      0.9769002199172974
    ],
    [
      0.8434458374977112,
      -0.32340356707572937,
      -0.4289630055427551,
      0.4005451202392578,
      0.9106959700584412,
      0.10097794979810715,
      0.35799822211265564,
      -0.2569884657859802,
      0.8976604342460632
    ],
    [
      0.9721277952194214,
      0.04337823763489723,
      0.23040370643138885,
      -0.022760268300771713,
      0.9955538511276245,
      -0.0914025530219078,
      -0.2333441972732544,
      0.0836109146475792,
      0.9687928557395935
    ],
    [
      0.9210623502731323,
      -0.33662739396095276,
      0.19577057659626007,
      0.09954018145799637,
      0.689550518989563,
      0.717364490032196,
      -0.3764782249927521,
      -0.6412504315376282,
      0.6686269640922546
    ],
    [
      0.7982423901557922,
      0.27865397930145264,
      0.5340047478675842,
      -0.4443918764591217,
      0.8709121942520142,
      0.20982831716537476,
      -0.4066016972064972,
      -0.40480124950408936,
      0.8190305829048157
    ],
    [
      0.9960414171218872,
      0.08743442595005035,
      -0.016022441908717155,
      -0.08576590567827225,
      0.9926597476005554,
      0.08526977896690369,
      0.023360345512628555,
      -0.08355805277824402,
      0.9962291121482849
    ],
    [
      0.7257598042488098,
      -0.0975537970662117,
      -0.6809962391853333,
      0.4302769601345062,
      0.8367483615875244,
      0.33869457244873047,
      0.5367814898490906,
      -0.5388278961181641,
      0.6492534875869751
    ],
    [
      0.6510715484619141,
      -0.22582393884658813,
      0.7246444225311279,
      -0.03451298549771309,
      0.9449195265769958,
      0.32547810673713684,
      -0.7582313418388367,
      -0.23691916465759277,
      0.6074163317680359
    ],
    [
      0.9831464290618896,
      -0.14299766719341278,
      0.11390714347362518,
      0.1435370296239853,
      0.9896387457847595,
      0.0034951085690408945,
      -0.11322671920061111,
      0.012913689948618412,
      0.9934852719306946
    ],
    [
      0.1790662258863449,
      0.7294782400131226,
      -0.6601490378379822,
      -0.61312335729599,
      0.6075038909912109,
      0.5049938559532166,
      0.7694251537322998,
      0.3143254518508911,
      0.5560435652732849
    ],
    [
      0.4880358874797821,
      -0.4964278042316437,
      0.7179000973701477,
      0.4136876165866852,
      0.8558109998703003,
      0.31056416034698486,
      -0.768559455871582,
      0.1454198956489563,
      0.6230325102806091
    ],
    [
      -0.5099414587020874,
      -0.3723195195198059,
      -0.7754597663879395,
      0.21179920434951782,
      0.819381594657898,
      -0.5326864719390869,
      0.8337270021438599,
      -0.43588072061538696,
      -0.33897966146469116
    ],
    [
      0.445061057806015,
      0.33406051993370056,
      0.8308574557304382,
      -0.1279589980840683,
      0.9420167803764343,
      -0.3102108836174011,
      -0.8863109350204468,
      0.03174706920981407,
      0.4620010256767273
    ],
    [
      0.9042562246322632,
      -0.2694062292575836,
      0.33127155900001526,
      0.3650668263435364,
      0.8901894688606262,
      -0.2725600600242615,
      -0.22146505117416382,
      0.3674004375934601,
      0.9033106565475464
    ],
    [
      0.8925830125808716,
      0.30955424904823303,
      -0.3278287351131439,
      -0.4340110123157501,
      0.7869100570678711,
      -0.4386422336101532,
      0.12218817323446274,
      0.5338059067726135,
      0.8367325067520142
    ],
    [
      0.8934670090675354,
      0.3486475348472595,
      -0.2831284999847412,
      -0.23353950679302216,
      0.8991160988807678,
      0.3702020049095154,
      0.38363540172576904,
      -0.26464152336120605,
      0.8847535252571106
    ],
    [
      0.9279931783676147,
      -0.22337989509105682,
      0.29821154475212097,
      0.12213651835918427,
      0.9385082125663757,
      0.3229319155216217,
      -0.35201048851013184,
      -0.2632560729980469,
      0.8982120752334595
    ]
  ],
  "root_rot": [
    0.650818943977356,
    0.07226505130529404,
    0.755786120891571,
    0.13759499788284302,
    -0.9902024865150452,
    -0.023806201294064522,
    0.7466608285903931,
    0.11948589235544205,
    -0.6543858647346497
  ],
  "root_trans": [
    -0.23864048719406128,
    0.6831742525100708,
    2.220740556716919
  ]
}