{
  "betas": [
    -0.851482093334198,
    1.6624362468719482,
    1.8158189058303833,
    -0.16574808955192566,
    -0.03170090913772583,
    -0.14066073298454285,
    0.37626171112060547,
    0.6578779220581055,
    0.018176764249801636,
    0.7322659492492676
  ],
  "joints": [
    [
      0.9635340571403503,
      -0.19186750054359436,
      -0.1865183562040329,
      0.22210827469825745,
      0.962202250957489,
      0.15759046375751495,
      0.1492318958044052,
      -0.19327101111412048,
      0.969730019569397
    ],
    [
      0.9029420614242554,
      0.4210747182369232,
      -0.08597508072853088,
      -0.38978883624076843,
      0.8866555094718933,
      0.24881045520305634,
      0.1809980720281601,
      -0.1911492943763733,
      0.9647287726402283
    ],
    [
      0.9872518181800842,
      -0.037105992436409,
      0.15478046238422394,
      0.06991945952177048,
      0.9746984243392944,
      -0.21230696141719818,
      -0.14298641681671143,
      0.22042259573936462,
      0.9648672342300415
    ],
    [
      0.9865213632583618,
      0.0167845506221056,
      -0.16276942193508148,
      -0.09849483519792557,
      0.855249285697937,
      -0.5087706446647644,
      0.13066893815994263,
      0.5179450511932373,
      0.8453748822212219
    ],
    [
      0.9964876770973206,
      0.07616184651851654,
      0.03480711206793785,
      -0.04686674848198891,
      0.8517147302627563,
      -0.5219055414199829,
      -0.0693950280547142,
      0.5184412002563477,
      0.8522927165031433
    ],
    [
      0.9989676475524902,
      0.045294590294361115,
      0.003471951698884368,
      -0.04542623832821846,
      0.9965810179710388,
      0.06901245564222336,
      -0.0003341900301165879,
      -0.06909892708063126,
      0.9976097345352173
    ],
    [
      0.9489390254020691,
      0.2438867688179016,
      -0.20008474588394165,
      -0.17895814776420593,
      0.9385160207748413,
      0.2952313721179962,
      0.25978580117225647,
      -0.24434980750083923,
      0.9342399835586548
    ],
    [
      0.8846441507339478,
      -0.4333404302597046,
      -0.1721072793006897,
      0.3976529836654663,
      0.8939257860183716,
      -0.2068062275648117,
      0.24346862733364105,
      0.1145109310746193,
      0.9631253480911255
    ],
    [
      0.977935254573822,
      0.05084079131484032,
      0.20262712240219116,
      -0.03170293569564819,
      0.9948182106018066,
      -0.0966007187962532,
      -0.20648840069770813,
      0.0880453884601593,
      0.974479615688324
    ],
    [
      0.9282139539718628,
      -0.36882638931274414,
      -0.048846859484910965,
      0.32693907618522644,
      0.7459527254104614,
      0.5802286267280579,
      -0.17756618559360504,
      -0.5545462369918823,
      0.8129875063896179
    ],
    [
      0.9037224650382996,
      0.35772764682769775,
      0.23519472777843475,
      -0.33208540081977844,
      0.9324625730514526,
      -0.1422419548034668,
      -0.2701941728591919,
      0.05044250190258026,
      0.9614834785461426
    ],
    [
      0.9880693554878235,
      0.07690241187810898,
      -0.1334352344274521,
      -0.058009304106235504,
      0.988434910774231,
      0.14011156558990479,
      0.1426669806241989,
      -0.13069945573806763,
      0.9811033010482788
    ],
    [
      0.9086114764213562,
      -0.1839221715927124,
      -0.3749636113643646,
      0.3072565495967865,
      0.9024779796600342,
      0.30187225341796875,
      0.2828754186630249,
      -0.3894946277141571,
      0.8765131235122681
    ],
    [
      0.7064085602760315,
      -0.10583949089050293,
      0.6998463273048401,
      -0.11931529641151428,
      0.9568010568618774,
      0.26513344049453735,
      -0.6976752281188965,
      -0.27079489827156067,
      0.6632642149925232
    ],
    [
      0.9790805578231812,
      0.002183252712711692,
      0.2034611850976944,
      -0.021646417677402496,
      0.9953854084014893,
      0.09348420053720474,
      -0.2023182064294815,
      -0.09593277424573898,
      0.9746097326278687
    ],
    [
      0.6525620222091675,
      0.5706835985183716,
      -0.4984807074069977,
      -0.5330649018287659,
      0.8132867813110352,
      0.23325172066688538,
      0.5385206937789917,
      0.11351137608289719,
      0.834931492805481
    ],
    [
      0.47675541043281555,
      -0.6012672185897827,
      0.641234815120697,
      0.4471980035305023,
      0.7939223647117615,
      0.41194814443588257,
      -0.7567815780639648,
      0.09036040306091309,
      0.6473922729492188
    ],
    [
      -0.6796457171440125,
      -0.2127874493598938,
      -0.7019994258880615,
      0.30908530950546265,
      0.7848252654075623,
      -0.537136435508728,
      0.6652427315711975,
      -0.5820402503013611,
      -0.4676336646080017
    ],
    [
      0.4172973930835724,
      0.2887814939022064,
      0.8616658449172974,
      -0.1255582571029663,
      0.9573949575424194,
      -0.260057657957077,
      -0.9000544548034668,
      0.00033212004927918315,
      0.43577733635902405
    ],
    [
      0.9357842206954956,
      -0.30343371629714966,
      0.17954355478286743,
      0.33906233310699463,
      0.9141196608543396,
      -0.22231049835681915,
      -0.09666778892278671,
      0.26891109347343445,
      0.9583017230033875
    ],
    [
      0.9552990794181824,
      0.21004289388656616,
      -0.20805226266384125,
      -0.28815126419067383,
      0.818915069103241,
      -0.49633359909057617,
      0.0661257803440094,
      0.5340974926948547,
      0.8428329229354858
    ],
    [
      0.9703888893127441,
      -0.00952458567917347,
      -0.24135999381542206,
      0.014938813634216785,
      0.9996759295463562,
      0.0206121988594532,
      0.2410854548215866,
      -0.02360748127102852,
      0.970216691493988
    ],
    [
      0.9911419153213501,
      0.04193735867738724,
      0.12601163983345032,
      -0.04846077784895897,
      0.9976148009300232,
      0.049155592918395996,
      -0.12364961951971054,
      -0.05482678860425949,
      0.9908101558685303
    ]
  ],
  "root_rot": [
    -0.49639981985092163,
    0.021870974451303482,
    -0.8678185343742371,
    0.183909073472023,
    -0.974341630935669,
    -0.1297532171010971,
    -0.8483895063400269,
    -0.22400915622711182,
    0.47964075207710266
  ],
  "root_trans": [
    -0.021719403564929962,
    0.49571090936660767,
    2.635556221008301
  ]
}