{
  "betas": [
    -0.7693594694137573,
    0.5449874401092529,
    1.50941801071167,
    0.014353841543197632,
    0.39049413800239563,
    0.2608000338077545,
    0.3881385922431946,
    0.0622020959854126,
    -0.3454524576663971,
    0.8311858773231506
  ],
  "joints": [
    [
      0.9486516118049622,
      -0.2382192313671112,
      -0.20811469852924347,
      0.29348447918891907,
      0.9082924723625183,
      0.29811346530914307,
      0.11801265925168991,
      -0.34388425946235657,
      0.9315667748451233
    ],
    [
      0.9281577467918396,
      0.3708464503288269,
      -0.03156169876456261,
      -0.3608233332633972,
      0.9173723459243774,
      0.1680314838886261,
      0.09126771986484528,
      -0.14457152783870697,
      0.9852762818336487
    ],
    [
      0.9925145506858826,
      0.010743841528892517,
      0.12165311723947525,
      0.012454158626496792,
      0.9820256233215332,
      -0.18833595514297485,
      -0.12148994207382202,
      0.18844126164913177,
      0.9745408892631531
    ],
    [
      0.9925488829612732,
      -0.015431645326316357,
      -0.1208663135766983,
      -0.0504101924598217,
      0.8510698676109314,
      -0.5226269364356995,
      0.1109306663274765,
      0.5248256325721741,
      0.8439505100250244
    ],
    [
      0.987905740737915,
      0.10609953850507736,
      0.11307185143232346,
      0.020863255485892296,
      0.6316444873809814,
      -0.7749773859977722,
      -0.15364597737789154,
      0.7679635882377625,
      0.621791660785675
    ],
    [
      0.9990133047103882,
      -0.0054344963282346725,
      -0.04407861456274986,
      0.009287944063544273,
      0.9961041212081909,
      0.08769477158784866,
      0.04343030974268913,
      -0.08801763504743576,
      0.9951717257499695
    ],
    [
      0.9933940768241882,
      -0.019691871479153633,
      -0.11305127292871475,
      0.038637712597846985,
      0.9850407242774963,
      0.16793428361415863,
      0.10805316269397736,
      -0.1711929440498352,
      0.97929447889328
    ],
    [
      0.8720594644546509,
      -0.46282529830932617,
      -0.1590757817029953,
      0.48832815885543823,
      0.84440016746521,
      0.22028173506259918,
      0.032371655106544495,
      -0.2697799503803253,
      0.9623777866363525
    ],
    [
      0.9906060695648193,
      0.022791625931859016,
      0.13483399152755737,
      -0.0144026018679142,
      0.997917890548706,
      -0.06286894530057907,
      -0.13598613440990448,
      0.0603363923728466,
      0.9888717532157898
    ],
    [
      0.9475147128105164,
      0.17392507195472717,
      0.2682648003101349,
      -0.2839929461479187,
      0.8432624340057373,
      0.4563513696193695,
      -0.14684666693210602,
      -0.5085849165916443,
      0.8483970761299133
    ],
    [
      0.8899260759353638,
      0.4503353238105774,
      0.07231663167476654,
      -0.4487592875957489,
      0.8928589224815369,
      -0.037657883018255234,
      -0.0815272182226181,
      0.0010599737288430333,
      0.9966706037521362
    ],
    [
      0.9912316203117371,
      0.1026655063033104,
      -0.08318433165550232,
      -0.09109991788864136,
      0.9869785308837891,
      0.13256752490997314,
      0.09571126848459244,
      -0.12382704019546509,
      0.9876771569252014
    ],
    [
      0.7340083122253418,
      0.16948974132537842,
      -0.6576511263847351,
      0.18363378942012787,
      0.8827560544013977,
      0.4324584901332855,
      0.6538428664207458,
      -0.4381950795650482,
      0.6168262362480164
    ],
    [
      0.629854679107666,
      -0.3150632977485657,
      0.7099424600601196,
      0.015298164449632168,
      0.9188893437385559,
      0.3942188322544098,
      -0.7765622735023499,
      -0.23743978142738342,
      0.5835866332054138
    ],
    [
      0.9991286396980286,
      -0.04155385121703148,
      0.0038912880700081587,
      0.04109691455960274,
      0.995801568031311,
      0.08179350197315216,
      -0.00727378623560071,
      -0.08156231790781021,
      0.9966415762901306
    ],
    [
      0.37661051750183105,
      0.6429592967033386,
      -0.6669092178344727,
      -0.6053339242935181,
      0.7157614827156067,
      0.3482188582420349,
      0.7012384533882141,
      0.27255991101264954,
      0.658768355846405
    ],
    [
      0.49735453724861145,
      -0.558754026889801,
      0.6636507511138916,
      0.4731171131134033,
      0.8158975839614868,
      0.3323722779750824,
      -0.7271854281425476,
      0.14867764711380005,
      0.6701464653015137
    ],
    [
      -0.0200856514275074,
      -0.3915191888809204,
      -0.9199507236480713,
      0.2689398527145386,
      0.8841059803962708,
      -0.3821360170841217,
      0.9629475474357605,
      -0.25508683919906616,
      0.0875372663140297
    ],
    [
      0.22563442587852478,
      0.29083451628685,
      0.929787278175354,
      -0.2611691653728485,
      0.937522292137146,
      -0.22987525165081024,
      -0.9385519623756409,
      -0.1909639984369278,
      0.2874943017959595
    ],
    [
      0.9114546775817871,
      -0.19753289222717285,
      0.3608754873275757,
      0.3323219120502472,
      0.8705976009368896,
      -0.362797349691391,
      -0.24251294136047363,
      0.45060017704963684,
      0.8591547608375549
    ],
    [
      0.9532723426818848,
      0.2366751730442047,
      -0.18776801228523254,
      -0.2915111482143402,
      0.8837888836860657,
      -0.3659760653972626,
      0.07932983338832855,
      0.40361127257347107,
      0.911484956741333
    ],
    [
      0.991902768611908,
      0.04789004474878311,
      -0.11762402951717377,
      -0.043248146772384644,
      0.9981935024261475,
      0.041705552488565445,
      0.11940881609916687,
      -0.036280833184719086,
      0.9921820759773254
    ],
    [
      0.9952262043952942,
      0.006141520105302334,
      0.09740106016397476,
      -0.00716038653627038,
      0.9999232292175293,
      0.010114822536706924,
      -0.0973314568400383,
      -0.010763970203697681,
      0.9951937794685364
    ]
  ],
  "root_rot": [
    -0.9895539879798889,
    -0.12695686519145966,
    0.06829877197742462,
    0.10266947001218796,
    -0.9532116651535034,
    -0.28433525562286377,
    0.10120148956775665,
    -0.27435290813446045,
    0.9562889933586121
  ],
  "root_trans": [
    0.16384528577327728,
    0.4724917411804199,
    2.8181002140045166
  ]
}