{
  "betas": [
    -0.6717607975006104,
    1.1516679525375366,
    1.6592661142349243,
    -0.08568236231803894,
    0.18788455426692963,
    0.19241401553153992,
    0.39342257380485535,
    0.25857415795326233,
    -0.15952372550964355,
    0.903332531452179
  ],
  "joints": [
    [
      0.9431232810020447,
      -0.23287008702754974,
      -0.23725491762161255,
      0.308929443359375,
      0.877543568611145,
      0.3667149841785431,
      0.12280458211898804,
      -0.41915249824523926,
      0.8995721936225891
    ],
    [
      0.9349934458732605,
      0.3475383520126343,
      -0.07074165344238281,
      -0.33852270245552063,
      0.9339954853057861,
      0.11425743252038956,
      0.10578122735023499,
      -0.08288229256868362,
      0.9909293055534363
    ],
    [
      0.9880589842796326,
      0.042686525732278824,
      0.1480446606874466,
      -0.012129997834563255,
      0.9794243574142456,
      -0.20144648849964142,
      -0.1535976231098175,
      0.19724524021148682,
      0.9682468175888062
    ],
    [
      0.993573009967804,
      -0.04745262488722801,
      -0.10276667773723602,
      -0.019102726131677628,
      0.8245708346366882,
      -0.565436065196991,
      0.1115698292851448,
      0.5637651085853577,
      0.8183648586273193
    ],
    [
      0.9849467873573303,
      0.11911935359239578,
      0.1252613067626953,
      -0.004699621349573135,
      0.7428351640701294,
      -0.6694578528404236,
      -0.1727938950061798,
      0.658791720867157,
      0.7322129011154175
    ],
    [
      0.9966728091239929,
      -0.04266557842493057,
      -0.06944752484560013,
      0.05055578052997589,
      0.9919453263282776,
      0.11614035069942474,
      0.06393295526504517,
      -0.11926490813493729,
      0.9908019304275513
    ],
    [
      0.9899225831031799,
      -0.03756481781601906,
      -0.13653680682182312,
      0.05406685546040535,
      0.9913923144340515,
      0.1192392110824585,
      0.1308823525905609,
      -0.12541969120502472,
      0.9834326505661011
    ],
    [
      0.8291433453559875,
      -0.5427514314651489,
      -0.1339493840932846,
      0.555318295955658,
      0.8272246718406677,
      0.08556283265352249,
      0.0643668919801712,
      -0.1453283727169037,
      0.9872876405715942
    ],
    [
      0.9952545166015625,
      -0.009975550696253777,
      0.09679305553436279,
      0.017959818243980408,
      0.9964728355407715,
      -0.08197101205587387,
      -0.09563395380973816,
      0.08332040905952454,
      0.9919232726097107
    ],
    [
      0.8911197781562805,
      0.037149157375097275,
      0.4522448182106018,
      -0.2560083270072937,
      0.8640376329421997,
      0.43347278237342834,
      -0.3746533989906311,
      -0.5020546913146973,
      0.7794715166091919
    ],
    [
      0.8460615277290344,
      0.5293666124343872,
      0.0628562644124031,
      -0.5312966704368591,
      0.8469913601875305,
      0.018149126321077347,
      -0.0436311773955822,
      -0.048750609159469604,
      0.9978575110435486
    ],
    [
      0.9892564415931702,
      0.02985980547964573,
      -0.1431085765361786,
      -0.010700134560465813,
      0.9910817742347717,
      0.13282456994056702,
      0.1457984298467636,
      -0.12986628711223602,
      0.9807535409927368
    ],
    [
      0.7520177364349365,
      0.0545518659055233,
      -0.65688157081604,
      0.2882493734359741,
      0.869008481502533,
      0.40216487646102905,
      0.5927744507789612,
      -0.4917808473110199,
      0.6377852559089661
    ],
    [
      0.6969926953315735,
      -0.2448098063468933,
      0.6739950776100159,
      0.014974917285144329,
      0.9446827173233032,
      0.32764363288879395,
      -0.716921865940094,
      -0.21827217936515808,
      0.6621029376983643
    ],
    [
      0.9952061772346497,
      -0.05330851674079895,
      -0.0819937065243721,
      0.06531242281198502,
      0.9862987995147705,
      0.15148954093456268,
      0.0727946013212204,
      -0.15611852705478668,
      0.9850523471832275
    ],
    [
      0.3692273795604706,
      0.6774289608001709,
      -0.6362084150314331,
      -0.5891869068145752,
      0.7000507712364197,
      0.4034695625305176,
      0.7187001705169678,
      0.225873664021492,
      0.6576101779937744
    ],
    [
      0.4130294620990753,
      -0.7442469000816345,
      0.5248842239379883,
      0.6683817505836487,
      0.6391965746879578,
      0.38038623332977295,
      -0.618605375289917,
      0.19371233880519867,
      0.761448085308075
    ],
    [
      0.042649783194065094,
      -0.4454890489578247,
      -0.8942708969116211,
      0.3700900077819824,
      0.8384549021720886,
      -0.4000333845615387,
      0.9280163645744324,
      -0.3138993978500366,
      0.20063097774982452
    ],
    [
      0.1454273909330368,
      0.47695407271385193,
      0.8668135404586792,
      -0.4563371241092682,
      0.8097027540206909,
      -0.36896875500679016,
      -0.8778424263000488,
      -0.341901034116745,
      0.33540481328964233
    ],
    [
      0.8799467086791992,
      -0.21246330440044403,
      0.42491546273231506,
      0.3903654217720032,
      0.8331180810928345,
      -0.39182785153388977,
      -0.27075570821762085,
      0.51065993309021,
      0.8160378336906433
    ],
    [
      0.957008957862854,
      0.27452352643013,
      -0.09365224838256836,
      -0.28998780250549316,
      0.9126603007316589,
      -0.28802457451820374,
      0.006403165403753519,
      0.30280008912086487,
      0.9530325531959534
    ],
    [
      0.9921240210533142,
      0.0360555425286293,
      -0.11995723843574524,
      -0.02846551313996315,
      0.9975183010101318,
      0.06439591944217682,
      0.12198138982057571,
      -0.06047410890460014,
      0.9906882047653198
    ],
    [
      0.9893390536308289,
      0.017494555562734604,
      0.1445755511522293,
      -0.01175843644887209,
      0.9991129636764526,
      -0.040435150265693665,
      -0.14515471458435059,
      0.03830409049987793,
      0.9886671900749207
    ]
  ],
  "root_rot": [
    -0.9517987370491028,
    -0.1514105647802353,
    0.26674723625183105,
    0.12892036139965057,
    -0.9865996837615967,
    -0.10000257939100266,
    0.2783142030239105,
    -0.06079317256808281,
    0.9585642218589783
  ],
  "root_trans": [
    0.052929967641830444,
    0.5282175540924072,
    2.4232757091522217
  ]
}