{
  "betas": [
    -0.9028158783912659,
    1.4290448427200317,
    1.3931300640106201,
    0.1028062105178833,
    -0.028572797775268555,
    0.41683804988861084,
    0.16549591720104218,
    0.6167516708374023,
    0.17965206503868103,
    0.7752225399017334
  ],
  "joints": [
    [
      0.9586774706840515,
      -0.25565603375434875,
      -0.12480954825878143,
      0.28347164392471313,
      0.8955761790275574,
      0.34290972352027893,
      0.024109508842229843,
      -0.36411982774734497,
      0.9310399293899536
    ],
    [
      0.9839722514152527,
      0.1443750560283661,
      -0.10466375946998596,
      -0.13325893878936768,
      0.9853523373603821,
      0.1064092218875885,
      0.11849350482225418,
      -0.09075633436441422,
      0.9887986183166504
    ],
    [
      0.9896930456161499,
      0.022496556863188744,
      0.14142689108848572,
      0.006719642318785191,
      0.979200541973114,
      -0.20278339087963104,
      -0.14304721355438232,
      0.20164364576339722,
      0.9689567685127258
    ],
    [
      0.9972135424613953,
      0.055032264441251755,
      -0.05036437138915062,
      -0.07450108230113983,
      0.7693824172019958,
      -0.6344290971755981,
      0.0038353800773620605,
      0.6364135146141052,
      0.7713385224342346
    ],
    [
      0.9991845488548279,
      0.02010076306760311,
      0.035014934837818146,
      -0.001566941267810762,
      0.8859105110168457,
      -0.46385347843170166,
      -0.04034390300512314,
      0.46342042088508606,
      0.8852195739746094
    ],
    [
      0.995030403137207,
      0.011410706676542759,
      -0.098915696144104,
      0.0003239074139855802,
      0.9930357336997986,
      0.11781283468008041,
      0.09957115352153778,
      -0.11725939065217972,
      0.988097071647644
    ],
    [
      0.9750692844390869,
      0.16620083153247833,
      0.14702777564525604,
      -0.15768608450889587,
      0.9851542711257935,
      -0.06786874681711197,
      -0.15612487494945526,
      0.042992498725652695,
      0.9868012070655823
    ],
    [
      0.8733285665512085,
      -0.43575385212898254,
      -0.21775168180465698,
      0.4747812747955322,
      0.8614298105239868,
      0.18033701181411743,
      0.1089952364563942,
      -0.2608778774738312,
      0.9591990113258362
    ],
    [
      0.9958250522613525,
      0.02020011655986309,
      0.08901956677436829,
      -0.010169889777898788,
      0.9936878085136414,
      -0.1117190569639206,
      -0.09071439504623413,
      0.11034730821847916,
      0.9897446632385254
    ],
    [
      0.9458431601524353,
      -0.3120723366737366,
      0.08939570933580399,
      0.18508262932300568,
      0.7446553707122803,
      0.6412743926048279,
      -0.26669296622276306,
      -0.5899993777275085,
      0.7620863318443298
    ],
    [
      0.756336510181427,
      0.5574511289596558,
      0.3423497676849365,
      -0.5933429598808289,
      0.8049497604370117,
      0.00013672390196006745,
      -0.2754981517791748,
      -0.2032342404127121,
      0.9395725727081299
    ],
    [
      0.9995139241218567,
      0.026956135407090187,
      -0.01566212996840477,
      -0.02568195015192032,
      0.9967361092567444,
      0.07653435319662094,
      0.017674081027507782,
      -0.07609491050243378,
      0.9969438910484314
    ],
    [
      0.92359459400177,
      -0.11949818581342697,
      -0.36427080631256104,
      0.22908562421798706,
      0.9339085817337036,
      0.2744711935520172,
      0.30739685893058777,
      -0.33694928884506226,
      0.8899282217025757
    ],
    [
      0.80060875415802,
      -0.10491640120744705,
      0.5899307131767273,
      -0.07706581056118011,
      0.958343505859375,
      0.2750247120857239,
      -0.5942108631134033,
      -0.2656506597995758,
      0.7591727375984192
    ],
    [
      0.9843114614486694,
      -0.07834111154079437,
      0.15809360146522522,
      0.07979224622249603,
      0.9968073964118958,
      -0.0028427699580788612,
      -0.15736618638038635,
      0.015412816777825356,
      0.9874199628829956
    ],
    [
      0.6239362359046936,
      0.652740478515625,
      -0.429689884185791,
      -0.5811285972595215,
      0.7551665902137756,
      0.30333632230758667,
      0.5224873423576355,
      0.06044258177280426,
      0.8505019545555115
    ],
    [
      0.43743592500686646,
      -0.6118634343147278,
      0.6589939594268799,
      0.49307313561439514,
      0.7760414481163025,
      0.3932410776615143,
      -0.7520164251327515,
      0.15291443467140198,
      0.6411617994308472
    ],
    [
      -0.14314165711402893,
      -0.35452601313591003,
      -0.924024760723114,
      0.5863174200057983,
      0.7217919230461121,
      -0.3677612245082855,
      0.797334611415863,
      -0.594413697719574,
      0.10454628616571426
    ],
    [
      0.1931668519973755,
      0.372989684343338,
      0.9075049757957458,
      -0.1519448161125183,
      0.9251387715339661,
      -0.3478951156139374,
      -0.9693293571472168,
      -0.0706888809800148,
      0.23537999391555786
    ],
    [
      0.7721260190010071,
      -0.486799955368042,
      0.40846937894821167,
      0.6116158366203308,
      0.7437425851821899,
      -0.26976481080055237,
      -0.17247456312179565,
      0.4581187963485718,
      0.8719975352287292
    ],
    [
      0.9057450294494629,
      0.38304534554481506,
      -0.18138937652111053,
      -0.4211054742336273,
      0.8617389798164368,
      -0.28297722339630127,
      0.04791717231273651,
      0.3326892852783203,
      0.9418182969093323
    ],
    [
      0.9439822435379028,
      0.10644933581352234,
      -0.31235581636428833,
      -0.057492926716804504,
      0.985119104385376,
      0.16197220981121063,
      0.3249495029449463,
      -0.13494062423706055,
      0.9360550045967102
    ],
    [
      0.9504454731941223,
      -0.15733477473258972,
      0.2681402266025543,
      0.08464516699314117,
      0.9608650207519531,
      0.2637682259082794,
      -0.29914647340774536,
      -0.22800053656101227,
      0.9265674352645874
    ]
  ],
  "root_rot": [
    -0.23035190999507904,
    -0.10068239271640778,
    0.9678847789764404,
    0.04184895008802414,
    -0.9947378635406494,
    -0.09351588040590286,
    0.9722070693969727,
    0.018963394686579704,
    0.23335321247577667
  ],
  "root_trans": [
    0.060646891593933105,
    0.7389624714851379,
    2.311610460281372
  ]
}