{
  "betas": [
    -1.1109347343444824,
    0.9211593866348267,
    1.4457780122756958,
    0.13668173551559448,
    -0.14693057537078857,
    -0.21173664927482605,
    0.1608826071023941,
    0.8925047516822815,
    -0.07967665791511536,
    0.8494349122047424
  ],
  "joints": [
    [
      0.9587365984916687,
      -0.24116633832454681,
      -0.15054236352443695,
      0.2675424814224243,
      0.9444546103477478,
      0.1908571869134903,
      0.09615211188793182,
      -0.22325822710990906,
      0.970005452632904
    ],
    [
      0.9624643325805664,
      0.26705533266067505,
      0.04841472581028938,
      -0.2711736559867859,
      0.9536267518997192,
      0.1306174099445343,
      -0.011287498287856579,
      -0.13884337246418,
      0.9902501106262207
    ],
    [
      0.9949344992637634,
      -0.014492025598883629,
      0.09947626292705536,
      0.026884814724326134,
      0.9918683767318726,
      -0.12439580261707306,
      -0.09686461091041565,
      0.12644004821777344,
      0.9872336983680725
    ],
    [
      0.9949613809585571,
      -0.05466745048761368,
      -0.08404386788606644,
      -0.0005825975676998496,
      0.8350995182991028,
      -0.5500985980033875,
      0.10025747120380402,
      0.5473757982254028,
      0.830859899520874
    ],
    [
      0.983140230178833,
      0.13896116614341736,
      0.11884842813014984,
      -0.04762571305036545,
      0.8221359252929688,
      -0.5672956109046936,
      -0.17654161155223846,
      0.5520709753036499,
      0.8148930072784424
    ],
    [
      0.995923638343811,
      -0.028150541707873344,
      -0.08569562435150146,
      0.033040255308151245,
      0.9978734254837036,
      0.05618615821003914,
      0.08393172174692154,
      -0.05878852680325508,
      0.994735836982727
    ],
    [
      0.9902023673057556,
      0.13863052427768707,
      -0.016758553683757782,
      -0.12354633212089539,
      0.9256837368011475,
      0.35755565762519836,
      0.06508123129606247,
      -0.3519819974899292,
      0.9337415099143982
    ],
    [
      0.9122702479362488,
      -0.3824930489063263,
      -0.14649972319602966,
      0.3894941210746765,
      0.9207809567451477,
      0.02137553133070469,
      0.12671814858913422,
      -0.07656102627515793,
      0.9889798760414124
    ],
    [
      0.9987884759902954,
      -0.033579058945178986,
      0.03597279638051987,
      0.036452483385801315,
      0.9959282279014587,
      -0.08245080709457397,
      -0.03305770456790924,
      0.08366221189498901,
      0.9959456920623779
    ],
    [
      0.8968465924263,
      -0.4268813729286194,
      0.11592432856559753,
      0.1842820644378662,
      0.5988168716430664,
      0.7793962955474854,
      -0.40212714672088623,
      -0.6776361465454102,
      0.6157134771347046
    ],
    [
      0.9409744739532471,
      0.21686550974845886,
      0.2598778307437897,
      -0.2523401081562042,
      0.9611834287643433,
      0.11158333718776703,
      -0.22559170424938202,
      -0.17057465016841888,
      0.9591729640960693
    ],
    [
      0.9890430569648743,
      0.10092519968748093,
      0.1077403724193573,
      -0.10259788483381271,
      0.9946717619895935,
      0.010082329623401165,
      -0.10614875704050064,
      -0.02102579176425934,
      0.9941279292106628
    ],
    [
      0.897251546382904,
      -0.0960904136300087,
      -0.4309366047382355,
      0.2410648614168167,
      0.9243279695510864,
      0.29581329226493835,
      0.36990195512771606,
      -0.3693026006221771,
      0.8525187373161316
    ],
    [
      0.8680781722068787,
      -0.047315653413534164,
      0.4941675662994385,
      -0.043879419565200806,
      0.9842379093170166,
      0.17131972312927246,
      -0.4944845139980316,
      -0.17040269076824188,
      0.8523192405700684
    ],
    [
      0.9338210821151733,
      -0.029563598334789276,
      0.35651683807373047,
      -0.0037273780908435583,
      0.9957213401794434,
      0.09233172982931137,
      -0.3577210605144501,
      -0.08755017817020416,
      0.9297153949737549
    ],
    [
      0.39257851243019104,
      0.7261907458305359,
      -0.564383864402771,
      -0.6726536154747009,
      0.6452010273933411,
      0.362288236618042,
      0.6272313594818115,
      0.23740826547145844,
      0.7417668700218201
    ],
    [
      0.3740234673023224,
      -0.7272615432739258,
      0.5754972100257874,
      0.7250531911849976,
      0.6162267923355103,
      0.3075098991394043,
      -0.5782769322395325,
      0.3022502064704895,
      0.7577865719795227
    ],
    [
      -0.3104803264141083,
      -0.3701615035533905,
      -0.8755469918251038,
      0.3262983560562134,
      0.8236004114151001,
      -0.4639092981815338,
      0.8928221464157104,
      -0.42972421646118164,
      -0.1349286288022995
    ],
    [
      -0.19148080050945282,
      0.4351171851158142,
      0.8797773122787476,
      -0.02151874639093876,
      0.8942866921424866,
      -0.4469767212867737,
      -0.9812604784965515,
      -0.10451917350292206,
      -0.16187556087970734
    ],
    [
      0.8263043761253357,
      -0.3484499454498291,
      0.4424971342086792,
      0.49371564388275146,
      0.8262077569961548,
      -0.27134037017822266,
      -0.2710460424423218,
      0.44267746806144714,
      0.8547343015670776
    ],
    [
      0.9226170778274536,
      0.36550387740135193,
      -0.12322618812322617,
      -0.385428249835968,
      0.8612495064735413,
      -0.3312014639377594,
      -0.014926908537745476,
      0.35306695103645325,
      0.9354790449142456
    ],
    [
      0.9496084451675415,
      0.017008377239108086,
      -0.3129769265651703,
      -0.03301423788070679,
      0.9983998537063599,
      -0.04591222479939461,
      0.3116951882839203,
      0.0539313405752182,
      0.9486504793167114
    ],
    [
      0.961517870426178,
      -0.10361935198307037,
      0.2544531226158142,
      0.071261927485466,
      0.9885150790214539,
      0.1332649141550064,
      -0.26533961296081543,
      -0.11000378429889679,
      0.9578590393066406
    ]
  ],
  "root_rot": [
    0.5983655452728271,
    0.1414654701948166,
    -0.7886356711387634,
    0.15527112782001495,
    -0.9861037731170654,
    -0.059077661484479904,
    -0.786034107208252,
    -0.08710231631994247,
    -0.6120160222053528
  ],
  "root_trans": [
    -0.22931987047195435,
    0.5850184559822083,
    2.5210702419281006
  ]
}