{
  "betas": [
    -1.0767593383789062,
    1.3637140989303589,
    1.634826421737671,
    -0.14901825785636902,
    -0.002096623182296753,
    0.0429014153778553,
    0.2777749001979828,
    0.5542595386505127,
    -0.03558667004108429,
    0.5421327352523804
  ],
  "joints": [
    [
      0.9567000269889832,
      -0.2646406590938568,
      -0.12120351940393448,
      0.2806784510612488,
      0.9490422606468201,
      0.1433117836713791,
      0.07710114866495132,
      -0.1711256206035614,
      0.9822276830673218
    ],
    [
      0.9248536825180054,
      0.37427160143852234,
      -0.06757550686597824,
      -0.34627777338027954,
      0.902143657207489,
      0.25734907388687134,
      0.15728126466274261,
      -0.21461035311222076,
      0.9639528393745422
    ],
    [
      0.9918298721313477,
      -0.005655202548950911,
      0.1274426132440567,
      0.03673313185572624,
      0.9693649411201477,
      -0.24286270141601562,
      -0.12216495722532272,
      0.24555981159210205,
      0.9616528153419495
    ],
    [
      0.9863161444664001,
      0.027894174680113792,
      -0.16248778998851776,
      -0.0995650440454483,
      0.8863354325294495,
      -0.4522125720977783,
      0.13140460848808289,
      0.46220269799232483,
      0.8769842386245728
    ],
    [
      0.9972307682037354,
      0.04274716228246689,
      0.06085639074444771,
      0.0038964671548455954,
      0.7871419191360474,
      -0.6167596578598022,
      -0.07426734268665314,
      0.6152887940406799,
      0.7847955822944641
    ],
    [
      0.9996011257171631,
      0.01833839900791645,
      -0.021476585417985916,
      -0.015680162236094475,
      0.9928905367851257,
      0.11799339205026627,
      0.02348770759999752,
      -0.11760957539081573,
      0.9927820563316345
    ],
    [
      0.980402946472168,
      0.13440006971359253,
      -0.1440366804599762,
      -0.10963653028011322,
      0.9796900153160095,
      0.1678907424211502,
      0.16367582976818085,
      -0.14880891144275665,
      0.9752261638641357
    ],
    [
      0.8993127942085266,
      -0.4246790409088135,
      -0.10432817041873932,
      0.42362523078918457,
      0.9052299857139587,
      -0.0331711620092392,
      0.10852808505296707,
      -0.01436479389667511,
      0.9939896464347839
    ],
    [
      0.9884515404701233,
      0.05530928075313568,
      0.1410834640264511,
      -0.03580119088292122,
      0.9898905158042908,
      -0.1372407078742981,
      -0.14724786579608917,
      0.1306048184633255,
      0.9804389476776123
    ],
    [
      0.9780930280685425,
      -0.2057526856660843,
      0.03161919116973877,
      0.13967107236385345,
      0.761268675327301,
      0.6332155466079712,
      -0.15435650944709778,
      -0.6149274706840515,
      0.7733292579650879
    ],
    [
      0.8875650763511658,
      0.3978939652442932,
      0.2321823090314865,
      -0.36513274908065796,
      0.9149100184440613,
      -0.17209793627262115,
      -0.2809026539325714,
      0.06797075271606445,
      0.9573262929916382
    ],
    [
      0.9907374978065491,
      0.1159067153930664,
      0.07074471563100815,
      -0.12700605392456055,
      0.9752965569496155,
      0.1807377189397812,
      -0.048048362135887146,
      -0.18804864585399628,
      0.9809837341308594
    ],
    [
      0.80814528465271,
      -0.15513360500335693,
      -0.568185567855835,
      0.37548887729644775,
      0.8789305686950684,
      0.2940903902053833,
      0.4537723660469055,
      -0.4510151147842407,
      0.7685545086860657
    ],
    [
      0.6446635723114014,
      -0.11155480146408081,
      0.7562834024429321,
      -0.22576621174812317,
      0.9173879623413086,
      0.32776379585266113,
      -0.7303687930107117,
      -0.3820405900478363,
      0.566221296787262
    ],
    [
      0.9736365079879761,
      -0.006849266588687897,
      0.2280024290084839,
      0.004559619817882776,
      0.9999337792396545,
      0.010567445307970047,
      -0.22805969417095184,
      -0.009249246679246426,
      0.9736032485961914
    ],
    [
      0.44640234112739563,
      0.7920684218406677,
      -0.4163563847541809,
      -0.6813375949859619,
      0.6024942398071289,
      0.41566795110702515,
      0.5800897479057312,
      0.09812410175800323,
      0.808620810508728
    ],
    [
      0.3252052366733551,
      -0.7164538502693176,
      0.6171995997428894,
      0.5217759609222412,
      0.680279552936554,
      0.5147519111633301,
      -0.7886643409729004,
      0.15463989973068237,
      0.5950588583946228
    ],
    [
      0.47985056042671204,
      -0.3668530285358429,
      -0.7969706654548645,
      0.5687357783317566,
      0.8217398524284363,
      -0.03582262247800827,
      0.6680442094802856,
      -0.43607622385025024,
      0.6029547452926636
    ],
    [
      0.5060785412788391,
      0.266129732131958,
      0.8204019665718079,
      -0.3524583578109741,
      0.9319682717323303,
      -0.08490090817213058,
      -0.7871833443641663,
      -0.24619100987911224,
      0.5654488205909729
    ],
    [
      0.9316441416740417,
      -0.11094855517148972,
      0.34601959586143494,
      0.18534135818481445,
      0.9641556143760681,
      -0.18987520039081573,
      -0.3125503361225128,
      0.24102787673473358,
      0.9188132882118225
    ],
    [
      0.956343412399292,
      0.1751669943332672,
      -0.2339312732219696,
      -0.25077831745147705,
      0.9028935432434082,
      -0.34913256764411926,
      0.15005852282047272,
      0.39255550503730774,
      0.907404363155365
    ],
    [
      0.9738478660583496,
      0.04729199782013893,
      -0.22222453355789185,
      -0.01502041146159172,
      0.9893580675125122,
      0.1447235345840454,
      0.2267039269208908,
      -0.13760080933570862,
      0.9641945958137512
    ],
    [
      0.9850639700889587,
      0.023863237351179123,
      0.17052677273750305,
      -0.03494592010974884,
      0.9974462389945984,
      0.062287505716085434,
      -0.16860492527484894,
      -0.06731640547513962,
      0.9833822846412659
    ]
  ],
  "root_rot": [
    -0.8497799038887024,
    -0.06738995760679245,
    -0.5228123068809509,
    0.11868330836296082,
    -0.9907894134521484,
    -0.06519629806280136,
    -0.5136033296585083,
    -0.11745160073041916,
    0.8499509692192078
  ],
  "root_trans": [
    -0.027395498007535934,
    0.637210488319397,
    2.6197400093078613
  ]
}