{
  "betas": [
    -1.024296760559082,
    1.2304059267044067,
    1.9478243589401245,
    -0.2382352650165558,
    -0.3246731162071228,
    0.01572529226541519,
    0.20683631300926208,
    0.6715210676193237,
    -0.35374507308006287,
    1.0406310558319092
  ],
  "joints": [
    [
      0.9238578677177429,
      -0.3088468313217163,
      -0.22605390846729279,
      0.36079180240631104,
      0.8998749256134033,
      0.24506010115146637,
      0.1277341991662979,
      -0.30795904994010925,
      0.942785918712616
    ],
    [
      0.982136070728302,
      0.18806934356689453,
      0.006210805848240852,
      -0.17930158972740173,
      0.925314724445343,
      0.3341309428215027,
      0.05709283798933029,
      -0.3292756676673889,
      0.9425060749053955
    ],
    [
      0.9943901896476746,
      -0.03534456714987755,
      0.09969384223222733,
      0.04697690159082413,
      0.9920367002487183,
      -0.11686045676469803,
      -0.09476956725120544,
      0.12088820338249207,
      0.9881319403648376
    ],
    [
      0.9926726222038269,
      -0.03646117448806763,
      -0.1152024045586586,
      -0.03195333108305931,
      0.8402424454689026,
      -0.5412684082984924,
      0.11653324216604233,
      0.5409834980964661,
      0.8329206109046936
    ],
    [
      0.9959140419960022,
      0.005529792048037052,
      0.09013597667217255,
      0.03364095836877823,
      0.9035628437995911,
      -0.42713281512260437,
      -0.08380548655986786,
      0.42841988801956177,
      0.8996849060058594
    ],
    [
      0.9983745217323303,
      0.00917783472687006,
      -0.05624905973672867,
      -0.0024622674100100994,
      0.9929731488227844,
      0.11831413954496384,
      0.05693967267870903,
      -0.11798333376646042,
      0.9913817048072815
    ],
    [
      0.9621301293373108,
      0.2262396514415741,
      -0.15205635130405426,
      -0.1923193335533142,
      0.958702564239502,
      0.20952968299388885,
      0.19318073987960815,
      -0.17235146462917328,
      0.9659068584442139
    ],
    [
      0.8303131461143494,
      -0.5448921322822571,
      -0.11693047732114792,
      0.539167582988739,
      0.8385027647018433,
      -0.07881289720535278,
      0.14099104702472687,
      0.0023942552506923676,
      0.9900080561637878
    ],
    [
      0.9945235848426819,
      0.014356741681694984,
      0.10352177172899246,
      -0.006627235561609268,
      0.9971895217895508,
      -0.07462634146213531,
      -0.10430222004652023,
      0.07353159040212631,
      0.991823673248291
    ],
    [
      0.9125133752822876,
      -0.21248029172420502,
      0.34953048825263977,
      -0.08567099273204803,
      0.7362717986106873,
      0.6712409853935242,
      -0.39997488260269165,
      -0.6424609422683716,
      0.6536544561386108
    ],
    [
      0.8779805302619934,
      0.4483492970466614,
      0.1677291989326477,
      -0.4634438753128052,
      0.8838633298873901,
      0.06328760832548141,
      -0.1198747456073761,
      -0.1332983672618866,
      0.9837995171546936
    ],
    [
      0.9977666735649109,
      0.02798328921198845,
      0.06065155565738678,
      -0.03289487212896347,
      0.9961256980895996,
      0.08155657351016998,
      -0.058134354650974274,
      -0.08336955308914185,
      0.9948215484619141
    ],
    [
      0.6961849331855774,
      0.004169874358922243,
      -0.717850387096405,
      0.30390647053718567,
      0.904239296913147,
      0.299986869096756,
      0.6503594517707825,
      -0.42700570821762085,
      0.6282505393028259
    ],
    [
      0.5491711497306824,
      -0.14395202696323395,
      0.8232185244560242,
      -0.13903950154781342,
      0.9555861949920654,
      0.2598520517349243,
      -0.8240624666213989,
      -0.2571631669998169,
      0.5047653317451477
    ],
    [
      0.9713645577430725,
      -0.05313172936439514,
      0.2315768599510193,
      0.030124137178063393,
      0.9943506121635437,
      0.10178067535161972,
      -0.23567640781402588,
      -0.09189009666442871,
      0.9674775004386902
    ],
    [
      0.35505953431129456,
      0.7464736104011536,
      -0.5627697110176086,
      -0.683077335357666,
      0.6181498169898987,
      0.38896796107292175,
      0.6382303833961487,
      0.24630850553512573,
      0.7293791770935059
    ],
    [
      0.48442476987838745,
      -0.5551605820655823,
      0.6761134266853333,
      0.4411802291870117,
      0.8224040269851685,
      0.35918188095092773,
      -0.7554420232772827,
      0.12429124116897583,
      0.643318772315979
    ],
    [
      -0.2822340726852417,
      -0.34518566727638245,
      -0.8950927257537842,
      0.33477136492729187,
      0.8389354944229126,
      -0.4290867745876312,
      0.8990395665168762,
      -0.4207542836666107,
      -0.12121790647506714
    ],
    [
      0.22141067683696747,
      0.40013182163238525,
      0.889309823513031,
      -0.37433406710624695,
      0.8769534826278687,
      -0.3013746440410614,
      -0.9004728198051453,
      -0.266171395778656,
      0.3439498245716095
    ],
    [
      0.8695768713951111,
      -0.19003818929195404,
      0.4557648003101349,
      0.3365169167518616,
      0.9035280346870422,
      -0.26531782746315,
      -0.36137571930885315,
      0.38408681750297546,
      0.8496381640434265
    ],
    [
      0.887382447719574,
      0.40997493267059326,
      -0.2108861654996872,
      -0.46037986874580383,
      0.763626217842102,
      -0.4526868760585785,
      -0.024552064016461372,
      0.4987941086292267,
      0.8663727045059204
    ],
    [
      0.882178783416748,
      0.2318589985370636,
      -0.4098806381225586,
      -0.18035441637039185,
      0.970378041267395,
      0.16074445843696594,
      0.4350092113018036,
      -0.06788154691457748,
      0.8978636860847473
    ],
    [
      0.9662249684333801,
      -0.19116660952568054,
      0.17281384766101837,
      0.1602279543876648,
      0.9708749651908875,
      0.17812581360340118,
      -0.2018323391675949,
      -0.14441999793052673,
      0.9687138795852661
    ]
  ],
  "root_rot": [
    0.9189310669898987,
    0.20047742128372192,
    -0.3396681547164917,
    0.07883365452289581,
    -0.9371676445007324,
    -0.3398559093475342,
    -0.38645943999290466,
    0.28552690148353577,
    -0.8769968152046204
  ],
  "root_trans": [
    -0.16598844528198242,
    0.46166056394577026,
    2.358572006225586
  ]
}