{
  "betas": [
    -0.7943471074104309,
    1.351375937461853,
    1.0951932668685913,
    -0.2778036296367645,
    -0.10020047426223755,
    0.08002619445323944,
    0.16636155545711517,
    0.3326644003391266,
    -0.13813751935958862,
    0.27000299096107483
  ],
  "joints": [
    [
      0.948188066482544,
      -0.2274344116449356,
      -0.22183993458747864,
      0.2744393050670624,
      0.9381170868873596,
      0.21123315393924713,
      0.16007013618946075,
      -0.261170357465744,
      0.9519283771514893
    ],
    [
      0.9270719885826111,
      0.36127138137817383,
      -0.10010263323783875,
      -0.3340693712234497,
      0.9173053503036499,
      0.21667598187923431,
      0.170103520154953,
      -0.1674329936504364,
      0.9710978269577026
    ],
    [
      0.9841887354850769,
      -0.05922656133770943,
      0.16692784428596497,
      0.09350807219743729,
      0.9741405844688416,
      -0.20568522810935974,
      -0.1504291445016861,
      0.21804215013980865,
      0.9642763733863831
    ],
    [
      0.9784268736839294,
      -0.07995136082172394,
      -0.190495565533638,
      -0.04011610522866249,
      0.8310033679008484,
      -0.5548189282417297,
      0.20266100764274597,
      0.5504916906356812,
      0.8098686933517456
    ],
    [
      0.9957250356674194,
      0.0603957362473011,
      0.06988557428121567,
      -0.02197990007698536,
      0.8898057341575623,
      -0.45580992102622986,
      -0.08971355855464935,
      0.4523252546787262,
      0.8873293399810791
    ],
    [
      0.9989006519317627,
      -0.017980720847845078,
      -0.04329317808151245,
      0.02105311118066311,
      0.9972118735313416,
      0.07159069180488586,
      0.041885219514369965,
      -0.07242343574762344,
      0.9964941143989563
    ],
    [
      0.9615164399147034,
      0.1789257526397705,
      -0.20849868655204773,
      -0.13699637353420258,
      0.9700326919555664,
      0.2006705105304718,
      0.23815563321113586,
      -0.16438442468643188,
      0.9572145342826843
    ],
    [
      0.8371657133102417,
      -0.41483455896377563,
      -0.3564629554748535,
      0.45275354385375977,
      0.8912533521652222,
      0.026109514757990837,
      0.30686765909194946,
      -0.1832478642463684,
      0.933944582939148
    ],
    [
      0.9762555360794067,
      0.006567590404301882,
      0.21652251482009888,
      0.008828126825392246,
      0.9975036382675171,
      -0.0700606182217598,
      -0.21644213795661926,
      0.07030855119228363,
      0.9737604856491089
    ],
    [
      0.8946061134338379,
      -0.2625758945941925,
      0.36157119274139404,
      -0.05471069738268852,
      0.738696813583374,
      0.6718137264251709,
      -0.4434935748577118,
      -0.6207905411720276,
      0.6464769840240479
    ],
    [
      0.8341076374053955,
      0.42627668380737305,
      0.35007527470588684,
      -0.46539178490638733,
      0.8845335245132446,
      0.03179556503891945,
      -0.29609960317611694,
      -0.18944308161735535,
      0.9361818432807922
    ],
    [
      0.9905445575714111,
      0.0863521620631218,
      -0.10660624504089355,
      -0.07737547904253006,
      0.9933159351348877,
      0.08565301448106766,
      0.11329001188278198,
      -0.07659441232681274,
      0.9906052350997925
    ],
    [
      0.8147579431533813,
      0.0038409684784710407,
      -0.5797885060310364,
      0.2580021619796753,
      0.8931171298027039,
      0.36847880482673645,
      0.5192344188690186,
      -0.449807733297348,
      0.7266833186149597
    ],
    [
      0.6704782843589783,
      -0.17279744148254395,
      0.7215261459350586,
      -0.0012501566670835018,
      0.9722355008125305,
      0.2340012639760971,
      -0.7419281005859375,
      -0.1577948033809662,
      0.6516467928886414
    ],
    [
      0.9774898290634155,
      -0.090142160654068,
      0.19075608253479004,
      0.08573885262012482,
      0.9958280920982361,
      0.03122958168387413,
      -0.19277536869049072,
      -0.01417139358818531,
      0.9811404943466187
    ],
    [
      0.2876155972480774,
      0.7308046817779541,
      -0.6190330386161804,
      -0.7093659043312073,
      0.5968127250671387,
      0.3749862015247345,
      0.6434884071350098,
      0.3312690258026123,
      0.6900606155395508
    ],
    [
      0.516711413860321,
      -0.4131198823451996,
      0.7498942017555237,
      0.34184712171554565,
      0.9025847315788269,
      0.2616894245147705,
      -0.7849521636962891,
      0.12113126367330551,
      0.607599675655365
    ],
    [
      -0.5707824230194092,
      -0.35431578755378723,
      -0.7407211065292358,
      0.11077987402677536,
      0.8606289625167847,
      -0.49703678488731384,
      0.8135940432548523,
      -0.3657568395137787,
      -0.4519808292388916
    ],
    [
      0.45839351415634155,
      0.27366578578948975,
      0.8455663919448853,
      -0.17798610031604767,
      0.9604048728942871,
      -0.21434424817562103,
      -0.8707447052001953,
      -0.05224504694342613,
      0.48895207047462463
    ],
    [
      0.9195867776870728,
      -0.3007245361804962,
      0.25283387303352356,
      0.3612487018108368,
      0.9001973271369934,
      -0.2431955635547638,
      -0.15446552634239197,
      0.3149753212928772,
      0.9364458918571472
    ],
    [
      0.949280858039856,
      0.24617516994476318,
      -0.19561076164245605,
      -0.30808767676353455,
      0.8525425791740417,
      -0.42220038175582886,
      0.06283124536275864,
      0.4610520303249359,
      0.885145902633667
    ],
    [
      0.9258410334587097,
      0.2039024531841278,
      -0.3181857168674469,
      -0.1456618458032608,
      0.9694399237632751,
      0.1974051296710968,
      0.34871336817741394,
      -0.13641825318336487,
      0.9272480607032776
    ],
    [
      0.9362789392471313,
      -0.20768822729587555,
      0.2832795977592468,
      0.1039784848690033,
      0.9342028498649597,
      0.3412531018257141,
      -0.3355148136615753,
      -0.2900530993938446,
      0.8962695598602295
    ]
  ],
  "root_rot": [
    0.5602056980133057,
    0.02902422472834587,
    0.8278448581695557,
    -0.12171861529350281,
    -0.9856536984443665,
    0.11692444235086441,
    0.8193620443344116,
    -0.16626587510108948,
    -0.5486360192298889
  ],
  "root_trans": [
    -0.04706945642828941,
    0.5286570191383362,
    2.5900192260742188
  ]
}