{
  "betas": [
    -0.5854776501655579,
    0.9702121019363403,
    0.5910962820053101,
    0.025616049766540527,
    -0.16720432043075562,
    0.23379439115524292,
    0.21033525466918945,
    0.6320663690567017,
    0.3917211592197418,
    0.7104154825210571
  ],
  "joints": [
    [
      0.9852960109710693,
      -0.13783401250839233,
      -0.10096347332000732,
      0.15710055828094482,
      0.9631699919700623,
      0.21822717785835266,
      0.06716585159301758,
      -0.2308797687292099,
      0.9706613421440125
    ],
    [
      0.880368173122406,
      0.44307851791381836,
      -0.16921405494213104,
      -0.43016329407691956,
      0.8961916565895081,
      0.10862760245800018,
      0.19977881014347076,
      -0.02284260280430317,
      0.9795747399330139
    ],
    [
      0.9821575880050659,
      0.08324720710515976,
      0.16863034665584564,
      -0.04894455149769783,
      0.978938639163971,
      -0.1982007622718811,
      -0.18157844245433807,
      0.18641087412834167,
      0.9655464887619019
    ],
    [
      0.9991025328636169,
      0.04227922111749649,
      -0.0025680633261799812,
      -0.03639744594693184,
      0.82593834400177,
      -0.5625842213630676,
      -0.021664561703801155,
      0.5621728301048279,
      0.8267359733581543
    ],
    [
      0.9956845045089722,
      -0.04794159159064293,
      0.07946088165044785,
      0.07517405599355698,
      0.9187294840812683,
      -0.387666255235672,
      -0.05441771820187569,
      0.39196664094924927,
      0.9183686971664429
    ],
    [
      0.9903749823570251,
      -0.05543291196227074,
      -0.12682496011257172,
      0.06711116433143616,
      0.9937014579772949,
      0.08974142372608185,
      0.12105152010917664,
      -0.09738903492689133,
      0.9878572225570679
    ],
    [
      0.9631670713424683,
      0.14551566541194916,
      0.22612904012203217,
      -0.16454502940177917,
      0.9840493202209473,
      0.06761523336172104,
      -0.2126830667257309,
      -0.1023331880569458,
      0.9717477560043335
    ],
    [
      0.8401979804039001,
      -0.45611506700515747,
      -0.2933026850223541,
      0.3992193043231964,
      0.8863091468811035,
      -0.23469161987304688,
      0.3670032024383545,
      0.0800953209400177,
      0.9267650842666626
    ],
    [
      0.9966307878494263,
      -0.013401634059846401,
      0.08091730624437332,
      0.015861013904213905,
      0.9994292259216309,
      -0.029827523976564407,
      -0.08047138154506683,
      0.031010452657938004,
      0.996274471282959
    ],
    [
      0.945094883441925,
      -0.3198879659175873,
      -0.06683794409036636,
      0.27604106068611145,
      0.6719627976417542,
      0.6872170567512512,
      -0.17491987347602844,
      -0.6679353713989258,
      0.7233707904815674
    ],
    [
      0.8396812081336975,
      0.48436859250068665,
      0.24560633301734924,
      -0.5111910700798035,
      0.85761958360672,
      0.05632445216178894,
      -0.1833549588918686,
      -0.17284636199474335,
      0.9677319526672363
    ],
    [
      0.9897732138633728,
      0.03169947862625122,
      0.13908366858959198,
      -0.029051005840301514,
      0.9993566870689392,
      -0.021031761541962624,
      -0.13966086506843567,
      0.016776151955127716,
      0.9900574088096619
    ],
    [
      0.8386422991752625,
      -0.19331616163253784,
      -0.5092227458953857,
      0.370308518409729,
      0.887957751750946,
      0.2727682292461395,
      0.3994378447532654,
      -0.4173245429992676,
      0.8162655830383301
    ],
    [
      0.7877815961837769,
      -0.2882453501224518,
      0.5443480610847473,
      0.12695801258087158,
      0.9407562613487244,
      0.31441909074783325,
      -0.6027286648750305,
      -0.17858421802520752,
      0.7777055501937866
    ],
    [
      0.975579559803009,
      -0.21955148875713348,
      0.006451830267906189,
      0.21568050980567932,
      0.9631084203720093,
      0.16094738245010376,
      -0.04155005142092705,
      -0.15562544763088226,
      0.9869418740272522
    ],
    [
      0.7638252973556519,
      0.307807594537735,
      -0.5672965049743652,
      -0.17568768560886383,
      0.9449205994606018,
      0.2761501371860504,
      0.6210512518882751,
      -0.1112634465098381,
      0.7758322358131409
    ],
    [
      0.46169134974479675,
      -0.6759310364723206,
      0.5744199752807617,
      0.6669548749923706,
      0.691459596157074,
      0.2775874137878418,
      -0.5848181843757629,
      0.25495249032974243,
      0.770056426525116
    ],
    [
      0.26425787806510925,
      -0.34991341829299927,
      -0.8987370729446411,
      0.6112721562385559,
      0.7815573811531067,
      -0.12455689907073975,
      0.7459986805915833,
      -0.5164578557014465,
      0.42042502760887146
    ],
    [
      -0.18768833577632904,
      0.44332969188690186,
      0.8764883279800415,
      -0.015312408097088337,
      0.8909174799919128,
      -0.45390692353248596,
      -0.9821092486381531,
      -0.09861418604850769,
      -0.16042637825012207
    ],
    [
      0.8869481682777405,
      -0.2638721168041229,
      0.37907037138938904,
      0.43551281094551086,
      0.7510923147201538,
      -0.496174156665802,
      -0.15379031002521515,
      0.6051708459854126,
      0.7810996174812317
    ],
    [
      0.944125771522522,
      0.29756301641464233,
      -0.14171379804611206,
      -0.3295607566833496,
      0.8470721244812012,
      -0.41696345806121826,
      -0.004031094256788492,
      0.44036924839019775,
      0.8978077173233032
    ],
    [
      0.9847620129585266,
      0.012664707377552986,
      -0.17344549298286438,
      0.0032303277403116226,
      0.9958406090736389,
      0.09105538576841354,
      0.17387725412845612,
      -0.09022817760705948,
      0.9806250929832458
    ],
    [
      0.9695377945899963,
      -0.008377056568861008,
      0.2447984516620636,
      -0.0013010773109272122,
      0.9992247223854065,
      0.03934667631983757,
      -0.24493829905986786,
      -0.03846659138798714,
      0.96877521276474
    ]
  ],
  "root_rot": [
    -0.3375941216945648,
    -0.12210207432508469,
    0.9333388209342957,
    0.4464075565338135,
    -0.8937201499938965,
    0.04454918950796127,
    0.8287041187286377,
    0.4316890239715576,
    0.3562219440937042
  ],
  "root_trans": [
    0.1290547102689743,
    0.4998435080051422,
    2.4864957332611084
  ]
}