{
  "betas": [
    -0.49213021993637085,
    1.2795884609222412,
    1.5444682836532593,
    -0.10712659358978271,
    -0.048392921686172485,
    0.3850014805793762,
    0.34941989183425903,
    0.38465946912765503,
    -0.05501863360404968,
    0.8796458840370178
  ],
  "joints": [
    [
      0.9415299892425537,
      -0.25095492601394653,
      -0.22481769323349,
      0.3178788423538208,
      0.8828166127204895,
      0.3458147644996643,
      0.11168888211250305,
      -0.39705973863601685,
      0.9109715819358826
    ],
    [
      0.9237541556358337,
      0.3750753700733185,
      -0.07743819802999496,
      -0.36712875962257385,
      0.9247962832450867,
      0.09984128177165985,
      0.109062559902668,
      -0.06379900872707367,
      0.9919853806495667
    ],
    [
      0.9881728887557983,
      -0.0531371608376503,
      0.14384353160858154,
      0.07443306595087051,
      0.9863353967666626,
      -0.14697687327861786,
      -0.13406804203987122,
      0.15594524145126343,
      0.9786250591278076
    ],
    [
      0.9936888217926025,
      -0.03324339538812637,
      -0.10713337361812592,
      -0.03982287272810936,
      0.7883158922195435,
      -0.6139806509017944,
      0.10486572980880737,
      0.6143719553947449,
      0.7820168137550354
    ],
    [
      0.9920234084129333,
      0.090554378926754,
      0.08768931776285172,
      -0.03202887997031212,
      0.8538969159126282,
      -0.51945561170578,
      -0.12191662937402725,
      0.5125035643577576,
      0.8499860763549805
    ],
    [
      0.9978896379470825,
      0.009403341449797153,
      -0.06424761563539505,
      -0.0026760550681501627,
      0.9945734739303589,
      0.10400222986936569,
      0.06487693637609482,
      -0.10361082851886749,
      0.9924997091293335
    ],
    [
      0.9812957048416138,
      0.10945995897054672,
      -0.15835770964622498,
      -0.11659779399633408,
      0.9925090074539185,
      -0.03648033365607262,
      0.15317831933498383,
      0.05426216125488281,
      0.9867076277732849
    ],
    [
      0.7931522727012634,
      -0.5953739881515503,
      -0.12821625173091888,
      0.6030542254447937,
      0.7971798181533813,
      0.02880793996155262,
      0.08505991101264954,
      -0.10017042607069016,
      0.9913277626037598
    ],
    [
      0.9896306991577148,
      0.002077131997793913,
      0.14362023770809174,
      0.01148290652781725,
      0.9955509305000305,
      -0.09352254122495651,
      -0.14317552745342255,
      0.0942019522190094,
      0.9852039217948914
    ],
    [
      0.9091979265213013,
      -0.17757558822631836,
      0.37659794092178345,
      -0.06384707242250443,
      0.8343326449394226,
      0.5475513935089111,
      -0.4114397466182709,
      -0.5218772888183594,
      0.7472358345985413
    ],
    [
      0.7742348313331604,
      0.622059166431427,
      0.11663160473108292,
      -0.6255103945732117,
      0.7801670432090759,
      -0.008729718625545502,
      -0.09642253071069717,
      -0.06619542092084885,
      0.993137001991272
    ],
    [
      0.9782031774520874,
      0.001903264201246202,
      -0.20764130353927612,
      0.01796574518084526,
      0.9954326748847961,
      0.09376120567321777,
      0.20687136054039001,
      -0.09544793516397476,
      0.9737012386322021
    ],
    [
      0.894400417804718,
      -0.024440068751573563,
      -0.44659894704818726,
      0.1870896816253662,
      0.9273973703384399,
      0.3239314556121826,
      0.4062577784061432,
      -0.3732784688472748,
      0.8340370655059814
    ],
    [
      0.7296494841575623,
      -0.15705877542495728,
      0.6655405759811401,
      -0.028015898540616035,
      0.9655836224555969,
      0.2585795521736145,
      -0.6832472085952759,
      -0.20731815695762634,
      0.7001374363899231
    ],
    [
      0.9933469891548157,
      0.013227807357907295,
      0.11439753323793411,
      -0.015257192775607109,
      0.9997410774230957,
      0.016882399097085,
      -0.11414459347724915,
      -0.018515465781092644,
      0.9932916164398193
    ],
    [
      0.5294637084007263,
      0.6824759840965271,
      -0.5038796663284302,
      -0.6588074564933777,
      0.7049888372421265,
      0.26260891556739807,
      0.534453809261322,
      0.19291777908802032,
      0.8228862881660461
    ],
    [
      0.4956001341342926,
      -0.5213178992271423,
      0.6947000622749329,
      0.4106309115886688,
      0.8454385995864868,
      0.34149056673049927,
      -0.7653513550758362,
      0.11602254211902618,
      0.6330687403678894
    ],
    [
      0.11260820925235748,
      -0.3271508812904358,
      -0.9382386207580566,
      0.3779660165309906,
      0.8873668313026428,
      -0.26404881477355957,
      0.9189456701278687,
      -0.3248882293701172,
      0.22357670962810516
    ],
    [
      0.43305641412734985,
      0.230838805437088,
      0.871306836605072,
      -0.2137809842824936,
      0.9653732180595398,
      -0.14950686693191528,
      -0.8756482005119324,
      -0.121523916721344,
      0.46740999817848206
    ],
    [
      0.8226563334465027,
      -0.3161833584308624,
      0.47250884771347046,
      0.4586699604988098,
      0.86017906665802,
      -0.22296594083309174,
      -0.33594411611557007,
      0.4001499116420746,
      0.8526555895805359
    ],
    [
      0.9479976892471313,
      0.30112704634666443,
      -0.10306725651025772,
      -0.318204402923584,
      0.903634250164032,
      -0.28668996691703796,
      0.006805002689361572,
      0.30457788705825806,
      0.9524631500244141
    ],
    [
      0.9608575105667114,
      -0.0010505903046578169,
      -0.27704089879989624,
      0.025053514167666435,
      0.9962249994277954,
      0.08311492204666138,
      0.2759077548980713,
      -0.08680245280265808,
      0.9572566151618958
    ],
    [
      0.9691271185874939,
      -0.1237470954656601,
      0.21325869858264923,
      0.0780416876077652,
      0.9744152426719666,
      0.21077105402946472,
      -0.23388484120368958,
      -0.1876208782196045,
      0.9539896845817566
    ]
  ],
  "root_rot": [
    -0.5607735514640808,
    -0.11788655072450638,
    0.8195340037345886,
    -0.15565598011016846,
    -0.9571529030799866,
    -0.244191512465477,
    0.8132062554359436,
    -0.2645014822483063,
    0.518396258354187
  ],
  "root_trans": [
    0.08907252550125122,
    0.48910069465637207,
    2.6582353115081787
  ]
}