{
  "betas": [
    -0.7309606075286865,
    0.9067544937133789,
    1.1760165691375732,
    0.32010143995285034,
    -0.03463947772979736,
    0.4151293933391571,
    -0.06590032577514648,
    0.7641702890396118,
    0.0561770498752594,
    0.8368995189666748
  ],
  "joints": [
    [
      0.9967779517173767,
      -0.04746079072356224,
      -0.0646611824631691,
      0.056695543229579926,
      0.9871459603309631,
      0.14942744374275208,
      0.056738074868917465,
      -0.15261200070381165,
      0.986656129360199
    ],
    [
      0.9971754550933838,
      0.01441208552569151,
      -0.07371179014444351,
      -0.0035320669412612915,
      0.9893296360969543,
      0.14565140008926392,
      0.07502440363168716,
      -0.14497964084148407,
      0.9865861535072327
    ],
    [
      0.9887033700942993,
      -0.12855461239814758,
      0.07706689834594727,
      0.13774263858795166,
      0.9820308685302734,
      -0.12900523841381073,
      -0.059097856283187866,
      0.13816331326961517,
      0.9886446595191956
    ],
    [
      0.9992125034332275,
      0.03822243958711624,
      0.010646665468811989,
      -0.026968713849782944,
      0.8510733842849731,
      -0.5243536233901978,
      -0.029103165492415428,
      0.5236536264419556,
      0.8514339923858643
    ],
    [
      0.9993883371353149,
      -0.012366257607936859,
      -0.03270838037133217,
      -0.005035171285271645,
      0.8747403621673584,
      -0.48456570506095886,
      0.034603606909513474,
      0.4844340980052948,
      0.8741430640220642
    ],
    [
      0.9980742335319519,
      -0.004236231092363596,
      -0.06188656762242317,
      0.010296768508851528,
      0.9951388239860535,
      0.09794225543737411,
      0.061170823872089386,
      -0.0983908623456955,
      0.9932660460472107
    ],
    [
      0.9862241744995117,
      -0.1078171357512474,
      0.12544889748096466,
      0.08409745991230011,
      0.9798774123191833,
      0.1810191571712494,
      -0.1424415111541748,
      -0.1679755300283432,
      0.9754459261894226
    ],
    [
      0.7646269798278809,
      -0.49459564685821533,
      -0.41318365931510925,
      0.5366026163101196,
      0.8436662554740906,
      -0.01687588542699814,
      0.35693588852882385,
      -0.2088116854429245,
      0.9104912877082825
    ],
    [
      0.9947781562805176,
      -0.01904967427253723,
      0.10026739537715912,
      0.028658973053097725,
      0.9950371980667114,
      -0.09528714418411255,
      -0.09795460104942322,
      0.09766313433647156,
      0.9903872013092041
    ],
    [
      0.9131358861923218,
      -0.4037059247493744,
      0.05660645291209221,
      0.22587145864963531,
      0.616639256477356,
      0.7541472315788269,
      -0.33935949206352234,
      -0.6758531332015991,
      0.65426105260849
    ],
    [
      0.7670217156410217,
      0.3227321207523346,
      0.5545462965965271,
      -0.4184785485267639,
      0.9067884683609009,
      0.051091160625219345,
      -0.48636743426322937,
      -0.2712537944316864,
      0.8305829167366028
    ],
    [
      0.9967973828315735,
      0.056376390159130096,
      -0.05671655759215355,
      -0.055819835513830185,
      0.9983763098716736,
      0.011351539753377438,
      0.057264428585767746,
      -0.008149277418851852,
      0.9983258247375488
    ],
    [
      0.8805137276649475,
      0.014595531858503819,
      -0.4737957715988159,
      0.1793072372674942,
      0.9150012731552124,
      0.36141595244407654,
      0.43879881501197815,
      -0.40318673849105835,
      0.8030540943145752
    ],
    [
      0.7922825813293457,
      0.010625127702951431,
      0.6100617051124573,
      -0.1173127144575119,
      0.9838463664054871,
      0.13521800935268402,
      -0.5987703800201416,
      -0.17869888246059418,
      0.7807307839393616
    ],
    [
      0.9163073897361755,
      0.017121508717536926,
      0.40010952949523926,
      -0.02320287562906742,
      0.9996771216392517,
      0.01035964023321867,
      -0.39980295300483704,
      -0.01877630688250065,
      0.9164087772369385
    ],
    [
      0.4858652353286743,
      0.6384419202804565,
      -0.5969312191009521,
      -0.6580527424812317,
      0.7166902422904968,
      0.23091460764408112,
      0.5752403736114502,
      0.2806188762187958,
      0.7683433294296265
    ],
    [
      0.7740763425827026,
      -0.31106024980545044,
      0.5514048933982849,
      0.19011038541793823,
      0.9449830651283264,
      0.26620495319366455,
      -0.6038740873336792,
      -0.10123512893915176,
      0.7906247973442078
    ],
    [
      -0.4638397693634033,
      -0.4282528758049011,
      -0.7755334973335266,
      0.08017037063837051,
      0.8515175580978394,
      -0.5181608200073242,
      0.8822842240333557,
      -0.30251839756965637,
      -0.3606345057487488
    ],
    [
      0.012073662132024765,
      0.2971299886703491,
      0.9547606110572815,
      -0.40333643555641174,
      0.8751538395881653,
      -0.26725515723228455,
      -0.9149720668792725,
      -0.3818630278110504,
      0.13040965795516968
    ],
    [
      0.8556700348854065,
      -0.30532899498939514,
      0.41785523295402527,
      0.4655950367450714,
      0.8066835403442383,
      -0.3639819920063019,
      -0.2259426712989807,
      0.5059998035430908,
      0.8324146270751953
    ],
    [
      0.8596417307853699,
      0.41064751148223877,
      -0.3039485216140747,
      -0.5108886361122131,
      0.6874858140945435,
      -0.5160969495773315,
      -0.0029736103024333715,
      0.5989423394203186,
      0.8007866144180298
    ],
    [
      0.8460222482681274,
      0.3394709825515747,
      -0.4111032783985138,
      -0.13417890667915344,
      0.8818406462669373,
      0.45205435156822205,
      0.5159869194030762,
      -0.32728663086891174,
      0.7916066646575928
    ],
    [
      0.9391645193099976,
      -0.30119383335113525,
      0.16508279740810394,
      0.15808188915252686,
      0.8057540059089661,
      0.5707632303237915,
      -0.30492642521858215,
      -0.509943962097168,
      0.804348886013031
    ]
  ],
  "root_rot": [
    0.2192266285419464,
    0.11351311951875687,
    -0.9690482020378113,
    -0.20085670053958893,
    -0.9666842818260193,
    -0.15867578983306885,
    -0.9547755122184753,
    0.22942578792572021,
    -0.18912306427955627
  ],
  "root_trans": [
    -0.022010475397109985,
    0.5898590087890625,
    2.4846460819244385
  ]
}