{
  "betas": [
    -0.4156709909439087,
    1.4070039987564087,
    1.3766168355941772,
    -0.3878011405467987,
    -0.23361992835998535,
    0.26540616154670715,
    0.5171928405761719,
    0.3644969165325165,
    0.06390874087810516,
    0.8859052062034607
  ],
  "joints": [
    [
      0.9447314143180847,
      -0.24194827675819397,
      -0.22123190760612488,
      0.3045913279056549,
      0.8973674178123474,
      0.3193052113056183,
      0.12127096205949783,
      -0.3690429925918579,
      0.9214665293693542
    ],
    [
      0.9415423274040222,
      0.3320254683494568,
      -0.05707067996263504,
      -0.3251711130142212,
      0.9399433732032776,
      0.10377912223339081,
      0.08810052275657654,
      -0.07915470004081726,
      0.992961585521698
    ],
    [
      0.9885862469673157,
      0.0181066133081913,
      0.1495642066001892,
      0.004230248276144266,
      0.9890239238739014,
      -0.1476946920156479,
      -0.15059682726860046,
      0.14664162695407867,
      0.9776588678359985
    ],
    [
      0.9960551857948303,
      -0.028530046343803406,
      -0.08402436971664429,
      -0.0283514391630888,
      0.7949515581130981,
      -0.6060100793838501,
      0.08408481627702713,
      0.6060016751289368,
      0.7910067439079285
    ],
    [
      0.9921051263809204,
      0.08232949674129486,
      0.09460112452507019,
      -0.02323373220860958,
      0.8619423508644104,
      -0.5064737796783447,
      -0.1232384443283081,
      0.5002772212028503,
      0.8570502400398254
    ],
    [
      0.996308445930481,
      -0.024197619408369064,
      -0.08236556500196457,
      0.030875159427523613,
      0.9962528944015503,
      0.08078920841217041,
      0.08010203391313553,
      -0.08303400874137878,
      0.9933222532272339
    ],
    [
      0.9960604310035706,
      0.03250126913189888,
      -0.0825054943561554,
      -0.03269815444946289,
      0.999464750289917,
      -0.0010362946195527911,
      0.08242765069007874,
      0.0037299925461411476,
      0.9965900182723999
    ],
    [
      0.8051201701164246,
      -0.5843203663825989,
      -0.1017407551407814,
      0.5842972993850708,
      0.8108619451522827,
      -0.033158667385578156,
      0.1018729954957962,
      -0.03275014087557793,
      0.9942581057548523
    ],
    [
      0.9959316253662109,
      -0.02456224150955677,
      0.08670008927583694,
      0.030493952333927155,
      0.9972349405288696,
      -0.0677688792347908,
      -0.08479579538106918,
      0.07013699412345886,
      0.9939268231391907
    ],
    [
      0.9199681878089905,
      -0.1354672908782959,
      0.3678412437438965,
      -0.07708557695150375,
      0.8575432300567627,
      0.5086034536361694,
      -0.3843388557434082,
      -0.49625420570373535,
      0.7784699201583862
    ],
    [
      0.7796816825866699,
      0.620686411857605,
      0.08273341506719589,
      -0.6239098310470581,
      0.781279981136322,
      0.0183863528072834,
      -0.0532258041203022,
      -0.06595369428396225,
      0.9964020252227783
    ],
    [
      0.9955942034721375,
      0.00981620792299509,
      -0.09325173497200012,
      -0.01095293927937746,
      0.9998716711997986,
      -0.011685898527503014,
      0.09312506765127182,
      0.012655792757868767,
      0.9955739378929138
    ],
    [
      0.861670196056366,
      -0.04298929125070572,
      -0.5056446194648743,
      0.2394958883523941,
      0.9129098057746887,
      0.3305111229419708,
      0.44739940762519836,
      -0.4058913588523865,
      0.7969229221343994
    ],
    [
      0.7250336408615112,
      -0.1978938728570938,
      0.659669816493988,
      -0.0175250843167305,
      0.9522178173065186,
      0.30491673946380615,
      -0.6884904503822327,
      -0.23263566195964813,
      0.6869218349456787
    ],
    [
      0.9930362701416016,
      -0.10440562665462494,
      0.05457454174757004,
      0.09427917003631592,
      0.9820658564567566,
      0.1632731407880783,
      -0.07064242660999298,
      -0.1569909155368805,
      0.9850702881813049
    ],
    [
      0.518780529499054,
      0.6482471227645874,
      -0.5573530197143555,
      -0.569455087184906,
      0.7482874989509583,
      0.34027448296546936,
      0.6376422643661499,
      0.14085973799228668,
      0.7573446035385132
    ],
    [
      0.43716251850128174,
      -0.6145876049995422,
      0.6566361784934998,
      0.5176209807395935,
      0.7689884901046753,
      0.3751336634159088,
      -0.7354981303215027,
      0.17589424550533295,
      0.6542963981628418
    ],
    [
      0.1896144598722458,
      -0.3611025810241699,
      -0.9130450487136841,
      0.4686751067638397,
      0.8504235148429871,
      -0.2390052229166031,
      0.8627803921699524,
      -0.38260266184806824,
      0.33049237728118896
    ],
    [
      0.17502902448177338,
      0.3581516742706299,
      0.9171107411384583,
      -0.20683781802654266,
      0.924078643321991,
      -0.3213981091976166,
      -0.9625917077064514,
      -0.13343918323516846,
      0.23581989109516144
    ],
    [
      0.8626859784126282,
      -0.26439112424850464,
      0.43112677335739136,
      0.4236157238483429,
      0.8434298038482666,
      -0.33041778206825256,
      -0.27626562118530273,
      0.46767881512641907,
      0.8396152853965759
    ],
    [
      0.9689818024635315,
      0.22792023420333862,
      -0.09553331136703491,
      -0.24378159642219543,
      0.9449766874313354,
      -0.21815043687820435,
      0.04055584967136383,
      0.23467308282852173,
      0.9712279438972473
    ],
    [
      0.9907954931259155,
      -0.020484887063503265,
      -0.13380780816078186,
      0.02619059383869171,
      0.9988150000572205,
      0.04102093353867531,
      0.13280892372131348,
      -0.04414786770939827,
      0.9901579022407532
    ],
    [
      0.9789314866065979,
      -0.0672442838549614,
      0.19279834628105164,
      0.056452278047800064,
      0.996543824672699,
      0.06093912944197655,
      -0.19622981548309326,
      -0.04877133667469025,
      0.9793442487716675
    ]
  ],
  "root_rot": [
    -0.7419071793556213,
    -0.14405831694602966,
    0.6548441648483276,
    -0.0011089119361713529,
    -0.976381778717041,
    -0.21604929864406586,
    0.6705016493797302,
    -0.16101469099521637,
    0.7242249250411987
  ],
  "root_trans": [
    -0.11933335661888123,
    0.3373607397079468,
    2.4279167652130127
  ]
}