{
  "betas": [
    -1.0279076099395752,
    0.9955471754074097,
    0.9584516286849976,
    -0.1497420370578766,
    -0.06667196750640869,
    0.15433838963508606,
    0.33118128776550293,
    1.067795753479004,
    0.0835837572813034,
    0.8262044191360474
  ],
  "joints": [
    [
      0.9646059274673462,
      -0.19307562708854675,
      -0.17960304021835327,
      0.22506649792194366,
      0.9577189683914185,
      0.17921897768974304,
      0.13740642368793488,
      -0.21329830586910248,
      0.9672762751579285
    ],
    [
      0.940493643283844,
      0.3383157551288605,
      -0.0318431481719017,
      -0.33204445242881775,
      0.9348745942115784,
      0.12552301585674286,
      0.07223576307296753,
      -0.10748027265071869,
      0.9915794730186462
    ],
    [
      0.9916988611221313,
      3.0011779017513618e-05,
      0.1285824030637741,
      0.024449380114674568,
      0.9817118644714355,
      -0.1887962967157364,
      -0.12623652815818787,
      0.19037282466888428,
      0.9735618233680725
    ],
    [
      0.9928271174430847,
      -0.0390964038670063,
      -0.11298568546772003,
      -0.03272534906864166,
      0.8200667500495911,
      -0.5713314414024353,
      0.11499280482530594,
      0.5709308385848999,
      0.8129050731658936
    ],
    [
      0.990013599395752,
      0.0882422924041748,
      0.10993838310241699,
      -0.017056619748473167,
      0.8491092920303345,
      -0.5279418230056763,
      -0.13993649184703827,
      0.5207943916320801,
      0.8421348333358765
    ],
    [
      0.9976129531860352,
      -0.012084189802408218,
      -0.0679883137345314,
      0.01672186143696308,
      0.9975409507751465,
      0.06806283444166183,
      0.06699863821268082,
      -0.06903725117444992,
      0.995361864566803
    ],
    [
      0.9740007519721985,
      0.18339768052101135,
      -0.1329955905675888,
      -0.11640329658985138,
      0.9087831377983093,
      0.4007037281990051,
      0.19435229897499084,
      -0.37480461597442627,
      0.9065035581588745
    ],
    [
      0.9205441474914551,
      -0.35071444511413574,
      -0.1720401793718338,
      0.35831135511398315,
      0.9334933161735535,
      0.0142515255138278,
      0.1556001603603363,
      -0.07476311922073364,
      0.9849867820739746
    ],
    [
      0.9933201670646667,
      -0.021886441856622696,
      0.11329585313796997,
      0.026179855689406395,
      0.9989889860153198,
      -0.0365474671125412,
      -0.11238140612840652,
      0.03926941007375717,
      0.992888867855072
    ],
    [
      0.9358598589897156,
      -0.3425044119358063,
      0.08280712366104126,
      0.2303486168384552,
      0.7724812030792236,
      0.5917872786521912,
      -0.2666567265987396,
      -0.5347554683685303,
      0.8018295764923096
    ],
    [
      0.938649594783783,
      0.2746262550354004,
      0.20860828459262848,
      -0.25492170453071594,
      0.9599011540412903,
      -0.11663918197154999,
      -0.23227551579475403,
      0.056304533034563065,
      0.9710190296173096
    ],
    [
      0.9839391708374023,
      0.17438001930713654,
      0.03815030679106712,
      -0.17616359889507294,
      0.9830980896949768,
      0.049844857305288315,
      -0.028813548386096954,
      -0.05576499551534653,
      0.9980281591415405
    ],
    [
      0.8750594258308411,
      -0.026153074577450752,
      -0.4833085238933563,
      0.20039136707782745,
      0.9285145401954651,
      0.31257641315460205,
      0.4405841827392578,
      -0.37037375569343567,
      0.8177462220191956
    ],
    [
      0.7861177921295166,
      -0.24815315008163452,
      0.5660732388496399,
      0.18898731470108032,
      0.9685046672821045,
      0.16211895644664764,
      -0.5884748697280884,
      -0.020463937893509865,
      0.8082565665245056
    ],
    [
      0.9819768667221069,
      -0.04213085398077965,
      0.18424534797668457,
      0.03369499742984772,
      0.9982459545135498,
      0.04868090897798538,
      -0.18597310781478882,
      -0.04159538075327873,
      0.9816740155220032
    ],
    [
      0.4577137231826782,
      0.5908010601997375,
      -0.6644186973571777,
      -0.5222985744476318,
      0.7834278345108032,
      0.3368159532546997,
      0.7195153832435608,
      0.19285960495471954,
      0.6671602129936218
    ],
    [
      0.6305877566337585,
      -0.5554028153419495,
      0.5421132445335388,
      0.5678103566169739,
      0.8063268661499023,
      0.16561470925807953,
      -0.5291033983230591,
      0.2033829540014267,
      0.8238233327865601
    ],
    [
      -0.40383416414260864,
      -0.4210418462753296,
      -0.8121833205223083,
      0.3551792502403259,
      0.7459933161735535,
      -0.563330888748169,
      0.8430692553520203,
      -0.5159628987312317,
      -0.15171225368976593
    ],
    [
      -0.009923540987074375,
      0.40941134095191956,
      0.912295937538147,
      -0.00745144160464406,
      0.9122852683067322,
      -0.40948760509490967,
      -0.9999229907989502,
      -0.010861486196517944,
      -0.006002395413815975
    ],
    [
      0.8795600533485413,
      -0.2939411699771881,
      0.37412911653518677,
      0.40999990701675415,
      0.8672187924385071,
      -0.2825448215007782,
      -0.24140027165412903,
      0.40190809965133667,
      0.8832868337631226
    ],
    [
      0.9223955869674683,
      0.3856590688228607,
      0.021296359598636627,
      -0.34938210248947144,
      0.8565979599952698,
      -0.37970006465911865,
      -0.16467717289924622,
      0.3427930772304535,
      0.9248645305633545
    ],
    [
      0.976995050907135,
      0.007014111150056124,
      -0.2131464034318924,
      -0.021537696942687035,
      0.9975942373275757,
      -0.06589355319738388,
      0.21217142045497894,
      0.06896836310625076,
      0.9747956991195679
    ],
    [
      0.9749260544776917,
      -0.03678293153643608,
      0.21946801245212555,
      0.02586103230714798,
      0.9982895255088806,
      0.05243326351046562,
      -0.22102126479148865,
      -0.045442886650562286,
      0.974209725856781
    ]
  ],
  "root_rot": [
    0.43977153301239014,
    0.15001164376735687,
    -0.885492742061615,
    0.3604653477668762,
    -0.9325352311134338,
    0.021040553227066994,
    -0.8225969076156616,
    -0.3284425139427185,
    -0.4641764461994171
  ],
  "root_trans": [
    -0.15328854322433472,
    0.5210033655166626,
    2.801053524017334
  ]
}