{
  "betas": [
    -1.1158735752105713,
    1.2210783958435059,
    1.4896538257598877,
    -0.2972363531589508,
    -0.18261271715164185,
    0.17924928665161133,
    0.5972597599029541,
    0.973584771156311,
    0.22621698677539825,
    0.5928478240966797
  ],
  "joints": [
    [
      0.9533613324165344,
      -0.2210814654827118,
      -0.2054879367351532,
      0.2513532340526581,
      0.9584365487098694,
      0.13498558104038239,
      0.1671043038368225,
      -0.18034006655216217,
      0.9693058729171753
    ],
    [
      0.916748046875,
      0.3970957398414612,
      -0.043451085686683655,
      -0.3741236627101898,
      0.8916206955909729,
      0.2550372779369354,
      0.1400160938501358,
      -0.21754883229732513,
      0.9659544229507446
    ],
    [
      0.9912751913070679,
      -0.00768527016043663,
      0.13158488273620605,
      0.03993083909153938,
      0.9688963294029236,
      -0.24422413110733032,
      -0.1256151795387268,
      0.24734757840633392,
      0.9607497453689575
    ],
    [
      0.9889851808547974,
      -0.04675566777586937,
      -0.14043529331684113,
      -0.038194652646780014,
      0.836047351360321,
      -0.5473260879516602,
      0.14300116896629333,
      0.546661376953125,
      0.8250526189804077
    ],
    [
      0.9984713196754456,
      0.03249151259660721,
      0.044713929295539856,
      0.006090197246521711,
      0.7393760085105896,
      -0.6732651591300964,
      -0.05493581295013428,
      0.6725082993507385,
      0.7380478382110596
    ],
    [
      0.9983876943588257,
      0.0044165984727442265,
      -0.056592635810375214,
      -0.00019470461120363325,
      0.9972291588783264,
      0.07439111918210983,
      0.056764379143714905,
      -0.07426014542579651,
      0.9956221580505371
    ],
    [
      0.9320938587188721,
      0.22409920394420624,
      -0.2845711410045624,
      -0.14129523932933807,
      0.9483501315116882,
      0.2840205430984497,
      0.33352184295654297,
      -0.22452521324157715,
      0.9156154990196228
    ],
    [
      0.9393298029899597,
      -0.31293556094169617,
      -0.1404668241739273,
      0.31219691038131714,
      0.9496093392372131,
      -0.027840804308652878,
      0.142100989818573,
      -0.017701609060168266,
      0.9896938800811768
    ],
    [
      0.9867864847183228,
      0.02668236382305622,
      0.15981383621692657,
      -0.020965920761227608,
      0.9990823268890381,
      -0.03734971582889557,
      -0.16066373884677887,
      0.033505551517009735,
      0.9864403605461121
    ],
    [
      0.988854169845581,
      -0.1478443443775177,
      0.017590882256627083,
      0.1177615225315094,
      0.8489447236061096,
      0.5151941776275635,
      -0.0911022424697876,
      -0.5073803663253784,
      0.8568928837776184
    ],
    [
      0.9172070622444153,
      0.3606225550174713,
      0.16935941576957703,
      -0.32649725675582886,
      0.9239672422409058,
      -0.19920878112316132,
      -0.22832173109054565,
      0.1274203211069107,
      0.9652115702629089
    ],
    [
      0.9944813847541809,
      0.07354053109884262,
      -0.07482370734214783,
      -0.06530512869358063,
      0.9920995235443115,
      0.10711559653282166,
      0.08210990577936172,
      -0.10163809359073639,
      0.9914270639419556
    ],
    [
      0.7416024804115295,
      0.04021444916725159,
      -0.6696332097053528,
      0.17084386944770813,
      0.9539666175842285,
      0.2464953362941742,
      0.6487205028533936,
      -0.29720422625541687,
      0.7005935907363892
    ],
    [
      0.6748735904693604,
      -0.28719836473464966,
      0.679751992225647,
      0.0783676877617836,
      0.9438409209251404,
      0.32097187638282776,
      -0.7337602376937866,
      -0.1633448451757431,
      0.6594803929328918
    ],
    [
      0.9990202188491821,
      0.006593148224055767,
      0.04376135393977165,
      -0.0019792411476373672,
      0.9945071339607239,
      -0.10465037822723389,
      -0.044210951775312424,
      0.10446123778820038,
      0.9935457706451416
    ],
    [
      0.284928560256958,
      0.6711187362670898,
      -0.6844087243080139,
      -0.5935378670692444,
      0.6841831207275391,
      0.42379969358444214,
      0.7526808381080627,
      0.2854698598384857,
      0.5932776927947998
    ],
    [
      0.49594780802726746,
      -0.5956836342811584,
      0.6318202018737793,
      0.5241650938987732,
      0.7854608297348022,
      0.32909300923347473,
      -0.692305326461792,
      0.1679651439189911,
      0.7017841339111328
    ],
    [
      -0.47880038619041443,
      -0.4331524670124054,
      -0.7636289596557617,
      0.2827032208442688,
      0.7474120855331421,
      -0.6012105941772461,
      0.8311613202095032,
      -0.5037402510643005,
      -0.23540759086608887
    ],
    [
      0.4379575550556183,
      0.3940311074256897,
      0.8080424666404724,
      -0.11731176823377609,
      0.9161913990974426,
      -0.3831857144832611,
      -0.8913086652755737,
      0.07302617281675339,
      0.44747743010520935
    ],
    [
      0.9113706350326538,
      -0.34486308693885803,
      0.2246621549129486,
      0.3943155109882355,
      0.8880441188812256,
      -0.2364167869091034,
      -0.11797847598791122,
      0.30405107140541077,
      0.9453222155570984
    ],
    [
      0.9288148283958435,
      0.2815684974193573,
      -0.24087798595428467,
      -0.368306964635849,
      0.7728513479232788,
      -0.5167695879936218,
      0.040656883269548416,
      0.5687002539634705,
      0.8215394616127014
    ],
    [
      0.9763350486755371,
      0.03556932508945465,
      -0.21331827342510223,
      -0.029323019087314606,
      0.9990454912185669,
      0.03237548843026161,
      0.21426625549793243,
      -0.025354189798235893,
      0.9764461517333984
    ],
    [
      0.9834535717964172,
      -0.023703724145889282,
      0.17960263788700104,
      0.015490115620195866,
      0.9987748861312866,
      0.04699757322669029,
      -0.18049663305282593,
      -0.04343787208199501,
      0.9826158881187439
    ]
  ],
  "root_rot": [
    -0.2664722800254822,
    0.05307117849588394,
    -0.9623803496360779,
    0.5958685874938965,
    -0.7757403254508972,
    -0.20776808261871338,
    -0.757583737373352,
    -0.6288166642189026,
    0.17508985102176666
  ],
  "root_trans": [
    -0.03294195234775543,
    0.38599735498428345,
    3.1737916469573975
  ]
}