{
  "betas": [
    -0.7142758369445801,
    1.557866096496582,
    1.196530818939209,
    -0.2888049781322479,
    -0.21922928094863892,
    0.19571998715400696,
    0.180198073387146,
    0.6781537532806396,
    0.21153835952281952,
    0.6033750772476196
  ],
  "joints": [
    [
      0.9467794299125671,
      -0.28423845767974854,
      -0.15105347335338593,
      0.31603407859802246,
      0.9099150896072388,
      0.2686578929424286,
      0.061082907021045685,
      -0.3020978271961212,
      0.9513179063796997
    ],
    [
      0.923002302646637,
      0.3731551468372345,
      -0.0939258262515068,
      -0.3514839708805084,
      0.91694176197052,
      0.18888337910175323,
      0.15660730004310608,
      -0.14132636785507202,
      0.977497398853302
    ],
    [
      0.9833267331123352,
      -0.09281464666128159,
      0.1563776731491089,
      0.12892450392246246,
      0.9622852206230164,
      -0.23955310881137848,
      -0.12824587523937225,
      0.2557199001312256,
      0.9582068920135498
    ],
    [
      0.9914430379867554,
      -0.0465405210852623,
      -0.12196173518896103,
      -0.03343930095434189,
      0.8125671744346619,
      -0.5819075703620911,
      0.1261843740940094,
      0.5810065269470215,
      0.804057776927948
    ],
    [
      0.9972049593925476,
      0.06736750900745392,
      0.032309167087078094,
      -0.041672058403491974,
      0.8604229688644409,
      -0.5078735947608948,
      -0.062013737857341766,
      0.5051077008247375,
      0.8608254194259644
    ],
    [
      0.9972034692764282,
      -0.03499329835176468,
      -0.06603527814149857,
      0.040982868522405624,
      0.9949480891227722,
      0.09164410829544067,
      0.06249475106596947,
      -0.09409414231777191,
      0.9935998320579529
    ],
    [
      0.9767619967460632,
      0.1904323250055313,
      -0.09834371507167816,
      -0.18104732036590576,
      0.9786853790283203,
      0.09693704545497894,
      0.11470749974250793,
      -0.07687956094741821,
      0.9904199242591858
    ],
    [
      0.8449718952178955,
      -0.43070390820503235,
      -0.3170435428619385,
      0.4733629822731018,
      0.8781953454017639,
      0.06855926662683487,
      0.24889741837978363,
      -0.208007350564003,
      0.9459296464920044
    ],
    [
      0.9844192862510681,
      -0.012821326032280922,
      0.1753687709569931,
      0.028888404369354248,
      0.9955790042877197,
      -0.0893753245472908,
      -0.17344754934310913,
      0.09304892271757126,
      0.9804375767707825
    ],
    [
      0.9448366761207581,
      -0.26704683899879456,
      0.18965670466423035,
      0.0953214094042778,
      0.778150200843811,
      0.6208027005195618,
      -0.31336483359336853,
      -0.5684788227081299,
      0.7606801390647888
    ],
    [
      0.8678069114685059,
      0.44442835450172424,
      0.22224879264831543,
      -0.44849470257759094,
      0.8931108117103577,
      -0.03472195193171501,
      -0.21392421424388885,
      -0.06954546272754669,
      0.9743714928627014
    ],
    [
      0.9895398020744324,
      0.05765864998102188,
      -0.13223636150360107,
      -0.03252606838941574,
      0.9822227954864502,
      0.18487945199012756,
      0.14054547250270844,
      -0.17864443361759186,
      0.9738239645957947
    ],
    [
      0.8032914400100708,
      0.0332503467798233,
      -0.5946571826934814,
      0.24188120663166046,
      0.894180178642273,
      0.3767428696155548,
      0.5442575216293335,
      -0.4464707374572754,
      0.7102446556091309
    ],
    [
      0.6974433064460754,
      -0.13837969303131104,
      0.7031529545783997,
      -0.025423789396882057,
      0.9757847189903259,
      0.21725067496299744,
      -0.716188907623291,
      -0.16939681768417358,
      0.6770364046096802
    ],
    [
      0.9705630540847778,
      -0.019654203206300735,
      0.2400440126657486,
      0.025386201217770576,
      0.9994611144065857,
      -0.020809950307011604,
      -0.23950563371181488,
      0.026291172951459885,
      0.9705389738082886
    ],
    [
      0.35377436876296997,
      0.6852921843528748,
      -0.6365675330162048,
      -0.6578980088233948,
      0.6660805940628052,
      0.3514353632926941,
      0.6648412346839905,
      0.2944677174091339,
      0.6864945888519287
    ],
    [
      0.5093819499015808,
      -0.42968320846557617,
      0.7455886602401733,
      0.32392042875289917,
      0.8984335064888,
      0.29646721482276917,
      -0.7972487807273865,
      0.09049635380506516,
      0.5968289971351624
    ],
    [
      -0.39811113476753235,
      -0.419686883687973,
      -0.8157023787498474,
      0.029042650014162064,
      0.882994532585144,
      -0.4684838652610779,
      0.9168773293495178,
      -0.2101987898349762,
      -0.3393411338329315
    ],
    [
      0.4383436143398285,
      0.25566738843917847,
      0.8616780042648315,
      -0.18300971388816833,
      0.9639951586723328,
      -0.19292700290679932,
      -0.8799785375595093,
      -0.0731271430850029,
      0.4693507254123688
    ],
    [
      0.8597387075424194,
      -0.45335617661476135,
      0.23519691824913025,
      0.49888816475868225,
      0.8440583348274231,
      -0.19666269421577454,
      -0.1093616634607315,
      0.2864154875278473,
      0.9518436193466187
    ],
    [
      0.9650478959083557,
      0.24849320948123932,
      -0.08326847106218338,
      -0.2618939280509949,
      0.926173746585846,
      -0.2713184058666229,
      0.009700287133455276,
      0.2836427688598633,
      0.9588809013366699
    ],
    [
      0.9626252055168152,
      0.11190304905176163,
      -0.24663837254047394,
      -0.08300678431987762,
      0.9887258410453796,
      0.12462378293275833,
      0.2578035295009613,
      -0.09949332475662231,
      0.9610611200332642
    ],
    [
      0.9679608345031738,
      -0.1514703333377838,
      0.20027124881744385,
      0.09122034162282944,
      0.9552001357078552,
      0.2815520763397217,
      -0.23394592106342316,
      -0.2542625665664673,
      0.9384135007858276
    ]
  ],
  "root_rot": [
    0.19749164581298828,
    -0.040069837123155594,
    0.979485273361206,
    -0.3017504811286926,
    -0.9531365036964417,
    0.021849405020475388,
    0.9327077269554138,
    -0.2998752295970917,
    -0.20032759010791779
  ],
  "root_trans": [
    -0.05000099167227745,
    0.5230909585952759,
    2.9582788944244385
  ]
}