{
  "betas": [
    -0.9960748553276062,
    1.2858952283859253,
    1.5065656900405884,
    -0.017569929361343384,
    0.1063806414604187,
    0.06405121833086014,
    0.18451103568077087,
    0.39430874586105347,
    -0.02048519253730774,
    0.40992891788482666
  ],
  "joints": [
    [
      0.9618207216262817,
      -0.24155928194522858,
      -0.12864671647548676,
      0.2653977572917938,
      0.938010573387146,
      0.2229352742433548,
      0.06681989878416061,
      -0.24856632947921753,
      0.9663072824478149
    ],
    [
      0.9263981580734253,
      0.34345144033432007,
      -0.15436212718486786,
      -0.3173989951610565,
      0.9328147768974304,
      0.17062972486019135,
      0.20259429514408112,
      -0.10907667130231857,
      0.9731690287590027
    ],
    [
      0.9904768466949463,
      -0.018521681427955627,
      0.1364281177520752,
      0.051537685096263885,
      0.9687442183494568,
      -0.24264870584011078,
      -0.12766970694065094,
      0.24736909568309784,
      0.9604732990264893
    ],
    [
      0.9942317605018616,
      0.026381365954875946,
      -0.10395819693803787,
      -0.06459490209817886,
      0.9210564494132996,
      -0.384034663438797,
      0.0856199860572815,
      0.3885346055030823,
      0.9174476861953735
    ],
    [
      0.9987300634384155,
      0.017977219074964523,
      0.04706418141722679,
      0.011828737333416939,
      0.824385404586792,
      -0.5659052729606628,
      -0.04897242411971092,
      0.5657433867454529,
      0.8231258392333984
    ],
    [
      0.9995294213294983,
      0.013433857820928097,
      -0.027577169239521027,
      -0.00937281921505928,
      0.9897601008415222,
      0.1424325555562973,
      0.02920820191502571,
      -0.1421070545911789,
      0.9894202351570129
    ],
    [
      0.995419979095459,
      0.05508680269122124,
      -0.07813145965337753,
      -0.058522701263427734,
      0.9973856806755066,
      -0.04238845035433769,
      0.07559216022491455,
      0.046766772866249084,
      0.996041476726532
    ],
    [
      0.8836257457733154,
      -0.4338880181312561,
      -0.17591671645641327,
      0.4336889088153839,
      0.9001002907752991,
      -0.04163356125354767,
      0.17640699446201324,
      -0.03950463980436325,
      0.9835242033004761
    ],
    [
      0.987963080406189,
      0.04830395430326462,
      0.1469549536705017,
      -0.02940317429602146,
      0.9913162589073181,
      -0.12817025184631348,
      -0.15186995267868042,
      0.12230653315782547,
      0.9808041453361511
    ],
    [
      0.9842544198036194,
      -0.16748929023742676,
      0.056485675275325775,
      0.08498624712228775,
      0.7286248803138733,
      0.6796197295188904,
      -0.15498590469360352,
      -0.6641181707382202,
      0.7313865423202515
    ],
    [
      0.8672539591789246,
      0.38880378007888794,
      0.31096959114074707,
      -0.38386550545692444,
      0.9199470281600952,
      -0.07965393364429474,
      -0.31704530119895935,
      -0.050290320068597794,
      0.9470760822296143
    ],
    [
      0.9918637871742249,
      0.12311641871929169,
      0.0323798693716526,
      -0.12635238468647003,
      0.9831075072288513,
      0.1324191391468048,
      -0.015529921278357506,
      -0.13543303310871124,
      0.9906647801399231
    ],
    [
      0.811496913433075,
      -0.10467954725027084,
      -0.5749043226242065,
      0.36356472969055176,
      0.86066734790802,
      0.3564721345901489,
      0.45748600363731384,
      -0.4982909560203552,
      0.7364866733551025
    ],
    [
      0.6554814577102661,
      -0.10588756948709488,
      0.7477512955665588,
      -0.1969420611858368,
      0.9318960309028625,
      0.30460408329963684,
      -0.7290802001953125,
      -0.3469260036945343,
      0.5899868607521057
    ],
    [
      0.9885510206222534,
      -0.00033921332214958966,
      0.15088637173175812,
      -0.012764697894454002,
      0.9962247014045715,
      0.08586916327476501,
      -0.1503458470106125,
      -0.08681207150220871,
      0.9848146438598633
    ],
    [
      0.2541905641555786,
      0.8598270416259766,
      -0.44281452894210815,
      -0.72832852602005,
      0.47142258286476135,
      0.49729105830192566,
      0.6363370418548584,
      0.19610777497291565,
      0.7460677027702332
    ],
    [
      0.33384719491004944,
      -0.7260662317276001,
      0.6011436581611633,
      0.5426862239837646,
      0.6694859266281128,
      0.507227897644043,
      -0.7707383632659912,
      0.15689581632614136,
      0.6175321340560913
    ],
    [
      0.2526639401912689,
      -0.4755653142929077,
      -0.8426140546798706,
      0.6631365418434143,
      0.7192749381065369,
      -0.20710726082324982,
      0.7045642137527466,
      -0.5064396858215332,
      0.4970995783805847
    ],
    [
      0.4291653335094452,
      0.309544175863266,
      0.8485278487205505,
      -0.39861807227134705,
      0.9079142808914185,
      -0.1295967847108841,
      -0.8105064034461975,
      -0.2826201021671295,
      0.513035237789154
    ],
    [
      0.9237566590309143,
      -0.18974891304969788,
      0.3326697051525116,
      0.28483256697654724,
      0.9210558533668518,
      -0.2655682861804962,
      -0.2560160756111145,
      0.3400755524635315,
      0.9048781394958496
    ],
    [
      0.9568063616752625,
      0.23475904762744904,
      -0.17149266600608826,
      -0.2834532558917999,
      0.8844006061553955,
      -0.3707961440086365,
      0.06462046504020691,
      0.4033902883529663,
      0.912743330001831
    ],
    [
      0.9738333225250244,
      0.0626656785607338,
      -0.21845321357250214,
      -0.032450489699840546,
      0.98972487449646,
      0.13925373554229736,
      0.22493501007556915,
      -0.12852099537849426,
      0.9658606052398682
    ],
    [
      0.9830781817436218,
      0.018483340740203857,
      0.18225151300430298,
      -0.022894907742738724,
      0.9994928240776062,
      0.022131646052002907,
      -0.18175002932548523,
      -0.025929773226380348,
      0.983002781867981
    ]
  ],
  "root_rot": [
    -0.9170249700546265,
    -0.09448635578155518,
    -0.3874761164188385,
    0.03211311995983124,
    -0.9858701825141907,
    0.16440436244010925,
    -0.397535115480423,
    0.13831980526447296,
    0.9071018099784851
  ],
  "root_trans": [
    0.08839426189661026,
    0.636526346206665,
    2.4798810482025146
  ]
}