{
  "betas": [
    -0.9980441927909851,
    1.5046024322509766,
    1.30625319480896,
    -0.20652785897254944,
    -0.010909110307693481,
    0.09691906720399857,
    0.0959164947271347,
    0.2050129622220993,
    -0.01319722831249237,
    0.4390503764152527
  ],
  "joints": [
    [
      0.9450416564941406,
      -0.24282428622245789,
      -0.21893499791622162,
      0.30277296900749207,
      0.9026899337768555,
      0.30574387311935425,
      0.1233883872628212,
      -0.35522833466529846,
      0.9266002178192139
    ],
    [
      0.9179859757423401,
      0.3808673918247223,
      -0.11064290255308151,
      -0.3559921383857727,
      0.914238691329956,
      0.1934872269630432,
      0.17484700679779053,
      -0.13823054730892181,
      0.9748440980911255
    ],
    [
      0.9867334961891174,
      0.006065669935196638,
      0.1622348427772522,
      0.014205427840352058,
      0.9922431707382202,
      -0.12349746376276016,
      -0.16172552108764648,
      0.12416370958089828,
      0.9789934158325195
    ],
    [
      0.9912151098251343,
      0.015387363731861115,
      -0.13136157393455505,
      -0.07070808857679367,
      0.9010085463523865,
      -0.42799991369247437,
      0.1117720976471901,
      0.4335283041000366,
      0.8941813111305237
    ],
    [
      0.9887382388114929,
      0.012658321298658848,
      0.14911925792694092,
      0.03429635986685753,
      0.9507330060005188,
      -0.3081077039241791,
      -0.1456727534532547,
      0.30975210666656494,
      0.9395919442176819
    ],
    [
      0.9975410103797913,
      -0.010620366781949997,
      -0.06927552074193954,
      0.0193047933280468,
      0.9918519854545593,
      0.12592461705207825,
      0.06737369298934937,
      -0.12695233523845673,
      0.9896180629730225
    ],
    [
      0.9743514060974121,
      0.13582780957221985,
      -0.1794157773256302,
      -0.12399499863386154,
      0.9893949627876282,
      0.07564906775951385,
      0.18778832256793976,
      -0.051462121307849884,
      0.9808603525161743
    ],
    [
      0.845711350440979,
      -0.464380145072937,
      -0.26291337609291077,
      0.44101810455322266,
      0.8856066465377808,
      -0.14561527967453003,
      0.30045872926712036,
      0.00719892792403698,
      0.9537676572799683
    ],
    [
      0.9806765913963318,
      0.028053002431988716,
      0.1936139166355133,
      -0.01478868629783392,
      0.997464120388031,
      -0.0696176290512085,
      -0.19507591426372528,
      0.0654090866446495,
      0.9786045551300049
    ],
    [
      0.934245228767395,
      -0.1985834240913391,
      0.29622697830200195,
      -0.06189872696995735,
      0.7277271151542664,
      0.683067798614502,
      -0.35121840238571167,
      -0.6564889550209045,
      0.6675835251808167
    ],
    [
      0.8739609718322754,
      0.32336825132369995,
      0.3628019690513611,
      -0.3900769054889679,
      0.91201251745224,
      0.12678022682666779,
      -0.28988322615623474,
      -0.25232163071632385,
      0.923201858997345
    ],
    [
      0.990774393081665,
      0.10636446624994278,
      -0.08398006111383438,
      -0.10544321686029434,
      0.9943069815635681,
      0.01534276083111763,
      0.0851338803768158,
      -0.00634608743712306,
      0.9963493347167969
    ],
    [
      0.6728754639625549,
      -0.038540858775377274,
      -0.7387511134147644,
      0.40179091691970825,
      0.8575424551963806,
      0.32122430205345154,
      0.6211301684379578,
      -0.5129674077033997,
      0.592504620552063
    ],
    [
      0.6043676137924194,
      -0.21545721590518951,
      0.7670188546180725,
      -0.08082804828882217,
      0.9411890506744385,
      0.32806992530822754,
      -0.7925949096679688,
      -0.26027145981788635,
      0.5514091849327087
    ],
    [
      0.9971410036087036,
      -0.047600045800209045,
      -0.05868590623140335,
      0.04630514234304428,
      0.9986571669578552,
      -0.023231809958815575,
      0.059712935239076614,
      0.020447932183742523,
      0.9980061650276184
    ],
    [
      0.25064530968666077,
      0.7220354080200195,
      -0.6448578834533691,
      -0.5791614055633545,
      0.6456047892570496,
      0.49776148796081543,
      0.7757248282432556,
      0.24871525168418884,
      0.5799928307533264
    ],
    [
      0.43042537569999695,
      -0.5542986392974854,
      0.7123811841011047,
      0.4529847204685211,
      0.815299391746521,
      0.36068224906921387,
      -0.7807297110557556,
      0.16745100915431976,
      0.6020143628120422
    ],
    [
      -0.3070477545261383,
      -0.37280064821243286,
      -0.8756377696990967,
      0.13246725499629974,
      0.894385039806366,
      -0.4272327721118927,
      0.9424299597740173,
      -0.2471741884946823,
      -0.22523504495620728
    ],
    [
      0.4884066879749298,
      0.3206491470336914,
      0.8115683197975159,
      -0.2150988131761551,
      0.9455810189247131,
      -0.2441495954990387,
      -0.8456899523735046,
      -0.05532309412956238,
      0.5307993292808533
    ],
    [
      0.9297677874565125,
      -0.2481587678194046,
      0.27193599939346313,
      0.32401973009109497,
      0.9022687673568726,
      -0.2844683527946472,
      -0.17476606369018555,
      0.35260212421417236,
      0.9193087816238403
    ],
    [
      0.8791452646255493,
      0.3721432387828827,
      -0.29767945408821106,
      -0.4627746641635895,
      0.8158018589019775,
      -0.3468528985977173,
      0.11376849561929703,
      0.4426925480365753,
      0.8894268274307251
    ],
    [
      0.9215870499610901,
      0.3001329004764557,
      -0.24616581201553345,
      -0.23645024001598358,
      0.9369871616363525,
      0.25718918442726135,
      0.30784517526626587,
      -0.17881624400615692,
      0.9344817399978638
    ],
    [
      0.9305194020271301,
      -0.22844679653644562,
      0.28626155853271484,
      0.17643120884895325,
      0.9645525217056274,
      0.19624105095863342,
      -0.3209449052810669,
      -0.1321006417274475,
      0.9378399848937988
    ]
  ],
  "root_rot": [
    0.8691293597221375,
    0.1401180624961853,
    0.4743216633796692,
    0.16650067269802094,
    -0.9859442710876465,
    -0.013834521174430847,
    0.46571627259254456,
    0.09099886566400528,
    -0.8802428841590881
  ],
  "root_trans": [
    -0.12164710462093353,
    0.5812389254570007,
    2.2881481647491455
  ]
}