{
  "betas": [
    -1.0156636238098145,
    1.2331483364105225,
    1.39471435546875,
    -0.11717486381530762,
    0.03858193755149841,
    0.06491605192422867,
    0.17931224405765533,
    0.41268089413642883,
    -0.032534852623939514,
    0.566678524017334
  ],
  "joints": [
    [
      0.9358746409416199,
      -0.2553795874118805,
      -0.2427343726158142,
      0.31185904145240784,
      0.9210172295570374,
      0.233390673995018,
      0.1639593243598938,
      -0.2941232919692993,
      0.9415990710258484
    ],
    [
      0.9711461663246155,
      0.23847559094429016,
      -0.002138670301064849,
      -0.23466679453849792,
      0.957156777381897,
      0.16965356469154358,
      0.04250528663396835,
      -0.1642565280199051,
      0.9855014085769653
    ],
    [
      0.9914671182632446,
      -0.002879769541323185,
      0.130325049161911,
      0.017752761021256447,
      0.9934243559837341,
      -0.11310535669326782,
      -0.12914235889911652,
      0.11445388197898865,
      0.9849987030029297
    ],
    [
      0.9875430464744568,
      -0.1077180802822113,
      -0.1146976575255394,
      0.035966116935014725,
      0.8641687631607056,
      -0.5019152760505676,
      0.1531834602355957,
      0.4915376901626587,
      0.857278048992157
    ],
    [
      0.99112468957901,
      0.04102030768990517,
      0.12644831836223602,
      0.02178393118083477,
      0.8882259130477905,
      -0.4588901996612549,
      -0.13113848865032196,
      0.45757195353507996,
      0.8794490694999695
    ],
    [
      0.9962093234062195,
      -0.025921691209077835,
      -0.08303697407245636,
      0.03333699330687523,
      0.9954558610916138,
      0.08919791877269745,
      0.08034747838973999,
      -0.09162799268960953,
      0.992546558380127
    ],
    [
      0.9856089353561401,
      0.16439008712768555,
      -0.03938126564025879,
      -0.15549153089523315,
      0.9730499982833862,
      0.17028233408927917,
      0.06631267070770264,
      -0.16170834004878998,
      0.9846080541610718
    ],
    [
      0.9065934419631958,
      -0.39532506465911865,
      -0.14766982197761536,
      0.40615999698638916,
      0.9123754501342773,
      0.05104032903909683,
      0.11455279588699341,
      -0.10625040531158447,
      0.9877188205718994
    ],
    [
      0.9965543746948242,
      -0.020455673336982727,
      0.08038002997636795,
      0.026306474581360817,
      0.9970273375511169,
      -0.07241807878017426,
      -0.07865973562002182,
      0.07428306341171265,
      0.9941300749778748
    ],
    [
      0.9322224855422974,
      -0.25659045577049255,
      0.2551913559436798,
      -0.03872523829340935,
      0.6303907632827759,
      0.7753114700317383,
      -0.3598077893257141,
      -0.7326450943946838,
      0.5777279138565063
    ],
    [
      0.9511452913284302,
      0.24717333912849426,
      0.18500791490077972,
      -0.28058356046676636,
      0.9420422911643982,
      0.18392732739448547,
      -0.12882332503795624,
      -0.22685180604457855,
      0.96537184715271
    ],
    [
      0.9991520047187805,
      0.04034000635147095,
      0.008248666301369667,
      -0.040696416050195694,
      0.9979722499847412,
      0.048940230160951614,
      -0.006257690489292145,
      -0.04923441633582115,
      0.9987676739692688
    ],
    [
      0.8003583550453186,
      -0.06053369492292404,
      -0.5964580178260803,
      0.3004186153411865,
      0.9014632701873779,
      0.311629056930542,
      0.5188208818435669,
      -0.428602010011673,
      0.7396790981292725
    ],
    [
      0.7249019742012024,
      -0.11653842031955719,
      0.6789225935935974,
      -0.1021457388997078,
      0.9565045237541199,
      0.27324938774108887,
      -0.6812366843223572,
      -0.26742807030677795,
      0.68146812915802
    ],
    [
      0.9754412770271301,
      -0.010298834182322025,
      0.22001884877681732,
      -0.007519547827541828,
      0.9967669248580933,
      0.0799950361251831,
      -0.22013135254383087,
      -0.07968489825725555,
      0.972210168838501
    ],
    [
      0.27118876576423645,
      0.7704797387123108,
      -0.5769034624099731,
      -0.6956228017807007,
      0.5711392164230347,
      0.43578535318374634,
      0.6652559638023376,
      0.2831271290779114,
      0.6908498406410217
    ],
    [
      0.18095041811466217,
      -0.8019691705703735,
      0.5692998766899109,
      0.7823459506034851,
      0.4681513011455536,
      0.41081520915031433,
      -0.595979630947113,
      0.3710522949695587,
      0.7121294736862183
    ],
    [
      -0.09092848002910614,
      -0.34110209345817566,
      -0.9356182217597961,
      0.2713419795036316,
      0.8954768180847168,
      -0.3528381288051605,
      0.9581783413887024,
      -0.2859555184841156,
      0.011130968108773232
    ],
    [
      0.13793137669563293,
      0.4245123863220215,
      0.8948543667793274,
      -0.2204442173242569,
      0.8939853310585022,
      -0.3901212811470032,
      -0.965597927570343,
      -0.14345549046993256,
      0.21688993275165558
    ],
    [
      0.9065148830413818,
      -0.25102323293685913,
      0.33943793177604675,
      0.3525657057762146,
      0.892406702041626,
      -0.28161630034446716,
      -0.23222441971302032,
      0.37496355175971985,
      0.89748215675354
    ],
    [
      0.9558746814727783,
      0.28777360916137695,
      -0.059076081961393356,
      -0.29356563091278076,
      0.9280951619148254,
      -0.22903837263584137,
      -0.0110829658806324,
      0.23627468943595886,
      0.9716231226921082
    ],
    [
      0.9693543910980225,
      0.09686213731765747,
      -0.22576506435871124,
      -0.09757521748542786,
      0.995195746421814,
      0.008025193586945534,
      0.2254577875137329,
      0.014249823987483978,
      0.974148690700531
    ],
    [
      0.95993572473526,
      -0.1310642659664154,
      0.24768014252185822,
      0.11763125658035278,
      0.990702748298645,
      0.068343386054039,
      -0.25433480739593506,
      -0.03647034242749214,
      0.9664282202720642
    ]
  ],
  "root_rot": [
    0.9211012721061707,
    0.15931840240955353,
    -0.3552323877811432,
    0.19185654819011688,
    -0.9797024726867676,
    0.05808788910508156,
    -0.33876755833625793,
    -0.12165849655866623,
    -0.9329714775085449
  ],
  "root_trans": [
    -0.1713934689760208,
    0.42231032252311707,
    2.506481170654297
  ]
}