{
  "betas": [
    -0.9298755526542664,
    0.8329324722290039,
    1.0085337162017822,
    -0.27938660979270935,
    -0.015888303518295288,
    -0.3370497524738312,
    0.42846715450286865,
    0.9680498838424683,
    0.2066628634929657,
    0.7949380874633789
  ],
  "joints": [
    [
      0.9515354633331299,
      -0.21187490224838257,
      -0.22291088104248047,
      0.2612280547618866,
      0.9393391013145447,
      0.22226548194885254,
      0.16229642927646637,
      -0.2697240710258484,
      0.9491621255874634
    ],
    [
      0.9417545199394226,
      0.33341673016548157,
      -0.04395033046603203,
      -0.3289039731025696,
      0.9404004216194153,
      0.08642507344484329,
      0.07014647126197815,
      -0.06693577021360397,
      0.9952884316444397
    ],
    [
      0.9901178479194641,
      0.03678302466869354,
      0.1353275626897812,
      -0.011929461732506752,
      0.9835826754570007,
      -0.18006359040737152,
      -0.1397291123867035,
      0.17666980624198914,
      0.9743015766143799
    ],
    [
      0.9918351769447327,
      -0.06569704413414001,
      -0.10930188745260239,
      -0.017217420041561127,
      0.7802596092224121,
      -0.6252188086509705,
      0.12635886669158936,
      0.6219959259033203,
      0.7727577686309814
    ],
    [
      0.9881330132484436,
      0.07280765473842621,
      0.1352483630180359,
      0.014520787633955479,
      0.8322985768318176,
      -0.5541373491287231,
      -0.1529124528169632,
      0.5495253801345825,
      0.8213644623756409
    ],
    [
      0.9948588013648987,
      -0.029264630749821663,
      -0.09695133566856384,
      0.032423678785562515,
      0.9989880323410034,
      0.03116985224187374,
      0.09594105184078217,
      -0.03415311872959137,
      0.9948009252548218
    ],
    [
      0.9748367667198181,
      0.1795431524515152,
      -0.13212722539901733,
      -0.10842997580766678,
      0.8997728824615479,
      0.4226721227169037,
      0.1947723627090454,
      -0.3977097272872925,
      0.896599531173706
    ],
    [
      0.9465997219085693,
      -0.29698053002357483,
      -0.1255050152540207,
      0.3099590539932251,
      0.94539874792099,
      0.1007305383682251,
      0.08873727172613144,
      -0.13425292074680328,
      0.9869660139083862
    ],
    [
      0.9963443279266357,
      -0.039215337485075,
      0.07589487731456757,
      0.04133153706789017,
      0.9987936019897461,
      -0.026516063138842583,
      -0.0747634768486023,
      0.02955598384141922,
      0.9967631697654724
    ],
    [
      0.9534869194030762,
      -0.281127393245697,
      0.10876569896936417,
      0.17101329565048218,
      0.801639199256897,
      0.5728254914283752,
      -0.2482277750968933,
      -0.5275812745094299,
      0.8124290108680725
    ],
    [
      0.9627124071121216,
      0.23772257566452026,
      0.1291234940290451,
      -0.23786680400371552,
      0.9711890816688538,
      -0.01453110296279192,
      -0.12885770201683044,
      -0.01672491431236267,
      0.9915220737457275
    ],
    [
      0.9892030954360962,
      0.14493520557880402,
      0.021704908460378647,
      -0.1432841569185257,
      0.9875825643539429,
      -0.06442426145076752,
      -0.030772725120186806,
      0.060618702322244644,
      0.9976866245269775
    ],
    [
      0.8620501756668091,
      0.09350687265396118,
      -0.49812236428260803,
      0.10370990633964539,
      0.929491400718689,
      0.353963166475296,
      0.49609848856925964,
      -0.35679423809051514,
      0.7915706634521484
    ],
    [
      0.8493358492851257,
      -0.2551468312740326,
      0.4620915949344635,
      0.20680852234363556,
      0.966278076171875,
      0.15341737866401672,
      -0.48565295338630676,
      -0.034738391637802124,
      0.873461127281189
    ],
    [
      0.9842191338539124,
      -0.05045159161090851,
      0.16960939764976501,
      0.027552947402000427,
      0.9904972314834595,
      0.13474498689174652,
      -0.1747957170009613,
      -0.12794536352157593,
      0.9762564301490784
    ],
    [
      0.19310086965560913,
      0.6745160818099976,
      -0.7125588059425354,
      -0.6550621390342712,
      0.6292991042137146,
      0.41818204522132874,
      0.7304831743240356,
      0.3860189616680145,
      0.5633681416511536
    ],
    [
      0.4345851242542267,
      -0.7301505208015442,
      0.5272722244262695,
      0.7864513397216797,
      0.5929571986198425,
      0.17290492355823517,
      -0.4388964772224426,
      0.3395320475101471,
      0.8319182395935059
    ],
    [
      -0.2931196093559265,
      -0.4613049626350403,
      -0.8374238014221191,
      0.26021096110343933,
      0.8043398857116699,
      -0.5341607332229614,
      0.9199842810630798,
      -0.37447986006736755,
      -0.11573118716478348
    ],
    [
      -0.04587895795702934,
      0.5170642733573914,
      0.8547161817550659,
      -0.007445664145052433,
      0.8554163575172424,
      -0.517887532711029,
      -0.9989192485809326,
      -0.030124062672257423,
      -0.03539572283625603
    ],
    [
      0.9335219860076904,
      -0.19467796385288239,
      0.3010599911212921,
      0.294329434633255,
      0.8956260681152344,
      -0.3335026800632477,
      -0.20471158623695374,
      0.39994290471076965,
      0.8933860659599304
    ],
    [
      0.9675806760787964,
      0.23892582952976227,
      -0.08186623454093933,
      -0.25128665566444397,
      0.8781811594963074,
      -0.40700477361679077,
      -0.025350574404001236,
      0.41438186168670654,
      0.9097499847412109
    ],
    [
      0.9857956171035767,
      0.03163842484354973,
      -0.1649426966905594,
      -0.045034874230623245,
      0.9959260821342468,
      -0.07812201231718063,
      0.1617990881204605,
      0.08444050699472427,
      0.9832044243812561
    ],
    [
      0.9774959087371826,
      -0.033572956919670105,
      0.20826591551303864,
      0.03275752440094948,
      0.9994361996650696,
      0.007363917771726847,
      -0.20839571952819824,
      -0.0003759167157113552,
      0.9780445694923401
    ]
  ],
  "root_rot": [
    0.7474057674407959,
    0.1684075891971588,
    -0.6426690220832825,
    0.43738287687301636,
    -0.8528600931167603,
    0.28517693281173706,
    -0.5000807642936707,
    -0.4942353367805481,
    -0.711091160774231
  ],
  "root_trans": [
    -0.04643409699201584,
    0.25495365262031555,
    3.172595500946045
  ]
}