{
  "betas": [
    -0.7868110537528992,
    1.211440086364746,
    1.6377012729644775,
    -0.04422277212142944,
    0.07088935375213623,
    -0.022061649709939957,
    0.37046509981155396,
    0.596703052520752,
    0.06595765054225922,
    1.0132427215576172
  ],
  "joints": [
    [
      0.9391368627548218,
      -0.24471962451934814,
      -0.2411106526851654,
      0.3159952461719513,
      0.8907116651535034,
      0.32677161693573,
      0.13479265570640564,
      -0.38307303190231323,
      0.9138303995132446
    ],
    [
      0.9514281749725342,
      0.3005211055278778,
      -0.06686946004629135,
      -0.2884615659713745,
      0.9460650086402893,
      0.1474822610616684,
      0.1075843870639801,
      -0.12102950364351273,
      0.9868016839027405
    ],
    [
      0.9870723485946655,
      0.0725334957242012,
      0.14292290806770325,
      -0.029100818559527397,
      0.9580211639404297,
      -0.2852168679237366,
      -0.1576109379529953,
      0.27737054228782654,
      0.947746992111206
    ],
    [
      0.9922873377799988,
      -0.06734660267829895,
      -0.10406789928674698,
      -0.010788319632411003,
      0.7894333004951477,
      -0.6137414574623108,
      0.12348809838294983,
      0.6101306676864624,
      0.7826181054115295
    ],
    [
      0.9878848195075989,
      0.09765712171792984,
      0.12060993909835815,
      -0.013375753536820412,
      0.8278685212135315,
      -0.5607628226280212,
      -0.15461164712905884,
      0.5523557662963867,
      0.8191449642181396
    ],
    [
      0.9947677850723267,
      -0.04976055771112442,
      -0.08922439813613892,
      0.06085112318396568,
      0.9901323318481445,
      0.12623469531536102,
      0.08206244558095932,
      -0.13100360333919525,
      0.9879797101020813
    ],
    [
      0.9876039028167725,
      0.08429636061191559,
      -0.13241136074066162,
      -0.06458184123039246,
      0.9870701432228088,
      0.1467031091451645,
      0.14306582510471344,
      -0.1363331824541092,
      0.9802783131599426
    ],
    [
      0.8706479668617249,
      -0.4784870743751526,
      -0.11411476135253906,
      0.4881727695465088,
      0.8689966201782227,
      0.0808219164609909,
      0.060493104159832,
      -0.1260751634836197,
      0.9901744723320007
    ],
    [
      0.9963032007217407,
      -0.020643014460802078,
      0.08339028060436249,
      0.029322512447834015,
      0.9941199421882629,
      -0.10423846542835236,
      -0.08074814826250076,
      0.10629831999540329,
      0.9910501837730408
    ],
    [
      0.9431536197662354,
      -0.15339654684066772,
      0.2948401868343353,
      -0.02253088913857937,
      0.8555680513381958,
      0.5171998739242554,
      -0.33159250020980835,
      -0.4944419264793396,
      0.8034759163856506
    ],
    [
      0.891288697719574,
      0.4502558708190918,
      0.05361098796129227,
      -0.44879451394081116,
      0.8928511738777161,
      -0.03741886839270592,
      -0.0647147074341774,
      0.009290695190429688,
      0.9978605508804321
    ],
    [
      0.9987189769744873,
      -0.0013988991267979145,
      -0.050581466406583786,
      0.00920252874493599,
      0.987968921661377,
      0.15437814593315125,
      0.049756962805986404,
      -0.1546458601951599,
      0.9867162108421326
    ],
    [
      0.7182794213294983,
      -0.04524200037121773,
      -0.6942822933197021,
      0.3937584161758423,
      0.8491320013999939,
      0.35203567147254944,
      0.5736105442047119,
      -0.5262394547462463,
      0.6277284622192383
    ],
    [
      0.6712485551834106,
      -0.2636995017528534,
      0.6927394866943359,
      0.003882714780047536,
      0.9358160495758057,
      0.35246726870536804,
      -0.7412222623825073,
      -0.2339034080505371,
      0.6291890144348145
    ],
    [
      0.9906375408172607,
      -0.11172249913215637,
      -0.07845648378133774,
      0.1215219721198082,
      0.9835198521614075,
      0.13386906683444977,
      0.06220733001828194,
      -0.1421498954296112,
      0.9878884553909302
    ],
    [
      0.44499677419662476,
      0.6466253995895386,
      -0.6195590496063232,
      -0.476301908493042,
      0.7567600011825562,
      0.4477173388004303,
      0.758362889289856,
      0.09586440771818161,
      0.6447446942329407
    ],
    [
      0.3315073251724243,
      -0.8029199242591858,
      0.4954013526439667,
      0.7160783410072327,
      0.5560193061828613,
      0.4219885766506195,
      -0.6142756938934326,
      0.21485385298728943,
      0.7592779994010925
    ],
    [
      0.1761074662208557,
      -0.4458528459072113,
      -0.8776111602783203,
      0.4717405438423157,
      0.82072514295578,
      -0.3222903609275818,
      0.8639716506004333,
      -0.3572470545768738,
      0.35486268997192383
    ],
    [
      0.1574568748474121,
      0.5699940919876099,
      0.8064205646514893,
      -0.37258830666542053,
      0.7905439734458923,
      -0.48602285981178284,
      -0.9145410656929016,
      -0.22393521666526794,
      0.33684971928596497
    ],
    [
      0.8890393972396851,
      -0.14920209348201752,
      0.43283677101135254,
      0.3639422059059143,
      0.8038961887359619,
      -0.4704221189022064,
      -0.2777678966522217,
      0.5757513642311096,
      0.7689962983131409
    ],
    [
      0.9727821350097656,
      0.15368051826953888,
      -0.17342817783355713,
      -0.20303864777088165,
      0.9259822368621826,
      -0.3183272182941437,
      0.11167071759700775,
      0.34487560391426086,
      0.9319820404052734
    ],
    [
      0.997227668762207,
      -0.032278016209602356,
      -0.06704606115818024,
      0.03407145291566849,
      0.9990867972373962,
      0.025779884308576584,
      0.06615271419286728,
      -0.027992768213152885,
      0.9974167346954346
    ],
    [
      0.985172688961029,
      0.15729573369026184,
      0.06850427389144897,
      -0.15060392022132874,
      0.9841300845146179,
      -0.09384249895811081,
      -0.08217813819646835,
      0.08213405311107635,
      0.9932274222373962
    ]
  ],
  "root_rot": [
    -0.8961873054504395,
    -0.16732516884803772,
    0.41091421246528625,
    0.22667917609214783,
    -0.9688360691070557,
    0.09986602514982224,
    0.38139840960502625,
    0.18264438211917877,
    0.9061877131462097
  ],
  "root_trans": [
    0.08665092289447784,
    0.6801925897598267,
    2.2938191890716553
  ]
}