{
  "betas": [
    -0.9783934950828552,
    1.3656129837036133,
    1.011458396911621,
    -0.12628716230392456,
    -0.04621368646621704,
    0.5583709478378296,
    0.3005044460296631,
    0.8104006052017212,
    0.1786654144525528,
    0.7627570629119873
  ],
  "joints": [
    [
      0.9607368111610413,
      -0.2289048135280609,
      -0.1568034291267395,
      0.248893603682518,
      0.9607607126235962,
      0.1224365085363388,
      0.12262428551912308,
      -0.1566566377878189,
      0.9800111055374146
    ],
    [
      0.8813011646270752,
      0.4628636837005615,
      -0.09521319717168808,
      -0.415968656539917,
      0.8554647564888,
      0.3084643483161926,
      0.22422844171524048,
      -0.23224426805973053,
      0.9464588761329651
    ],
    [
      0.9897807836532593,
      -0.055139072239398956,
      0.13150545954704285,
      0.08002667129039764,
      0.9780830144882202,
      -0.19222210347652435,
      -0.1180243045091629,
      0.2007816880941391,
      0.9725003838539124
    ],
    [
      0.9870808720588684,
      -0.0235963836312294,
      -0.15847572684288025,
      -0.06525976955890656,
      0.8441230058670044,
      -0.5321630835533142,
      0.14633013308048248,
      0.5356301069259644,
      0.8316777944564819
    ],
    [
      0.9999704360961914,
      -0.005759396590292454,
      0.005111471749842167,
      0.007678189780563116,
      0.7962310314178467,
      -0.6049439907073975,
      -0.0005858019576407969,
      0.6049652695655823,
      0.7962517142295837
    ],
    [
      0.9998175501823425,
      0.01663600467145443,
      -0.009379587136209011,
      -0.015870749950408936,
      0.9969450831413269,
      0.07647579908370972,
      0.010623184032738209,
      -0.07631299644708633,
      0.9970272183418274
    ],
    [
      0.9716188311576843,
      0.15514115989208221,
      -0.17857202887535095,
      -0.08775260299444199,
      0.937422513961792,
      0.3369549512863159,
      0.2196730077266693,
      -0.31172165274620056,
      0.9244313836097717
    ],
    [
      0.8568771481513977,
      -0.4192914366722107,
      -0.2999270260334015,
      0.39663347601890564,
      0.9078484177589417,
      -0.13598941266536713,
      0.329307496547699,
      -0.002434883266687393,
      0.9442195892333984
    ],
    [
      0.9814850091934204,
      0.004902005195617676,
      0.1914762258529663,
      0.0035300517920404673,
      0.9990397095680237,
      -0.04367118701338768,
      -0.19150643050670624,
      0.04353853687644005,
      0.9805251955986023
    ],
    [
      0.931201696395874,
      -0.36443647742271423,
      -0.0070337047800421715,
      0.26983994245529175,
      0.6762605905532837,
      0.6854618787765503,
      -0.24505072832107544,
      -0.640201210975647,
      0.7280745506286621
    ],
    [
      0.8643900156021118,
      0.37191295623779297,
      0.3383941650390625,
      -0.32937341928482056,
      0.9273061156272888,
      -0.17781037092208862,
      -0.3799249529838562,
      0.04223945736885071,
      0.9240524172782898
    ],
    [
      0.9883580207824707,
      0.08155898004770279,
      -0.12843871116638184,
      -0.06643334031105042,
      0.9907957315444946,
      0.11794231832027435,
      0.13687579333782196,
      -0.10803662985563278,
      0.9846791625022888
    ],
    [
      0.9138144850730896,
      -0.0348379909992218,
      -0.4046349823474884,
      0.1637411117553711,
      0.9433545470237732,
      0.28856736421585083,
      0.37166109681129456,
      -0.3299523890018463,
      0.8677554726600647
    ],
    [
      0.7454622387886047,
      -0.1657772809267044,
      0.6456034779548645,
      0.07108722627162933,
      0.9828271865844727,
      0.17028646171092987,
      -0.6627461910247803,
      -0.08104796707630157,
      0.7444452047348022
    ],
    [
      0.9785381555557251,
      0.004870513919740915,
      0.20600779354572296,
      0.011717096902430058,
      0.9967880845069885,
      -0.07922277599573135,
      -0.20573195815086365,
      0.07993633300065994,
      0.9753381013870239
    ],
    [
      0.6291829943656921,
      0.5402423143386841,
      -0.5588086247444153,
      -0.4954638183116913,
      0.8327149152755737,
      0.24718733131885529,
      0.598869264125824,
      0.12134335935115814,
      0.7916005849838257
    ],
    [
      0.6289503574371338,
      -0.5286378264427185,
      0.5700556635856628,
      0.456797331571579,
      0.8446043729782104,
      0.2792482376098633,
      -0.6290927529335022,
      0.08476661145687103,
      0.7726945877075195
    ],
    [
      -0.5644720196723938,
      -0.31128641963005066,
      -0.7645077109336853,
      0.3067135512828827,
      0.7807637453079224,
      -0.5443664193153381,
      0.7663537263870239,
      -0.541764497756958,
      -0.34524351358413696
    ],
    [
      0.12366721034049988,
      0.3405320346355438,
      0.9320645928382874,
      -0.12742014229297638,
      0.9369484782218933,
      -0.3254101276397705,
      -0.9841089844703674,
      -0.0785212442278862,
      0.15926043689250946
    ],
    [
      0.8403303623199463,
      -0.4222561717033386,
      0.3399186432361603,
      0.5194353461265564,
      0.8065770864486694,
      -0.2821706533432007,
      -0.1550222933292389,
      0.4136822819709778,
      0.8971260190010071
    ],
    [
      0.9011000990867615,
      0.37685734033584595,
      -0.214469313621521,
      -0.4328117370605469,
      0.7516968250274658,
      -0.49762019515037537,
      -0.026315920054912567,
      0.5412304997444153,
      0.8404623866081238
    ],
    [
      0.9691389203071594,
      0.005354075226932764,
      -0.24645715951919556,
      -0.012107781134545803,
      0.9995913505554199,
      -0.025895999744534492,
      0.2462177723646164,
      0.028080875054001808,
      0.9688076972961426
    ],
    [
      0.9832572937011719,
      -0.028289111331105232,
      0.18001340329647064,
      0.01244999561458826,
      0.9959967732429504,
      0.08851736783981323,
      -0.1817968636751175,
      -0.08479417860507965,
      0.9796732664108276
    ]
  ],
  "root_rot": [
    0.007431540638208389,
    0.1071498766541481,
    -0.9942150115966797,
    0.14111360907554626,
    -0.9844053387641907,
    -0.1050378605723381,
    -0.9899654984474182,
    -0.139516681432724,
    -0.022435953840613365
  ],
  "root_trans": [
    -0.21169234812259674,
    0.686312735080719,
    2.559237003326416
  ]
}