{
  "betas": [
    -1.0427956581115723,
    1.5706887245178223,
    1.3519837856292725,
    -0.16799935698509216,
    0.11172699928283691,
    0.08205141127109528,
    0.06532274186611176,
    0.16877420246601105,
    0.190223827958107,
    0.24518463015556335
  ],
  "joints": [
    [
      0.9418738484382629,
      -0.2262134999036789,
      -0.2483971118927002,
      0.29483747482299805,
      0.9110140800476074,
      0.28831273317337036,
      0.16107304394245148,
      -0.3447909951210022,
      0.9247565269470215
    ],
    [
      0.9464877247810364,
      0.31255313754081726,
      -0.08044499903917313,
      -0.2946898937225342,
      0.9385873079299927,
      0.17947636544704437,
      0.1316005438566208,
      -0.1461658626794815,
      0.9804676175117493
    ],
    [
      0.9873033761978149,
      -0.006827943027019501,
      0.15869906544685364,
      0.03108268231153488,
      0.9880660772323608,
      -0.1508614420890808,
      -0.15577511489391327,
      0.1538788080215454,
      0.97573322057724
    ],
    [
      0.9897806644439697,
      -0.05364662781357765,
      -0.13212254643440247,
      -0.02416590042412281,
      0.8500301241874695,
      -0.5261794924736023,
      0.1405358761548996,
      0.5239951014518738,
      0.8400469422340393
    ],
    [
      0.9911856055259705,
      0.022134682163596153,
      0.13061842322349548,
      0.02124823071062565,
      0.9466185569763184,
      -0.3216547667980194,
      -0.13076555728912354,
      0.3215949833393097,
      0.9378043413162231
    ],
    [
      0.9968242049217224,
      -0.02310929074883461,
      -0.07620684057474136,
      0.03128483518958092,
      0.9936696887016296,
      0.10789700597524643,
      0.07323101162910461,
      -0.10993846505880356,
      0.9912369847297668
    ],
    [
      0.9866641759872437,
      0.14336968958377838,
      -0.07706490159034729,
      -0.13250279426574707,
      0.9824491739273071,
      0.13128796219825745,
      0.09453507512807846,
      -0.11932580173015594,
      0.9883443117141724
    ],
    [
      0.884097695350647,
      -0.41654661297798157,
      -0.21180228888988495,
      0.4044472277164459,
      0.9091110229492188,
      -0.09969791024923325,
      0.23408059775829315,
      0.002479854039847851,
      0.9722141027450562
    ],
    [
      0.9881508350372314,
      -0.0049635195173323154,
      0.15340556204319,
      0.01580842398107052,
      0.9974527955055237,
      -0.06955570727586746,
      -0.15266956388950348,
      0.07115662842988968,
      0.9857122898101807
    ],
    [
      0.9470568299293518,
      -0.23051370680332184,
      0.22348780930042267,
      0.0008137315162457526,
      0.6978017091751099,
      0.7162905931472778,
      -0.32106494903564453,
      -0.6781859993934631,
      0.6610454320907593
    ],
    [
      0.9382203817367554,
      0.22177425026893616,
      0.2656286954879761,
      -0.2858325242996216,
      0.9293562769889832,
      0.23365941643714905,
      -0.19504404067993164,
      -0.29514938592910767,
      0.9353312849998474
    ],
    [
      0.9908440113067627,
      0.13500720262527466,
      0.0011672714026644826,
      -0.13459251821041107,
      0.987045407295227,
      0.08732800930738449,
      0.010637759231030941,
      -0.08668552339076996,
      0.9961789846420288
    ],
    [
      0.7293760180473328,
      -0.06828935444355011,
      -0.6806960701942444,
      0.3813112676143646,
      0.8666918277740479,
      0.32163169980049133,
      0.567989706993103,
      -0.49414753913879395,
      0.658183753490448
    ],
    [
      0.6239402890205383,
      -0.16128230094909668,
      0.7646479606628418,
      -0.12086277455091476,
      0.9467823505401611,
      0.29832082986831665,
      -0.7720690965652466,
      -0.2785518765449524,
      0.57124263048172
    ],
    [
      0.9935590028762817,
      -0.06945205479860306,
      0.0895375907421112,
      0.0605933777987957,
      0.9933280944824219,
      0.09812171012163162,
      -0.0957549437880516,
      -0.09206431359052658,
      0.9911383986473083
    ],
    [
      0.17858842015266418,
      0.8047823905944824,
      -0.5660666227340698,
      -0.7008770704269409,
      0.5078350305557251,
      0.5008742213249207,
      0.6905632615089417,
      0.30729272961616516,
      0.6547470092773438
    ],
    [
      0.25523343682289124,
      -0.7224467396736145,
      0.6425935626029968,
      0.6525685787200928,
      0.6191187500953674,
      0.4368593990802765,
      -0.7134494781494141,
      0.30783525109291077,
      0.6294658184051514
    ],
    [
      -0.34297892451286316,
      -0.3762580156326294,
      -0.8606947660446167,
      0.1512785255908966,
      0.8821877241134644,
      -0.4459368884563446,
      0.9270815849304199,
      -0.2831515669822693,
      -0.24565203487873077
    ],
    [
      0.3303988575935364,
      0.40090036392211914,
      0.8544679284095764,
      -0.2981405258178711,
      0.9032862782478333,
      -0.30852243304252625,
      -0.8955159783363342,
      -0.1528160572052002,
      0.41796940565109253
    ],
    [
      0.9460288286209106,
      -0.19052527844905853,
      0.2621632516384125,
      0.261253297328949,
      0.9270187020301819,
      -0.26904094219207764,
      -0.19177111983299255,
      0.32301151752471924,
      0.9267617464065552
    ],
    [
      0.936489462852478,
      0.25726813077926636,
      -0.2383287250995636,
      -0.3225434422492981,
      0.8986353874206543,
      -0.29735517501831055,
      0.1376706212759018,
      0.355341374874115,
      0.9245427250862122
    ],
    [
      0.9572044014930725,
      0.19780470430850983,
      -0.2112649530172348,
      -0.17366346716880798,
      0.9765210747718811,
      0.12746578454971313,
      0.23151803016662598,
      -0.0853218287229538,
      0.969081699848175
    ],
    [
      0.9323158264160156,
      -0.15687140822410583,
      0.32585054636001587,
      0.129981130361557,
      0.9861664175987244,
      0.1028626337647438,
      -0.3374790549278259,
      -0.05354604125022888,
      0.9398089051246643
    ]
  ],
  "root_rot": [
    0.9624513387680054,
    0.15142031013965607,
    0.2252982258796692,
    0.12691578269004822,
    -0.9846746921539307,
    0.11961687356233597,
    0.23995786905288696,
    -0.08653152734041214,
    -0.9669191241264343
  ],
  "root_trans": [
    -0.14896616339683533,
    0.5330134630203247,
    2.222040891647339
  ]
}