{
  "betas": [
    -0.9651567339897156,
    0.8654472827911377,
    1.629298210144043,
    0.05685284733772278,
    0.388204962015152,
    0.3279321491718292,
    0.40522292256355286,
    0.18191920220851898,
    -0.22058573365211487,
    0.7813119292259216
  ],
  "joints": [
    [
      0.9531742930412292,
      -0.2351168543100357,
      -0.1902071088552475,
      0.2806285321712494,
      0.9220719933509827,
      0.2665160000324249,
      0.1127222552895546,
      -0.307413786649704,
      0.9448758363723755
    ],
    [
      0.9274408221244812,
      0.36615994572639465,
      -0.07602865993976593,
      -0.34939154982566833,
      0.9208779335021973,
      0.17294296622276306,
      0.13333791494369507,
      -0.13383060693740845,
      0.9819929599761963
    ],
    [
      0.991041362285614,
      0.010618829168379307,
      0.1331329196691513,
      0.020164761692285538,
      0.9735097289085388,
      -0.2277545928955078,
      -0.13202469050884247,
      0.22839878499507904,
      0.9645742774009705
    ],
    [
      0.993320107460022,
      -0.014652385376393795,
      -0.11445696651935577,
      -0.04489938169717789,
      0.8646571636199951,
      -0.5003518462181091,
      0.10629739612340927,
      0.5021486282348633,
      0.8582234382629395
    ],
    [
      0.9918069839477539,
      0.06382299214601517,
      0.11065953224897385,
      0.027457499876618385,
      0.7394975423812866,
      -0.6725989580154419,
      -0.1247597485780716,
      0.6701267957687378,
      0.7316864132881165
    ],
    [
      0.999039351940155,
      -0.0018887659534811974,
      -0.04378214478492737,
      0.007411052472889423,
      0.9919624924659729,
      0.12631529569625854,
      0.043191663920879364,
      -0.12651841342449188,
      0.9910235404968262
    ],
    [
      0.9959442019462585,
      -0.001532096415758133,
      -0.08995941281318665,
      0.012591800652444363,
      0.9923881888389587,
      0.1225028932094574,
      0.08908698707818985,
      -0.12313880771398544,
      0.9883825778961182
    ],
    [
      0.8828675150871277,
      -0.4510975778102875,
      -0.13059855997562408,
      0.4645932614803314,
      0.8795493245124817,
      0.10269448161125183,
      0.06854263693094254,
      -0.15134082734584808,
      0.9861024022102356
    ],
    [
      0.9892769455909729,
      0.0370950773358345,
      0.14126205444335938,
      -0.02426772378385067,
      0.9955121278762817,
      -0.09146897494792938,
      -0.1440211534500122,
      0.08706004917621613,
      0.9857373833656311
    ],
    [
      0.9837598204612732,
      0.05531742051243782,
      0.1707533746957779,
      -0.13502439856529236,
      0.8548660278320312,
      0.5009716153144836,
      -0.11825879663228989,
      -0.5158915519714355,
      0.8484520316123962
    ],
    [
      0.899057149887085,
      0.4198119044303894,
      0.12431513518095016,
      -0.4131006896495819,
      0.9074379801750183,
      -0.0768386572599411,
      -0.1450660526752472,
      0.017727680504322052,
      0.9892631769180298
    ],
    [
      0.9919909834861755,
      0.11887596547603607,
      0.04269009083509445,
      -0.1242530420422554,
      0.9791504740715027,
      0.16070307791233063,
      -0.02269629016518593,
      -0.16472037136554718,
      0.9860791563987732
    ],
    [
      0.7003324627876282,
      0.05341004952788353,
      -0.7118157744407654,
      0.33197855949401855,
      0.8584190607070923,
      0.3910331130027771,
      0.6319213509559631,
      -0.5101608037948608,
      0.5834477543830872
    ],
    [
      0.6084465384483337,
      -0.25003883242607117,
      0.7531754374504089,
      -0.0783746987581253,
      0.9254958629608154,
      0.37056002020835876,
      -0.7897152304649353,
      -0.28449589014053345,
      0.5435180068016052
    ],
    [
      0.9942382574081421,
      -0.02811647579073906,
      0.10343941301107407,
      0.02089828811585903,
      0.9973129034042358,
      0.07021545618772507,
      -0.10513567924499512,
      -0.06764918565750122,
      0.9921542406082153
    ],
    [
      0.3210617005825043,
      0.7149837017059326,
      -0.6210616827011108,
      -0.6184090971946716,
      0.6549450159072876,
      0.4343006908893585,
      0.7172791957855225,
      0.24463289976119995,
      0.6524301767349243
    ],
    [
      0.47614553570747375,
      -0.6002695560455322,
      0.6426211595535278,
      0.4600658118724823,
      0.7928312420845032,
      0.39969760179519653,
      -0.7494163513183594,
      0.10533377528190613,
      0.6536665558815002
    ],
    [
      -0.05914773419499397,
      -0.4137548506259918,
      -0.9084649682044983,
      0.3327358663082123,
      0.8498440980911255,
      -0.40871989727020264,
      0.9411633610725403,
      -0.32645371556282043,
      0.08740472793579102
    ],
    [
      0.3833346962928772,
      0.286100298166275,
      0.8781805634498596,
      -0.23682020604610443,
      0.9494734406471252,
      -0.2059522420167923,
      -0.8927322030067444,
      -0.1290222704410553,
      0.43172043561935425
    ],
    [
      0.9219540953636169,
      -0.20633895695209503,
      0.3277573585510254,
      0.3235180079936981,
      0.8755426406860352,
      -0.3588331639766693,
      -0.2129242718219757,
      0.43686312437057495,
      0.8739644885063171
    ],
    [
      0.9556434154510498,
      0.23716817796230316,
      -0.17463336884975433,
      -0.2882803976535797,
      0.874675989151001,
      -0.3896618187427521,
      0.060332223773002625,
      0.42272114753723145,
      0.9042493104934692
    ],
    [
      0.9907239675521851,
      0.013123979791998863,
      -0.13525429368019104,
      -0.008362120017409325,
      0.9993270039558411,
      0.03571490943431854,
      0.1356320083141327,
      -0.034252606332302094,
      0.990166962146759
    ],
    [
      0.9961034059524536,
      0.023364217951893806,
      0.0850420743227005,
      -0.02282586134970188,
      0.9997128248214722,
      -0.007297801785171032,
      -0.08518815785646439,
      0.005328209139406681,
      0.9963506460189819
    ]
  ],
  "root_rot": [
    -0.9881112575531006,
    -0.13824552297592163,
    -0.06726384907960892,
    0.14290481805801392,
    -0.9872413873672485,
    -0.07023307681083679,
    -0.056696243584156036,
    -0.07901041209697723,
    0.9952602982521057
  ],
  "root_trans": [
    0.0944434255361557,
    0.5721955895423889,
    2.5101072788238525
  ]
}