{
  "betas": [
    -0.8969143033027649,
    1.5464009046554565,
    1.0196665525436401,
    -0.18136683106422424,
    -0.2592983841896057,
    0.648327112197876,
    0.3342798054218292,
    0.767204999923706,
    0.43302276730537415,
    1.0416046380996704
  ],
  "joints": [
    [
      0.9833178520202637,
      -0.10803131759166718,
      -0.1463392674922943,
      0.13159702718257904,
      0.9779214262962341,
      0.16233210265636444,
      0.1255713850259781,
      -0.17888188362121582,
      0.9758241772651672
    ],
    [
      0.9071000814437866,
      0.40890124440193176,
      -0.09984660893678665,
      -0.3727603256702423,
      0.8905701041221619,
      0.26064297556877136,
      0.19549761712551117,
      -0.19921037554740906,
      0.9602583646774292
    ],
    [
      0.9857990741729736,
      -0.09974201023578644,
      0.13509905338287354,
      0.12558889389038086,
      0.971955418586731,
      -0.19882167875766754,
      -0.11147937923669815,
      0.21296516060829163,
      0.9706792235374451
    ],
    [
      0.9946306347846985,
      0.022024506703019142,
      -0.10111743211746216,
      -0.07042861729860306,
      0.8599761724472046,
      -0.5054510235786438,
      0.07582627236843109,
      0.5098587274551392,
      0.8569098114967346
    ],
    [
      0.9999983310699463,
      -0.0014324606163427234,
      0.0010879563633352518,
      0.0017986417515203357,
      0.7889057993888855,
      -0.6145113706588745,
      2.1968677174299955e-05,
      0.6145123243331909,
      0.7889070510864258
    ],
    [
      0.9999122023582458,
      0.003481741761788726,
      -0.012786447070538998,
      -0.0030551161617040634,
      0.9994428753852844,
      0.03323489800095558,
      0.012895039282739162,
      -0.033192913979291916,
      0.9993657469749451
    ],
    [
      0.9860920906066895,
      0.07783332467079163,
      -0.14684772491455078,
      -0.04000040888786316,
      0.9687352180480957,
      0.24485111236572266,
      0.16131414473056793,
      -0.23557181656360626,
      0.9583755135536194
    ],
    [
      0.827484130859375,
      -0.49977803230285645,
      -0.2559139132499695,
      0.43434152007102966,
      0.8585920333862305,
      -0.2723366320133209,
      0.355833500623703,
      0.11420019716024399,
      0.9275456070899963
    ],
    [
      0.9817341566085815,
      -0.011738734319806099,
      0.1898953914642334,
      0.019748136401176453,
      0.9989907741546631,
      -0.04034082219004631,
      -0.18923020362854004,
      0.04335404559969902,
      0.9809752106666565
    ],
    [
      0.9389304518699646,
      -0.3433738350868225,
      -0.022449670359492302,
      0.30092132091522217,
      0.7877015471458435,
      0.5375617146492004,
      -0.16690099239349365,
      -0.511488676071167,
      0.842925488948822
    ],
    [
      0.8802522420883179,
      0.3706348240375519,
      0.2962867021560669,
      -0.3555004298686981,
      0.928695797920227,
      -0.10556304454803467,
      -0.314285546541214,
      -0.012407948262989521,
      0.949247419834137
    ],
    [
      0.9813578724861145,
      0.07209845632314682,
      -0.17815324664115906,
      -0.04574427008628845,
      0.987952709197998,
      0.14784106612205505,
      0.1866660863161087,
      -0.13693548738956451,
      0.9728332757949829
    ],
    [
      0.9179627299308777,
      0.06327871233224869,
      -0.3915868103504181,
      0.04987224191427231,
      0.9609484672546387,
      0.2721961736679077,
      0.39351898431777954,
      -0.26939526200294495,
      0.8789590001106262
    ],
    [
      0.7460604310035706,
      -0.14285114407539368,
      0.650374710559845,
      0.04615289345383644,
      0.9854617714881897,
      0.16350805759429932,
      -0.6642767786979675,
      -0.09197023510932922,
      0.7418070435523987
    ],
    [
      0.963341236114502,
      -0.01891114003956318,
      0.26761162281036377,
      0.03743820637464523,
      0.9972282648086548,
      -0.0642985850572586,
      -0.2656538784503937,
      0.07196037471294403,
      0.9613791108131409
    ],
    [
      0.6544961333274841,
      0.5194894671440125,
      -0.5493318438529968,
      -0.5288411378860474,
      0.8338037133216858,
      0.1584247350692749,
      0.540334939956665,
      0.18682092428207397,
      0.8204486966133118
    ],
    [
      0.6558069586753845,
      -0.411837637424469,
      0.6326981782913208,
      0.28837618231773376,
      0.9111968278884888,
      0.29420992732048035,
      -0.697679340839386,
      -0.01048984657973051,
      0.7163333892822266
    ],
    [
      -0.5986713171005249,
      -0.3847527801990509,
      -0.7025368809700012,
      0.13674606382846832,
      0.8151107430458069,
      -0.5629343390464783,
      0.7892358899116516,
      -0.4330817759037018,
      -0.43536999821662903
    ],
    [
      0.2644933760166168,
      0.23689909279346466,
      0.934838056564331,
      -0.29184281826019287,
      0.9435691833496094,
      -0.15654070675373077,
      -0.9191687107086182,
      -0.23142178356647491,
      0.31870508193969727
    ],
    [
      0.8848326206207275,
      -0.35973578691482544,
      0.29607677459716797,
      0.4490099251270294,
      0.8280129432678223,
      -0.33583417534828186,
      -0.12434384226799011,
      0.43009841442108154,
      0.8941777944564819
    ],
    [
      0.9871167540550232,
      0.1225510910153389,
      -0.10286787897348404,
      -0.15567313134670258,
      0.8841480016708374,
      -0.4405088722705841,
      0.036965589970350266,
      0.45084741711616516,
      0.8918352127075195
    ],
    [
      0.9824135899543762,
      0.001416330342181027,
      -0.18671239912509918,
      -0.0020466744899749756,
      0.999992847442627,
      -0.0031832994427531958,
      0.1867065578699112,
      0.003509456291794777,
      0.9824094772338867
    ],
    [
      0.9963290691375732,
      0.007072308100759983,
      0.0853123888373375,
      -0.009517909958958626,
      0.9995543956756592,
      0.028294067829847336,
      -0.08507425338029861,
      -0.029002204537391663,
      0.9959524273872375
    ]
  ],
  "root_rot": [
    -0.174835667014122,
    0.09088830649852753,
    -0.9803937077522278,
    -0.02592599019408226,
    -0.9958100318908691,
    -0.08769404888153076,
    -0.9842562079429626,
    0.010085632093250751,
    0.17645947635173798
  ],
  "root_trans": [
    -0.028509721159934998,
    0.5934715867042542,
    2.474231004714966
  ]
}