{
  "betas": [
    -0.8548994660377502,
    1.4329231977462769,
    0.990975022315979,
    -0.11387121677398682,
    -0.1388711929321289,
    0.2080399990081787,
    0.05678892135620117,
    0.5744451284408569,
    -0.08666503429412842,
    0.35229653120040894
  ],
  "joints": [
    [
      0.9624203443527222,
      -0.19438931345939636,
      -0.1896306425333023,
      0.2389838695526123,
      0.9378973245620728,
      0.2514665424823761,
      0.1289716511964798,
      -0.28733518719673157,
      0.9491073489189148
    ],
    [
      0.9515448212623596,
      0.2910330891609192,
      -0.09930823743343353,
      -0.27171003818511963,
      0.9469445943832397,
      0.17166699469089508,
      0.14400018751621246,
      -0.13636581599712372,
      0.9801368117332458
    ],
    [
      0.9884616732597351,
      0.006957844831049442,
      0.15131135284900665,
      0.023236142471432686,
      0.980155348777771,
      -0.1968643218278885,
      -0.14967837929725647,
      0.1981087177991867,
      0.9686843156814575
    ],
    [
      0.9901835322380066,
      -0.014869803562760353,
      -0.13897982239723206,
      -0.05774693191051483,
      0.8619744181632996,
      -0.503652036190033,
      0.12728627026081085,
      0.5067335963249207,
      0.8526541590690613
    ],
    [
      0.9961829781532288,
      0.07399283349514008,
      0.04630889743566513,
      -0.043811094015836716,
      0.8826867938041687,
      -0.4679150879383087,
      -0.07549862563610077,
      0.4641002118587494,
      0.8825592398643494
    ],
    [
      0.9979808926582336,
      0.0060572209767997265,
      -0.06322483718395233,
      -0.0013996780617162585,
      0.9972977638244629,
      0.07345189154148102,
      0.06349889934062958,
      -0.07321508973836899,
      0.995292603969574
    ],
    [
      0.9802600145339966,
      0.18166077136993408,
      -0.07803625613451004,
      -0.17309489846229553,
      0.9792623519897461,
      0.10527821630239487,
      0.09554287791252136,
      -0.08969234675168991,
      0.9913762807846069
    ],
    [
      0.8045105338096619,
      -0.34544819593429565,
      -0.4831441044807434,
      0.40854665637016296,
      0.9123080968856812,
      0.027993569150567055,
      0.43110591173171997,
      -0.21990802884101868,
      0.8750931620597839
    ],
    [
      0.9854579567909241,
      0.036664336919784546,
      0.16591665148735046,
      -0.025673015043139458,
      0.99736088514328,
      -0.0679129958152771,
      -0.1679687649011612,
      0.06266582012176514,
      0.9837985038757324
    ],
    [
      0.933325469493866,
      -0.3070962727069855,
      0.18599842488765717,
      0.08934418857097626,
      0.7004188299179077,
      0.7081179618835449,
      -0.347737193107605,
      -0.6442866325378418,
      0.6811559796333313
    ],
    [
      0.7384830713272095,
      0.4264766573905945,
      0.5222645998001099,
      -0.5539106726646423,
      0.8253793120384216,
      0.10923323780298233,
      -0.3844809830188751,
      -0.3699548542499542,
      0.8457586169242859
    ],
    [
      0.9956456422805786,
      0.07326427102088928,
      -0.057636771351099014,
      -0.06780225783586502,
      0.993484377861023,
      0.09160607308149338,
      0.06397268176078796,
      -0.08729929476976395,
      0.9941259026527405
    ],
    [
      0.8407308459281921,
      -0.05161099508404732,
      -0.538987934589386,
      0.25176823139190674,
      0.9185499548912048,
      0.3047601878643036,
      0.47935834527015686,
      -0.3919213116168976,
      0.785247266292572
    ],
    [
      0.7561726570129395,
      -0.19422627985477448,
      0.624883234500885,
      0.01989363133907318,
      0.9613174796104431,
      0.27472347021102905,
      -0.6540696620941162,
      -0.1953071802854538,
      0.7307858467102051
    ],
    [
      0.9815865159034729,
      -0.15084627270698547,
      0.11718934029340744,
      0.14628684520721436,
      0.9881426095962524,
      0.046629127115011215,
      -0.12283361703157425,
      -0.02862725965678692,
      0.9920142889022827
    ],
    [
      0.4689365327358246,
      0.6221116781234741,
      -0.6269574761390686,
      -0.5863738059997559,
      0.7501240372657776,
      0.30574458837509155,
      0.660503089427948,
      0.22425659000873566,
      0.7165505290031433
    ],
    [
      0.5969040393829346,
      -0.422219455242157,
      0.6822289228439331,
      0.34985384345054626,
      0.9022017121315002,
      0.25225839018821716,
      -0.7220165133476257,
      0.08810634911060333,
      0.686242938041687
    ],
    [
      -0.6300504803657532,
      -0.34050288796424866,
      -0.6979213953018188,
      0.21656256914138794,
      0.7860420942306519,
      -0.5789978504180908,
      0.7457460165023804,
      -0.5159414410591125,
      -0.42150601744651794
    ],
    [
      0.22588056325912476,
      0.3412853479385376,
      0.9124155640602112,
      -0.10803946107625961,
      0.939621090888977,
      -0.3247148096561432,
      -0.9681453108787537,
      -0.025230130180716515,
      0.24911442399024963
    ],
    [
      0.8662235140800476,
      -0.4165724515914917,
      0.2759063243865967,
      0.4874999225139618,
      0.8256801962852478,
      -0.2838943898677826,
      -0.10954783111810684,
      0.3804202675819397,
      0.9183026552200317
    ],
    [
      0.8907360434532166,
      0.3551785349845886,
      -0.28361502289772034,
      -0.4519217908382416,
      0.7587074637413025,
      -0.4691796898841858,
      0.04853828623890877,
      0.5460870862007141,
      0.8363209962844849
    ],
    [
      0.8989812135696411,
      0.2675835192203522,
      -0.3467445969581604,
      -0.1776718944311142,
      0.9464091658592224,
      0.2697080075740814,
      0.40033167600631714,
      -0.1808556765317917,
      0.8983461260795593
    ],
    [
      0.934130847454071,
      -0.20374666154384613,
      0.29306453466415405,
      0.10806602984666824,
      0.9439750909805298,
      0.3118217885494232,
      -0.3401782512664795,
      -0.2596120238304138,
      0.9038143157958984
    ]
  ],
  "root_rot": [
    0.3550981879234314,
    -0.007398561108857393,
    0.93479984998703,
    -0.005985070485621691,
    -0.9999662041664124,
    -0.005640805698931217,
    0.9348099231719971,
    -0.0035918031353503466,
    -0.35513046383857727
  ],
  "root_trans": [
    0.019286975264549255,
    0.5646732449531555,
    2.2016794681549072
  ]
}