{
  "betas": [
    -1.0925993919372559,
    0.5520474314689636,
    1.4384407997131348,
    -0.029408633708953857,
    0.45630118250846863,
    0.12995311617851257,
    0.5052978992462158,
    0.21510665118694305,
    -0.1265866756439209,
    0.7234923839569092
  ],
  "joints": [
    [
      0.9400416016578674,
      -0.2950986623764038,
      -0.17099273204803467,
      0.3343643546104431,
      0.8962484002113342,
      0.2914433777332306,
      0.0672474130988121,
      -0.331142783164978,
      0.9411812424659729
    ],
    [
      0.9158384203910828,
      0.4015466868877411,
      -0.0005015985225327313,
      -0.3808792531490326,
      0.8690947890281677,
      0.31560274958610535,
      0.12716518342494965,
      -0.2888500690460205,
      0.9488912224769592
    ],
    [
      0.9917837381362915,
      -0.026209184899926186,
      0.12521234154701233,
      0.05521857738494873,
      0.97061687707901,
      -0.23420852422714233,
      -0.11539482325315475,
      0.239198237657547,
      0.9640892744064331
    ],
    [
      0.9907715916633606,
      0.03997574746608734,
      -0.12951259315013885,
      -0.10645042359828949,
      0.8209850788116455,
      -0.5609382390975952,
      0.08390399813652039,
      0.5695483684539795,
      0.8176641464233398
    ],
    [
      0.9953950047492981,
      0.01903810165822506,
      0.09394802898168564,
      0.0498032420873642,
      0.7347036004066467,
      -0.6765576004981995,
      -0.0819043293595314,
      0.678121030330658,
      0.7303721308708191
    ],
    [
      0.9988566040992737,
      0.041018471121788025,
      -0.024555891752243042,
      -0.03849920257925987,
      0.9946840405464172,
      0.09550601989030838,
      0.02834286540746689,
      -0.0944514349102974,
      0.9951258897781372
    ],
    [
      0.9941879510879517,
      0.045184701681137085,
      -0.09771708399057388,
      -0.027623649686574936,
      0.9843379855155945,
      0.17411403357982635,
      0.10405392944812775,
      -0.17040278017520905,
      0.9798651337623596
    ],
    [
      0.9373990893363953,
      -0.34400033950805664,
      -0.054283566772937775,
      0.34802427887916565,
      0.9310201406478882,
      0.10991206765174866,
      0.012729300186038017,
      -0.12192347645759583,
      0.992457926273346
    ],
    [
      0.9826855063438416,
      0.07667741924524307,
      0.16867011785507202,
      -0.06662825495004654,
      0.9956935048103333,
      -0.06446059793233871,
      -0.17288640141487122,
      0.052106305956840515,
      0.9835624694824219
    ],
    [
      0.9918808937072754,
      0.12642136216163635,
      -0.013782711699604988,
      -0.1110168844461441,
      0.9136523604393005,
      0.391043096780777,
      0.06202879920601845,
      -0.3863380551338196,
      0.920269250869751
    ],
    [
      0.9582123160362244,
      0.27429425716400146,
      0.08119041472673416,
      -0.25957417488098145,
      0.9530132412910461,
      -0.15616297721862793,
      -0.12021016329526901,
      0.1285623461008072,
      0.9843887090682983
    ],
    [
      0.9961203336715698,
      0.08777475357055664,
      -0.006322305183857679,
      -0.08684072643518448,
      0.9920670986175537,
      0.09089209884405136,
      0.014250184409320354,
      -0.08999042958021164,
      0.9958406090736389
    ],
    [
      0.7684974074363708,
      0.1614023596048355,
      -0.6191615462303162,
      0.09869822859764099,
      0.9261788725852966,
      0.3639386296272278,
      0.6321949362754822,
      -0.34079602360725403,
      0.6958359479904175
    ],
    [
      0.5812831521034241,
      -0.3116553723812103,
      0.7516520619392395,
      -0.05130791664123535,
      0.9078677892684937,
      0.416105180978775,
      -0.8120821714401245,
      -0.28044062852859497,
      0.5117378830909729
    ],
    [
      0.9906958937644958,
      -0.07030892372131348,
      0.11652529239654541,
      0.0588400661945343,
      0.9933362603187561,
      0.0991009920835495,
      -0.12271647155284882,
      -0.09132260084152222,
      0.9882311224937439
    ],
    [
      0.3593514859676361,
      0.6711071133613586,
      -0.6484456658363342,
      -0.6307985782623291,
      0.6867584586143494,
      0.3611869215965271,
      0.6877206563949585,
      0.279245525598526,
      0.6701210737228394
    ],
    [
      0.4522455632686615,
      -0.5110816955566406,
      0.7309373617172241,
      0.36392298340797424,
      0.8539497256278992,
      0.37192726135253906,
      -0.8142690062522888,
      0.09780243039131165,
      0.5721893310546875
    ],
    [
      -0.25539442896842957,
      -0.3965297341346741,
      -0.8817811012268066,
      0.3096064329147339,
      0.8304582834243774,
      -0.46312305331230164,
      0.9159243702888489,
      -0.39128416776657104,
      -0.08932626247406006
    ],
    [
      0.40126094222068787,
      0.19874612987041473,
      0.8941418528556824,
      -0.13844656944274902,
      0.9781206846237183,
      -0.1552823930978775,
      -0.9054403305053711,
      -0.06148212030529976,
      0.41999733448028564
    ],
    [
      0.9356032609939575,
      -0.23306983709335327,
      0.26518872380256653,
      0.30920833349227905,
      0.9034735560417175,
      -0.29685965180397034,
      -0.17040199041366577,
      0.3597413897514343,
      0.9173599481582642
    ],
    [
      0.9521015882492065,
      0.20997832715511322,
      -0.22228704392910004,
      -0.2958775758743286,
      0.8161417841911316,
      -0.49635568261146545,
      0.07719381153583527,
      0.5383508801460266,
      0.8391777873039246
    ],
    [
      0.9952474236488342,
      0.020388159900903702,
      -0.09522102028131485,
      -0.018285375088453293,
      0.999570369720459,
      0.02290388010442257,
      0.09564708918333054,
      -0.021053871139883995,
      0.9951926469802856
    ],
    [
      0.9970046877861023,
      0.05553743988275528,
      0.053825315088033676,
      -0.057072676718235016,
      0.997993528842926,
      0.02741818130016327,
      -0.05219457298517227,
      -0.030408015474677086,
      0.9981738924980164
    ]
  ],
  "root_rot": [
    -0.980496883392334,
    -0.06819156557321548,
    -0.18432505428791046,
    0.14545917510986328,
    -0.8824889659881592,
    -0.44727495312690735,
    -0.13216444849967957,
    -0.465363472700119,
    0.8751967549324036
  ],
  "root_trans": [
    -0.002059098333120346,
    0.4419876039028168,
    3.2338674068450928
  ]
}