{
  "betas": [
    -0.8363186717033386,
    1.568638801574707,
    1.0553678274154663,
    -0.3921329081058502,
    0.18878714740276337,
    0.04474615305662155,
    0.2000117301940918,
    0.3003472089767456,
    0.22172917425632477,
    0.1983310729265213
  ],
  "joints": [
    [
      0.9392849802970886,
      -0.23167186975479126,
      -0.25312426686286926,
      0.29813897609710693,
      0.916191577911377,
      0.2677799463272095,
      0.16987325251102448,
      -0.3269878923892975,
      0.9296354055404663
    ],
    [
      0.9479581713676453,
      0.30741724371910095,
      -0.08288535475730896,
      -0.2908763587474823,
      0.9420357346534729,
      0.16721150279045105,
      0.1294846534729004,
      -0.1344001144170761,
      0.9824308753013611
    ],
    [
      0.9847769737243652,
      0.003961008042097092,
      0.17377743124961853,
      0.03985828161239624,
      0.9679562449455261,
      -0.24793554842472076,
      -0.16919103264808655,
      0.2510876953601837,
      0.9530631303787231
    ],
    [
      0.9797065854072571,
      -0.08682701736688614,
      -0.18065443634986877,
      -0.05604977160692215,
      0.7466683983802795,
      -0.6628308892250061,
      0.19244058430194855,
      0.6595054864883423,
      0.726649284362793
    ],
    [
      0.9928380846977234,
      0.026450935751199722,
      0.11650266498327255,
      0.03762838989496231,
      0.8563109636306763,
      -0.5150880217552185,
      -0.11338706314563751,
      0.5157828330993652,
      0.8491828441619873
    ],
    [
      0.9962060451507568,
      -0.055119503289461136,
      -0.06734476238489151,
      0.06337598711252213,
      0.9898306131362915,
      0.12735292315483093,
      0.05964028090238571,
      -0.13113780319690704,
      0.9895684719085693
    ],
    [
      0.9718217253684998,
      0.21022725105285645,
      -0.10661598294973373,
      -0.1775977909564972,
      0.9504277110099792,
      0.2552375793457031,
      0.15498867630958557,
      -0.2291106879711151,
      0.9609822034835815
    ],
    [
      0.86745685338974,
      -0.45229843258857727,
      -0.20723116397857666,
      0.4440598487854004,
      0.8917200565338135,
      -0.08744261413812637,
      0.22434234619140625,
      -0.016170348972082138,
      0.9743762612342834
    ],
    [
      0.9901115298271179,
      -0.03529110178351402,
      0.1357709914445877,
      0.0461980439722538,
      0.9958792924880981,
      -0.07803983241319656,
      -0.1324574053287506,
      0.08354049175977707,
      0.9876619577407837
    ],
    [
      0.9629831910133362,
      -0.22335322201251984,
      0.15091963112354279,
      0.09840845316648483,
      0.8125203251838684,
      0.5745663642883301,
      -0.2509565055370331,
      -0.5384459495544434,
      0.8044232726097107
    ],
    [
      0.9343969225883484,
      0.29583463072776794,
      0.19845473766326904,
      -0.3157825767993927,
      0.9456955790519714,
      0.07707928121089935,
      -0.16487504541873932,
      -0.13469117879867554,
      0.9770744442939758
    ],
    [
      0.9861136078834534,
      0.1643247902393341,
      0.024029722437262535,
      -0.16471582651138306,
      0.9862223267555237,
      0.015301651321351528,
      -0.02118420973420143,
      -0.019047239795327187,
      0.9995941519737244
    ],
    [
      0.7444589138031006,
      -0.03423921391367912,
      -0.6667897701263428,
      0.39237359166145325,
      0.8304665684700012,
      0.3954342007637024,
      0.5402072668075562,
      -0.5560151934623718,
      0.631682813167572
    ],
    [
      0.6395214200019836,
      -0.18983742594718933,
      0.7449658513069153,
      -0.006349013652652502,
      0.9676946401596069,
      0.2520450949668884,
      -0.768747091293335,
      -0.1659180223941803,
      0.6176561713218689
    ],
    [
      0.9748569130897522,
      -0.1199927106499672,
      0.18776549398899078,
      0.0948498547077179,
      0.9859334826469421,
      0.13761746883392334,
      -0.201637402176857,
      -0.1163477897644043,
      0.9725253582000732
    ],
    [
      0.1436721831560135,
      0.7837565541267395,
      -0.6042218208312988,
      -0.6818094253540039,
      0.520924985408783,
      0.5135884284973145,
      0.7172825336456299,
      0.3381757438182831,
      0.6092150807380676
    ],
    [
      0.3595186769962311,
      -0.6233793497085571,
      0.6943662166595459,
      0.5922238826751709,
      0.7274794578552246,
      0.3464743494987488,
      -0.721122145652771,
      0.28665629029273987,
      0.6307225823402405
    ],
    [
      -0.4044811427593231,
      -0.4312461018562317,
      -0.8064872622489929,
      0.07483065873384476,
      0.8632811903953552,
      -0.49914515018463135,
      0.9114797711372375,
      -0.2622447609901428,
      -0.3169105350971222
    ],
    [
      0.43203720450401306,
      0.332013338804245,
      0.8385171294212341,
      -0.11304907500743866,
      0.9423723220825195,
      -0.31488773226737976,
      -0.8947422504425049,
      0.041249629110097885,
      0.44467371702194214
    ],
    [
      0.9460062384605408,
      -0.11459817737340927,
      0.3032149374485016,
      0.2085673213005066,
      0.9312618970870972,
      -0.2987489104270935,
      -0.2481364607810974,
      0.3458591103553772,
      0.9048810005187988
    ],
    [
      0.95749431848526,
      0.1909424215555191,
      -0.21620750427246094,
      -0.2696206867694855,
      0.8588256239891052,
      -0.43557247519493103,
      0.10251525789499283,
      0.4753521680831909,
      0.873802661895752
    ],
    [
      0.9750694036483765,
      0.09281178563833237,
      -0.20155803859233856,
      -0.09684037417173386,
      0.9952476620674133,
      -0.01019756868481636,
      0.1996537148952484,
      0.02946229837834835,
      0.979423463344574
    ],
    [
      0.9671809673309326,
      -0.022670863196253777,
      0.2530752122402191,
      0.008592917583882809,
      0.998360276222229,
      0.05659499391913414,
      -0.2539432644844055,
      -0.05256294831633568,
      0.9657898545265198
    ]
  ],
  "root_rot": [
    0.9373766183853149,
    0.15777847170829773,
    0.3105335831642151,
    -0.005318209528923035,
    -0.8849373459815979,
    0.465679794549942,
    0.3482769727706909,
    -0.43816882371902466,
    -0.8286804556846619
  ],
  "root_trans": [
    -0.036900684237480164,
    0.20347294211387634,
    2.98911452293396
  ]
}