{
  "betas": [
    -0.6320824027061462,
    0.8891308307647705,
    2.0756919384002686,
    0.17912833392620087,
    0.15938252210617065,
    -0.2432822585105896,
    0.290730357170105,
    0.6292303800582886,
    0.008338868618011475,
    1.1265697479248047
  ],
  "joints": [
    [
      0.929385244846344,
      -0.3056822419166565,
      -0.2068851739168167,
      0.3569616377353668,
      0.8869644999504089,
      0.2930399775505066,
      0.0939226895570755,
      -0.34619709849357605,
      0.9334485530853271
    ],
    [
      0.9317103624343872,
      0.36278679966926575,
      -0.017367659136652946,
      -0.3590172529220581,
      0.9271591305732727,
      0.10715649276971817,
      0.054977547377347946,
      -0.09360351413488388,
      0.9940904974937439
    ],
    [
      0.9917844533920288,
      -0.06959071010351181,
      0.10733485966920853,
      0.08203154057264328,
      0.989829957485199,
      -0.11622178554534912,
      -0.09815530478954315,
      0.12407179921865463,
      0.9874066114425659
    ],
    [
      0.9916098117828369,
      -0.06078525632619858,
      -0.11408448964357376,
      -0.016934510320425034,
      0.8138545155525208,
      -0.5808218717575073,
      0.12815357744693756,
      0.5778805613517761,
      0.8059967756271362
    ],
    [
      0.9844079613685608,
      0.10872025042772293,
      0.138278067111969,
      -0.006138715427368879,
      0.8068711757659912,
      -0.5906955599784851,
      -0.1757931411266327,
      0.5806365609169006,
      0.7949578166007996
    ],
    [
      0.9974672794342041,
      0.005796531680971384,
      -0.07089012116193771,
      0.00044095146586187184,
      0.996150553226471,
      0.08765751123428345,
      0.0711253434419632,
      -0.087466761469841,
      0.9936250448226929
    ],
    [
      0.9917691946029663,
      0.09850529581308365,
      -0.08179529011249542,
      -0.09668480604887009,
      0.9949770569801331,
      0.025936506688594818,
      0.0839393213391304,
      -0.017814667895436287,
      0.9963115453720093
    ],
    [
      0.837803840637207,
      -0.5453171730041504,
      -0.026716511696577072,
      0.540627121925354,
      0.8217794895172119,
      0.18000216782093048,
      -0.07620319724082947,
      -0.16525019705295563,
      0.9833032488822937
    ],
    [
      0.9936378598213196,
      -0.017067454755306244,
      0.11132132261991501,
      0.029748596251010895,
      0.9931188225746155,
      -0.11326956003904343,
      -0.10862208157777786,
      0.11586058884859085,
      0.9873082041740417
    ],
    [
      0.9131816625595093,
      -0.1873353123664856,
      0.3619457185268402,
      -0.049849990755319595,
      0.8300848007202148,
      0.5554044842720032,
      -0.4044925272464752,
      -0.5252282023429871,
      0.7486795783042908
    ],
    [
      0.8828393220901489,
      0.46915581822395325,
      0.02208070643246174,
      -0.46965909004211426,
      0.8822218179702759,
      0.03324250131845474,
      -0.003884167643263936,
      -0.03971819207072258,
      0.9992033839225769
    ],
    [
      0.9767031073570251,
      -0.021097535267472267,
      -0.21355575323104858,
      0.035333361476659775,
      0.9973837733268738,
      0.06306490302085876,
      0.2116665244102478,
      -0.06914132088422775,
      0.9748932719230652
    ],
    [
      0.9043449759483337,
      -0.018623456358909607,
      -0.42639583349227905,
      0.17772190272808075,
      0.9247457385063171,
      0.33654168248176575,
      0.388040155172348,
      -0.3801296353340149,
      0.8395989537239075
    ],
    [
      0.7282415628433228,
      -0.12666982412338257,
      0.6735124588012695,
      -0.075598806142807,
      0.9619238972663879,
      0.26265427470207214,
      -0.6811380386352539,
      -0.24219249188899994,
      0.6909368634223938
    ],
    [
      0.9865311980247498,
      -0.006743092089891434,
      0.16343435645103455,
      -0.016366519033908844,
      0.9900668859481812,
      0.13964129984378815,
      -0.16275255382061005,
      -0.1404353380203247,
      0.9766215085983276
    ],
    [
      0.4545595049858093,
      0.7099188566207886,
      -0.5379507541656494,
      -0.7012273669242859,
      0.657628059387207,
      0.2753281891345978,
      0.5492321252822876,
      0.25207269191741943,
      0.7967455983161926
    ],
    [
      0.4074839651584625,
      -0.5784640312194824,
      0.7066372632980347,
      0.4425729215145111,
      0.8019418120384216,
      0.40127116441726685,
      -0.79880291223526,
      0.14922691881656647,
      0.5827909708023071
    ],
    [
      0.1378861963748932,
      -0.3526204228401184,
      -0.9255518317222595,
      0.24980837106704712,
      0.9166482090950012,
      -0.31201252341270447,
      0.9584274888038635,
      -0.188188374042511,
      0.2144806683063507
    ],
    [
      0.637933611869812,
      0.20591357350349426,
      0.7420514822006226,
      -0.18004803359508514,
      0.9767633080482483,
      -0.11625897884368896,
      -0.7487479448318481,
      -0.05943939834833145,
      0.6601845026016235
    ],
    [
      0.8672529458999634,
      -0.1792762577533722,
      0.46446993947029114,
      0.3412482440471649,
      0.8933508992195129,
      -0.29235902428627014,
      -0.36252161860466003,
      0.4120488166809082,
      0.8359389305114746
    ],
    [
      0.9830191731452942,
      0.1317831128835678,
      -0.1276969164609909,
      -0.1648283302783966,
      0.9399701356887817,
      -0.2988106906414032,
      0.08065307885408401,
      0.3147847056388855,
      0.9457302689552307
    ],
    [
      0.9770916104316711,
      0.03762113302946091,
      -0.20946738123893738,
      -0.018621761351823807,
      0.9955897331237793,
      0.09194768220186234,
      0.2120027393102646,
      -0.0859406590461731,
      0.9734829664230347
    ],
    [
      0.978534996509552,
      -0.0802970752120018,
      0.18979375064373016,
      0.05152251571416855,
      0.9870436191558838,
      0.15195506811141968,
      -0.1995362490415573,
      -0.13891470432281494,
      0.9699938297271729
    ]
  ],
  "root_rot": [
    -0.6913946270942688,
    -0.1609327495098114,
    0.7043253183364868,
    -0.19223883748054504,
    -0.8987520933151245,
    -0.39406725764274597,
    0.6964321136474609,
    -0.40785467624664307,
    0.5904548168182373
  ],
  "root_trans": [
    0.21692660450935364,
    0.45156168937683105,
    3.04949688911438
  ]
}