{
  "betas": [
    -0.9406301379203796,
    1.0444073677062988,
    0.990121603012085,
    0.1852104663848877,
    -0.20140814781188965,
    0.4495302140712738,
    -0.06950139999389648,
    0.5736275315284729,
    -0.013346657156944275,
    0.4682140648365021
  ],
  "joints": [
    [
      0.973059892654419,
      -0.14165854454040527,
      -0.18189920485019684,
      0.17978137731552124,
      0.9601492881774902,
      0.21399040520191193,
      0.14433683454990387,
      -0.2409275621175766,
      0.9597503542900085
    ],
    [
      0.9794431924819946,
      0.17417651414871216,
      -0.10175216197967529,
      -0.16355374455451965,
      0.9809490442276001,
      0.10482960939407349,
      0.11807253211736679,
      -0.08603270351886749,
      0.9892711043357849
    ],
    [
      0.9811463356018066,
      0.07174853980541229,
      0.17945468425750732,
      -0.036237046122550964,
      0.9803633093833923,
      -0.19384163618087769,
      -0.18983866274356842,
      0.1836841106414795,
      0.9644798040390015
    ],
    [
      0.9969788193702698,
      0.0034431663807481527,
      -0.07759781181812286,
      -0.04161293804645538,
      0.8672312498092651,
      -0.49616363644599915,
      0.0655868798494339,
      0.49789366126060486,
      0.8647544384002686
    ],
    [
      0.9995177984237671,
      0.009149170480668545,
      0.029673699289560318,
      0.006286281161010265,
      0.876203179359436,
      -0.4819009602069855,
      -0.030409183353185654,
      0.4818550944328308,
      0.8757231831550598
    ],
    [
      0.9968558549880981,
      0.017861085012555122,
      -0.07719798386096954,
      -0.01325354166328907,
      0.9981229305267334,
      0.05979032441973686,
      0.07812099903821945,
      -0.058579180389642715,
      0.9952214360237122
    ],
    [
      0.9832770228385925,
      0.17676055431365967,
      0.043839700520038605,
      -0.17991334199905396,
      0.9801458120346069,
      0.08333827555179596,
      -0.028238380327820778,
      -0.08983197063207626,
      0.9955564141273499
    ],
    [
      0.8774304389953613,
      -0.22588229179382324,
      -0.42319387197494507,
      0.3468969464302063,
      0.9081062078475952,
      0.23453277349472046,
      0.3313281834125519,
      -0.3525908589363098,
      0.87515789270401
    ],
    [
      0.9886507987976074,
      0.04492681846022606,
      0.1433572769165039,
      -0.0351669080555439,
      0.99693363904953,
      -0.06990411132574081,
      -0.14605826139450073,
      0.06406930834054947,
      0.9871991872787476
    ],
    [
      0.9329522252082825,
      -0.33196330070495605,
      0.139285147190094,
      0.14172112941741943,
      0.6943334341049194,
      0.7055609226226807,
      -0.3309306800365448,
      -0.6385151147842407,
      0.6948261260986328
    ],
    [
      0.7497292160987854,
      0.4510851502418518,
      0.48417791724205017,
      -0.5165898203849792,
      0.8562301397323608,
      0.0022094075102359056,
      -0.4135711193084717,
      -0.2517778277397156,
      0.8749667406082153
    ],
    [
      0.9987838864326477,
      0.03153831139206886,
      0.03789586201310158,
      -0.03601837903261185,
      0.9916238188743591,
      0.12403558939695358,
      -0.033666569739580154,
      -0.1252496987581253,
      0.9915538430213928
    ],
    [
      0.9203671813011169,
      -0.08097802102565765,
      -0.38257914781570435,
      0.19008848071098328,
      0.9476081132888794,
      0.2567201256752014,
      0.34174641966819763,
      -0.3090006709098816,
      0.8875404000282288
    ],
    [
      0.7766790986061096,
      -0.24415461719036102,
      0.580653190612793,
      0.07361598312854767,
      0.9506897926330566,
      0.30128014087677,
      -0.6255799531936646,
      -0.19125261902809143,
      0.756354570388794
    ],
    [
      0.9764594435691833,
      -0.1721288114786148,
      0.12999527156352997,
      0.17029261589050293,
      0.9850713610649109,
      0.025196142494678497,
      -0.13239160180091858,
      -0.0024657798931002617,
      0.991194486618042
    ],
    [
      0.7589589953422546,
      0.48988720774650574,
      -0.42894262075424194,
      -0.43971067667007446,
      0.8714633584022522,
      0.21726985275745392,
      0.480245441198349,
      0.023711752146482468,
      0.8768135905265808
    ],
    [
      0.5641981363296509,
      -0.5111733675003052,
      0.6483688950538635,
      0.4242252707481384,
      0.8531838655471802,
      0.3034965991973877,
      -0.7083172798156738,
      0.10382228344678879,
      0.6982173919677734
    ],
    [
      -0.4347022473812103,
      -0.31271880865097046,
      -0.8445359468460083,
      0.518685519695282,
      0.679678738117218,
      -0.5186541676521301,
      0.7362059950828552,
      -0.6635087132453918,
      -0.13325515389442444
    ],
    [
      -0.2013738751411438,
      0.3721715807914734,
      0.9060556888580322,
      -0.15079234540462494,
      0.9021993279457092,
      -0.4041016399860382,
      -0.967837929725647,
      -0.21800178289413452,
      -0.1255587488412857
    ],
    [
      0.8018127083778381,
      -0.45641911029815674,
      0.38571757078170776,
      0.5830644965171814,
      0.738922119140625,
      -0.3376830816268921,
      -0.13089025020599365,
      0.4956567585468292,
      0.8585989475250244
    ],
    [
      0.8896741271018982,
      0.4207685887813568,
      -0.1772957742214203,
      -0.45601698756217957,
      0.7992737293243408,
      -0.3914206027984619,
      -0.022989632561802864,
      0.4290866255760193,
      0.9029707908630371
    ],
    [
      0.8923202157020569,
      0.20304690301418304,
      -0.4031582176685333,
      -0.11044870316982269,
      0.9641841053962708,
      0.24114352464675903,
      0.4376821219921112,
      -0.1706489622592926,
      0.8827872276306152
    ],
    [
      0.9457342028617859,
      -0.15659666061401367,
      0.28471794724464417,
      0.08120393007993698,
      0.9623107314109802,
      0.2595456838607788,
      -0.3146311342716217,
      -0.22234100103378296,
      0.922806441783905
    ]
  ],
  "root_rot": [
    0.08219708502292633,
    -0.05575442686676979,
    0.9950553774833679,
    0.2105732411146164,
    -0.9749215245246887,
    -0.07202081382274628,
    0.9741162657737732,
    0.2154519408941269,
    -0.06839531660079956
  ],
  "root_trans": [
    0.002904452383518219,
    0.6421431303024292,
    2.2788779735565186
  ]
}