{
  "betas": [
    -0.5057997107505798,
    0.8640940189361572,
    1.6893330812454224,
    0.5222329497337341,
    0.5054898262023926,
    -0.05409383028745651,
    0.12467321753501892,
    0.5895223617553711,
    0.12177571654319763,
    0.9899644255638123
  ],
  "joints": [
    [
      0.9349390864372253,
      -0.26205432415008545,
      -0.23919977247714996,
      0.3337838649749756,
      0.8782308101654053,
      0.3424893021583557,
      0.12032182514667511,
      -0.40004763007164,
      0.9085618257522583
    ],
    [
      0.9339340329170227,
      0.3478432297706604,
      -0.08229418843984604,
      -0.3038322329521179,
      0.8938043117523193,
      0.32984814047813416,
      0.18829037249088287,
      -0.2830527722835541,
      0.9404402375221252
    ],
    [
      0.9903165698051453,
      0.052280083298683167,
      0.12860766053199768,
      -0.0024408800527453423,
      0.9327968955039978,
      -0.3603942394256592,
      -0.1388062685728073,
      0.3565904498100281,
      0.9238918423652649
    ],
    [
      0.9896107316017151,
      -0.07625488191843033,
      -0.12188392877578735,
      0.0003629380080383271,
      0.8490784764289856,
      -0.5282667279243469,
      0.1437719315290451,
      0.5227342247962952,
      0.8402848243713379
    ],
    [
      0.9947815537452698,
      0.05921474099159241,
      0.08308610320091248,
      -0.0033664361108094454,
      0.8329535126686096,
      -0.5533326268196106,
      -0.1019723191857338,
      0.5501654148101807,
      0.8288061618804932
    ],
    [
      0.9979293346405029,
      0.0006734700291417539,
      -0.06431765854358673,
      0.014704188331961632,
      0.971077024936676,
      0.23831330239772797,
      0.06261789798736572,
      -0.23876553773880005,
      0.9690563678741455
    ],
    [
      0.9939978718757629,
      0.019427476450800896,
      -0.10766018182039261,
      -0.01364861149340868,
      0.9984391927719116,
      0.05415606498718262,
      0.108544260263443,
      -0.05236160382628441,
      0.99271160364151
    ],
    [
      0.8516034483909607,
      -0.5013114213943481,
      -0.1531611829996109,
      0.46533456444740295,
      0.8575153350830078,
      -0.21938806772232056,
      0.24131982028484344,
      0.11556044965982437,
      0.9635405540466309
    ],
    [
      0.9958973526954651,
      0.019233811646699905,
      0.0884217768907547,
      -0.00475108390673995,
      0.9869158864021301,
      -0.16116569936275482,
      -0.09036469459533691,
      0.16008441150188446,
      0.9829583168029785
    ],
    [
      0.9219849705696106,
      -0.10014382004737854,
      0.3740520179271698,
      -0.17053937911987305,
      0.7622382044792175,
      0.624427080154419,
      -0.3476492464542389,
      -0.6395030617713928,
      0.6856936812400818
    ],
    [
      0.9067699909210205,
      0.41384682059288025,
      0.0806165486574173,
      -0.41034960746765137,
      0.9101610779762268,
      -0.05674464628100395,
      -0.09685763716697693,
      0.01837337017059326,
      0.9951286315917969
    ],
    [
      0.999108612537384,
      0.0012342723784968257,
      0.042195845395326614,
      -0.005217758007347584,
      0.9955182075500488,
      0.09442566335201263,
      -0.04189018905162811,
      -0.09456165879964828,
      0.9946372509002686
    ],
    [
      0.7285463809967041,
      -0.14959563314914703,
      -0.6684619188308716,
      0.5115503668785095,
      0.7678231596946716,
      0.3856991231441498,
      0.45556163787841797,
      -0.6229516267776489,
      0.6359204649925232
    ],
    [
      0.6954400539398193,
      -0.06358396261930466,
      0.7157654166221619,
      -0.26625415682792664,
      0.9023780822753906,
      0.3388548195362091,
      -0.6674367189407349,
      -0.42622876167297363,
      0.610620379447937
    ],
    [
      0.9877588152885437,
      -0.09967773407697678,
      0.11998706310987473,
      0.07533330470323563,
      0.9783782362937927,
      0.1926158368587494,
      -0.13659225404262543,
      -0.1812189668416977,
      0.9739108085632324
    ],
    [
      0.46029454469680786,
      0.7038639783859253,
      -0.5410217046737671,
      -0.5296474099159241,
      0.7068073153495789,
      0.4689318835735321,
      0.7124622464179993,
      0.07070394605398178,
      0.6981392502784729
    ],
    [
      0.5109825730323792,
      -0.7134140133857727,
      0.47951778769493103,
      0.5114597082138062,
      0.7006858587265015,
      0.497441828250885,
      -0.6908733248710632,
      -0.008930069394409657,
      0.7229207754135132
    ],
    [
      -0.16086721420288086,
      -0.4219261109828949,
      -0.8922443985939026,
      0.6326597929000854,
      0.6497828364372253,
      -0.4213358163833618,
      0.7575376629829407,
      -0.6322662234306335,
      0.16240692138671875
    ],
    [
      0.06659834831953049,
      0.5426626801490784,
      0.8373063206672668,
      -0.6095958352088928,
      0.6864723563194275,
      -0.39641979336738586,
      -0.7899097800254822,
      -0.484017550945282,
      0.37652283906936646
    ],
    [
      0.9310351610183716,
      -0.14914046227931976,
      0.3330622911453247,
      0.2977018356323242,
      0.8382608294487,
      -0.4568285644054413,
      -0.2110614776611328,
      0.5244768261909485,
      0.8248496651649475
    ],
    [
      0.8933273553848267,
      0.4292813241481781,
      -0.13298021256923676,
      -0.4441051483154297,
      0.7979406118392944,
      -0.4075062572956085,
      -0.06882452219724655,
      0.4230937063694,
      0.9034682512283325
    ],
    [
      0.982214093208313,
      0.09766246378421783,
      -0.1603669971227646,
      -0.08025923371315002,
      0.9905024766921997,
      0.11163876205682755,
      0.16974683105945587,
      -0.09678222984075546,
      0.9807237982749939
    ],
    [
      0.9733625054359436,
      0.08529042452573776,
      0.21281664073467255,
      -0.06416989862918854,
      0.9924777150154114,
      -0.10426007211208344,
      -0.22010816633701324,
      0.0878264307975769,
      0.9715136885643005
    ]
  ],
  "root_rot": [
    -0.9735111594200134,
    -0.17097873985767365,
    0.15179657936096191,
    0.21784135699272156,
    -0.8952392935752869,
    0.3887052536010742,
    0.06943392008543015,
    0.4114765226840973,
    0.9087716937065125
  ],
  "root_trans": [
    0.06673254072666168,
    0.664517879486084,
    2.4627652168273926
  ]
}