{
  "betas": [
    -0.9547223448753357,
    1.2953505516052246,
    1.3761980533599854,
    0.1558053195476532,
    -0.09069490432739258,
    0.213797926902771,
    -0.014570057392120361,
    0.7592636346817017,
    0.08113515377044678,
    0.5649003386497498
  ],
  "joints": [
    [
      0.9876050353050232,
      -0.08720962703227997,
      -0.1305018961429596,
      0.12641826272010803,
      0.9347562789916992,
      0.3320378065109253,
      0.09303057938814163,
      -0.34442004561424255,
      0.9341949224472046
    ],
    [
      0.9446350336074829,
      0.2553451955318451,
      -0.2060668021440506,
      -0.24847394227981567,
      0.9668393135070801,
      0.05901290103793144,
      0.21430213749408722,
      -0.0045434245839715,
      0.9767569303512573
    ],
    [
      0.9790194630622864,
      -0.09342531859874725,
      0.18108735978603363,
      0.1406850963830948,
      0.9528019428253174,
      -0.26902827620506287,
      -0.14740632474422455,
      0.2888602018356323,
      0.945955216884613
    ],
    [
      0.9980819821357727,
      0.04399503022432327,
      -0.043553151190280914,
      -0.0577181912958622,
      0.9156942963600159,
      -0.39770907163619995,
      0.0223841555416584,
      0.3994600176811218,
      0.9164772629737854
    ],
    [
      0.9996423125267029,
      0.026704316958785057,
      0.0014742037747055292,
      -0.02236570045351982,
      0.8649126887321472,
      -0.5014238357543945,
      -0.014665238559246063,
      0.5012115240097046,
      0.8652005791664124
    ],
    [
      0.9994009733200073,
      0.03460066020488739,
      0.0006726938881911337,
      -0.03455819934606552,
      0.9967633485794067,
      0.07258466631174088,
      0.001840961049310863,
      -0.07256443798542023,
      0.9973620176315308
    ],
    [
      0.9974535703659058,
      0.062229692935943604,
      -0.03484085574746132,
      -0.06603766977787018,
      0.9903716444969177,
      -0.12166720628738403,
      0.02693408727645874,
      0.123658187687397,
      0.9919592142105103
    ],
    [
      0.8372161388397217,
      -0.4361855983734131,
      -0.3298656642436981,
      0.4254152178764343,
      0.8984880447387695,
      -0.10835651308298111,
      0.3436439037322998,
      -0.049612052738666534,
      0.9377886652946472
    ],
    [
      0.9804719686508179,
      0.029752299189567566,
      0.19439511001110077,
      -0.0014425480039790273,
      0.9895510673522949,
      -0.14417557418346405,
      -0.19665345549583435,
      0.14107967913150787,
      0.9702699780464172
    ],
    [
      0.92624831199646,
      -0.3678952157497406,
      -0.08195751905441284,
      0.33267176151275635,
      0.695747435092926,
      0.6366042494773865,
      -0.17718194425106049,
      -0.6169186234474182,
      0.7668232321739197
    ],
    [
      0.846706748008728,
      0.3186172544956207,
      0.42611122131347656,
      -0.3683505058288574,
      0.9289369583129883,
      0.03733642026782036,
      -0.3839344382286072,
      -0.1885712593793869,
      0.9039000272750854
    ],
    [
      0.9947831630706787,
      0.06748493015766144,
      -0.07649929821491241,
      -0.05701660364866257,
      0.9896606802940369,
      0.13160888850688934,
      0.08458995074033737,
      -0.12656058371067047,
      0.9883455634117126
    ],
    [
      0.9237126111984253,
      -0.16880600154399872,
      -0.34388893842697144,
      0.2827860414981842,
      0.9060419201850891,
      0.3148334324359894,
      0.2584320306777954,
      -0.38806259632110596,
      0.8846583366394043
    ],
    [
      0.6644694805145264,
      -0.022048301994800568,
      0.7469901442527771,
      -0.17988058924674988,
      0.9654577970504761,
      0.18850567936897278,
      -0.7253435850143433,
      -0.25962528586387634,
      0.6375511884689331
    ],
    [
      0.9622259140014648,
      0.06200934946537018,
      0.26509636640548706,
      -0.0761558786034584,
      0.9961503744125366,
      0.04341259226202965,
      -0.26138386130332947,
      -0.06196136772632599,
      0.9632440805435181
    ],
    [
      0.3710864782333374,
      0.836296796798706,
      -0.4036118984222412,
      -0.8364701271057129,
      0.4897933900356293,
      0.2458052933216095,
      0.40325260162353516,
      0.24639424681663513,
      0.881292998790741
    ],
    [
      0.4759419560432434,
      -0.5501564145088196,
      0.6861538887023926,
      0.3734833598136902,
      0.8327738046646118,
      0.4086538851261139,
      -0.7962345480918884,
      0.06177154555916786,
      0.6018262505531311
    ],
    [
      -0.23508325219154358,
      -0.4122893512248993,
      -0.8802008032798767,
      0.28939512372016907,
      0.8348193168640137,
      -0.46832388639450073,
      0.9278934597969055,
      -0.3648209273815155,
      -0.07693751156330109
    ],
    [
      0.4061664640903473,
      0.23664122819900513,
      0.8826265931129456,
      -0.3621847331523895,
      0.9284692406654358,
      -0.08226218074560165,
      -0.8389582633972168,
      -0.28626176714897156,
      0.4628209173679352
    ],
    [
      0.9047636985778809,
      -0.16150909662246704,
      0.39410337805747986,
      0.2753153145313263,
      0.927781879901886,
      -0.2518376111984253,
      -0.3249679505825043,
      0.3363562226295471,
      0.8838893175125122
    ],
    [
      0.9780178666114807,
      0.16526971757411957,
      -0.1271497905254364,
      -0.20682120323181152,
      0.8465437889099121,
      -0.49049848318099976,
      0.026573313400149345,
      0.5060135126113892,
      0.8621162176132202
    ],
    [
      0.934401273727417,
      0.14731261134147644,
      -0.3243350386619568,
      -0.04917019233107567,
      0.9551074504852295,
      0.292150616645813,
      0.3528123199939728,
      -0.25703829526901245,
      0.8996970057487488
    ],
    [
      0.9829954504966736,
      -0.019306683912873268,
      0.1826123595237732,
      -0.016574326902627945,
      0.9810699820518494,
      0.19294291734695435,
      -0.18288059532642365,
      -0.1926886886358261,
      0.9640673398971558
    ]
  ],
  "root_rot": [
    -0.7034079432487488,
    -0.038262635469436646,
    -0.7097556591033936,
    -0.18465448915958405,
    -0.9544281959533691,
    0.23445585370063782,
    -0.6863817572593689,
    0.29597771167755127,
    0.6642870306968689
  ],
  "root_trans": [
    0.02234518900513649,
    0.7301265001296997,
    2.537837266921997
  ]
}