{
  "betas": [
    -1.2508678436279297,
    1.135906457901001,
    0.8718280792236328,
    0.07962051033973694,
    0.03188049793243408,
    -0.1507810652256012,
    -0.2622149586677551,
    0.56246018409729,
    -0.37253299355506897,
    0.19412286579608917
  ],
  "joints": [
    [
      0.9381825923919678,
      -0.28428542613983154,
      -0.19747187197208405,
      0.3345107138156891,
      0.8912803530693054,
      0.306140273809433,
      0.0889715850353241,
      -0.3532719612121582,
      0.931280255317688
    ],
    [
      0.9002115726470947,
      0.4098518490791321,
      -0.14710772037506104,
      -0.385934978723526,
      0.9073984026908875,
      0.1663801074028015,
      0.20167650282382965,
      -0.0930032730102539,
      0.9750267267227173
    ],
    [
      0.9766926169395447,
      0.026514044031500816,
      0.21299897134304047,
      -0.0059716771356761456,
      0.9953137636184692,
      -0.09651361405849457,
      -0.21455976366996765,
      0.09299217164516449,
      0.9722739458084106
    ],
    [
      0.9851285219192505,
      0.10075939446687698,
      -0.13917385041713715,
      -0.15198540687561035,
      0.8888161778450012,
      -0.4323264956474304,
      0.08013900369405746,
      0.4470495581626892,
      0.8909121155738831
    ],
    [
      0.9874839186668396,
      -0.07820965349674225,
      0.13696275651454926,
      0.1502779871225357,
      0.7301652431488037,
      -0.66653972864151,
      -0.04787560552358627,
      0.6787797808647156,
      0.7327796220779419
    ],
    [
      0.9982858300209045,
      0.037350062280893326,
      -0.04506068304181099,
      -0.03171762079000473,
      0.9922897815704346,
      0.11981257796287537,
      0.04918825998902321,
      -0.11817796528339386,
      0.9917734861373901
    ],
    [
      0.9703674912452698,
      0.22305084764957428,
      0.09292574971914291,
      -0.2268311083316803,
      0.9734019041061401,
      0.03219112381339073,
      -0.08327385038137436,
      -0.05231567099690437,
      0.9951524138450623
    ],
    [
      0.886361300945282,
      -0.25091418623924255,
      -0.38910871744155884,
      0.31702205538749695,
      0.9414089918136597,
      0.11509177088737488,
      0.33743229508399963,
      -0.22536896169185638,
      0.9139738082885742
    ],
    [
      0.9576713442802429,
      0.08786340802907944,
      0.27412715554237366,
      -0.07668670266866684,
      0.9957373738288879,
      -0.05124710127711296,
      -0.27746137976646423,
      0.02805596962571144,
      0.9603270888328552
    ],
    [
      0.9501284956932068,
      -0.2990778982639313,
      -0.08836423605680466,
      0.2554776072502136,
      0.5839575529098511,
      0.770535409450531,
      -0.17884916067123413,
      -0.7546827793121338,
      0.6312423944473267
    ],
    [
      0.8480666875839233,
      0.1505475491285324,
      0.5080534815788269,
      -0.30740857124328613,
      0.9207348823547363,
      0.24030666053295135,
      -0.43160495162010193,
      -0.3599760830402374,
      0.8271241784095764
    ],
    [
      0.9910362958908081,
      0.10520722717046738,
      -0.08233225345611572,
      -0.1041889414191246,
      0.994419276714325,
      0.016580231487751007,
      0.08361714333295822,
      -0.007853500545024872,
      0.9964670538902283
    ],
    [
      0.7389189004898071,
      -0.14450818300247192,
      -0.6581156253814697,
      0.42009425163269043,
      0.8624554872512817,
      0.28229641914367676,
      0.526801347732544,
      -0.4850647747516632,
      0.6979917287826538
    ],
    [
      0.6503271460533142,
      -0.26681554317474365,
      0.7112553119659424,
      -0.039320170879364014,
      0.9232101440429688,
      0.3822787404060364,
      -0.7586359977722168,
      -0.27657291293144226,
      0.5898973941802979
    ],
    [
      0.9925062656402588,
      -0.11035943776369095,
      -0.05246080458164215,
      0.11282181739807129,
      0.9925243258476257,
      0.04654758796095848,
      0.04693165794014931,
      -0.052117496728897095,
      0.9975375533103943
    ],
    [
      0.4110155701637268,
      0.5182820558547974,
      -0.7499666810035706,
      -0.4113835096359253,
      0.8395884037017822,
      0.3547605872154236,
      0.8135293126106262,
      0.1627117395401001,
      0.5582965612411499
    ],
    [
      0.5546555519104004,
      -0.4590952694416046,
      0.6939659118652344,
      0.3724788427352905,
      0.8827758431434631,
      0.2862975597381592,
      -0.7440542578697205,
      0.09969109296798706,
      0.6606398224830627
    ],
    [
      -0.4498542249202728,
      -0.3476364314556122,
      -0.8226664066314697,
      0.25064197182655334,
      0.8349741697311401,
      -0.4898945391178131,
      0.8572104573249817,
      -0.42657583951950073,
      -0.2884843647480011
    ],
    [
      0.4836031496524811,
      0.2919946014881134,
      0.8251467943191528,
      -0.11308472603559494,
      0.9556575417518616,
      -0.27190160751342773,
      -0.8679515719413757,
      0.03818098083138466,
      0.49517911672592163
    ],
    [
      0.8729205131530762,
      -0.37373095750808716,
      0.31358423829078674,
      0.4663087725639343,
      0.8281087875366211,
      -0.3111141622066498,
      -0.1434088498353958,
      0.41780492663383484,
      0.8971471786499023
    ],
    [
      0.8755524754524231,
      0.3931020498275757,
      -0.28085362911224365,
      -0.48228919506073,
      0.7453222870826721,
      -0.46031704545021057,
      0.028374915942549706,
      0.5384843349456787,
      0.8421576619148254
    ],
    [
      0.8694115877151489,
      0.4384249746799469,
      -0.22783136367797852,
      -0.26381975412368774,
      0.8018040657043457,
      0.536199152469635,
      0.41775915026664734,
      -0.4060713052749634,
      0.8127629160881042
    ],
    [
      0.9366754293441772,
      -0.21120813488960266,
      0.2793390452861786,
      0.11456306278705597,
      0.938574492931366,
      0.3255046010017395,
      -0.3309297263622284,
      -0.27289021015167236,
      0.9033363461494446
    ]
  ],
  "root_rot": [
    0.7487863302230835,
    0.056324124336242676,
    0.6604140996932983,
    0.31631290912628174,
    -0.9059664011001587,
    -0.281373530626297,
    0.582464873790741,
    0.41958609223365784,
    -0.6961913108825684
  ],
  "root_trans": [
    -0.1724798083305359,
    0.7434993982315063,
    2.2438371181488037
  ]
}