{
  "betas": [
    -0.9630064368247986,
    1.222003698348999,
    1.6987167596817017,
    -0.1320686638355255,
    -0.09399396181106567,
    0.20195931196212769,
    0.20459038019180298,
    0.7008603811264038,
    -0.1399848461151123,
    0.6906399726867676
  ],
  "joints": [
    [
      0.9370422959327698,
      -0.2561660706996918,
      -0.2373407781124115,
      0.30799445509910583,
      0.9265580177307129,
      0.21593882143497467,
      0.16459381580352783,
      -0.2754434645175934,
      0.947121798992157
    ],
    [
      0.9779316782951355,
      0.20510751008987427,
      0.03975503146648407,
      -0.2088218331336975,
      0.9536193013191223,
      0.21680332720279694,
      0.00655682198703289,
      -0.22032056748867035,
      0.9754054546356201
    ],
    [
      0.9928544163703918,
      -0.03153230994939804,
      0.11509054154157639,
      0.04278279095888138,
      0.9944003224372864,
      -0.09663118422031403,
      -0.11139906942844391,
      0.10086459666490555,
      0.9886437654495239
    ],
    [
      0.9884003400802612,
      -0.09128003567457199,
      -0.12137799710035324,
      0.01767856627702713,
      0.8629393577575684,
      -0.5049982070922852,
      0.15083812177181244,
      0.49699464440345764,
      0.8545432686805725
    ],
    [
      0.9902165532112122,
      0.07731974124908447,
      0.11615821719169617,
      -0.007354037370532751,
      0.86020427942276,
      -0.5098966360092163,
      -0.13934485614299774,
      0.5040538907051086,
      0.8523571491241455
    ],
    [
      0.9977166652679443,
      -0.010956227779388428,
      -0.06664261221885681,
      0.01830664649605751,
      0.9936844706535339,
      0.11070679128170013,
      0.06500879675149918,
      -0.11167403310537338,
      0.9916161298751831
    ],
    [
      0.9615246057510376,
      0.24772173166275024,
      -0.11876164376735687,
      -0.22467570006847382,
      0.9578617215156555,
      0.17894631624221802,
      0.1580861210823059,
      -0.14537844061851501,
      0.976664662361145
    ],
    [
      0.859741747379303,
      -0.4914083182811737,
      -0.13914744555950165,
      0.4994606673717499,
      0.8658816814422607,
      0.028068915009498596,
      0.10669193416833878,
      -0.09363069385290146,
      0.9898737668991089
    ],
    [
      0.9969945549964905,
      -0.016750091686844826,
      0.07563887536525726,
      0.024634337052702904,
      0.9942157864570618,
      -0.10453739762306213,
      -0.07345035672187805,
      0.10608653724193573,
      0.9916403293609619
    ],
    [
      0.9127461314201355,
      -0.34035205841064453,
      0.2259535789489746,
      0.03678994998335838,
      0.6193259358406067,
      0.7842716574668884,
      -0.4068673253059387,
      -0.7075280547142029,
      0.5778089165687561
    ],
    [
      0.9086795449256897,
      0.3514000475406647,
      0.2254316806793213,
      -0.3796793222427368,
      0.9201049208641052,
      0.09617960453033447,
      -0.17362327873706818,
      -0.1729881912469864,
      0.9694998264312744
    ],
    [
      0.9976867437362671,
      0.026141555979847908,
      0.06275156140327454,
      -0.026233907788991928,
      0.9996556043624878,
      0.0006480950396507978,
      -0.06271301209926605,
      -0.002292814664542675,
      0.9980289340019226
    ],
    [
      0.7878016233444214,
      -0.11567844450473785,
      -0.6049686074256897,
      0.33411747217178345,
      0.9053933024406433,
      0.26197025179862976,
      0.5174302458763123,
      -0.4085111916065216,
      0.7519205212593079
    ],
    [
      0.6533361077308655,
      -0.09300645440816879,
      0.7513331174850464,
      -0.14844660460948944,
      0.9574217796325684,
      0.2476024031639099,
      -0.7423714995384216,
      -0.2733004689216614,
      0.6117117404937744
    ],
    [
      0.952597439289093,
      -0.05955123528838158,
      0.2983485460281372,
      0.026801152154803276,
      0.993269145488739,
      0.11268596351146698,
      -0.3030509948730469,
      -0.09934826195240021,
      0.9477816820144653
    ],
    [
      0.37513014674186707,
      0.7737131118774414,
      -0.5105343461036682,
      -0.7125532031059265,
      0.5929586291313171,
      0.37505728006362915,
      0.592912495136261,
      0.2230876088142395,
      0.7737483978271484
    ],
    [
      0.27568140625953674,
      -0.7479734420776367,
      0.6037677526473999,
      0.6723215579986572,
      0.5989493727684021,
      0.4350210428237915,
      -0.6870105266571045,
      0.2859988808631897,
      0.6679978966712952
    ],
    [
      -0.0654291883111,
      -0.3153820335865021,
      -0.9467065334320068,
      0.3531453609466553,
      0.880020260810852,
      -0.3175731897354126,
      0.9332777857780457,
      -0.3551035523414612,
      0.05379669368267059
    ],
    [
      0.24026215076446533,
      0.38691234588623047,
      0.8902656435966492,
      -0.3495119512081146,
      0.8900992274284363,
      -0.29251474142074585,
      -0.905602216720581,
      -0.24087828397750854,
      0.3490876257419586
    ],
    [
      0.8272904753684998,
      -0.2695515751838684,
      0.4928818345069885,
      0.42722171545028687,
      0.8715977072715759,
      -0.24041441082954407,
      -0.36479058861732483,
      0.4094623327255249,
      0.836222767829895
    ],
    [
      0.9407704472541809,
      0.3269755244255066,
      -0.08965467661619186,
      -0.33825060725212097,
      0.887077271938324,
      -0.3141344487667084,
      -0.02318364754319191,
      0.3258541524410248,
      0.945135772228241
    ],
    [
      0.9115375876426697,
      0.06659586727619171,
      -0.405788391828537,
      -0.06859895586967468,
      0.997597873210907,
      0.009624158963561058,
      0.4054545760154724,
      0.019063876941800117,
      0.9139163494110107
    ],
    [
      0.9775391221046448,
      -0.1260167509317398,
      0.16892914474010468,
      0.10171447694301605,
      0.9841111302375793,
      0.14553195238113403,
      -0.18458448350429535,
      -0.1250806301832199,
      0.974824845790863
    ]
  ],
  "root_rot": [
    0.8231203556060791,
    0.1843584179878235,
    -0.5371078252792358,
    0.11211573332548141,
    -0.9799758791923523,
    -0.16455180943012238,
    -0.5566892623901367,
    0.07522770762443542,
    -0.8273075819015503
  ],
  "root_trans": [
    -0.23412777483463287,
    0.5337819457054138,
    2.433342695236206
  ]
}