{
  "betas": [
    -0.9451797604560852,
    1.5862869024276733,
    1.3158241510391235,
    -0.1996060311794281,
    -0.039882272481918335,
    0.02324814721941948,
    0.10712812840938568,
    0.24533264338970184,
    -0.07900357246398926,
    0.2095111906528473
  ],
  "joints": [
    [
      0.9466646909713745,
      -0.229001984000206,
      -0.22668033838272095,
      0.2854897677898407,
      0.9222909808158875,
      0.2605282962322235,
      0.14940372109413147,
      -0.3113478720188141,
      0.9384780526161194
    ],
    [
      0.9319496154785156,
      0.3460329473018646,
      -0.10831016302108765,
      -0.32128554582595825,
      0.9265459179878235,
      0.1956738978624344,
      0.1680639535188675,
      -0.14755971729755402,
      0.9746695160865784
    ],
    [
      0.9871578216552734,
      -0.01709527149796486,
      0.15883027017116547,
      0.040933310985565186,
      0.9881319999694824,
      -0.14805278182029724,
      -0.15441426634788513,
      0.15265293419361115,
      0.9761419892311096
    ],
    [
      0.987221360206604,
      -0.023039771243929863,
      -0.15768055617809296,
      -0.0713852047920227,
      0.8207182288169861,
      -0.5668559670448303,
      0.1424715518951416,
      0.5708683729171753,
      0.8085858821868896
    ],
    [
      0.9938941597938538,
      0.0330621674656868,
      0.10526740550994873,
      0.015072737820446491,
      0.9044231176376343,
      -0.4263702929019928,
      -0.10930299758911133,
      0.42535364627838135,
      0.8984025120735168
    ],
    [
      0.998343825340271,
      -0.004077126272022724,
      -0.05738424137234688,
      0.009904519654810429,
      0.9947723746299744,
      0.10163602232933044,
      0.056669872254133224,
      -0.10203605890274048,
      0.9931652545928955
    ],
    [
      0.9811090230941772,
      0.125387042760849,
      -0.14732035994529724,
      -0.10697567462921143,
      0.9861315488815308,
      0.12688900530338287,
      0.16118748486042023,
      -0.10873223841190338,
      0.980915904045105
    ],
    [
      0.8650690317153931,
      -0.42279499769210815,
      -0.26999998092651367,
      0.42444905638694763,
      0.90376216173172,
      -0.05529024824500084,
      0.26739218831062317,
      -0.06677135825157166,
      0.9612715840339661
    ],
    [
      0.9794461727142334,
      0.0330815315246582,
      0.1989743560552597,
      -0.01733781211078167,
      0.9966156482696533,
      -0.08035262674093246,
      -0.20095916092395782,
      0.07525129616260529,
      0.9767049551010132
    ],
    [
      0.9329964518547058,
      -0.21620196104049683,
      0.28770536184310913,
      -0.028846589848399162,
      0.7519364953041077,
      0.6586041450500488,
      -0.35872766375541687,
      -0.622774600982666,
      0.6953173875808716
    ],
    [
      0.8605871796607971,
      0.38208895921707153,
      0.3367457985877991,
      -0.43714413046836853,
      0.8934230804443359,
      0.10344165563583374,
      -0.26133257150650024,
      -0.23622702062129974,
      0.9358963966369629
    ],
    [
      0.9911382794380188,
      0.13228076696395874,
      -0.012109404429793358,
      -0.13069160282611847,
      0.9873995184898376,
      0.08922915160655975,
      0.023760121315717697,
      -0.08685583621263504,
      0.9959374666213989
    ],
    [
      0.7523137927055359,
      -0.06685581058263779,
      -0.6554039120674133,
      0.370294451713562,
      0.8657311797142029,
      0.3367365598678589,
      0.544890820980072,
      -0.496023952960968,
      0.6760578155517578
    ],
    [
      0.6664577126502991,
      -0.19052785634994507,
      0.7207866311073303,
      -0.037093132734298706,
      0.9571231603622437,
      0.28729671239852905,
      -0.7446195483207703,
      -0.21820734441280365,
      0.6308148503303528
    ],
    [
      0.9897465109825134,
      -0.08886981755495071,
      0.11182115972042084,
      0.08725634962320328,
      0.9959999322891235,
      0.019250819459557533,
      -0.11308467388153076,
      -0.009296325035393238,
      0.9935418963432312
    ],
    [
      0.16924546658992767,
      0.7782988548278809,
      -0.6046543121337891,
      -0.6840597987174988,
      0.534429132938385,
      0.4964349865913391,
      0.7095196843147278,
      0.3296003043651581,
      0.622852623462677
    ],
    [
      0.43307051062583923,
      -0.555942952632904,
      0.7094908952713013,
      0.4693433940410614,
      0.8110904097557068,
      0.34906888008117676,
      -0.7695236802101135,
      0.1818234622478485,
      0.6121875047683716
    ],
    [
      -0.44725385308265686,
      -0.3930046856403351,
      -0.8034371137619019,
      0.12440357357263565,
      0.8622239232063293,
      -0.491012841463089,
      0.8857130408287048,
      -0.3195578455924988,
      -0.33674177527427673
    ],
    [
      0.47449737787246704,
      0.3302422761917114,
      0.8159609436988831,
      -0.23846648633480072,
      0.9405202865600586,
      -0.24198198318481445,
      -0.8473405241966248,
      -0.07975951582193375,
      0.5250261425971985
    ],
    [
      0.9350972175598145,
      -0.24889196455478668,
      0.2522816061973572,
      0.3128483295440674,
      0.914175808429718,
      -0.2576986253261566,
      -0.1664906144142151,
      0.31989914178848267,
      0.9327086806297302
    ],
    [
      0.9218347072601318,
      0.3088284730911255,
      -0.23419176042079926,
      -0.37761637568473816,
      0.8517816066741943,
      -0.36314454674720764,
      0.08733085542917252,
      0.42319390177726746,
      0.9018205404281616
    ],
    [
      0.9273596405982971,
      0.26273155212402344,
      -0.2664136588573456,
      -0.20198848843574524,
      0.9508690237998962,
      0.23462502658367157,
      0.3149678409099579,
      -0.16376928985118866,
      0.9348663091659546
    ],
    [
      0.9425898790359497,
      -0.19704271852970123,
      0.26962652802467346,
      0.13965563476085663,
      0.965971052646637,
      0.21770688891410828,
      -0.30334895849227905,
      -0.16755345463752747,
      0.9380326867103577
    ]
  ],
  "root_rot": [
    0.7941306233406067,
    0.07996035367250443,
    0.602463960647583,
    0.03984225541353226,
    -0.9960241317749023,
    0.07967695593833923,
    0.6064397096633911,
    -0.03927038982510567,
    -0.7941590547561646
  ],
  "root_trans": [
    -0.060160212218761444,
    0.5320042967796326,
    2.3064022064208984
  ]
}