{
  "betas": [
    -0.7391698360443115,
    0.5251118540763855,
    1.9663633108139038,
    1.0152829885482788,
    0.46702468395233154,
    0.22832044959068298,
    0.14006219804286957,
    0.48028573393821716,
    -0.0003483593463897705,
    0.8933696746826172
  ],
  "joints": [
    [
      0.9912944436073303,
      -0.12775203585624695,
      -0.0318545401096344,
      0.12656204402446747,
      0.9912707805633545,
      -0.03693684935569763,
      0.03629523143172264,
      0.03258371725678444,
      0.9988097548484802
    ],
    [
      0.9259829521179199,
      0.35328811407089233,
      -0.13320320844650269,
      -0.26708340644836426,
      0.8622733950614929,
      0.4302917718887329,
      0.2668745517730713,
      -0.36286646127700806,
      0.8928078413009644
    ],
    [
      0.9921619892120361,
      -0.12314793467521667,
      -0.021195080131292343,
      0.12094266712665558,
      0.9890172481536865,
      -0.08495816588401794,
      0.031424716114997864,
      0.08172886818647385,
      0.9961591362953186
    ],
    [
      0.9976329803466797,
      0.0017631360096856952,
      -0.06873949617147446,
      -0.01229014527052641,
      0.9881458282470703,
      -0.15302520990371704,
      0.06765485554933548,
      0.15350784361362457,
      0.9858285188674927
    ],
    [
      0.9930993914604187,
      -0.02227731980383396,
      -0.11513971537351608,
      -0.019246695563197136,
      0.9375202059745789,
      -0.3473980724811554,
      0.11568491160869598,
      0.347216933965683,
      0.9306219816207886
    ],
    [
      0.9981237649917603,
      0.03996724262833595,
      -0.04638586565852165,
      -0.035219497978687286,
      0.9944632649421692,
      0.09900742769241333,
      0.050086092203855515,
      -0.09718797355890274,
      0.994005024433136
    ],
    [
      0.9997112154960632,
      0.018459154292941093,
      0.015383748337626457,
      -0.01769918203353882,
      0.9986832141876221,
      -0.04815239831805229,
      -0.016252340748906136,
      0.04786621779203415,
      0.9987215399742126
    ],
    [
      0.905450165271759,
      -0.33936354517936707,
      -0.2549358010292053,
      0.3123492896556854,
      0.9394201636314392,
      -0.14116579294204712,
      0.2873983383178711,
      0.04818958416581154,
      0.9565981030464172
    ],
    [
      0.9888639450073242,
      0.05200659856200218,
      0.13943934440612793,
      -0.044726237654685974,
      0.9974924325942993,
      -0.054848261177539825,
      -0.14194217324256897,
      0.048000872135162354,
      0.988710343837738
    ],
    [
      0.9492433667182922,
      -0.19741861522197723,
      0.2448730319738388,
      0.015065254643559456,
      0.8061476349830627,
      0.5915226936340332,
      -0.314181387424469,
      -0.5578100085258484,
      0.7682044506072998
    ],
    [
      0.8926973938941956,
      0.4205359220504761,
      0.1619904488325119,
      -0.4380764961242676,
      0.8941161632537842,
      0.0929800271987915,
      -0.10573683679103851,
      -0.1539672464132309,
      0.9824020862579346
    ],
    [
      0.8908950686454773,
      -0.09661610424518585,
      -0.4438145160675049,
      0.05490756779909134,
      0.9928574562072754,
      -0.10592066496610641,
      0.45087820291519165,
      0.06999541819095612,
      0.8898367881774902
    ],
    [
      0.9909048676490784,
      0.075205959379673,
      0.1115858182311058,
      -0.08455304056406021,
      0.9930770397186279,
      0.08154042810201645,
      -0.10468098521232605,
      -0.09023375064134598,
      0.9904037714004517
    ],
    [
      0.9495547413825989,
      0.007670460734516382,
      0.3135075271129608,
      -0.07256963849067688,
      0.9779404401779175,
      0.19587275385856628,
      -0.3050892651081085,
      -0.20874303579330444,
      0.9291646480560303
    ],
    [
      0.9812525510787964,
      -0.0060465638525784016,
      -0.19263122975826263,
      0.032010745257139206,
      0.9907377362251282,
      0.13196231424808502,
      0.19004911184310913,
      -0.13565464317798615,
      0.9723575115203857
    ],
    [
      0.6011332273483276,
      0.7662915587425232,
      -0.2267955243587494,
      -0.781063973903656,
      0.5033392310142517,
      -0.36957916617393494,
      -0.16905027627944946,
      0.39930808544158936,
      0.9010966420173645
    ],
    [
      0.8526201248168945,
      -0.1590396761894226,
      0.49774014949798584,
      0.048517175018787384,
      0.9725361466407776,
      0.22763903439044952,
      -0.5202739238739014,
      -0.16994066536426544,
      0.8369200229644775
    ],
    [
      -0.4940926134586334,
      -0.2972029447555542,
      -0.8170329332351685,
      -0.06473854929208755,
      0.9497244954109192,
      -0.3063206076622009,
      0.8669955730438232,
      -0.0984572023153305,
      -0.48849233984947205
    ],
    [
      -0.5638205409049988,
      0.07392612844705582,
      0.8225820660591125,
      -0.1347532719373703,
      0.97440505027771,
      -0.17993418872356415,
      -0.8148300051689148,
      -0.21229621767997742,
      -0.5394278168678284
    ],
    [
      0.9832760095596313,
      -0.17967237532138824,
      0.029768511652946472,
      0.18069395422935486,
      0.9420197606086731,
      -0.28275159001350403,
      0.02276012673974037,
      0.28340184688568115,
      0.9587311148643494
    ],
    [
      0.9045305848121643,
      0.4031817317008972,
      0.13881248235702515,
      -0.31746095418930054,
      0.8540772795677185,
      -0.41203218698501587,
      -0.28468045592308044,
      0.32862818241119385,
      0.9005334973335266
    ],
    [
      0.5378425717353821,
      0.5770202875137329,
      -0.6146325469017029,
      -0.25140342116355896,
      0.8056684732437134,
      0.5363718867301941,
      0.8046873807907104,
      -0.13396291434764862,
      0.5783876776695251
    ],
    [
      0.8927334547042847,
      -0.3998844623565674,
      0.2076520323753357,
      0.21073536574840546,
      0.7778852581977844,
      0.5920177698135376,
      -0.3982681632041931,
      -0.48475444316864014,
      0.7787140011787415
    ]
  ],
  "root_rot": [
    -0.2587863802909851,
    -0.00028410175582394004,
    0.9659346342086792,
    -0.2790161073207855,
    -0.9573505520820618,
    -0.07503360509872437,
    0.9247592687606812,
    -0.2889289855957031,
    0.2476700097322464
  ],
  "root_trans": [
    0.5657442212104797,
    0.603830099105835,
    2.499018430709839
  ]
}