{
  "betas": [
    -0.8639026284217834,
    1.0071007013320923,
    1.8321226835250854,
    0.44894102215766907,
    0.2220950871706009,
    -0.01571975275874138,
    0.25887531042099,
    0.506385087966919,
    0.25393855571746826,
    1.2074286937713623
  ],
  "joints": [
    [
      0.9953504800796509,
      -0.07895823568105698,
      -0.055163852870464325,
      0.07021382451057434,
      0.986847460269928,
      -0.1456093192100525,
      0.06593536585569382,
      0.1410590410232544,
      0.987803041934967
    ],
    [
      0.976341962814331,
      0.21097686886787415,
      -0.047382477670907974,
      -0.17867088317871094,
      0.9105585217475891,
      0.37277325987815857,
      0.1217910647392273,
      -0.3554883301258087,
      0.926711916923523
    ],
    [
      0.9992571473121643,
      -0.02630438655614853,
      -0.028166351839900017,
      0.025348229333758354,
      0.9991077780723572,
      -0.033782508224248886,
      0.02902984619140625,
      0.03304344043135643,
      0.9990323781967163
    ],
    [
      0.998707115650177,
      0.011244493536651134,
      -0.049574561417102814,
      -0.017459390684962273,
      0.9917778968811035,
      -0.1267743855714798,
      0.047741442918777466,
      0.1274760216474533,
      0.9906919598579407
    ],
    [
      0.9994403123855591,
      0.017989907413721085,
      -0.02820267528295517,
      -0.024434486404061317,
      0.9684063792228699,
      -0.248177632689476,
      0.022846955806016922,
      0.24872785806655884,
      0.968303918838501
    ],
    [
      0.9982790350914001,
      0.013235749676823616,
      -0.05712996795773506,
      -0.010545549914240837,
      0.9988327622413635,
      0.04713650420308113,
      0.057687174528837204,
      -0.04645291715860367,
      0.9972533583641052
    ],
    [
      0.9970623850822449,
      0.04562947526574135,
      0.061518020927906036,
      -0.05084431171417236,
      0.9949921369552612,
      0.08605580031871796,
      -0.05728325992822647,
      -0.08893085271120071,
      0.9943892359733582
    ],
    [
      0.9190842509269714,
      -0.37625232338905334,
      -0.11712530255317688,
      0.34067198634147644,
      0.908041775226593,
      -0.24372678995132446,
      0.19805742800235748,
      0.18410414457321167,
      0.9627455472946167
    ],
    [
      0.9975788593292236,
      0.029491575434803963,
      0.06298190355300903,
      -0.02729811705648899,
      0.999000072479248,
      -0.03540799394249916,
      -0.0639631599187851,
      0.03360297530889511,
      0.9973863959312439
    ],
    [
      0.9654800891876221,
      -0.24665945768356323,
      0.08370956033468246,
      0.15983693301677704,
      0.8147737979888916,
      0.5573112368583679,
      -0.20567043125629425,
      -0.5246930122375488,
      0.826073169708252
    ],
    [
      0.9186939001083374,
      0.389646053314209,
      0.06463317573070526,
      -0.3901156485080719,
      0.9207481741905212,
      -0.005708761513233185,
      -0.06173527240753174,
      -0.019969811663031578,
      0.9978927373886108
    ],
    [
      0.9391992688179016,
      -0.10541833192110062,
      -0.32679006457328796,
      0.06798198074102402,
      0.9899550080299377,
      -0.12396575510501862,
      0.3365757167339325,
      0.09421270340681076,
      0.9369315505027771
    ],
    [
      0.9840959310531616,
      0.0846620425581932,
      0.15616489946842194,
      -0.08624576777219772,
      0.996268093585968,
      0.003381128190085292,
      -0.15529587864875793,
      -0.016795918345451355,
      0.9877251386642456
    ],
    [
      0.927898108959198,
      0.05311264470219612,
      0.36903128027915955,
      -0.150706484913826,
      0.9587653875350952,
      0.2409489005804062,
      -0.3410170078277588,
      -0.27919143438339233,
      0.8976410031318665
    ],
    [
      0.9765691161155701,
      -0.04013153165578842,
      -0.21142904460430145,
      0.07593649625778198,
      0.983523428440094,
      0.16405953466892242,
      0.20136141777038574,
      -0.17627064883708954,
      0.9635260701179504
    ],
    [
      0.627280592918396,
      0.7383890748023987,
      -0.24758973717689514,
      -0.7371835708618164,
      0.4604354500770569,
      -0.4945296347141266,
      -0.25115618109703064,
      0.49272793531417847,
      0.8331505060195923
    ],
    [
      0.831116259098053,
      -0.20480449497699738,
      0.5170115232467651,
      0.0761936753988266,
      0.9628825187683105,
      0.258943647146225,
      -0.5508541464805603,
      -0.1758192628622055,
      0.8158721327781677
    ],
    [
      -0.4381103217601776,
      -0.3068752586841583,
      -0.8449183106422424,
      -0.18441244959831238,
      0.9506160020828247,
      -0.249642476439476,
      0.879801869392395,
      0.04644252732396126,
      -0.4730663001537323
    ],
    [
      -0.511539101600647,
      0.06380787491798401,
      0.8568875789642334,
      -0.15017040073871613,
      0.9752525091171265,
      -0.16226963698863983,
      -0.8460358381271362,
      -0.2116864174604416,
      -0.4892977476119995
    ],
    [
      0.9747841358184814,
      -0.21642261743545532,
      -0.05438026413321495,
      0.185190349817276,
      0.9205392003059387,
      -0.3439652919769287,
      0.12450104206800461,
      0.3252211809158325,
      0.9374063611030579
    ],
    [
      0.9129458665847778,
      0.3318955600261688,
      0.23743489384651184,
      -0.24073681235313416,
      0.9078286290168762,
      -0.34335556626319885,
      -0.32950836420059204,
      0.2563056945800781,
      0.9086979031562805
    ],
    [
      0.9287512302398682,
      0.25568830966949463,
      -0.268411248922348,
      -0.24188970029354095,
      0.9666723012924194,
      0.08386919647455215,
      0.28091007471084595,
      -0.012967709451913834,
      0.959646463394165
    ],
    [
      0.932709276676178,
      -0.31352555751800537,
      0.17819949984550476,
      0.25762370228767395,
      0.9250518083572388,
      0.2791219651699066,
      -0.2523556649684906,
      -0.2144312560558319,
      0.9435760378837585
    ]
  ],
  "root_rot": [
    -0.9666489958763123,
    -0.04011569917201996,
    0.25294360518455505,
    0.014778356067836285,
    -0.9947476387023926,
    -0.10128547251224518,
    0.2556782066822052,
    -0.09416940808296204,
    0.9621646404266357
  ],
  "root_trans": [
    0.4713720679283142,
    0.44710662961006165,
    2.917396306991577
  ]
}