{
  "betas": [
    -1.0188348293304443,
    0.9339017868041992,
    1.8418787717819214,
    0.7506228685379028,
    0.3988220989704132,
    0.33127066493034363,
    -0.4533163905143738,
    0.6346668004989624,
    0.24468189477920532,
    1.0531069040298462
  ],
  "joints": [
    [
      0.9949820637702942,
      -0.08181502670049667,
      0.057592835277318954,
      0.09139025211334229,
      0.9774601459503174,
      -0.19031421840190887,
      -0.04072413593530655,
      0.19462266564369202,
      0.9800323843955994
    ],
    [
      0.9788937568664551,
      0.20294207334518433,
      0.02411411702632904,
      -0.196025088429451,
      0.8989936709403992,
      0.39164334535598755,
      0.057802461087703705,
      -0.38810423016548157,
      0.9198010563850403
    ],
    [
      0.9977491497993469,
      -0.06566222012042999,
      -0.01360179204493761,
      0.06514596939086914,
      0.9972462058067322,
      -0.035441018640995026,
      0.01589147001504898,
      0.03447514772415161,
      0.9992792010307312
    ],
    [
      0.9996690154075623,
      0.018463581800460815,
      -0.017913784831762314,
      -0.0189532320946455,
      0.9994403719902039,
      -0.02756202034652233,
      0.017394866794347763,
      0.027892423793673515,
      0.9994595050811768
    ],
    [
      0.9992390275001526,
      0.019087964668869972,
      0.034014999866485596,
      -0.0063366396352648735,
      0.9399306774139404,
      -0.34130653738975525,
      -0.03848658874630928,
      0.34083127975463867,
      0.939336359500885
    ],
    [
      0.9968705773353577,
      0.03750273585319519,
      -0.06958949565887451,
      -0.037271611392498016,
      0.9992944598197937,
      0.004617373459041119,
      0.06971357017755508,
      -0.0020092115737497807,
      0.9975650310516357
    ],
    [
      0.963598906993866,
      -0.043587930500507355,
      0.26377516984939575,
      0.008187804371118546,
      0.990968644618988,
      0.133843332529068,
      -0.267226904630661,
      -0.12681154906749725,
      0.9552531838417053
    ],
    [
      0.8454185128211975,
      -0.47956255078315735,
      -0.23513248562812805,
      0.47437843680381775,
      0.8764921426773071,
      -0.08201555162668228,
      0.24542339146137238,
      -0.042204320430755615,
      0.9684967994689941
    ],
    [
      0.9970208406448364,
      0.04643278196454048,
      0.06159041449427605,
      -0.045083705335855484,
      0.9987156987190247,
      -0.02311643213033676,
      -0.06258467584848404,
      0.02027084305882454,
      0.9978337287902832
    ],
    [
      0.9613186717033386,
      -0.27535146474838257,
      0.006927561480551958,
      0.2111688107252121,
      0.752923309803009,
      0.6233090758323669,
      -0.176844984292984,
      -0.5977357625961304,
      0.7819448709487915
    ],
    [
      0.8130620121955872,
      0.2994121015071869,
      0.49928197264671326,
      -0.4774712324142456,
      0.833633542060852,
      0.27762624621391296,
      -0.3330935537815094,
      -0.46412017941474915,
      0.8207564353942871
    ],
    [
      0.9246903657913208,
      -0.05345410481095314,
      -0.3769488036632538,
      0.03068954311311245,
      0.9973378777503967,
      -0.06614553928375244,
      0.37948110699653625,
      0.04959575831890106,
      0.9238691926002502
    ],
    [
      0.9913116693496704,
      0.09580469876527786,
      0.09012570977210999,
      -0.09168973565101624,
      0.994593620300293,
      -0.04874998331069946,
      -0.09430893510580063,
      0.04006282240152359,
      0.9947365522384644
    ],
    [
      0.9035657048225403,
      0.05516867712140083,
      0.42488279938697815,
      -0.1417582482099533,
      0.9743175506591797,
      0.17495663464069366,
      -0.4043186902999878,
      -0.2183154672384262,
      0.8881805539131165
    ],
    [
      0.9896499514579773,
      -0.017703771591186523,
      -0.1424061506986618,
      0.025238007307052612,
      0.9983656406402588,
      0.051275573670864105,
      0.1412656307220459,
      -0.05433891713619232,
      0.9884793162345886
    ],
    [
      0.5840405225753784,
      0.7893728613853455,
      -0.18917469680309296,
      -0.7797455191612244,
      0.4808124601840973,
      -0.40101897716522217,
      -0.22559596598148346,
      0.3817194700241089,
      0.8963238596916199
    ],
    [
      0.8511747121810913,
      -0.1805891990661621,
      0.4928378462791443,
      0.08121447265148163,
      0.9729537963867188,
      0.2162521928548813,
      -0.5185613036155701,
      -0.14404283463954926,
      0.8428201079368591
    ],
    [
      -0.37889552116394043,
      -0.29854944348335266,
      -0.8759604096412659,
      -0.04460495710372925,
      0.9513258934020996,
      -0.3049420714378357,
      0.9243638515472412,
      -0.07646901160478592,
      -0.3737699091434479
    ],
    [
      -0.6125483512878418,
      0.04562375321984291,
      0.789115309715271,
      -0.1647135466337204,
      0.9690488576889038,
      -0.18388524651527405,
      -0.7730808258056641,
      -0.24261657893657684,
      -0.5860744118690491
    ],
    [
      0.98261559009552,
      -0.1854667365550995,
      -0.008287928998470306,
      0.17698825895786285,
      0.9493056535720825,
      -0.25979602336883545,
      0.05605129152536392,
      0.2538127601146698,
      0.9656279683113098
    ],
    [
      0.9492059350013733,
      0.3084314465522766,
      0.062274303287267685,
      -0.264580637216568,
      0.8894813656806946,
      -0.372585654258728,
      -0.17030896246433258,
      0.33718395233154297,
      0.9259060025215149
    ],
    [
      0.8102118372917175,
      0.3963785171508789,
      -0.43178790807724,
      -0.22562575340270996,
      0.8908125162124634,
      0.39439332485198975,
      0.5409711003303528,
      -0.22211968898773193,
      0.811180055141449
    ],
    [
      0.931373119354248,
      -0.2919938266277313,
      0.21744823455810547,
      0.1574067920446396,
      0.8615343570709229,
      0.4826817512512207,
      -0.3282792270183563,
      -0.4153289794921875,
      0.8483717441558838
    ]
  ],
  "root_rot": [
    0.8912329077720642,
    0.042376767843961716,
    -0.45156192779541016,
    -0.013312808237969875,
    -0.992752194404602,
    -0.1194397509098053,
    -0.45335057377815247,
    0.1124601885676384,
    -0.8842092752456665
  ],
  "root_trans": [
    -0.7640582323074341,
    0.6625362038612366,
    2.152616024017334
  ]
}