{
  "betas": [
    -1.0182528495788574,
    0.32290560007095337,
    1.2556413412094116,
    0.43460530042648315,
    0.30237436294555664,
    -0.15286776423454285,
    -0.14372265338897705,
    0.5509166717529297,
    0.18701182305812836,
    0.9315598607063293
  ],
  "joints": [
    [
      0.9939389824867249,
      -0.10856330394744873,
      0.01729969121515751,
      0.10962113738059998,
      0.9669248461723328,
      -0.23030318319797516,
      0.008274971507489681,
      0.2308037281036377,
      0.9729651212692261
    ],
    [
      0.9732328057289124,
      0.22891800105571747,
      -0.020356476306915283,
      -0.20321598649024963,
      0.8985522985458374,
      0.38898196816444397,
      0.10733632743358612,
      -0.3744332790374756,
      0.9210203886032104
    ],
    [
      0.9982576370239258,
      -0.05887583643198013,
      -0.003936245571821928,
      0.05832172557711601,
      0.994600772857666,
      -0.08583609759807587,
      0.00896866712719202,
      0.0854569599032402,
      0.996301531791687
    ],
    [
      0.9928504824638367,
      0.0451899915933609,
      -0.11047985404729843,
      -0.04741746559739113,
      0.9987197518348694,
      -0.017617033794522285,
      0.10954231023788452,
      0.02272975631058216,
      0.9937222003936768
    ],
    [
      0.9998006820678711,
      -0.0010174631606787443,
      0.01993756741285324,
      0.00756660895422101,
      0.9434983134269714,
      -0.3312908411026001,
      -0.01847398839890957,
      0.33137568831443787,
      0.9433179497718811
    ],
    [
      0.9968037009239197,
      0.03845056891441345,
      -0.0700276792049408,
      -0.03817465156316757,
      0.9992571473121643,
      0.005274542141705751,
      0.07017847150564194,
      -0.0025844003539532423,
      0.9975310564041138
    ],
    [
      0.9988656640052795,
      0.04749634861946106,
      0.0033595175482332706,
      -0.04748633876442909,
      0.9884995818138123,
      0.14357447624206543,
      0.0034983844961971045,
      -0.1435711681842804,
      0.9896337389945984
    ],
    [
      0.9303277730941772,
      -0.31491819024086,
      -0.18792769312858582,
      0.2977573573589325,
      0.9477853178977966,
      -0.11420836299657822,
      0.21408140659332275,
      0.05029435083270073,
      0.9755201935768127
    ],
    [
      0.9946380853652954,
      0.04227073863148689,
      0.09438340365886688,
      -0.043791186064481735,
      0.9989412426948547,
      0.014095664955675602,
      -0.09368763864040375,
      -0.018153246492147446,
      0.9954360723495483
    ],
    [
      0.9714145064353943,
      -0.22835709154605865,
      0.06486022472381592,
      0.1738036721944809,
      0.8702605962753296,
      0.4609106779098511,
      -0.16169753670692444,
      -0.43646240234375,
      0.8850730657577515
    ],
    [
      0.933681309223175,
      0.29591548442840576,
      0.20167596638202667,
      -0.3290685713291168,
      0.9311226606369019,
      0.15724004805088043,
      -0.14125528931617737,
      -0.21317732334136963,
      0.9667482972145081
    ],
    [
      0.92701256275177,
      -0.055022839456796646,
      -0.3709719479084015,
      0.008490362204611301,
      0.9920042753219604,
      -0.125918447971344,
      0.3749341368675232,
      0.11357830464839935,
      0.9200676083564758
    ],
    [
      0.9872046113014221,
      0.12196075916290283,
      0.10272660106420517,
      -0.12302950024604797,
      0.9923945069313049,
      0.004108897410333157,
      -0.10144418478012085,
      -0.016694722697138786,
      0.9947012066841125
    ],
    [
      0.9121640920639038,
      -0.03827624395489693,
      0.4080338478088379,
      -0.05718504264950752,
      0.9740014672279358,
      0.21920548379421234,
      -0.4058159291744232,
      -0.22328481078147888,
      0.8862603306770325
    ],
    [
      0.9896736145019531,
      -0.011619878932833672,
      -0.14286760985851288,
      0.027089431881904602,
      0.9939096570014954,
      0.10681623220443726,
      0.14075630903244019,
      -0.10958340764045715,
      0.9839609265327454
    ],
    [
      0.6635205149650574,
      0.7162704467773438,
      -0.2160952240228653,
      -0.7183310985565186,
      0.529172420501709,
      -0.45163801312446594,
      -0.20914334058761597,
      0.45489901304244995,
      0.8656361103057861
    ],
    [
      0.8434001207351685,
      -0.16767072677612305,
      0.5104533433914185,
      0.07547818869352341,
      0.977612316608429,
      0.19641080498695374,
      -0.5319578051567078,
      -0.12712478637695312,
      0.8371738195419312
    ],
    [
      -0.44324764609336853,
      -0.31278350949287415,
      -0.8400582075119019,
      -0.10540863126516342,
      0.9488328099250793,
      -0.29766637086868286,
      0.8901799917221069,
      -0.04339050129055977,
      -0.4535380005836487
    ],
    [
      -0.5570067167282104,
      0.08944563567638397,
      0.8256772756576538,
      -0.13968993723392487,
      0.9699293971061707,
      -0.1993081122636795,
      -0.8186758756637573,
      -0.22635476291179657,
      -0.5277625322341919
    ],
    [
      0.9812177419662476,
      -0.19221428036689758,
      0.016293656080961227,
      0.17776845395565033,
      0.8682038187980652,
      -0.4632715880870819,
      0.07490119338035583,
      0.4574667513370514,
      0.8860666155815125
    ],
    [
      0.9691540002822876,
      0.23156996071338654,
      0.08435642719268799,
      -0.17043080925941467,
      0.8769592642784119,
      -0.44932806491851807,
      -0.17802803218364716,
      0.42109110951423645,
      0.8893752098083496
    ],
    [
      0.9509716629981995,
      0.049574773758649826,
      -0.305279016494751,
      -0.08555261045694351,
      0.9907195568084717,
      -0.10561958700418472,
      0.29720982909202576,
      0.12655866146087646,
      0.9463874697685242
    ],
    [
      0.9693329334259033,
      -0.19015535712242126,
      0.15567468106746674,
      0.13328534364700317,
      0.9389953017234802,
      0.31705307960510254,
      -0.2064671665430069,
      -0.2865808308124542,
      0.9355440139770508
    ]
  ],
  "root_rot": [
    0.9430698752403259,
    0.012614100240170956,
    -0.3323555290699005,
    0.08429624885320663,
    -0.9757176637649536,
    0.20216140151023865,
    -0.32173505425453186,
    -0.2186686247587204,
    -0.9212332367897034
  ],
  "root_trans": [
    -0.5781305432319641,
    0.5967051982879639,
    2.464832067489624
  ]
}