{
  "betas": [
    -0.8996608853340149,
    1.0176533460617065,
    1.5852859020233154,
    0.532728910446167,
    -0.19838708639144897,
    0.20915549993515015,
    0.10427886247634888,
    0.7977042198181152,
    0.4291943907737732,
    1.0401846170425415
  ],
  "joints": [
    [
      0.9947446584701538,
      0.09222239255905151,
      -0.044474612921476364,
      -0.09819760918617249,
      0.9823150038719177,
      -0.1594192385673523,
      0.028986051678657532,
      0.16294875741004944,
      0.9862086176872253
    ],
    [
      0.996313750743866,
      0.018225472420454025,
      -0.08382607996463776,
      0.012558119371533394,
      0.9356560111045837,
      0.3526897728443146,
      0.08486032485961914,
      -0.35244235396385193,
      0.9319780468940735
    ],
    [
      0.991001307964325,
      -0.13353727757930756,
      -0.00917520560324192,
      0.1306225210428238,
      0.9797825813293457,
      -0.15153837203979492,
      0.029225727543234825,
      0.14897625148296356,
      0.9884088039398193
    ],
    [
      0.9996169209480286,
      0.026642663404345512,
      0.0074975560419261456,
      -0.026141835376620293,
      0.9978303909301758,
      -0.06042454391717911,
      -0.009091160260140896,
      0.06020539626479149,
      0.9981446266174316
    ],
    [
      0.9894287586212158,
      -0.023151149973273277,
      -0.14315983653068542,
      -0.023855825886130333,
      0.9477432370185852,
      -0.31814077496528625,
      0.1430440992116928,
      0.31819283962249756,
      0.9371721148490906
    ],
    [
      0.9994521141052246,
      0.024492159485816956,
      -0.022262776270508766,
      -0.023705799132585526,
      0.9991086721420288,
      0.03492455556988716,
      0.023098314180970192,
      -0.03437766432762146,
      0.9991418719291687
    ],
    [
      0.9887399673461914,
      -0.08280254155397415,
      0.12464761734008789,
      0.07895225286483765,
      0.9962450861930847,
      0.03552698343992233,
      -0.12712131440639496,
      -0.025285733863711357,
      0.9915648102760315
    ],
    [
      0.8567983508110046,
      -0.3829505741596222,
      -0.34531915187835693,
      0.31123271584510803,
      0.9179935455322266,
      -0.24580886960029602,
      0.41113343834877014,
      0.10313404351472855,
      0.9057220816612244
    ],
    [
      0.9916549324989319,
      0.04059319198131561,
      0.1223640888929367,
      -0.034554559737443924,
      0.9980968236923218,
      -0.05107532814145088,
      -0.12420452386140823,
      0.046420857310295105,
      0.991170346736908
    ],
    [
      0.9258393049240112,
      -0.37372061610221863,
      0.056164056062698364,
      0.30608662962913513,
      0.8287044763565063,
      0.4685721695423126,
      -0.22165849804878235,
      -0.4166314899921417,
      0.8816380500793457
    ],
    [
      0.835335373878479,
      0.34064149856567383,
      0.4314836263656616,
      -0.43458932638168335,
      0.8898640871047974,
      0.13883067667484283,
      -0.33667030930519104,
      -0.3034883439540863,
      0.8913741111755371
    ],
    [
      0.9018294811248779,
      0.001213863375596702,
      -0.4320903718471527,
      -0.01601354032754898,
      0.9994029998779297,
      -0.030614759773015976,
      0.43179523944854736,
      0.034528590738773346,
      0.9013105034828186
    ],
    [
      0.9583848118782043,
      0.18783587217330933,
      0.21497958898544312,
      -0.1812734156847,
      0.9821593761444092,
      -0.05002838745713234,
      -0.2205413579940796,
      0.008976362645626068,
      0.9753362536430359
    ],
    [
      0.9706773161888123,
      -0.011368883773684502,
      0.2401173710823059,
      -0.03560806065797806,
      0.9810612797737122,
      0.1903964877128601,
      -0.23773445188999176,
      -0.19336365163326263,
      0.9518890976905823
    ],
    [
      0.995854914188385,
      0.08812171220779419,
      -0.022530104964971542,
      -0.08116845041513443,
      0.9727753400802612,
      0.2170710563659668,
      0.041045401245355606,
      -0.21434253454208374,
      0.9758958220481873
    ],
    [
      0.6156142354011536,
      0.7526037096977234,
      -0.23368091881275177,
      -0.7703025341033936,
      0.5121134519577026,
      -0.3799656331539154,
      -0.16629239916801453,
      0.4139172434806824,
      0.8949968814849854
    ],
    [
      0.8541619181632996,
      -0.26128652691841125,
      0.44959619641304016,
      0.16911831498146057,
      0.9571764469146729,
      0.2349727898836136,
      -0.49173811078071594,
      -0.1246698647737503,
      0.8617720007896423
    ],
    [
      -0.4581388235092163,
      -0.2904839515686035,
      -0.8400760293006897,
      -0.1761513650417328,
      0.9560205936431885,
      -0.23451068997383118,
      0.87125164270401,
      0.04054214060306549,
      -0.4891592860221863
    ],
    [
      -0.4601750373840332,
      0.2153463363647461,
      0.8613158464431763,
      -0.42046821117401123,
      0.8015825152397156,
      -0.42505529522895813,
      -0.7819498181343079,
      -0.557755708694458,
      -0.2783219814300537
    ],
    [
      0.9528897404670715,
      -0.3029721677303314,
      0.014457476325333118,
      0.29235443472862244,
      0.9047077894210815,
      -0.30989158153533936,
      0.08080873638391495,
      0.29951921105384827,
      0.9506620168685913
    ],
    [
      0.8785487413406372,
      0.47057244181632996,
      -0.08193707466125488,
      -0.4641379714012146,
      0.8005197048187256,
      -0.3791361451148987,
      -0.11281878501176834,
      0.3711196780204773,
      0.9217061400413513
    ],
    [
      0.876591682434082,
      0.3252487778663635,
      -0.35468336939811707,
      -0.06957592070102692,
      0.8149397969245911,
      0.5753541588783264,
      0.4761788249015808,
      -0.47967326641082764,
      0.7369989156723022
    ],
    [
      0.9362324476242065,
      -0.2883864939212799,
      0.20075353980064392,
      0.1772499978542328,
      0.8809146285057068,
      0.43883010745048523,
      -0.3033994138240814,
      -0.3752634525299072,
      0.8758573532104492
    ]
  ],
  "root_rot": [
    -0.25878748297691345,
    0.05461219698190689,
    -0.9643892049789429,
    -0.3137630224227905,
    -0.949012815952301,
    0.030454788357019424,
    -0.9135544300079346,
    0.31047096848487854,
    0.26272791624069214
  ],
  "root_trans": [
    -0.4515075385570526,
    0.6403780579566956,
    2.7650394439697266
  ]
}