{
  "betas": [
    -0.9239652752876282,
    1.204203486442566,
    1.8460794687271118,
    0.33537065982818604,
    0.22292323410511017,
    0.21642741560935974,
    0.07047197222709656,
    0.8360406756401062,
    0.12015122920274734,
    1.41441011428833
  ],
  "joints": [
    [
      0.9893727898597717,
      -0.14539118111133575,
      -0.0017012454336509109,
      0.14485669136047363,
      0.9866121411323547,
      -0.07492000609636307,
      0.012571179307997227,
      0.07387737929821014,
      0.9971880912780762
    ],
    [
      0.9732419848442078,
      0.21938925981521606,
      -0.06832662969827652,
      -0.17193681001663208,
      0.8925622701644897,
      0.4168577194213867,
      0.1524398773908615,
      -0.3939555287361145,
      0.9064001441001892
    ],
    [
      0.9995632767677307,
      -0.02948557585477829,
      -0.0019235003273934126,
      0.029050681740045547,
      0.9925431609153748,
      -0.11838163435459137,
      0.005399707704782486,
      0.11827407777309418,
      0.9929662942886353
    ],
    [
      0.993423581123352,
      0.011829840019345284,
      -0.11388446390628815,
      -0.02761721983551979,
      0.9900378584861755,
      -0.1380660980939865,
      0.11111664026975632,
      0.14030328392982483,
      0.9838536381721497
    ],
    [
      0.9982141256332397,
      -0.0023571716155856848,
      -0.05969146266579628,
      -0.024343978613615036,
      0.8964372873306274,
      -0.4425015151500702,
      0.054552704095840454,
      0.4431643486022949,
      0.8947789669036865
    ],
    [
      0.9971668124198914,
      0.023435192182660103,
      -0.07147809118032455,
      -0.019357558339834213,
      0.9981741309165955,
      0.05721595510840416,
      0.07268844544887543,
      -0.05567021295428276,
      0.9957997798919678
    ],
    [
      0.9910737872123718,
      0.12907665967941284,
      0.03334634751081467,
      -0.1314716786146164,
      0.9877508878707886,
      0.08404316008090973,
      -0.022089878097176552,
      -0.08767706900835037,
      0.9959039092063904
    ],
    [
      0.8581238389015198,
      -0.4276352524757385,
      -0.28416794538497925,
      0.4653562605381012,
      0.8816328644752502,
      0.0785311684012413,
      0.21694907546043396,
      -0.1996288001537323,
      0.9555529356002808
    ],
    [
      0.9933097958564758,
      0.06254727393388748,
      0.09707455337047577,
      -0.061561282724142075,
      0.9980170726776123,
      -0.01312212087213993,
      -0.09770280867815018,
      0.007058298215270042,
      0.9951906204223633
    ],
    [
      0.9529073238372803,
      -0.2587066888809204,
      0.15823575854301453,
      0.12483758479356766,
      0.8101522326469421,
      0.5727729797363281,
      -0.27637526392936707,
      -0.5260457396507263,
      0.8042963147163391
    ],
    [
      0.7546379566192627,
      0.5641009211540222,
      0.3351292610168457,
      -0.5993860363960266,
      0.800456702709198,
      0.00233083195053041,
      -0.266941636800766,
      -0.20263075828552246,
      0.942169189453125
    ],
    [
      0.9373782277107239,
      -0.084102101624012,
      -0.3380071818828583,
      0.06282679736614227,
      0.9953202605247498,
      -0.07341872155666351,
      0.3426000773906708,
      0.04758520796895027,
      0.9382753968238831
    ],
    [
      0.9871810674667358,
      0.15939544141292572,
      -0.008162843063473701,
      -0.15911445021629333,
      0.9868671298027039,
      0.027852529659867287,
      0.012495208531618118,
      -0.026196662336587906,
      0.9995786547660828
    ],
    [
      0.9245496988296509,
      -0.015615446493029594,
      0.3807414174079895,
      -0.07524672895669937,
      0.9720048308372498,
      0.2225857675075531,
      -0.3735583424568176,
      -0.2344411313533783,
      0.8974917531013489
    ],
    [
      0.9802359342575073,
      -0.08895210921764374,
      -0.17670589685440063,
      0.10266633331775665,
      0.9922476410865784,
      0.07002995908260345,
      0.16910670697689056,
      -0.0867876410484314,
      0.9817692041397095
    ],
    [
      0.681935727596283,
      0.7161390781402588,
      -0.14868943393230438,
      -0.70517897605896,
      0.5897907018661499,
      -0.39353474974632263,
      -0.19412997364997864,
      0.37321799993515015,
      0.9072055220603943
    ],
    [
      0.7594717741012573,
      -0.27092790603637695,
      0.5914394855499268,
      0.1103980764746666,
      0.9496402144432068,
      0.29325026273727417,
      -0.6411044001579285,
      -0.1574215143918991,
      0.7511348724365234
    ],
    [
      -0.08906592428684235,
      -0.3001444637775421,
      -0.9497264623641968,
      -0.2507752478122711,
      0.9295565485954285,
      -0.2702522277832031,
      0.9639393091201782,
      0.21409764885902405,
      -0.15806062519550323
    ],
    [
      -0.5370813012123108,
      0.11452975124120712,
      0.8357193470001221,
      -0.09252692013978958,
      0.9767627716064453,
      -0.19332195818424225,
      -0.8384405374526978,
      -0.18115614354610443,
      -0.5140039324760437
    ],
    [
      0.9645166993141174,
      -0.19575655460357666,
      -0.1771635264158249,
      0.14734487235546112,
      0.9559028744697571,
      -0.2540457844734192,
      0.21908223628997803,
      0.218927264213562,
      0.9508280158042908
    ],
    [
      0.9640134572982788,
      0.21360860764980316,
      0.15826968848705292,
      -0.16276517510414124,
      0.9449296593666077,
      -0.28392860293388367,
      -0.21020331978797913,
      0.2479502409696579,
      0.9456929564476013
    ],
    [
      0.3389166593551636,
      0.6860755681991577,
      -0.6437669396400452,
      -0.17283327877521515,
      0.7180216312408447,
      0.6742207407951355,
      0.9248049259185791,
      -0.117240309715271,
      0.36192619800567627
    ],
    [
      0.9166932702064514,
      -0.2712766230106354,
      0.29339805245399475,
      0.14254046976566315,
      0.907935619354248,
      0.39412590861320496,
      -0.3733036518096924,
      -0.31947147846221924,
      0.870966374874115
    ]
  ],
  "root_rot": [
    0.10373055934906006,
    -0.025925427675247192,
    0.9942675232887268,
    -0.07988925278186798,
    -0.9966474771499634,
    -0.01765274815261364,
    0.9913917779922485,
    -0.0776001587510109,
    -0.1054539605975151
  ],
  "root_trans": [
    0.303528368473053,
    0.568740963935852,
    1.9964215755462646
  ]
}