{
  "betas": [
    -0.5955095887184143,
    1.354570746421814,
    1.2706854343414307,
    0.3159995377063751,
    0.08633387088775635,
    -0.13715431094169617,
    0.1522282212972641,
    0.4746705889701843,
    0.3886946141719818,
    0.8619405031204224
  ],
  "joints": [
    [
      0.995827853679657,
      -0.0585908405482769,
      -0.0699574276804924,
      0.048047151416540146,
      0.9884268045425415,
      -0.14388851821422577,
      0.0775783509016037,
      0.139926940202713,
      0.9871180653572083
    ],
    [
      0.9713854193687439,
      0.22417894005775452,
      -0.07844821363687515,
      -0.16407063603401184,
      0.8721915483474731,
      0.4608282148838043,
      0.17172986268997192,
      -0.43477076292037964,
      0.8840153217315674
    ],
    [
      0.9982738494873047,
      -0.05693652108311653,
      -0.014410999603569508,
      0.05495589226484299,
      0.9920969009399414,
      -0.11279867589473724,
      0.02071947604417801,
      0.11181198805570602,
      0.9935134053230286
    ],
    [
      0.9994874596595764,
      -0.015770232304930687,
      -0.027858315035700798,
      0.010886588133871555,
      0.9858163595199585,
      -0.1674744188785553,
      0.030104292556643486,
      0.16708530485630035,
      0.9854827523231506
    ],
    [
      0.9929642081260681,
      -0.034475717693567276,
      -0.11328503489494324,
      9.071601380128413e-05,
      0.9569005966186523,
      -0.2904156744480133,
      0.11841480433940887,
      0.2883620858192444,
      0.950171172618866
    ],
    [
      0.9989806413650513,
      0.03529864549636841,
      -0.028137097135186195,
      -0.03473864495754242,
      0.9991933107376099,
      0.020149167627096176,
      0.028825636953115463,
      -0.01915118470788002,
      0.9994009733200073
    ],
    [
      0.9981611371040344,
      0.054377421736717224,
      0.026784390211105347,
      -0.05840127170085907,
      0.981065034866333,
      0.18466371297836304,
      -0.01623569428920746,
      -0.1858883798122406,
      0.9824367165565491
    ],
    [
      0.9305016398429871,
      -0.3270445764064789,
      -0.16495004296302795,
      0.296032577753067,
      0.9366626143455505,
      -0.18715743720531464,
      0.21571135520935059,
      0.1253197193145752,
      0.968381941318512
    ],
    [
      0.9927614331245422,
      0.04655331000685692,
      0.11071370542049408,
      -0.04641257971525192,
      0.998914897441864,
      -0.0038494113832712173,
      -0.11077278107404709,
      -0.0013169612502679229,
      0.9938448667526245
    ],
    [
      0.9144761562347412,
      -0.40451839566230774,
      -0.00991329737007618,
      0.33285149931907654,
      0.738079309463501,
      0.586897611618042,
      -0.2300940603017807,
      -0.5400034785270691,
      0.8096004724502563
    ],
    [
      0.9036580920219421,
      0.3855927288532257,
      0.18633386492729187,
      -0.3832228481769562,
      0.9222980737686157,
      -0.05006582662463188,
      -0.19116036593914032,
      -0.026165006682276726,
      0.9812100529670715
    ],
    [
      0.8991398811340332,
      -0.06727458536624908,
      -0.43246006965637207,
      0.04398069530725479,
      0.997002363204956,
      -0.06365473568439484,
      0.4354460835456848,
      0.03821461275219917,
      0.8994033932685852
    ],
    [
      0.9564148187637329,
      0.22100554406642914,
      0.19085939228534698,
      -0.22629044950008392,
      0.9740408658981323,
      0.006072907242923975,
      -0.18456274271011353,
      -0.04899787902832031,
      0.9815985560417175
    ],
    [
      0.9650095105171204,
      -0.043114837259054184,
      0.2586458623409271,
      -0.00995683390647173,
      0.979653000831604,
      0.20045173168182373,
      -0.2620256245136261,
      -0.19601313769817352,
      0.9449451565742493
    ],
    [
      0.978276789188385,
      0.06912511587142944,
      -0.19543851912021637,
      -0.004053495824337006,
      0.9489660859107971,
      0.31535208225250244,
      0.2072632759809494,
      -0.30770939588546753,
      0.9286317229270935
    ],
    [
      0.5505346059799194,
      0.7511408925056458,
      -0.3642788529396057,
      -0.8321170806884766,
      0.45872005820274353,
      -0.3117004334926605,
      -0.06702890992164612,
      0.47472450137138367,
      0.8775784373283386
    ],
    [
      0.6712701320648193,
      -0.5284904837608337,
      0.5197059512138367,
      0.42762520909309387,
      0.8488306403160095,
      0.3108428418636322,
      -0.6054197549819946,
      0.013579847291111946,
      0.7957904934883118
    ],
    [
      -0.2752929627895355,
      -0.28579118847846985,
      -0.9178982973098755,
      -0.05461496487259865,
      0.9578982591629028,
      -0.2818654179573059,
      0.959807813167572,
      -0.0274646058678627,
      -0.2793111205101013
    ],
    [
      -0.32713183760643005,
      0.27784743905067444,
      0.9032084941864014,
      -0.3425452709197998,
      0.8559256196022034,
      -0.3873681426048279,
      -0.8807085752487183,
      -0.4361102283000946,
      -0.18482519686222076
    ],
    [
      0.9699701070785522,
      -0.24243293702602386,
      -0.01959965005517006,
      0.2247910499572754,
      0.9243175983428955,
      -0.30839237570762634,
      0.09288076311349869,
      0.29472559690475464,
      0.9510571956634521
    ],
    [
      0.870293378829956,
      0.4906691610813141,
      0.042816367000341415,
      -0.463508665561676,
      0.8453075289726257,
      -0.26573479175567627,
      -0.16658085584640503,
      0.21142147481441498,
      0.96309494972229
    ],
    [
      0.9360843300819397,
      0.20994001626968384,
      -0.2822611331939697,
      -0.12701304256916046,
      0.9499711990356445,
      0.2853461503982544,
      0.3280455470085144,
      -0.23125721514225006,
      0.9159182906150818
    ],
    [
      0.9446271657943726,
      -0.23306381702423096,
      0.23099946975708008,
      0.19384481012821198,
      0.9643296003341675,
      0.18025700747966766,
      -0.2647710144519806,
      -0.12549762427806854,
      0.9561101198196411
    ]
  ],
  "root_rot": [
    -0.7252570390701294,
    -0.019270943477749825,
    -0.6882083415985107,
    0.07590126246213913,
    -0.9957529902458191,
    -0.05210460349917412,
    -0.6842814683914185,
    -0.09002511948347092,
    0.7236395478248596
  ],
  "root_trans": [
    -0.2101580649614334,
    0.5177695155143738,
    3.1170103549957275
  ]
}