{
  "betas": [
    -0.6371827721595764,
    0.6781446933746338,
    1.7382069826126099,
    0.8012423515319824,
    0.3564443588256836,
    -0.06010416895151138,
    0.06146936118602753,
    0.5954843759536743,
    0.17475217580795288,
    1.1076279878616333
  ],
  "joints": [
    [
      0.9967055320739746,
      -0.08075045049190521,
      -0.00758136622607708,
      0.07843220233917236,
      0.9834342002868652,
      -0.1634184718132019,
      0.020651888102293015,
      0.1622854620218277,
      0.9865277409553528
    ],
    [
      0.9594509601593018,
      0.2754170596599579,
      -0.0599944107234478,
      -0.2364169806241989,
      0.9021820425987244,
      0.360797256231308,
      0.15349557995796204,
      -0.3319835662841797,
      0.9307126998901367
    ],
    [
      0.9974262714385986,
      -0.055419597774744034,
      -0.0454922690987587,
      0.054877541959285736,
      0.9984074234962463,
      -0.013080054894089699,
      0.04614470899105072,
      0.010549886152148247,
      0.998879075050354
    ],
    [
      0.9994244575500488,
      0.017165394499897957,
      -0.02926129288971424,
      -0.01985466293990612,
      0.9953513741493225,
      -0.09424091875553131,
      0.027507586404681206,
      0.09476764500141144,
      0.9951193332672119
    ],
    [
      0.9995749592781067,
      0.013601124286651611,
      -0.025788426399230957,
      -0.020569251850247383,
      0.9558442831039429,
      -0.293152779340744,
      0.020662514492869377,
      0.29355859756469727,
      0.9557178020477295
    ],
    [
      0.9969716668128967,
      0.011188589967787266,
      -0.07695700228214264,
      -0.006261144764721394,
      0.9979318380355835,
      0.06397433578968048,
      0.07751364260911942,
      -0.06329875439405441,
      0.9949797987937927
    ],
    [
      0.9963620901107788,
      -0.004020025487989187,
      0.08512615412473679,
      -0.002805480267852545,
      0.9967980980873108,
      0.07990997284650803,
      -0.08517483621835709,
      -0.07985807955265045,
      0.9931605458259583
    ],
    [
      0.9296709299087524,
      -0.3477042317390442,
      -0.12171178311109543,
      0.3166828453540802,
      0.9230988621711731,
      -0.21817556023597717,
      0.1882125586271286,
      0.16428743302822113,
      0.9682901501655579
    ],
    [
      0.9960947632789612,
      0.035090263932943344,
      0.08101794123649597,
      -0.03085772879421711,
      0.9981220960617065,
      -0.05291598662734032,
      -0.08272263407707214,
      0.05020930990576744,
      0.9953070282936096
    ],
    [
      0.9823430776596069,
      -0.14591450989246368,
      0.11709427833557129,
      0.06548862904310226,
      0.8544641733169556,
      0.5153661370277405,
      -0.1752522587776184,
      -0.49859797954559326,
      0.848932683467865
    ],
    [
      0.909903347492218,
      0.4144432842731476,
      0.01768399402499199,
      -0.41391196846961975,
      0.9042655229568481,
      0.10478920489549637,
      0.02743815816938877,
      -0.1026676595211029,
      0.994337260723114
    ],
    [
      0.9450312852859497,
      -0.10875658690929413,
      -0.30836328864097595,
      0.054121822118759155,
      0.982083797454834,
      -0.18050552904605865,
      0.3224697411060333,
      0.15389418601989746,
      0.9339860081672668
    ],
    [
      0.9902095198631287,
      0.06393400579690933,
      0.124087393283844,
      -0.07304687052965164,
      0.9948455691337585,
      0.07033129036426544,
      -0.1189512237906456,
      -0.07870689779520035,
      0.9897757172584534
    ],
    [
      0.957368016242981,
      0.05987019091844559,
      0.282598614692688,
      -0.13446664810180664,
      0.9581982493400574,
      0.252536803483963,
      -0.2556660771369934,
      -0.27977076172828674,
      0.9253988862037659
    ],
    [
      0.9886097311973572,
      -0.013657066971063614,
      -0.14988034963607788,
      0.030335551127791405,
      0.993516743183136,
      0.10956403613090515,
      0.14741231501102448,
      -0.11286279559135437,
      0.9826146364212036
    ],
    [
      0.5459949374198914,
      0.764678418636322,
      -0.342281311750412,
      -0.8139374256134033,
      0.38736921548843384,
      -0.4329562485218048,
      -0.19848304986953735,
      0.5149874091148376,
      0.8339020609855652
    ],
    [
      0.8610078692436218,
      -0.20073466002941132,
      0.46730178594589233,
      0.07801863551139832,
      0.9600706100463867,
      0.26865869760513306,
      -0.5025718212127686,
      -0.19485899806022644,
      0.842289388179779
    ],
    [
      -0.35238155722618103,
      -0.38254451751708984,
      -0.8541001677513123,
      -0.23451529443264008,
      0.9196160435676575,
      -0.31513315439224243,
      0.9059966802597046,
      0.08925241231918335,
      -0.4137682616710663
    ],
    [
      -0.6861792802810669,
      0.07162317633628845,
      0.7238978147506714,
      -0.15133263170719147,
      0.9593130946159363,
      -0.2383628636598587,
      -0.7115169763565063,
      -0.2731090188026428,
      -0.6474218368530273
    ],
    [
      0.9750628471374512,
      -0.21930751204490662,
      -0.034010350704193115,
      0.1927262842655182,
      0.9127428531646729,
      -0.3602180480957031,
      0.11004123091697693,
      0.344680517911911,
      0.9322479367256165
    ],
    [
      0.9121968150138855,
      0.3928375542163849,
      0.11651469022035599,
      -0.31772419810295105,
      0.8576828837394714,
      -0.4042665660381317,
      -0.2587437033653259,
      0.33175110816955566,
      0.9071896076202393
    ],
    [
      0.7108913064002991,
      0.6852792501449585,
      -0.15819579362869263,
      -0.4606432616710663,
      0.6236535906791687,
      0.6315568089485168,
      0.5314521789550781,
      -0.3760963976383209,
      0.7590191960334778
    ],
    [
      0.8701747059822083,
      -0.45968684554100037,
      0.17743733525276184,
      0.3110480010509491,
      0.791737973690033,
      0.5257377624511719,
      -0.38215863704681396,
      -0.4022921621799469,
      0.8319350481033325
    ]
  ],
  "root_rot": [
    -0.7627142071723938,
    -0.03817285969853401,
    0.645608127117157,
    -0.010027721524238586,
    -0.9974385499954224,
    -0.07082217186689377,
    0.6466578841209412,
    -0.060491058975458145,
    0.7603777647018433
  ],
  "root_trans": [
    0.5101867318153381,
    0.6637424826622009,
    2.641392230987549
  ]
}