{
  "betas": [
    -1.3887650966644287,
    0.5831088423728943,
    1.6756328344345093,
    0.9133845567703247,
    0.4974888861179352,
    0.20232617855072021,
    -0.03667926788330078,
    0.3851088285446167,
    0.27085745334625244,
    1.3473944664001465
  ],
  "joints": [
    [
      0.9986869692802429,
      -0.03438697010278702,
      -0.03797255828976631,
      0.035089075565338135,
      0.999222457408905,
      0.017980538308620453,
      0.03732473403215408,
      -0.019289351999759674,
      0.9991170763969421
    ],
    [
      0.990025520324707,
      0.13097281754016876,
      -0.051918625831604004,
      -0.12028005719184875,
      0.977620005607605,
      0.17260296642780304,
      0.07336298376321793,
      -0.16463658213615417,
      0.9836221933364868
    ],
    [
      0.9987529516220093,
      -0.040079515427351,
      0.02977037988603115,
      0.04165514558553696,
      0.9976532459259033,
      -0.0543404296040535,
      -0.027522576972842216,
      0.055512748658657074,
      0.9980786442756653
    ],
    [
      0.997658908367157,
      0.06656765192747116,
      -0.015663698315620422,
      -0.06717086583375931,
      0.9968657493591309,
      -0.041794855147600174,
      0.012832419946789742,
      0.042749159038066864,
      0.9990034103393555
    ],
    [
      0.9985907077789307,
      -0.010442683473229408,
      0.05203285440802574,
      0.020437020808458328,
      0.9805033206939697,
      -0.1954369843006134,
      -0.048977501690387726,
      0.19622497260570526,
      0.9793349504470825
    ],
    [
      0.995134711265564,
      0.03864768519997597,
      -0.09062717109918594,
      -0.03842194005846977,
      0.9992526769638062,
      0.004234946798533201,
      0.09072310477495193,
      -0.0007322712917812169,
      0.9958759546279907
    ],
    [
      0.9969760775566101,
      -0.05688561499118805,
      0.05294022336602211,
      0.04416799545288086,
      0.9753385782241821,
      0.21624940633773804,
      -0.06393612176179886,
      -0.21325723826885223,
      0.9749017357826233
    ],
    [
      0.9338518381118774,
      -0.2789183557033539,
      -0.22388705611228943,
      0.32925543189048767,
      0.9148949980735779,
      0.23357664048671722,
      0.13968433439731598,
      -0.291841983795166,
      0.9462117552757263
    ],
    [
      0.9956579208374023,
      0.051133476197719574,
      0.07778656482696533,
      -0.047597486525774,
      0.9977765083312988,
      -0.046652887016534805,
      -0.07999913394451141,
      0.042747870087623596,
      0.9958779215812683
    ],
    [
      0.9713605046272278,
      -0.23555529117584229,
      0.031183699145913124,
      0.1311829537153244,
      0.6410670876502991,
      0.7561904191970825,
      -0.1981155127286911,
      -0.7304427623748779,
      0.6536080837249756
    ],
    [
      0.8676645755767822,
      0.1637403964996338,
      0.4694117307662964,
      -0.42160531878471375,
      0.7427058815956116,
      0.5202277898788452,
      -0.26345255970954895,
      -0.6492896676063538,
      0.7134534120559692
    ],
    [
      0.9469491243362427,
      -0.11447358131408691,
      -0.3003050982952118,
      0.07399322837591171,
      0.9869672656059265,
      -0.14290085434913635,
      0.3127496540546417,
      0.11309929937124252,
      0.9430780410766602
    ],
    [
      0.9995198845863342,
      -0.014279228635132313,
      0.027497580274939537,
      0.013503060676157475,
      0.9995107650756836,
      0.028208740055561066,
      -0.027886932715773582,
      -0.02782389521598816,
      0.9992237091064453
    ],
    [
      0.8915438055992126,
      0.11654070019721985,
      0.4376846253871918,
      -0.2407592386007309,
      0.9404421448707581,
      0.24000748991966248,
      -0.3836464285850525,
      -0.3193538188934326,
      0.8665035963058472
    ],
    [
      0.9972398281097412,
      0.016709933057427406,
      -0.07234232872724533,
      -0.002669569104909897,
      0.9817849397659302,
      0.18997670710086823,
      0.07419911026954651,
      -0.18925923109054565,
      0.9791196584701538
    ],
    [
      0.5465142726898193,
      0.7846736311912537,
      -0.29259103536605835,
      -0.8268358707427979,
      0.4501335024833679,
      -0.33722737431526184,
      -0.13290837407112122,
      0.42622432112693787,
      0.8948007225990295
    ],
    [
      0.789335310459137,
      -0.405638188123703,
      0.46087682247161865,
      0.34952956438064575,
      0.9140326380729675,
      0.2058480978012085,
      -0.5047563314437866,
      -0.0013931469293311238,
      0.8632607460021973
    ],
    [
      -0.39835888147354126,
      -0.3397809863090515,
      -0.8519737124443054,
      -0.06812238693237305,
      0.9372499585151672,
      -0.34193846583366394,
      0.914696455001831,
      -0.07817573845386505,
      -0.3965085446834564
    ],
    [
      -0.43728139996528625,
      0.20320069789886475,
      0.8760676383972168,
      -0.15712513029575348,
      0.9418939352035522,
      -0.29689645767211914,
      -0.8854923248291016,
      -0.2674795091152191,
      -0.379944771528244
    ],
    [
      0.9897580146789551,
      -0.1376645714044571,
      0.03778254985809326,
      0.13825827836990356,
      0.8584896326065063,
      -0.49384230375289917,
      0.03554867208003998,
      0.4940081536769867,
      0.8687302470207214
    ],
    [
      0.9814457297325134,
      0.18953394889831543,
      0.029004046693444252,
      -0.16896378993988037,
      0.9264166951179504,
      -0.33645710349082947,
      -0.0906398668885231,
      0.3253137171268463,
      0.9412521123886108
    ],
    [
      0.8754370808601379,
      0.339352011680603,
      -0.34416601061820984,
      -0.20431573688983917,
      0.9051468372344971,
      0.372778981924057,
      0.4380241334438324,
      -0.25602594017982483,
      0.8617340326309204
    ],
    [
      0.8633023500442505,
      -0.4727154076099396,
      0.17677462100982666,
      0.3559271991252899,
      0.8185946941375732,
      0.4507976472377777,
      -0.3578057885169983,
      -0.326255738735199,
      0.8749470114707947
    ]
  ],
  "root_rot": [
    0.9696041941642761,
    0.007412346545606852,
    0.24456657469272614,
    0.024275638163089752,
    -0.9975236654281616,
    -0.06600972265005112,
    0.2434716522693634,
    0.06994030624628067,
    -0.967383086681366
  ],
  "root_trans": [
    -0.2272346466779709,
    0.7309049963951111,
    1.8339385986328125
  ]
}