{
  "betas": [
    -0.9769595265388489,
    1.0505179166793823,
    1.6590150594711304,
    0.5813353061676025,
    0.2023608535528183,
    -0.06737970560789108,
    -0.01497030258178711,
    0.42447566986083984,
    -0.07576912641525269,
    1.0878669023513794
  ],
  "joints": [
    [
      0.9978745579719543,
      -0.03759944066405296,
      -0.053221866488456726,
      0.03055202029645443,
      0.9913634657859802,
      -0.1275344043970108,
      0.05755743384361267,
      0.12563730776309967,
      0.9904051423072815
    ],
    [
      0.9885846376419067,
      0.12430451065301895,
      -0.08514079451560974,
      -0.08099686354398727,
      0.9149522185325623,
      0.39535048604011536,
      0.12704360485076904,
      -0.3839412033557892,
      0.91457599401474
    ],
    [
      0.9997044205665588,
      -0.024058131501078606,
      0.00350323342718184,
      0.0242112148553133,
      0.9982737898826599,
      -0.05351071432232857,
      -0.002209818223491311,
      0.05357971414923668,
      0.9985612034797668
    ],
    [
      0.9937772154808044,
      0.00196618540212512,
      -0.11136864125728607,
      -0.014296261593699455,
      0.9938260912895203,
      -0.11002423614263535,
      0.11046472936868668,
      0.11093173176050186,
      0.987669825553894
    ],
    [
      0.9979416131973267,
      0.004574634600430727,
      -0.06396565586328506,
      -0.026350533589720726,
      0.9386095404624939,
      -0.34397363662719727,
      0.05846521630883217,
      0.3449511229991913,
      0.9367980360984802
    ],
    [
      0.9969168305397034,
      0.03280371055006981,
      -0.07127851247787476,
      -0.031095391139388084,
      0.9992050528526306,
      0.024945829063653946,
      0.07204016298055649,
      -0.022652486339211464,
      0.9971444010734558
    ],
    [
      0.9984933137893677,
      0.05472339317202568,
      -0.004053616430610418,
      -0.0540279746055603,
      0.9933418035507202,
      0.10174988210201263,
      0.009594724513590336,
      -0.10137756913900375,
      0.9948017597198486
    ],
    [
      0.8898233771324158,
      -0.2501709461212158,
      -0.3816133439540863,
      0.30019381642341614,
      0.9507918357849121,
      0.07667180150747299,
      0.3436537981033325,
      -0.1827823370695114,
      0.9211365580558777
    ],
    [
      0.9918538331985474,
      0.07062140107154846,
      0.10601242631673813,
      -0.065599724650383,
      0.9965857863426208,
      -0.05013507977128029,
      -0.10919108241796494,
      0.04277228191494942,
      0.9931001663208008
    ],
    [
      0.9456443190574646,
      -0.30508705973625183,
      0.11259923130273819,
      0.1584496945142746,
      0.7346146106719971,
      0.6597234606742859,
      -0.28399014472961426,
      -0.6060224771499634,
      0.7430250644683838
    ],
    [
      0.8190294504165649,
      0.3484325706958771,
      0.45583492517471313,
      -0.5051003098487854,
      0.8147199153900146,
      0.2847897708415985,
      -0.2721477150917053,
      -0.46349358558654785,
      0.8432729840278625
    ],
    [
      0.9341831207275391,
      -0.06263173371553421,
      -0.3512536287307739,
      0.03016306273639202,
      0.9948112964630127,
      -0.09716320037841797,
      0.35551658272743225,
      0.08017334342002869,
      0.931225061416626
    ],
    [
      0.9922297596931458,
      0.10002700984477997,
      0.07399147748947144,
      -0.09857556223869324,
      0.9948631525039673,
      -0.023024117574095726,
      -0.07591443508863449,
      0.015551461838185787,
      0.9969930648803711
    ],
    [
      0.9012258052825928,
      0.038656700402498245,
      0.431622177362442,
      -0.16329418122768402,
      0.952888011932373,
      0.2556157410144806,
      -0.4014063775539398,
      -0.30084890127182007,
      0.8650797009468079
    ],
    [
      0.9723082780838013,
      -0.057447608560323715,
      -0.22653110325336456,
      0.09684625267982483,
      0.9812151193618774,
      0.1668466329574585,
      0.2126907855272293,
      -0.18416506052017212,
      0.9596071839332581
    ],
    [
      0.5201112031936646,
      0.8286706209182739,
      -0.20685553550720215,
      -0.8092063665390015,
      0.40061724185943604,
      -0.4297567307949066,
      -0.27325692772865295,
      0.39091014862060547,
      0.8789310455322266
    ],
    [
      0.7540895342826843,
      -0.29721003770828247,
      0.5856749415397644,
      0.16754406690597534,
      0.9492975473403931,
      0.26601359248161316,
      -0.6350416541099548,
      -0.10247168689966202,
      0.7656511068344116
    ],
    [
      -0.5014548897743225,
      -0.3161555230617523,
      -0.8053500652313232,
      -0.10998447239398956,
      0.9465849995613098,
      -0.30311769247055054,
      0.8581646084785461,
      -0.06342384964227676,
      -0.5094418525695801
    ],
    [
      -0.5748913884162903,
      0.19471114873886108,
      0.7947247624397278,
      -0.08817104250192642,
      0.9508759379386902,
      -0.29675042629241943,
      -0.8134652972221375,
      -0.24067097902297974,
      -0.5294824838638306
    ],
    [
      0.9657710194587708,
      -0.2581254541873932,
      0.025642674416303635,
      0.24573470652103424,
      0.8787685632705688,
      -0.4091213643550873,
      0.08307064324617386,
      0.40141886472702026,
      0.9121195673942566
    ],
    [
      0.9482662677764893,
      0.3167204260826111,
      -0.021889224648475647,
      -0.30473485589027405,
      0.8887075185775757,
      -0.3425428867340088,
      -0.0890372022986412,
      0.3314923048019409,
      0.9392471313476562
    ],
    [
      0.8033795952796936,
      0.4210345447063446,
      -0.4210832417011261,
      -0.19381457567214966,
      0.8535301685333252,
      0.4836549162864685,
      0.5630427002906799,
      -0.30694642663002014,
      0.7673113346099854
    ],
    [
      0.9137334227561951,
      -0.3119591474533081,
      0.26033201813697815,
      0.21190166473388672,
      0.9125538468360901,
      0.34977594017982483,
      -0.3466827869415283,
      -0.26443716883659363,
      0.8999356031417847
    ]
  ],
  "root_rot": [
    0.6739339828491211,
    -0.00422851275652647,
    0.7387794852256775,
    -0.13138490915298462,
    -0.9847297072410583,
    0.11421650648117065,
    0.7270151376724243,
    -0.1740388572216034,
    -0.6641983985900879
  ],
  "root_trans": [
    -0.09537777304649353,
    0.4359118640422821,
    1.893061876296997
  ]
}