{
  "betas": [
    -0.5628636479377747,
    0.842902660369873,
    1.371324896812439,
    0.433153361082077,
    0.019337445497512817,
    -0.23615121841430664,
    0.24506895244121552,
    0.8136642575263977,
    0.2628309428691864,
    1.177931547164917
  ],
  "joints": [
    [
      0.9981625080108643,
      0.028962470591068268,
      -0.053223416209220886,
      -0.024192504584789276,
      0.9958109855651855,
      0.08817718178033829,
      0.05555429309606552,
      -0.0867275521159172,
      0.9946818947792053
    ],
    [
      0.989429771900177,
      0.1122605949640274,
      -0.0917937383055687,
      -0.08865807205438614,
      0.9692176580429077,
      0.2296886295080185,
      0.11475309729576111,
      -0.21912255883216858,
      0.9689255952835083
    ],
    [
      0.996982991695404,
      -0.052806828171014786,
      0.0568888783454895,
      0.06294868886470795,
      0.9788706302642822,
      -0.19454973936080933,
      -0.0454133041203022,
      0.19754385948181152,
      0.9792414903640747
    ],
    [
      0.9982122182846069,
      0.005039270501583815,
      0.059556785970926285,
      0.0015124899800866842,
      0.9939906597137451,
      -0.10945483297109604,
      -0.05975046008825302,
      0.10934922844171524,
      0.9922059774398804
    ],
    [
      0.9983254671096802,
      0.013697941787540913,
      -0.05620265007019043,
      -0.027425598353147507,
      0.9675062894821167,
      -0.25135526061058044,
      0.050933364778757095,
      0.25247570872306824,
      0.9662618637084961
    ],
    [
      0.9995490908622742,
      0.009925056248903275,
      -0.028338227421045303,
      -0.008515045046806335,
      0.9987403154373169,
      0.049450263381004333,
      0.028793325647711754,
      -0.049186669290065765,
      0.9983744621276855
    ],
    [
      0.994189977645874,
      -0.05115499719977379,
      0.09470759332180023,
      0.06911037117242813,
      0.9779080748558044,
      -0.19728027284145355,
      -0.08252345770597458,
      0.2026793211698532,
      0.9757617712020874
    ],
    [
      0.9281162619590759,
      -0.33397364616394043,
      -0.16450455784797668,
      0.30652862787246704,
      0.9362941980361938,
      -0.17144452035427094,
      0.2112826555967331,
      0.10869508981704712,
      0.9713623523712158
    ],
    [
      0.9945690035820007,
      0.04029850289225578,
      0.09596135467290878,
      -0.036323998123407364,
      0.9984226822853088,
      -0.04281126335263252,
      -0.09753521531820297,
      0.039093054831027985,
      0.9944640398025513
    ],
    [
      0.9481934905052185,
      -0.2701801061630249,
      0.1671282798051834,
      0.14030297100543976,
      0.8281099200248718,
      0.5427236557006836,
      -0.2850337326526642,
      -0.4911583960056305,
      0.8231155276298523
    ],
    [
      0.9311910271644592,
      0.33990514278411865,
      0.13171081244945526,
      -0.353760689496994,
      0.9298099279403687,
      0.1015225425362587,
      -0.08795798569917679,
      -0.1411309838294983,
      0.986075758934021
    ],
    [
      0.9620324969291687,
      -0.05580887943506241,
      -0.2671683132648468,
      0.036672234535217285,
      0.9964261651039124,
      -0.0760926604270935,
      0.2704601287841797,
      0.06340594589710236,
      0.9606409668922424
    ],
    [
      0.9811917543411255,
      0.08837805688381195,
      0.171616330742836,
      -0.10521434247493744,
      0.9902210831642151,
      0.09160906821489334,
      -0.16184186935424805,
      -0.10794254392385483,
      0.9808954000473022
    ],
    [
      0.9515843987464905,
      -0.014418327249586582,
      0.3070491552352905,
      -0.06689341366291046,
      0.9652460217475891,
      0.2526369094848633,
      -0.30002057552337646,
      -0.2609449028968811,
      0.9175485372543335
    ],
    [
      0.9902400970458984,
      0.04631564021110535,
      -0.13145175576210022,
      0.004728466272354126,
      0.931460976600647,
      0.36381056904792786,
      0.13929229974746704,
      -0.36088132858276367,
      0.9221510291099548
    ],
    [
      0.6356213092803955,
      0.7057344913482666,
      -0.31292858719825745,
      -0.7604146003723145,
      0.5023768544197083,
      -0.4115667939186096,
      -0.13324885070323944,
      0.4995560646057129,
      0.8559722900390625
    ],
    [
      0.5687398910522461,
      -0.621823787689209,
      0.538395881652832,
      0.5952073335647583,
      0.7629117369651794,
      0.2523764967918396,
      -0.5676822066307068,
      0.1769205927848816,
      0.8040124177932739
    ],
    [
      -0.39578795433044434,
      -0.3275032937526703,
      -0.857958972454071,
      -0.18223412334918976,
      0.9436779022216797,
      -0.2761572301387787,
      0.9000792503356934,
      0.04704967886209488,
      -0.4331786334514618
    ],
    [
      -0.15050126612186432,
      0.4207989573478699,
      0.8945822715759277,
      -0.23006746172904968,
      0.8651366829872131,
      -0.44565388560295105,
      -0.9614667892456055,
      -0.2728857398033142,
      -0.03339201584458351
    ],
    [
      0.9314326047897339,
      -0.3491998314857483,
      0.10243441164493561,
      0.3511035740375519,
      0.7882834076881409,
      -0.5053072571754456,
      0.09570586681365967,
      0.5066247582435608,
      0.8568381667137146
    ],
    [
      0.9014983773231506,
      0.4262078106403351,
      0.07515066862106323,
      -0.3556186556816101,
      0.8284735679626465,
      -0.4326278567314148,
      -0.24664971232414246,
      0.3632883131504059,
      0.8984349966049194
    ],
    [
      0.9222548007965088,
      0.2934436500072479,
      -0.25166836380958557,
      -0.18264399468898773,
      0.904515266418457,
      0.3853483498096466,
      0.3407158851623535,
      -0.30942362546920776,
      0.887789249420166
    ],
    [
      0.8082904815673828,
      -0.45685985684394836,
      0.3714101314544678,
      0.31928685307502747,
      0.8701138496398926,
      0.37544336915016174,
      -0.4946940839290619,
      -0.18488094210624695,
      0.8491740822792053
    ]
  ],
  "root_rot": [
    -0.9550091028213501,
    -0.036541055887937546,
    -0.29431670904159546,
    -0.06696523725986481,
    -0.9401840567588806,
    0.33402019739151,
    -0.2889173626899719,
    0.3387013077735901,
    0.8954373598098755
  ],
  "root_trans": [
    0.2505054175853729,
    0.7915236353874207,
    2.9560325145721436
  ]
}