{
  "betas": [
    -0.5242592692375183,
    1.0266039371490479,
    1.3438810110092163,
    -0.0939268171787262,
    0.24892379343509674,
    -0.3695344626903534,
    -0.25717318058013916,
    0.5611430406570435,
    -0.14109498262405396,
    1.1138304471969604
  ],
  "joints": [
    [
      0.9985837936401367,
      0.0019364183535799384,
      -0.05316706746816635,
      0.002689376939088106,
      0.9962224960327148,
      0.08679569512605667,
      0.05313430353999138,
      -0.08681575208902359,
      0.9948064088821411
    ],
    [
      0.9711002707481384,
      0.23850201070308685,
      0.009008331224322319,
      -0.2070244401693344,
      0.82295161485672,
      0.5290476679801941,
      0.11876553297042847,
      -0.5156232714653015,
      0.8485442996025085
    ],
    [
      0.9984667897224426,
      -0.05527493730187416,
      0.0029788382817059755,
      0.05535497888922691,
      0.9971519708633423,
      -0.05122261121869087,
      -0.00013902763021178544,
      0.05130896344780922,
      0.9986828565597534
    ],
    [
      0.9993891716003418,
      0.03354507312178612,
      0.009795265272259712,
      -0.03252328559756279,
      0.9953672885894775,
      -0.09047698974609375,
      -0.012784944847226143,
      0.0901031568646431,
      0.9958502650260925
    ],
    [
      0.9995792508125305,
      -0.02896645851433277,
      -0.0014620241709053516,
      0.02496342919766903,
      0.8849164843559265,
      -0.46508023142814636,
      0.014765492640435696,
      0.464848130941391,
      0.8852672576904297
    ],
    [
      0.9953896403312683,
      0.06290534883737564,
      -0.07240431010723114,
      -0.06462768465280533,
      0.9976736307144165,
      -0.021693814545869827,
      0.07087121158838272,
      0.026273120194673538,
      0.9971393942832947
    ],
    [
      0.9987320899963379,
      0.03893221169710159,
      0.0319141149520874,
      -0.038359273225069046,
      0.9990951418876648,
      -0.018372582271695137,
      -0.0326005220413208,
      0.01712508499622345,
      0.9993218183517456
    ],
    [
      0.8451752066612244,
      -0.45779305696487427,
      -0.2758699953556061,
      0.3666446805000305,
      0.872129499912262,
      -0.3239780068397522,
      0.3889092803001404,
      0.17267192900180817,
      0.9049496054649353
    ],
    [
      0.989548921585083,
      0.06446755677461624,
      0.12898439168930054,
      -0.06663384288549423,
      0.9976986050605774,
      0.012546084821224213,
      -0.12787874042987823,
      -0.021009689196944237,
      0.9915673136711121
    ],
    [
      0.9720849394798279,
      -0.14959965646266937,
      0.18075063824653625,
      0.019286485388875008,
      0.8187078833580017,
      0.5738862752914429,
      -0.2338351607322693,
      -0.5543801784515381,
      0.7987388372421265
    ],
    [
      0.8469599485397339,
      0.35309717059135437,
      0.39746853709220886,
      -0.4878421723842621,
      0.8133434057235718,
      0.3169897794723511,
      -0.2113502323627472,
      -0.462379515171051,
      0.8611249923706055
    ],
    [
      0.9763206243515015,
      -0.00984165444970131,
      -0.21610449254512787,
      -0.0020912697073072195,
      0.9984885454177856,
      -0.054920293390750885,
      0.21631836891174316,
      0.05407175049185753,
      0.9748243689537048
    ],
    [
      0.9779717922210693,
      0.1810600906610489,
      -0.1038680151104927,
      -0.17772072553634644,
      0.983241856098175,
      0.040628816932439804,
      0.10948364436626434,
      -0.02127433381974697,
      0.9937609434127808
    ],
    [
      0.8684177994728088,
      0.06393682211637497,
      0.4916935861110687,
      -0.20472154021263123,
      0.9494149684906006,
      0.23811835050582886,
      -0.4515967071056366,
      -0.3074464797973633,
      0.8375781178474426
    ],
    [
      0.9957227110862732,
      -0.08983100950717926,
      -0.021600352600216866,
      0.09237179160118103,
      0.9727476239204407,
      0.21267220377922058,
      0.0019071334972977638,
      -0.21375782787799835,
      0.9768847823143005
    ],
    [
      0.6420151591300964,
      0.7263309955596924,
      -0.2454787939786911,
      -0.7607820630073547,
      0.5638511776924133,
      -0.32137590646743774,
      -0.09501176327466965,
      0.3930840492248535,
      0.9145805835723877
    ],
    [
      0.8825106620788574,
      -0.002409883076325059,
      0.4702862501144409,
      -0.10155162960290909,
      0.9754189252853394,
      0.19556394219398499,
      -0.45919737219810486,
      -0.220345601439476,
      0.860572874546051
    ],
    [
      -0.3592795431613922,
      -0.32386061549186707,
      -0.8752328753471375,
      -0.08502836525440216,
      0.9453124403953552,
      -0.31488823890686035,
      0.9293484091758728,
      -0.03871328756213188,
      -0.36716875433921814
    ],
    [
      -0.48463311791419983,
      0.09707332402467728,
      0.8693143725395203,
      -0.33867359161376953,
      0.895484983921051,
      -0.28880244493484497,
      -0.8064929842948914,
      -0.4343770146369934,
      -0.40110552310943604
    ],
    [
      0.9831611514091492,
      -0.17723926901817322,
      0.04450059309601784,
      0.18125353753566742,
      0.9148046374320984,
      -0.3609427213668823,
      0.02326386608183384,
      0.3629307746887207,
      0.9315256476402283
    ],
    [
      0.9654490351676941,
      0.21928413212299347,
      -0.14079338312149048,
      -0.260152667760849,
      0.7796706557273865,
      -0.5695912837982178,
      -0.015129859559237957,
      0.5865390300750732,
      0.8097796440124512
    ],
    [
      0.9214434027671814,
      0.29178741574287415,
      -0.2565194070339203,
      -0.17205090820789337,
      0.8984535932540894,
      0.40395501255989075,
      0.3483397662639618,
      -0.32808730006217957,
      0.878076434135437
    ],
    [
      0.9455170631408691,
      -0.22606004774570465,
      0.23429527878761292,
      0.17479319870471954,
      0.9596017003059387,
      0.2204810529947281,
      -0.27467212080955505,
      -0.16751538217067719,
      0.9468335509300232
    ]
  ],
  "root_rot": [
    0.9296291470527649,
    0.027990689501166344,
    0.36743199825286865,
    0.13293662667274475,
    -0.9554407000541687,
    -0.2635543644428253,
    0.3436824381351471,
    0.2938529849052429,
    -0.8919265270233154
  ],
  "root_trans": [
    -0.10259367525577545,
    0.2841924726963043,
    2.1036183834075928
  ]
}