{
  "betas": [
    -0.7623372077941895,
    0.648780345916748,
    1.564616322517395,
    0.6788854598999023,
    0.3286897838115692,
    0.1605566143989563,
    -0.34624457359313965,
    0.5313774347305298,
    0.1909828782081604,
    0.8387026190757751
  ],
  "joints": [
    [
      0.9874991178512573,
      -0.1576213538646698,
      -0.000961732876021415,
      0.15596561133861542,
      0.9779723882675171,
      -0.13872532546520233,
      0.022806622087955475,
      0.13684114813804626,
      0.9903303980827332
    ],
    [
      0.9879137873649597,
      0.15484179556369781,
      0.007088709622621536,
      -0.14320001006126404,
      0.8942222595214844,
      0.4240993857383728,
      0.05932942032814026,
      -0.4199887812137604,
      0.9055878520011902
    ],
    [
      0.997657835483551,
      -0.06826132535934448,
      -0.004378781653940678,
      0.06769707798957825,
      0.9945210218429565,
      -0.07965585589408875,
      0.009792204946279526,
      0.07917286455631256,
      0.9968127608299255
    ],
    [
      0.9956700801849365,
      -0.0029358682222664356,
      -0.09291127324104309,
      -0.002331955125555396,
      0.998397707939148,
      -0.056538213044404984,
      0.09292839467525482,
      0.0565100722014904,
      0.994067907333374
    ],
    [
      0.9998795986175537,
      0.014972900971770287,
      0.004082592204213142,
      -0.012745914049446583,
      0.9423438906669617,
      -0.33440324664115906,
      -0.008854188956320286,
      0.33431094884872437,
      0.9424212574958801
    ],
    [
      0.9968676567077637,
      0.053589217364788055,
      -0.05816413089632988,
      -0.05388222634792328,
      0.9985411763191223,
      -0.003479859558865428,
      0.057892803102731705,
      0.0066029722802340984,
      0.9983009099960327
    ],
    [
      0.9983088374137878,
      0.011271803639829159,
      0.057030871510505676,
      -0.023191923275589943,
      0.9767964482307434,
      0.21291030943393707,
      -0.0533076748251915,
      -0.21387287974357605,
      0.9754059314727783
    ],
    [
      0.9083507657051086,
      -0.35961809754371643,
      -0.21348026394844055,
      0.3483555316925049,
      0.9330734014511108,
      -0.08956847339868546,
      0.231403186917305,
      0.006992565467953682,
      0.9728329181671143
    ],
    [
      0.995486855506897,
      0.05103720724582672,
      0.08000583201646805,
      -0.05009862408041954,
      0.998650312423706,
      -0.013696513138711452,
      -0.08059688657522202,
      0.009626518934965134,
      0.9967001676559448
    ],
    [
      0.9604196548461914,
      -0.25736474990844727,
      0.10657157748937607,
      0.15488755702972412,
      0.81138676404953,
      0.5636146664619446,
      -0.23152528703212738,
      -0.5247999429702759,
      0.8191344141960144
    ],
    [
      0.8940522074699402,
      0.2543420195579529,
      0.3687557280063629,
      -0.35148605704307556,
      0.9086376428604126,
      0.22546687722206116,
      -0.2777196168899536,
      -0.33119165897369385,
      0.9017671942710876
    ],
    [
      0.91732257604599,
      -0.05324229598045349,
      -0.39456889033317566,
      0.03338093310594559,
      0.9978138208389282,
      -0.05703648552298546,
      0.3967430889606476,
      0.039149776101112366,
      0.9170944094657898
    ],
    [
      0.9790316224098206,
      0.1893766075372696,
      0.07505737990140915,
      -0.1889132410287857,
      0.9819037914276123,
      -0.013291175477206707,
      -0.07621616870164871,
      -0.0011668511433526874,
      0.9970906376838684
    ],
    [
      0.8918124437332153,
      -0.024410903453826904,
      0.45174622535705566,
      -0.05852844938635826,
      0.9839261770248413,
      0.1687118262052536,
      -0.4486033320426941,
      -0.17689931392669678,
      0.8760488629341125
    ],
    [
      0.9945940971374512,
      0.007024887017905712,
      -0.10360182076692581,
      -0.0025673515629023314,
      0.9990676045417786,
      0.04309643432497978,
      0.1038079708814621,
      -0.04259747266769409,
      0.9936847686767578
    ],
    [
      0.6259232759475708,
      0.7636477947235107,
      -0.1583101898431778,
      -0.7309894561767578,
      0.5037213563919067,
      -0.46034684777259827,
      -0.27179861068725586,
      0.40386486053466797,
      0.873509407043457
    ],
    [
      0.85169917345047,
      -0.12343929708003998,
      0.5092849731445312,
      0.0180574469268322,
      0.9781965613365173,
      0.20689469575881958,
      -0.5237197279930115,
      -0.1670156568288803,
      0.835358202457428
    ],
    [
      -0.39058345556259155,
      -0.26876381039619446,
      -0.8804604411125183,
      -0.03911241888999939,
      0.9604135155677795,
      -0.27581900358200073,
      0.9197362661361694,
      -0.07329341024160385,
      -0.3856336176395416
    ],
    [
      -0.5860111117362976,
      0.0361248254776001,
      0.8094972968101501,
      -0.1856095790863037,
      0.9664596319198608,
      -0.17749588191509247,
      -0.7887585163116455,
      -0.2542650103569031,
      -0.5596509575843811
    ],
    [
      0.9696733951568604,
      -0.2444038689136505,
      -0.0005858071381226182,
      0.22750969231128693,
      0.9035160541534424,
      -0.3631778061389923,
      0.08929134905338287,
      0.35203054547309875,
      0.9317197203636169
    ],
    [
      0.9435102939605713,
      0.32338476181030273,
      0.07218466699123383,
      -0.26190921664237976,
      0.8613242506980896,
      -0.435343474149704,
      -0.2029578685760498,
      0.3918452262878418,
      0.8973657488822937
    ],
    [
      0.8185755014419556,
      0.365002304315567,
      -0.4435170888900757,
      -0.19835522770881653,
      0.9042678475379944,
      0.3780938386917114,
      0.5390633344650269,
      -0.2215244472026825,
      0.8126116394996643
    ],
    [
      0.9285797476768494,
      -0.2907358705997467,
      0.23067784309387207,
      0.15458494424819946,
      0.8680561184883118,
      0.4717859923839569,
      -0.3374064266681671,
      -0.4024316072463989,
      0.8510026931762695
    ]
  ],
  "root_rot": [
    0.7666338086128235,
    0.008297265507280827,
    -0.6420308351516724,
    0.029982296749949455,
    -0.9992883205413818,
    0.02288687601685524,
    -0.6413840651512146,
    -0.03679541498422623,
    -0.766336977481842
  ],
  "root_trans": [
    -0.6251948475837708,
    0.5321979522705078,
    2.464315176010132
  ]
}