{
  "betas": [
    -1.070178747177124,
    0.40205052495002747,
    1.6544333696365356,
    0.7159691452980042,
    0.27640360593795776,
    -0.10070758312940598,
    0.13864178955554962,
    0.40002793073654175,
    -0.08829405903816223,
    1.2715411186218262
  ],
  "joints": [
    [
      0.9914018511772156,
      -0.13018810749053955,
      -0.013171767815947533,
      0.12621387839317322,
      0.9779635071754456,
      -0.16630518436431885,
      0.034532465040683746,
      0.16321280598640442,
      0.9859863519668579
    ],
    [
      0.9901729226112366,
      0.10390162467956543,
      -0.09360544383525848,
      -0.0704251229763031,
      0.948735773563385,
      0.30812451243400574,
      0.12082146853208542,
      -0.29850438237190247,
      0.9467297792434692
    ],
    [
      0.9996379613876343,
      -0.02679506130516529,
      -0.002429631073027849,
      0.02654958888888359,
      0.9970324635505676,
      -0.07225941866636276,
      0.004358616191893816,
      0.0721687600016594,
      0.9973828792572021
    ],
    [
      0.9921387434005737,
      -0.003518416779115796,
      -0.12509293854236603,
      -0.017620030790567398,
      0.9857192039489746,
      -0.1674729436635971,
      0.12389574199914932,
      0.16836054623126984,
      0.977908194065094
    ],
    [
      0.9993305206298828,
      -0.002735420363023877,
      -0.03648243844509125,
      -0.007268350105732679,
      0.9624783992767334,
      -0.2712610065937042,
      0.03585556894540787,
      0.2713445723056793,
      0.9618141651153564
    ],
    [
      0.9961032271385193,
      0.002299320651218295,
      -0.08816462010145187,
      0.001279120915569365,
      0.9991782903671265,
      0.04051011800765991,
      0.08818532526493073,
      -0.040465034544467926,
      0.9952817559242249
    ],
    [
      0.9957236647605896,
      0.0897502675652504,
      -0.021896550431847572,
      -0.089303158223629,
      0.9957911372184753,
      0.020611373707652092,
      0.02365427277982235,
      -0.018567798659205437,
      0.9995477795600891
    ],
    [
      0.9189857840538025,
      -0.28027045726776123,
      -0.2773328721523285,
      0.32131749391555786,
      0.939988374710083,
      0.11479073017835617,
      0.22851723432540894,
      -0.19460296630859375,
      0.9538917541503906
    ],
    [
      0.9969927668571472,
      0.04110449552536011,
      0.06569477170705795,
      -0.037536997348070145,
      0.9977999925613403,
      -0.054645899683237076,
      -0.06779643148183823,
      0.05201558396220207,
      0.9963423013687134
    ],
    [
      0.9407943487167358,
      -0.32314592599868774,
      0.10238475352525711,
      0.15836532413959503,
      0.6860484480857849,
      0.7101112008094788,
      -0.2997104525566101,
      -0.6518544554710388,
      0.6966056227684021
    ],
    [
      0.8734167814254761,
      0.3734777569770813,
      0.3125019073486328,
      -0.4501541554927826,
      0.8639904260635376,
      0.22556966543197632,
      -0.18575343489646912,
      -0.3376903533935547,
      0.9227463006973267
    ],
    [
      0.9485223889350891,
      -0.0947854220867157,
      -0.30219370126724243,
      0.043468207120895386,
      0.9840968251228333,
      -0.17223215103149414,
      0.3137129545211792,
      0.15023022890090942,
      0.9375579953193665
    ],
    [
      0.9980407357215881,
      0.007256124634295702,
      0.06214537099003792,
      -0.006705344654619694,
      0.9999364018440247,
      -0.009066875092685223,
      -0.062207210808992386,
      0.00863240472972393,
      0.9980258941650391
    ],
    [
      0.9386599659919739,
      0.0404169075191021,
      0.34246742725372314,
      -0.12735767662525177,
      0.963528037071228,
      0.2353588491678238,
      -0.32046446204185486,
      -0.2645377814769745,
      0.9095726013183594
    ],
    [
      0.9800792932510376,
      -0.01912469044327736,
      -0.19768370687961578,
      0.060861434787511826,
      0.976386547088623,
      0.20728029310703278,
      0.189051553606987,
      -0.21518243849277496,
      0.9581001996994019
    ],
    [
      0.4839259684085846,
      0.8244308829307556,
      -0.29347819089889526,
      -0.8570989370346069,
      0.37883132696151733,
      -0.349096417427063,
      -0.17662711441516876,
      0.42047661542892456,
      0.8899451494216919
    ],
    [
      0.6276718974113464,
      -0.582346498966217,
      0.5166241526603699,
      0.5142470598220825,
      0.8083919882774353,
      0.28644782304763794,
      -0.5844467282295227,
      0.0858771875500679,
      0.8068749308586121
    ],
    [
      -0.46690627932548523,
      -0.3659340739250183,
      -0.8050408959388733,
      -0.11573079973459244,
      0.9278197288513184,
      -0.3546222746372223,
      0.8767011761665344,
      -0.07240735739469528,
      -0.4755547046661377
    ],
    [
      -0.6077092289924622,
      0.31835004687309265,
      0.727559506893158,
      -0.1293230652809143,
      0.8642390966415405,
      -0.4861752390861511,
      -0.783559262752533,
      -0.3895433843135834,
      -0.48403605818748474
    ],
    [
      0.962949812412262,
      -0.2681618928909302,
      0.02858225628733635,
      0.24750208854675293,
      0.8366876840591431,
      -0.48856574296951294,
      0.10710029304027557,
      0.47753840684890747,
      0.8720588684082031
    ],
    [
      0.968036949634552,
      0.24848783016204834,
      -0.03403462842106819,
      -0.24471306800842285,
      0.9060426950454712,
      -0.3452567458152771,
      -0.05495527759194374,
      0.34254997968673706,
      0.9378910064697266
    ],
    [
      0.8440451622009277,
      0.3164813220500946,
      -0.4329286515712738,
      -0.18090836703777313,
      0.9280065894126892,
      0.3256930410861969,
      0.50483638048172,
      -0.196579247713089,
      0.8405336141586304
    ],
    [
      0.8970460295677185,
      -0.36448800563812256,
      0.24991348385810852,
      0.2647707760334015,
      0.8960205316543579,
      0.3564317524433136,
      -0.35384270548820496,
      -0.2535659670829773,
      0.9002774357795715
    ]
  ],
  "root_rot": [
    0.7851062417030334,
    0.02879718877375126,
    0.6186912059783936,
    -0.11777154356241226,
    -0.9737521409988403,
    0.19477325677871704,
    0.6080607771873474,
    -0.22578194737434387,
    -0.7611073851585388
  ],
  "root_trans": [
    -0.016119858250021935,
    0.6735327243804932,
    2.174203634262085
  ]
}