{
  "betas": [
    -0.9969205260276794,
    0.6324836015701294,
    1.9163049459457397,
    0.6131429672241211,
    0.5695669651031494,
    -0.0789925679564476,
    0.07543367147445679,
    0.6180198788642883,
    0.2163061946630478,
    1.3421525955200195
  ],
  "joints": [
    [
      0.9915802478790283,
      -0.10328960418701172,
      -0.07810143381357193,
      0.10176286846399307,
      0.9945359826087952,
      -0.023292286321520805,
      0.0800805389881134,
      0.0151483453810215,
      0.9966732859611511
    ],
    [
      0.9833899140357971,
      0.17975008487701416,
      -0.025182386860251427,
      -0.14808645844459534,
      0.8747909069061279,
      0.4613147974014282,
      0.10495069622993469,
      -0.44992315769195557,
      0.8868790864944458
    ],
    [
      0.9989760518074036,
      -0.04375169426202774,
      -0.011516362428665161,
      0.04270584508776665,
      0.9959434866905212,
      -0.07920028269290924,
      0.014934794045984745,
      0.07862737029790878,
      0.9967921376228333
    ],
    [
      0.9965083003044128,
      0.018488483503460884,
      -0.08142102509737015,
      -0.03890836983919144,
      0.9656476378440857,
      -0.256925493478775,
      0.0738738626241684,
      0.25919634103775024,
      0.9629952311515808
    ],
    [
      0.9994038939476013,
      0.019871165975928307,
      -0.028229601681232452,
      -0.02724316343665123,
      0.9562166929244995,
      -0.29138877987861633,
      0.021203381940722466,
      0.2919841706752777,
      0.9561880230903625
    ],
    [
      0.9981227517127991,
      0.03296709805727005,
      -0.05161537230014801,
      -0.031284939497709274,
      0.9989634156227112,
      0.03306577727198601,
      0.05265195295214653,
      -0.03138892352581024,
      0.9981194734573364
    ],
    [
      0.9992949962615967,
      0.02321716584265232,
      0.029504932463169098,
      -0.027472004294395447,
      0.9878236651420593,
      0.1531328707933426,
      -0.025590360164642334,
      -0.1538354605436325,
      0.9877650737762451
    ],
    [
      0.9396308660507202,
      -0.29824018478393555,
      -0.1677696406841278,
      0.27608197927474976,
      0.9503996968269348,
      -0.14324530959129333,
      0.20216970145702362,
      0.08827953040599823,
      0.9753636121749878
    ],
    [
      0.9973250031471252,
      0.03721199184656143,
      0.06291370838880539,
      -0.03608141839504242,
      0.9991679787635803,
      -0.019012287259101868,
      -0.0635688528418541,
      0.016691412776708603,
      0.9978378415107727
    ],
    [
      0.985478937625885,
      -0.1274467557668686,
      0.11219888180494308,
      0.06340174376964569,
      0.8891805410385132,
      0.45314258337020874,
      -0.15751661360263824,
      -0.43944886326789856,
      0.8843490481376648
    ],
    [
      0.9596795439720154,
      0.2581486105918884,
      0.11124095320701599,
      -0.25560054183006287,
      0.9660804867744446,
      -0.036836422979831696,
      -0.11697697639465332,
      0.006917912047356367,
      0.9931105971336365
    ],
    [
      0.9441697597503662,
      -0.053162913769483566,
      -0.3251417577266693,
      0.058725755661726,
      0.9982473254203796,
      0.007311701308935881,
      0.3241831958293915,
      -0.02599768154323101,
      0.9456369876861572
    ],
    [
      0.9601624011993408,
      0.2583330571651459,
      0.1065467894077301,
      -0.2565126419067383,
      0.9660535454750061,
      -0.030688762664794922,
      -0.11085782945156097,
      0.0021355976350605488,
      0.9938339591026306
    ],
    [
      0.9102809429168701,
      0.02541213668882847,
      0.4132104814052582,
      -0.11916372179985046,
      0.9719555974006653,
      0.20273685455322266,
      -0.396470308303833,
      -0.2337871789932251,
      0.8877808451652527
    ],
    [
      0.9903224110603333,
      -0.06025515869259834,
      -0.12502418458461761,
      0.07456453889608383,
      0.990778923034668,
      0.1131252869963646,
      0.11705493927001953,
      -0.12135285884141922,
      0.9856834411621094
    ],
    [
      0.7221509218215942,
      0.670138955116272,
      -0.1714988797903061,
      -0.662826418876648,
      0.5994419455528259,
      -0.4486987888813019,
      -0.1978868991136551,
      0.4377022087574005,
      0.877073347568512
    ],
    [
      0.8353667259216309,
      -0.1283596009016037,
      0.5344961881637573,
      -0.03127880021929741,
      0.9596787691116333,
      0.2793532609939575,
      -0.548802375793457,
      -0.25008082389831543,
      0.7976687550544739
    ],
    [
      -0.28767719864845276,
      -0.28864356875419617,
      -0.9131960272789001,
      -0.09709099680185318,
      0.9573801159858704,
      -0.2720234990119934,
      0.9527934193611145,
      0.010408146306872368,
      -0.3034411072731018
    ],
    [
      -0.4241814613342285,
      0.02892196550965309,
      0.9051152467727661,
      -0.13927866518497467,
      0.985514223575592,
      -0.09676385670900345,
      -0.8948025107383728,
      -0.1671086847782135,
      -0.41400864720344543
    ],
    [
      0.9610654711723328,
      -0.2570632994174957,
      -0.10134942829608917,
      0.22854939103126526,
      0.9456554055213928,
      -0.23130272328853607,
      0.15530109405517578,
      0.19913369417190552,
      0.9675884246826172
    ],
    [
      0.8931307792663574,
      0.35693061351776123,
      0.273711234331131,
      -0.284150630235672,
      0.9194468259811401,
      -0.27180126309394836,
      -0.3486771285533905,
      0.16497889161109924,
      0.9226083159446716
    ],
    [
      0.9826990962028503,
      0.0898536741733551,
      -0.16195322573184967,
      -0.08983012288808823,
      0.9959290027618408,
      0.007482979446649551,
      0.16196627914905548,
      0.007194761652499437,
      0.9867700934410095
    ],
    [
      0.9742807745933533,
      -0.1341811865568161,
      0.18103137612342834,
      0.10575701296329498,
      0.9816848039627075,
      0.15846215188503265,
      -0.19897842407226562,
      -0.13524129986763,
      0.9706272482872009
    ]
  ],
  "root_rot": [
    -0.9964926838874817,
    -0.06667384505271912,
    0.05056535080075264,
    0.03339628502726555,
    -0.8709403872489929,
    -0.4902524948120117,
    0.07672642916440964,
    -0.48684436082839966,
    0.8701123595237732
  ],
  "root_trans": [
    0.40683817863464355,
    0.19460566341876984,
    3.4891319274902344
  ]
}