{
  "betas": [
    -0.6774352192878723,
    0.966471791267395,
    1.518638253211975,
    0.40179702639579773,
    0.42655739188194275,
    -0.10547400265932083,
    0.1790718287229538,
    0.5584070682525635,
    0.352845162153244,
    1.1505159139633179
  ],
  "joints": [
    [
      0.9948018789291382,
      -0.0642821192741394,
      -0.07897446304559708,
      0.0563075952231884,
      0.9934574365615845,
      -0.09935680031776428,
      0.08484463393688202,
      0.09439346939325333,
      0.9919129014015198
    ],
    [
      0.9781174063682556,
      0.20731887221336365,
      -0.017471304163336754,
      -0.17392799258232117,
      0.860877275466919,
      0.4781625270843506,
      0.11417277157306671,
      -0.4646603465080261,
      0.8780975937843323
    ],
    [
      0.9989050626754761,
      -0.04372504726052284,
      -0.016636548563838005,
      0.041711341589689255,
      0.9934341907501221,
      -0.10652981698513031,
      0.021185338497161865,
      0.10571924597024918,
      0.9941702485084534
    ],
    [
      0.9988071918487549,
      0.007823399268090725,
      -0.048196930438280106,
      -0.018710676580667496,
      0.9730575680732727,
      -0.22980177402496338,
      0.045100558549165726,
      0.23042947053909302,
      0.9720432758331299
    ],
    [
      0.9991180300712585,
      0.013544894754886627,
      -0.03974601998925209,
      -0.02547752484679222,
      0.9479513764381409,
      -0.31739404797554016,
      0.033378228545188904,
      0.31812673807144165,
      0.947460412979126
    ],
    [
      0.9979893565177917,
      0.057029563933610916,
      -0.027655987069010735,
      -0.05564478412270546,
      0.9972724318504333,
      0.04849188029766083,
      0.030346019193530083,
      -0.046855468302965164,
      0.998440682888031
    ],
    [
      0.9986822009086609,
      0.02946621924638748,
      0.04201924800872803,
      -0.03751705586910248,
      0.9778406620025635,
      0.20596149563789368,
      -0.035019222646951675,
      -0.20726652443408966,
      0.9776575565338135
    ],
    [
      0.9421714544296265,
      -0.31809648871421814,
      -0.10548744350671768,
      0.2985142469406128,
      0.9396357536315918,
      -0.1672540307044983,
      0.1523226946592331,
      0.12609246373176575,
      0.9802542924880981
    ],
    [
      0.9938816428184509,
      0.05373265966773033,
      0.09649904817342758,
      -0.051052793860435486,
      0.9982444047927856,
      -0.03003021515905857,
      -0.09794323146343231,
      0.024919932708144188,
      0.9948800206184387
    ],
    [
      0.9725977778434753,
      -0.22575750946998596,
      0.05556178092956543,
      0.1688469797372818,
      0.8501594662666321,
      0.49871793389320374,
      -0.15982568264007568,
      -0.4756705164909363,
      0.8649817109107971
    ],
    [
      0.925464391708374,
      0.3538671135902405,
      0.13525442779064178,
      -0.3564620316028595,
      0.9342945218086243,
      -0.005347249563783407,
      -0.12825968861579895,
      -0.043264374136924744,
      0.9907965064048767
    ],
    [
      0.9344377517700195,
      -0.08043468743562698,
      -0.3469240963459015,
      0.05647065490484238,
      0.9953009486198425,
      -0.07865814119577408,
      0.35162070393562317,
      0.05391010269522667,
      0.9345889687538147
    ],
    [
      0.9625564217567444,
      0.23789334297180176,
      0.12996895611286163,
      -0.2425295114517212,
      0.9699198007583618,
      0.02085796557366848,
      -0.12109749019145966,
      -0.05159827694296837,
      0.9912986755371094
    ],
    [
      0.9354116916656494,
      0.02227805368602276,
      0.35285767912864685,
      -0.11040981858968735,
      0.9665083289146423,
      0.23167042434215546,
      -0.33587878942489624,
      -0.25566619634628296,
      0.9065428972244263
    ],
    [
      0.9904744029045105,
      -0.01650777831673622,
      -0.13670411705970764,
      0.05111153423786163,
      0.9659366607666016,
      0.25368064641952515,
      0.12785983085632324,
      -0.2582513391971588,
      0.9575792551040649
    ],
    [
      0.636989176273346,
      0.7156122922897339,
      -0.28660738468170166,
      -0.7603493332862854,
      0.5220301151275635,
      -0.3864627778530121,
      -0.1269398331642151,
      0.4640943109989166,
      0.8766428232192993
    ],
    [
      0.7687892913818359,
      -0.33932405710220337,
      0.5420536398887634,
      0.16089555621147156,
      0.9229843616485596,
      0.3495889902114868,
      -0.618930995464325,
      -0.18154625594615936,
      0.7641762495040894
    ],
    [
      -0.1943242996931076,
      -0.291378915309906,
      -0.9366623163223267,
      -0.09931997954845428,
      0.9558019638061523,
      -0.2767275273799896,
      0.9758962988853455,
      0.03925439715385437,
      -0.21467529237270355
    ],
    [
      -0.33176589012145996,
      0.1672130823135376,
      0.9284240007400513,
      -0.3386438488960266,
      0.8974577784538269,
      -0.282647967338562,
      -0.8804838061332703,
      -0.40817803144454956,
      -0.24112018942832947
    ],
    [
      0.9681978225708008,
      -0.23941616714000702,
      -0.07261496782302856,
      0.21631328761577606,
      0.9469090700149536,
      -0.23784811794757843,
      0.12570446729660034,
      0.21457643806934357,
      0.9685841798782349
    ],
    [
      0.8589575886726379,
      0.5005214810371399,
      0.1080278754234314,
      -0.4669021964073181,
      0.8522151112556458,
      -0.236075758934021,
      -0.2102239727973938,
      0.15234063565731049,
      0.965711236000061
    ],
    [
      0.9135037660598755,
      0.2967609763145447,
      -0.2782873511314392,
      -0.2021363526582718,
      0.9247118234634399,
      0.32256612181663513,
      0.35306063294410706,
      -0.23841336369514465,
      0.9047139286994934
    ],
    [
      0.9425248503684998,
      -0.24541519582271576,
      0.22675587236881256,
      0.18939577043056488,
      0.9514755606651306,
      0.24253541231155396,
      -0.2752745747566223,
      -0.1856490522623062,
      0.9432699680328369
    ]
  ],
  "root_rot": [
    -0.8117449283599854,
    -0.002277923282235861,
    -0.584007740020752,
    0.173225998878479,
    -0.9559294581413269,
    -0.23704789578914642,
    -0.5577301979064941,
    -0.29358774423599243,
    0.7763654589653015
  ],
  "root_trans": [
    -0.034187622368335724,
    0.33481454849243164,
    3.368870973587036
  ]
}