{
  "betas": [
    -0.5748710036277771,
    0.7205148339271545,
    1.5629562139511108,
    0.6026703119277954,
    0.302950382232666,
    0.12969574332237244,
    -0.14455437660217285,
    0.4508607089519501,
    0.18849894404411316,
    0.8455469608306885
  ],
  "joints": [
    [
      0.9817764163017273,
      -0.18872448801994324,
      -0.022320490330457687,
      0.1842951774597168,
      0.9741686582565308,
      -0.13050179183483124,
      0.04637280851602554,
      0.12401001155376434,
      0.9911968111991882
    ],
    [
      0.9908421039581299,
      0.13482823967933655,
      -0.007289200555533171,
      -0.11857085675001144,
      0.8946548104286194,
      0.4307363033294678,
      0.0645967349410057,
      -0.42592743039131165,
      0.9024483561515808
    ],
    [
      0.9976076483726501,
      -0.06899634003639221,
      0.004297985229641199,
      0.069036103785038,
      0.9910836815834045,
      -0.11396094411611557,
      0.0036032241769135,
      0.11398502439260483,
      0.9934759140014648
    ],
    [
      0.9943569302558899,
      -0.028316373005509377,
      -0.10223716497421265,
      0.013819494284689426,
      0.9900816082954407,
      -0.13981220126152039,
      0.10518211126327515,
      0.13761037588119507,
      0.9848858118057251
    ],
    [
      0.9996435642242432,
      0.01177157275378704,
      -0.023960178717970848,
      -0.019185656681656837,
      0.9408814907073975,
      -0.3381921350955963,
      0.01856262795627117,
      0.3385313153266907,
      0.9407719969749451
    ],
    [
      0.9954670667648315,
      0.08505389839410782,
      -0.04255613684654236,
      -0.08449012041091919,
      0.996313214302063,
      0.014878456480801105,
      0.04366471245884895,
      -0.01121544186025858,
      0.9989832043647766
    ],
    [
      0.9980605244636536,
      0.04999533295631409,
      0.03709038719534874,
      -0.05706118419766426,
      0.972908616065979,
      0.22403740882873535,
      -0.02488473616540432,
      -0.22571931779384613,
      0.9738744497299194
    ],
    [
      0.9284235835075378,
      -0.3211400508880615,
      -0.18681204319000244,
      0.31321707367897034,
      0.9470004439353943,
      -0.07131065428256989,
      0.19981180131435394,
      0.007693777792155743,
      0.9798040986061096
    ],
    [
      0.9918756484985352,
      0.06520525366067886,
      0.1092287078499794,
      -0.06231999024748802,
      0.9976164102554321,
      -0.02962726354598999,
      -0.11090019345283508,
      0.022579431533813477,
      0.9935750365257263
    ],
    [
      0.9408718943595886,
      -0.33528706431388855,
      0.04840123653411865,
      0.2517252564430237,
      0.7875779271125793,
      0.5624547600746155,
      -0.22670356929302216,
      -0.5170140266418457,
      0.8254101872444153
    ],
    [
      0.9112879633903503,
      0.2338874787092209,
      0.3388967514038086,
      -0.2720094323158264,
      0.9598163962364197,
      0.0690176784992218,
      -0.3091362714767456,
      -0.15507806837558746,
      0.9382887482643127
    ],
    [
      0.9145328998565674,
      -0.048149678856134415,
      -0.40163561701774597,
      0.03586495295166969,
      0.9986318349838257,
      -0.038054704666137695,
      0.40291842818260193,
      0.02039763703942299,
      0.915008544921875
    ],
    [
      0.9695785641670227,
      0.22261923551559448,
      0.10177458822727203,
      -0.2246508151292801,
      0.9743995070457458,
      0.008809179998934269,
      -0.09720801562070847,
      -0.03140493854880333,
      0.9947684407234192
    ],
    [
      0.8702785968780518,
      -0.02648182213306427,
      0.4918473958969116,
      -0.06422185897827148,
      0.9839290380477905,
      0.1666109263896942,
      -0.4883550703525543,
      -0.17658527195453644,
      0.8545916676521301
    ],
    [
      0.9964089393615723,
      0.0567283108830452,
      -0.06285873800516129,
      -0.049192722886800766,
      0.9920831918716431,
      0.11554691195487976,
      0.06891587376594543,
      -0.11203976720571518,
      0.9913111925125122
    ],
    [
      0.6480425596237183,
      0.738231897354126,
      -0.18722867965698242,
      -0.7181735038757324,
      0.5105049014091492,
      -0.4728758931159973,
      -0.25351089239120483,
      0.4409063160419464,
      0.8610075116157532
    ],
    [
      0.8183971047401428,
      -0.14057549834251404,
      0.5571936368942261,
      0.022689417004585266,
      0.9767659306526184,
      0.21310441195964813,
      -0.5742050409317017,
      -0.16176162660121918,
      0.8025720119476318
    ],
    [
      -0.3973512351512909,
      -0.26932352781295776,
      -0.8772552609443665,
      -0.11109143495559692,
      0.9630498290061951,
      -0.24534432590007782,
      0.9109174013137817,
      -3.231304799555801e-05,
      -0.41258856654167175
    ],
    [
      -0.5290452241897583,
      0.05791901424527168,
      0.84661465883255,
      -0.20062077045440674,
      0.960849404335022,
      -0.19110098481178284,
      -0.8245376944541931,
      -0.2709495723247528,
      -0.4967130422592163
    ],
    [
      0.9720931649208069,
      -0.2343406230211258,
      0.010918582789599895,
      0.22635389864444733,
      0.9247010350227356,
      -0.3060912489891052,
      0.061633192002773285,
      0.3000207245349884,
      0.9519394636154175
    ],
    [
      0.9468456506729126,
      0.3158757984638214,
      0.06087549775838852,
      -0.26490166783332825,
      0.8729788064956665,
      -0.4095548987388611,
      -0.18251147866249084,
      0.3716592490673065,
      0.9102522134780884
    ],
    [
      0.8599945306777954,
      0.34590837359428406,
      -0.3751755952835083,
      -0.13177542388439178,
      0.8607999682426453,
      0.4915877878665924,
      0.4929955303668976,
      -0.373323917388916,
      0.7858654856681824
    ],
    [
      0.9430972933769226,
      -0.22625021636486053,
      0.24367675185203552,
      0.1235005185008049,
      0.9187394380569458,
      0.37505412101745605,
      -0.30873146653175354,
      -0.3236183226108551,
      0.8944026827812195
    ]
  ],
  "root_rot": [
    0.3460741639137268,
    0.018393652513623238,
    -0.9380266666412354,
    0.0679032951593399,
    -0.9976767897605896,
    0.005488816648721695,
    -0.9357465505599976,
    -0.06559465080499649,
    -0.3465191423892975
  ],
  "root_trans": [
    -0.6589270830154419,
    0.5088964700698853,
    2.6050596237182617
  ]
}