{
  "betas": [
    -0.43535327911376953,
    1.0718724727630615,
    1.6289689540863037,
    0.49826711416244507,
    -0.011823832988739014,
    0.038542490452528,
    0.11710509657859802,
    0.48044532537460327,
    0.05527840554714203,
    1.021214485168457
  ],
  "joints": [
    [
      0.9949326515197754,
      -0.10050664097070694,
      0.0027191294357180595,
      0.0999118983745575,
      0.9852954745292664,
      -0.1386021077632904,
      0.011251285672187805,
      0.13817143440246582,
      0.9903444647789001
    ],
    [
      0.9590039849281311,
      0.27783820033073425,
      -0.0558326318860054,
      -0.23932816088199615,
      0.8995251059532166,
      0.3654812276363373,
      0.15176750719547272,
      -0.3371356427669525,
      0.9291426539421082
    ],
    [
      0.9991283416748047,
      -0.026106329634785652,
      -0.0325731597840786,
      0.023170437663793564,
      0.9958981275558472,
      -0.08746477216482162,
      0.03472293168306351,
      0.08663379400968552,
      0.995634913444519
    ],
    [
      0.9985778331756592,
      0.0198184996843338,
      -0.049493491649627686,
      -0.02624152973294258,
      0.9908086061477661,
      -0.13270166516304016,
      0.046408627182245255,
      0.13381171226501465,
      0.9899196028709412
    ],
    [
      0.9997256994247437,
      0.023209616541862488,
      0.003128752112388611,
      -0.020921915769577026,
      0.9451336860656738,
      -0.32601314783096313,
      -0.010523729957640171,
      0.3258582651615143,
      0.945360004901886
    ],
    [
      0.9956233501434326,
      0.024849439039826393,
      -0.09009257704019547,
      -0.022832734510302544,
      0.9994666576385498,
      0.023346900939941406,
      0.09062468260526657,
      -0.021187659353017807,
      0.9956597089767456
    ],
    [
      0.9890381693840027,
      0.09317714720964432,
      0.11454906314611435,
      -0.10129017382860184,
      0.9925872683525085,
      0.06716247648000717,
      -0.10744193196296692,
      -0.07802894711494446,
      0.991144597530365
    ],
    [
      0.9007800817489624,
      -0.42432013154029846,
      -0.09245330840349197,
      0.40270963311195374,
      0.8958390951156616,
      -0.1878756284713745,
      0.1625427007675171,
      0.1320028007030487,
      0.9778318405151367
    ],
    [
      0.9953485131263733,
      0.04987213760614395,
      0.08242665976285934,
      -0.046862900257110596,
      0.9981763958930969,
      -0.03804931044578552,
      -0.08417394012212753,
      0.03400957211852074,
      0.9958705306053162
    ],
    [
      0.9591389298439026,
      -0.2614825665950775,
      0.1080717146396637,
      0.14168989658355713,
      0.7745211124420166,
      0.6164746284484863,
      -0.24490119516849518,
      -0.5759720802307129,
      0.7799227833747864
    ],
    [
      0.8506547808647156,
      0.5148704648017883,
      0.10627717524766922,
      -0.5253344774246216,
      0.84026038646698,
      0.13411259651184082,
      -0.02024988643825054,
      -0.1699146032333374,
      0.98525071144104
    ],
    [
      0.9346170425415039,
      -0.16357839107513428,
      -0.31580546498298645,
      0.10904914885759354,
      0.976985514163971,
      -0.1833234280347824,
      0.3385251462459564,
      0.13689889013767242,
      0.9309453964233398
    ],
    [
      0.9974039793014526,
      0.0178476981818676,
      0.0697629302740097,
      -0.02591024339199066,
      0.9928604960441589,
      0.11643293499946594,
      -0.06718680262565613,
      -0.11793822795152664,
      0.9907454252243042
    ],
    [
      0.946852445602417,
      0.06570646166801453,
      0.3148858845233917,
      -0.15100157260894775,
      0.9551445841789246,
      0.254749596118927,
      -0.28402283787727356,
      -0.2887585461139679,
      0.9143027663230896
    ],
    [
      0.981062650680542,
      -0.0858558788895607,
      -0.17362268269062042,
      0.11502905935049057,
      0.9794548749923706,
      0.16563934087753296,
      0.15583448112010956,
      -0.18247422575950623,
      0.9707825183868408
    ],
    [
      0.5647165775299072,
      0.7357112765312195,
      -0.3739306926727295,
      -0.81474369764328,
      0.4248075783252716,
      -0.39462795853614807,
      -0.13148362934589386,
      0.5275105834007263,
      0.8393120169639587
    ],
    [
      0.8864496946334839,
      -0.22498995065689087,
      0.4044581353664398,
      0.1512020230293274,
      0.9667202830314636,
      0.2063731700181961,
      -0.4374297559261322,
      -0.12178453803062439,
      0.890967845916748
    ],
    [
      -0.29896998405456543,
      -0.38802415132522583,
      -0.8718109726905823,
      -0.26502057909965515,
      0.9114189147949219,
      -0.31476935744285583,
      0.9167230129241943,
      0.13694123923778534,
      -0.37532129883766174
    ],
    [
      -0.4863320291042328,
      0.10933534801006317,
      0.8669065237045288,
      -0.042261987924575806,
      0.9880357980728149,
      -0.14832118153572083,
      -0.8727514743804932,
      -0.10877053439617157,
      -0.47589272260665894
    ],
    [
      0.9820407629013062,
      -0.17344552278518677,
      0.07424720376729965,
      0.18859180808067322,
      0.8911718130111694,
      -0.41260865330696106,
      0.005398122128099203,
      0.41920092701911926,
      0.9078774452209473
    ],
    [
      0.9673424363136292,
      0.21203580498695374,
      0.13888652622699738,
      -0.1493876576423645,
      0.9195725917816162,
      -0.36341387033462524,
      -0.2047729790210724,
      0.3307977020740509,
      0.921217143535614
    ],
    [
      0.8008229732513428,
      0.5242354273796082,
      -0.28958556056022644,
      -0.3480326235294342,
      0.8008588552474976,
      0.48733821511268616,
      0.48739710450172424,
      -0.28948643803596497,
      0.8237971663475037
    ],
    [
      0.8926064372062683,
      -0.3493078947067261,
      0.2850223779678345,
      0.22744354605674744,
      0.8947603106498718,
      0.3842829465866089,
      -0.38925978541374207,
      -0.2781869173049927,
      0.8781166672706604
    ]
  ],
  "root_rot": [
    -0.6167992949485779,
    -0.05574006959795952,
    0.7851443290710449,
    0.12360261380672455,
    -0.9919731616973877,
    0.026677070185542107,
    0.7773551344871521,
    0.11350029706954956,
    0.6187379360198975
  ],
  "root_trans": [
    0.6110114455223083,
    0.6564854383468628,
    2.427809000015259
  ]
}