{
  "betas": [
    -0.7943326830863953,
    0.9276180267333984,
    1.5611097812652588,
    0.3799031972885132,
    0.4938942492008209,
    -0.2859635055065155,
    0.2569754123687744,
    0.5370029807090759,
    0.27098190784454346,
    1.1740765571594238
  ],
  "joints": [
    [
      0.9954765439033508,
      -0.06260184943675995,
      -0.07146640121936798,
      0.05502293258905411,
      0.99310702085495,
      -0.10349326580762863,
      0.0774526596069336,
      0.09909282624721527,
      0.9920592904090881
    ],
    [
      0.9759014248847961,
      0.2110929638147354,
      -0.05528164654970169,
      -0.15447725355625153,
      0.8472573161125183,
      0.5082241892814636,
      0.1541203260421753,
      -0.48743700981140137,
      0.8594486713409424
    ],
    [
      0.9987802505493164,
      -0.045757193118333817,
      0.018557723611593246,
      0.047083888202905655,
      0.995777428150177,
      -0.07880646735429764,
      -0.014873397536575794,
      0.07958410680294037,
      0.9967172741889954
    ],
    [
      0.9983575940132141,
      -0.009838050231337547,
      -0.05643995478749275,
      2.8083964934921823e-05,
      0.9852296710014343,
      -0.17123843729496002,
      0.05729096382856369,
      0.1709555834531784,
      0.9836118221282959
    ],
    [
      0.9943935871124268,
      -0.061398696154356,
      -0.0860905647277832,
      0.024538138881325722,
      0.9259189367294312,
      -0.3769245147705078,
      0.10285554826259613,
      0.3726988136768341,
      0.9222344756126404
    ],
    [
      0.9983007311820984,
      0.04231353476643562,
      -0.04006681963801384,
      -0.04231254383921623,
      0.9991040229797363,
      0.0008736310992389917,
      0.0400678887963295,
      0.0008231817046180367,
      0.9991966485977173
    ],
    [
      0.9956831336021423,
      0.09279529750347137,
      -0.0020347009412944317,
      -0.09117085486650467,
      0.9818939566612244,
      0.16604843735694885,
      0.01740637607872486,
      -0.1651461273431778,
      0.9861154556274414
    ],
    [
      0.9550009369850159,
      -0.2529618740081787,
      -0.15486615896224976,
      0.22483381628990173,
      0.9579501748085022,
      -0.17827260494232178,
      0.19345025718212128,
      0.13543134927749634,
      0.9717177152633667
    ],
    [
      0.9932952523231506,
      0.043320346623659134,
      0.10718186944723129,
      -0.0453132800757885,
      0.9988409876823425,
      0.016227908432483673,
      -0.10635465383529663,
      -0.020975865423679352,
      0.9941070079803467
    ],
    [
      0.9738896489143372,
      -0.22533264756202698,
      0.027643419802188873,
      0.19512398540973663,
      0.8930636644363403,
      0.4054182171821594,
      -0.11604128032922745,
      -0.3894386887550354,
      0.913713276386261
    ],
    [
      0.9481085538864136,
      0.3004613518714905,
      0.10398662835359573,
      -0.2917998433113098,
      0.9521688222885132,
      -0.09070440381765366,
      -0.1262660026550293,
      0.05565433204174042,
      0.9904339909553528
    ],
    [
      0.9664124250411987,
      0.02074635960161686,
      -0.2561573088169098,
      -0.04698468744754791,
      0.9942001104354858,
      -0.09673955291509628,
      0.2526646554470062,
      0.10552577674388885,
      0.9617820978164673
    ],
    [
      0.9395828247070312,
      0.2984178066253662,
      0.1677229404449463,
      -0.29707133769989014,
      0.954261839389801,
      -0.03366009518504143,
      -0.17009636759757996,
      -0.018199238926172256,
      0.9852594137191772
    ],
    [
      0.9762945175170898,
      -0.013470878824591637,
      0.21602694690227509,
      -0.01327539049088955,
      0.9924557209014893,
      0.12188278883695602,
      -0.2160390466451645,
      -0.12186133861541748,
      0.9687502384185791
    ],
    [
      0.9972600936889648,
      -0.06774874031543732,
      -0.02970319427549839,
      0.07167806476354599,
      0.9842501878738403,
      0.16159792244434357,
      0.01828731782734394,
      -0.16328424215316772,
      0.9864095449447632
    ],
    [
      0.6803199648857117,
      0.6937276124954224,
      -0.23644591867923737,
      -0.7155897617340088,
      0.5589911937713623,
      -0.41887950897216797,
      -0.15841712057590485,
      0.4541704058647156,
      0.8767172694206238
    ],
    [
      0.8604429960250854,
      -0.1608695685863495,
      0.483486145734787,
      0.025441564619541168,
      0.9612353444099426,
      0.2745528817176819,
      -0.5089111924171448,
      -0.22393645346164703,
      0.831180989742279
    ],
    [
      -0.40146028995513916,
      -0.2922934889793396,
      -0.8679828643798828,
      -0.10300515592098236,
      0.9561040997505188,
      -0.274326354265213,
      0.910065770149231,
      -0.020724445581436157,
      -0.4139455556869507
    ],
    [
      -0.4695601761341095,
      0.07122599333524704,
      0.8800227046012878,
      -0.20063289999961853,
      0.9620559215545654,
      -0.1849186271429062,
      -0.8598020672798157,
      -0.2633919417858124,
      -0.43745288252830505
    ],
    [
      0.9833929538726807,
      -0.1782541126012802,
      -0.03411303833127022,
      0.16206561028957367,
      0.9470982551574707,
      -0.27701911330223083,
      0.08168819546699524,
      0.26689010858535767,
      0.9602586030960083
    ],
    [
      0.963562548160553,
      0.23604841530323029,
      0.12581107020378113,
      -0.18315163254737854,
      0.9250295162200928,
      -0.33283013105392456,
      -0.19494298100471497,
      0.29766014218330383,
      0.9345564246177673
    ],
    [
      0.9675920605659485,
      0.12882600724697113,
      -0.2171851247549057,
      -0.09355303645133972,
      0.9817545413970947,
      0.16554699838161469,
      0.23454925417900085,
      -0.13986365497112274,
      0.9619899392127991
    ],
    [
      0.9735502600669861,
      -0.11477044224739075,
      0.19755412638187408,
      0.09395059943199158,
      0.9892861247062683,
      0.11174233257770538,
      -0.20826224982738495,
      -0.09022644907236099,
      0.9739025235176086
    ]
  ],
  "root_rot": [
    -0.6644029021263123,
    -0.021795181557536125,
    -0.7470566630363464,
    0.4290837049484253,
    -0.8295459151268005,
    -0.35740843415260315,
    -0.6119279861450195,
    -0.5580130815505981,
    0.560504674911499
  ],
  "root_trans": [
    -0.08055689930915833,
    -0.07849851250648499,
    3.6267659664154053
  ]
}