{
  "betas": [
    -0.7974616885185242,
    1.122886300086975,
    1.564111590385437,
    0.3676173686981201,
    0.20356588065624237,
    -0.12696489691734314,
    0.39681753516197205,
    0.5160185694694519,
    0.17456308007240295,
    1.0930776596069336
  ],
  "joints": [
    [
      0.9948506951332092,
      -0.075099416077137,
      -0.06805960088968277,
      0.06669983267784119,
      0.9907416701316833,
      -0.11824546754360199,
      0.07630965858697891,
      0.11309703439474106,
      0.9906491637229919
    ],
    [
      0.9780206680297852,
      0.20297133922576904,
      -0.04773074388504028,
      -0.16181564331054688,
      0.8832190632820129,
      0.4401589035987854,
      0.1314963400363922,
      -0.422760933637619,
      0.8966504335403442
    ],
    [
      0.9990191459655762,
      -0.04098459705710411,
      -0.016763342544436455,
      0.03909322991967201,
      0.9941396117210388,
      -0.10078743100166321,
      0.020795835182070732,
      0.100033238530159,
      0.9947667121887207
    ],
    [
      0.9992749094963074,
      0.012370659969747066,
      -0.036011114716529846,
      -0.018765846267342567,
      0.9829193353652954,
      -0.18307751417160034,
      0.033131226897239685,
      0.18362051248550415,
      0.9824388027191162
    ],
    [
      0.9980849623680115,
      0.007882568053901196,
      -0.06135442852973938,
      -0.025500549003481865,
      0.9560790061950684,
      -0.29199784994125366,
      0.056357983499765396,
      0.2930032014846802,
      0.9544491171836853
    ],
    [
      0.9986853003501892,
      0.036311790347099304,
      -0.03618115186691284,
      -0.03511041775345802,
      0.9988284111022949,
      0.03330390527844429,
      0.03734808415174484,
      -0.03198978677392006,
      0.9987901449203491
    ],
    [
      0.9973896145820618,
      0.04346229135990143,
      0.05766294151544571,
      -0.04910792037844658,
      0.9937337040901184,
      0.10040748864412308,
      -0.052937671542167664,
      -0.10297708958387375,
      0.9932740330696106
    ],
    [
      0.9305837750434875,
      -0.34131431579589844,
      -0.13235682249069214,
      0.310298889875412,
      0.9272653460502625,
      -0.20950797200202942,
      0.19423796236515045,
      0.1538945585489273,
      0.9688075184822083
    ],
    [
      0.9957323670387268,
      0.043382156640291214,
      0.08145534992218018,
      -0.04166319966316223,
      0.9988740682601929,
      -0.022686289623379707,
      -0.0823478251695633,
      0.019195783883333206,
      0.9964186549186707
    ],
    [
      0.9600570797920227,
      -0.2788866460323334,
      0.02264266647398472,
      0.21228213608264923,
      0.7787064909934998,
      0.5903834104537964,
      -0.18228201568126678,
      -0.5619950890541077,
      0.8068053126335144
    ],
    [
      0.9273250699043274,
      0.35735994577407837,
      0.11118506640195847,
      -0.3587998151779175,
      0.9333847165107727,
      -0.007467057090252638,
      -0.10644685477018356,
      -0.03296878933906555,
      0.9937717318534851
    ],
    [
      0.9603362083435059,
      -0.046081945300102234,
      -0.27501052618026733,
      0.043993350118398666,
      0.9989370703697205,
      -0.013761468231678009,
      0.2753523588180542,
      0.0011170003563165665,
      0.9613427519798279
    ],
    [
      0.9790974259376526,
      0.14354947209358215,
      0.14408931136131287,
      -0.1519773155450821,
      0.9871568083763123,
      0.049238719046115875,
      -0.13517053425312042,
      -0.07010781019926071,
      0.9883389472961426
    ],
    [
      0.9362748265266418,
      -0.02616153471171856,
      0.35029277205467224,
      -0.06597913056612015,
      0.9663757681846619,
      0.24852487444877625,
      -0.3450162410736084,
      -0.2557995915412903,
      0.9030671715736389
    ],
    [
      0.9959582686424255,
      -0.009561348706483841,
      -0.08930650353431702,
      0.040468133985996246,
      0.9354421496391296,
      0.3511556386947632,
      0.08018354326486588,
      -0.3533504605293274,
      0.9320482611656189
    ],
    [
      0.6539055109024048,
      0.7132822871208191,
      -0.25226151943206787,
      -0.7364922165870667,
      0.5238065719604492,
      -0.428025484085083,
      -0.17316679656505585,
      0.4656769037246704,
      0.8678468465805054
    ],
    [
      0.6900027394294739,
      -0.5040569305419922,
      0.5194447636604309,
      0.35953179001808167,
      0.861544132232666,
      0.35843920707702637,
      -0.6281983256340027,
      -0.06056714802980423,
      0.7756922841072083
    ],
    [
      -0.3813225328922272,
      -0.28469187021255493,
      -0.8795132637023926,
      -0.07758048176765442,
      0.957897961139679,
      -0.2764285206794739,
      0.9211809635162354,
      -0.03717534989118576,
      -0.38735461235046387
    ],
    [
      -0.21416914463043213,
      0.23381765186786652,
      0.9483990669250488,
      -0.48006176948547363,
      0.8203827738761902,
      -0.31066498160362244,
      -0.8506892919540405,
      -0.5218250155448914,
      -0.06345376372337341
    ],
    [
      0.9473943710327148,
      -0.31976574659347534,
      -0.013919836841523647,
      0.2955351173877716,
      0.8906469941139221,
      -0.34555312991142273,
      0.12289369851350784,
      0.3232612907886505,
      0.9382959604263306
    ],
    [
      0.859502911567688,
      0.5079076886177063,
      0.05731060728430748,
      -0.47196251153945923,
      0.8316803574562073,
      -0.29250484704971313,
      -0.19622956216335297,
      0.22436033189296722,
      0.9545450806617737
    ],
    [
      0.8999760746955872,
      0.3025282919406891,
      -0.31387853622436523,
      -0.21845929324626923,
      0.9360542893409729,
      0.27582231163978577,
      0.37725135684013367,
      -0.1796637773513794,
      0.9085165858268738
    ],
    [
      0.9437464475631714,
      -0.27314645051956177,
      0.1863696128129959,
      0.2353249192237854,
      0.9507414698600769,
      0.20177413523197174,
      -0.2323032021522522,
      -0.1465662121772766,
      0.9615370631217957
    ]
  ],
  "root_rot": [
    -0.9540398120880127,
    -0.021555546671152115,
    -0.29890379309654236,
    0.036162152886390686,
    -0.9984021186828613,
    -0.043422091752290726,
    -0.2974902093410492,
    -0.05223540589213371,
    0.9532948732376099
  ],
  "root_trans": [
    0.07392208278179169,
    0.6482356190681458,
    3.0525455474853516
  ]
}