{
  "betas": [
    -1.2110700607299805,
    1.0717272758483887,
    1.8092283010482788,
    0.68809974193573,
    0.225344717502594,
    0.10477853566408157,
    -0.0859920084476471,
    0.9724521040916443,
    -0.068728506565094,
    1.3008837699890137
  ],
  "joints": [
    [
      0.9957973957061768,
      0.025713885203003883,
      -0.08789893984794617,
      -0.03335370123386383,
      0.9956861138343811,
      -0.08658315241336823,
      0.08529336750507355,
      0.0891510471701622,
      0.9923592805862427
    ],
    [
      0.999119758605957,
      0.03880562633275986,
      0.015930335968732834,
      -0.041944634169340134,
      0.9291445016860962,
      0.36732959747314453,
      -0.0005471315234899521,
      -0.36767446994781494,
      0.9299542903900146
    ],
    [
      0.9998413920402527,
      0.01778976246714592,
      0.0008707497036084533,
      -0.017688898369669914,
      0.9975125193595886,
      -0.06823385506868362,
      -0.0020824475213885307,
      0.06820762902498245,
      0.997668981552124
    ],
    [
      0.9932839870452881,
      0.02364327572286129,
      -0.11326055228710175,
      -0.028140218928456306,
      0.9988710880279541,
      -0.03827119991183281,
      0.11222783476114273,
      0.04120134189724922,
      0.9928280115127563
    ],
    [
      0.9984118938446045,
      0.05220350623130798,
      -0.02117942087352276,
      -0.05495107173919678,
      0.8195674419403076,
      -0.5703416466712952,
      -0.012415869161486626,
      0.5705996751785278,
      0.8211345076560974
    ],
    [
      0.9949954152107239,
      0.049537040293216705,
      -0.08677668869495392,
      -0.045589931309223175,
      0.9978590607643127,
      0.04689285159111023,
      0.08891383558511734,
      -0.042702026665210724,
      0.995123565196991
    ],
    [
      0.9778798222541809,
      0.1164669319987297,
      0.17374268174171448,
      -0.14412055909633636,
      0.977167010307312,
      0.1561213731765747,
      -0.15159264206886292,
      -0.17770783603191376,
      0.9723371863365173
    ],
    [
      0.8400478959083557,
      -0.2679755389690399,
      -0.4717083275318146,
      0.38366153836250305,
      0.9081913828849792,
      0.16730897128582,
      0.3835667073726654,
      -0.32152387499809265,
      0.865736186504364
    ],
    [
      0.9907843470573425,
      0.10585329681634903,
      0.08450782299041748,
      -0.10042227059602737,
      0.9927448034286499,
      -0.06612981110811234,
      -0.09089475870132446,
      0.05703390762209892,
      0.9942260384559631
    ],
    [
      0.9454548358917236,
      -0.3237484097480774,
      -0.036085084080696106,
      0.23514002561569214,
      0.6015991568565369,
      0.7634053826332092,
      -0.22544246912002563,
      -0.730250358581543,
      0.6449110507965088
    ],
    [
      0.7026410698890686,
      0.3742280900478363,
      0.6051850318908691,
      -0.5989711880683899,
      0.770196259021759,
      0.21916049718856812,
      -0.384095162153244,
      -0.5164794921875,
      0.7653234004974365
    ],
    [
      0.9481339454650879,
      -0.08223032206296921,
      -0.3070507049560547,
      0.045546457171440125,
      0.9911369681358337,
      -0.12479168176651001,
      0.3145909607410431,
      0.10433416813611984,
      0.9434759020805359
    ],
    [
      0.9983111023902893,
      0.04563869908452034,
      -0.03594556823372841,
      -0.042850155383348465,
      0.9962731003761292,
      0.07485814392566681,
      0.039228033274412155,
      -0.07319144159555435,
      0.9965461492538452
    ],
    [
      0.9009824991226196,
      0.034104395657777786,
      0.4325128495693207,
      -0.17399156093597412,
      0.9416307210922241,
      0.2881985604763031,
      -0.3974386155605316,
      -0.334915429353714,
      0.8543266654014587
    ],
    [
      0.9643251299858093,
      -0.08083974570035934,
      -0.2520754337310791,
      0.11457394063472748,
      0.9858776330947876,
      0.12213972210884094,
      0.23864178359508514,
      -0.14666368067264557,
      0.9599686861038208
    ],
    [
      0.6966181397438049,
      0.7072872519493103,
      -0.12028273940086365,
      -0.6827175617218018,
      0.6019914746284485,
      -0.41412925720214844,
      -0.22049914300441742,
      0.3706091046333313,
      0.9022356271743774
    ],
    [
      0.7933283448219299,
      -0.29534226655960083,
      0.5323561429977417,
      0.14566348493099213,
      0.9411298036575317,
      0.30505213141441345,
      -0.5911110043525696,
      -0.1644616425037384,
      0.7896455526351929
    ],
    [
      -0.4964867830276489,
      -0.2733204662799835,
      -0.823891282081604,
      -0.15280848741531372,
      0.9618325233459473,
      -0.22699734568595886,
      0.8544884324073792,
      0.013196371495723724,
      -0.5193028450012207
    ],
    [
      -0.5502297282218933,
      0.14798562228679657,
      0.8217954039573669,
      -0.15101952850818634,
      0.9503040313720703,
      -0.2722415030002594,
      -0.8212432861328125,
      -0.2739025056362152,
      -0.5005367994308472
    ],
    [
      0.990249752998352,
      -0.1255320906639099,
      -0.06039239838719368,
      0.1039978563785553,
      0.9546278715133667,
      -0.2790520489215851,
      0.09268226474523544,
      0.2700505256652832,
      0.958375096321106
    ],
    [
      0.9684526324272156,
      0.24071675539016724,
      0.06445907801389694,
      -0.20187026262283325,
      0.9094855189323425,
      -0.3634342551231384,
      -0.14610931277275085,
      0.33895647525787354,
      0.9293872117996216
    ],
    [
      0.5579677820205688,
      0.8017851710319519,
      -0.2140386402606964,
      -0.29983678460121155,
      0.4352748990058899,
      0.8489014506340027,
      0.7738022208213806,
      -0.4094829857349396,
      0.48327404260635376
    ],
    [
      0.8762194514274597,
      -0.3433966040611267,
      0.33810973167419434,
      0.16039830446243286,
      0.869411051273346,
      0.4673294723033905,
      -0.45443567633628845,
      -0.3552509546279907,
      0.8168751001358032
    ]
  ],
  "root_rot": [
    0.3532494902610779,
    -0.03337724506855011,
    0.9349336624145508,
    0.11150727421045303,
    -0.9907370209693909,
    -0.07750065624713898,
    0.928860068321228,
    0.13162896037101746,
    -0.3462555408477783
  ],
  "root_trans": [
    0.22689147293567657,
    0.5781711339950562,
    1.8081505298614502
  ]
}