{
  "betas": [
    -1.121772050857544,
    0.5843586921691895,
    1.3573225736618042,
    0.3015705943107605,
    0.2785325348377228,
    -0.33022743463516235,
    0.03392300009727478,
    0.7492095232009888,
    0.2493366003036499,
    1.1922051906585693
  ],
  "joints": [
    [
      0.9873480200767517,
      -0.15726540982723236,
      0.020288193598389626,
      0.15812109410762787,
      0.9668630361557007,
      -0.20043328404426575,
      0.011905312538146973,
      0.20110537111759186,
      0.9794973134994507
    ],
    [
      0.9787676930427551,
      0.19596196711063385,
      -0.06010567769408226,
      -0.16004551947116852,
      0.9138436317443848,
      0.37319597601890564,
      0.12805940210819244,
      -0.35565251111984253,
      0.9258034825325012
    ],
    [
      0.9993193745613098,
      -0.036611415445804596,
      0.004520472604781389,
      0.03686296194791794,
      0.9864342212677002,
      -0.15996472537517548,
      0.0013973868917673826,
      0.16002248227596283,
      0.9871124625205994
    ],
    [
      0.9874131083488464,
      0.06649893522262573,
      -0.14350362122058868,
      -0.09396851807832718,
      0.9764746427536011,
      -0.19408033788204193,
      0.12722152471542358,
      0.20512227714061737,
      0.9704326391220093
    ],
    [
      0.9999905824661255,
      -0.0035077075008302927,
      0.0025612344034016132,
      0.004142018500715494,
      0.947616696357727,
      -0.31938302516937256,
      -0.0013067651307210326,
      0.3193906247615814,
      0.9476222991943359
    ],
    [
      0.9961822032928467,
      0.026095716282725334,
      -0.08330637216567993,
      -0.02684887871146202,
      0.9996080994606018,
      -0.007933416403830051,
      0.0830666795372963,
      0.010139812715351582,
      0.9964924454689026
    ],
    [
      0.9885540008544922,
      0.14735952019691467,
      -0.03234434500336647,
      -0.14734677970409393,
      0.9890809059143066,
      0.0027904657181352377,
      0.03240238130092621,
      0.0020073093473911285,
      0.9994728565216064
    ],
    [
      0.9335507750511169,
      -0.30289798974990845,
      -0.19166573882102966,
      0.29272326827049255,
      0.95284104347229,
      -0.080043725669384,
      0.20687207579612732,
      0.01861986517906189,
      0.9781907796859741
    ],
    [
      0.995714545249939,
      0.05038648843765259,
      0.07754821330308914,
      -0.05025460571050644,
      0.9987297654151917,
      -0.0036524522583931684,
      -0.07763374596834183,
      -0.0002603552711661905,
      0.9969819188117981
    ],
    [
      0.9449982643127441,
      -0.32672321796417236,
      -0.015171869657933712,
      0.2975713908672333,
      0.839576005935669,
      0.4544925093650818,
      -0.13575531542301178,
      -0.4340093731880188,
      0.8906213641166687
    ],
    [
      0.9302102327346802,
      0.33173519372940063,
      0.15703721344470978,
      -0.3396686613559723,
      0.9401880502700806,
      0.02591642551124096,
      -0.13904711604118347,
      -0.07744835317134857,
      0.9872525930404663
    ],
    [
      0.9404259920120239,
      -0.08568871021270752,
      -0.3290232717990875,
      0.02661074697971344,
      0.9833019971847534,
      -0.18002505600452423,
      0.3389553725719452,
      0.16054470837116241,
      0.927003026008606
    ],
    [
      0.9852244257926941,
      0.12221980094909668,
      0.11997942626476288,
      -0.11937705427408218,
      0.9923763871192932,
      -0.03062901832163334,
      -0.12280823290348053,
      0.01585366763174534,
      0.9923036694526672
    ],
    [
      0.9400279521942139,
      -0.04215344041585922,
      0.33848270773887634,
      -0.03422532230615616,
      0.9756699800491333,
      0.21655642986297607,
      -0.3393760323524475,
      -0.215153768658638,
      0.9157143235206604
    ],
    [
      0.9793055057525635,
      -0.0631389245390892,
      -0.19228649139404297,
      0.09977501630783081,
      0.977228581905365,
      0.18726781010627747,
      0.17608396708965302,
      -0.20257781445980072,
      0.9633049964904785
    ],
    [
      0.6999703645706177,
      0.6890016794204712,
      -0.18793131411075592,
      -0.6676664352416992,
      0.5379205942153931,
      -0.5146483778953552,
      -0.2535014748573303,
      0.4857140779495239,
      0.8365517854690552
    ],
    [
      0.839718759059906,
      -0.2986043691635132,
      0.45355018973350525,
      0.22837382555007935,
      0.9519751071929932,
      0.20393355190753937,
      -0.4926638901233673,
      -0.06766784191131592,
      0.867584764957428
    ],
    [
      -0.4648435711860657,
      -0.3389344811439514,
      -0.8179510235786438,
      -0.22736012935638428,
      0.9385444521903992,
      -0.2596954107284546,
      0.8557030558586121,
      0.06525173783302307,
      -0.5133365392684937
    ],
    [
      -0.6010978817939758,
      0.1709909439086914,
      0.7806686162948608,
      -0.15974272787570953,
      0.9314221143722534,
      -0.3270091712474823,
      -0.7830476760864258,
      -0.3212706446647644,
      -0.5325613021850586
    ],
    [
      0.966545820236206,
      -0.2537269592285156,
      0.03757417947053909,
      0.23402298986911774,
      0.8123930096626282,
      -0.5340888500213623,
      0.104987733066082,
      0.5250145792961121,
      0.8445929884910583
    ],
    [
      0.9811605215072632,
      0.15123970806598663,
      0.12021047621965408,
      -0.08833802491426468,
      0.9045781493186951,
      -0.41705483198165894,
      -0.17181503772735596,
      0.39857858419418335,
      0.9008966088294983
    ],
    [
      0.9459624886512756,
      0.022851677611470222,
      -0.32346978783607483,
      -0.0908031240105629,
      0.9762746691703796,
      -0.19657723605632782,
      0.31130319833755493,
      0.21532675623893738,
      0.9255942106246948
    ],
    [
      0.9748510718345642,
      -0.18178579211235046,
      0.12891553342342377,
      0.1524541974067688,
      0.9659150838851929,
      0.2092028111219406,
      -0.16255155205726624,
      -0.184287890791893,
      0.9693373441696167
    ]
  ],
  "root_rot": [
    0.9991406798362732,
    0.03937958553433418,
    -0.012927502393722534,
    0.04138365015387535,
    -0.9305734634399414,
    0.3637588620185852,
    0.0022946831304579973,
    -0.3639812767505646,
    -0.9314034581184387
  ],
  "root_trans": [
    -0.48769497871398926,
    0.7018609046936035,
    2.6908328533172607
  ]
}