{
  "betas": [
    -0.6560971736907959,
    1.291256070137024,
    1.466773509979248,
    0.04604250192642212,
    0.020323246717453003,
    0.08948606252670288,
    0.22108004987239838,
    0.4894890785217285,
    0.4641524851322174,
    1.1125352382659912
  ],
  "joints": [
    [
      0.990011990070343,
      -0.11376967281103134,
      -0.08326330035924911,
      0.09526285529136658,
      0.9751942753791809,
      -0.19980239868164062,
      0.10392936319112778,
      0.18987485766410828,
      0.976292073726654
    ],
    [
      0.9896948337554932,
      0.13419511914253235,
      -0.049958206713199615,
      -0.09199941158294678,
      0.863262414932251,
      0.4963003396987915,
      0.109728142619133,
      -0.4865897595882416,
      0.866712212562561
    ],
    [
      0.9980857968330383,
      -0.06090281158685684,
      -0.010749919340014458,
      0.05926578864455223,
      0.9915802478790283,
      -0.11513473093509674,
      0.017671439796686172,
      0.11427723616361618,
      0.9932916164398193
    ],
    [
      0.9929407238960266,
      -0.04984051734209061,
      -0.10763216763734818,
      0.03135018050670624,
      0.9854404330253601,
      -0.1671060025691986,
      0.11439372599124908,
      0.16255205869674683,
      0.9800464510917664
    ],
    [
      0.991838276386261,
      -0.04518841579556465,
      -0.1192261204123497,
      -0.017159296199679375,
      0.8792749047279358,
      -0.476005494594574,
      0.12634246051311493,
      0.47416630387306213,
      0.8713231086730957
    ],
    [
      0.9989826679229736,
      0.03475756570696831,
      -0.028733285143971443,
      -0.03404807299375534,
      0.9991118311882019,
      0.024823935702443123,
      0.02957058511674404,
      -0.023820366710424423,
      0.9992788434028625
    ],
    [
      0.9859423637390137,
      0.16671359539031982,
      -0.011149570345878601,
      -0.1606578528881073,
      0.964229166507721,
      0.21083442866802216,
      0.04589970037341118,
      -0.20607931911945343,
      0.9774582386016846
    ],
    [
      0.9286572933197021,
      -0.28953084349632263,
      -0.23187802731990814,
      0.2797696590423584,
      0.9571582078933716,
      -0.07468011230230331,
      0.2435661405324936,
      0.004479802213609219,
      0.9698739051818848
    ],
    [
      0.9929291605949402,
      0.04357432201504707,
      0.11042192578315735,
      -0.044763918966054916,
      0.9989629983901978,
      0.008315944112837315,
      -0.10994505882263184,
      -0.013200060464441776,
      0.99385005235672
    ],
    [
      0.9094178676605225,
      -0.414664626121521,
      -0.031817637383937836,
      0.37477391958236694,
      0.7839551568031311,
      0.494933158159256,
      -0.1802876889705658,
      -0.4620254933834076,
      0.8683483004570007
    ],
    [
      0.8772850632667542,
      0.4151197075843811,
      0.24092838168144226,
      -0.4032610356807709,
      0.9097088575363159,
      -0.09904679656028748,
      -0.2602909803390503,
      -0.01026475615799427,
      0.9654756188392639
    ],
    [
      0.9320551753044128,
      -0.018122762441635132,
      -0.36186298727989197,
      -0.01250390987843275,
      0.996544361114502,
      -0.08211527019739151,
      0.3621006906032562,
      0.08106066286563873,
      0.928607702255249
    ],
    [
      0.9555779695510864,
      0.19178099930286407,
      0.22380946576595306,
      -0.18032999336719513,
      0.9810600876808167,
      -0.070726677775383,
      -0.23313455283641815,
      0.027225308120250702,
      0.9720632433891296
    ],
    [
      0.9717095494270325,
      -0.0014122137799859047,
      0.23617471754550934,
      -0.02956891618669033,
      0.9913867712020874,
      0.12758539617061615,
      -0.23432065546512604,
      -0.1309593915939331,
      0.9632982611656189
    ],
    [
      0.9968286752700806,
      0.04630931094288826,
      -0.06471497565507889,
      -0.03763720765709877,
      0.9908873438835144,
      0.12932810187339783,
      0.07011433690786362,
      -0.1264822632074356,
      0.989487886428833
    ],
    [
      0.6085407733917236,
      0.7585552930831909,
      -0.23296363651752472,
      -0.7736905217170715,
      0.5019606351852417,
      -0.3865727484226227,
      -0.17629821598529816,
      0.41548705101013184,
      0.8923505544662476
    ],
    [
      0.7134799957275391,
      -0.46744656562805176,
      0.5219578146934509,
      0.35323548316955566,
      0.883307158946991,
      0.308209627866745,
      -0.6051205396652222,
      -0.03552742302417755,
      0.7953407168388367
    ],
    [
      -0.4068128764629364,
      -0.2748834788799286,
      -0.8711729645729065,
      -0.10937950760126114,
      0.9614494442939758,
      -0.25229156017303467,
      0.9069395661354065,
      -0.007346993312239647,
      -0.4211966395378113
    ],
    [
      -0.5386088490486145,
      0.20350532233715057,
      0.817609965801239,
      -0.18923699855804443,
      0.9163818359375,
      -0.35275164246559143,
      -0.8210297226905823,
      -0.34471720457077026,
      -0.4550606310367584
    ],
    [
      0.9892521500587463,
      -0.14617247879505157,
      -0.003718079999089241,
      0.14084793627262115,
      0.9594299793243408,
      -0.2442457377910614,
      0.03926923871040344,
      0.24109692871570587,
      0.9697062373161316
    ],
    [
      0.9590607285499573,
      0.28246748447418213,
      -0.02036655694246292,
      -0.2706548869609833,
      0.8930327296257019,
      -0.35949739813804626,
      -0.08335831761360168,
      0.3502920866012573,
      0.9329238533973694
    ],
    [
      0.9329056143760681,
      0.13782860338687897,
      -0.33270174264907837,
      -0.0671570897102356,
      0.9742386341094971,
      0.21528826653957367,
      0.3538037836551666,
      -0.17850035429000854,
      0.9181288480758667
    ],
    [
      0.9694345593452454,
      -0.12986347079277039,
      0.20816366374492645,
      0.08807500451803207,
      0.9760826826095581,
      0.19875964522361755,
      -0.22899655997753143,
      -0.17435045540332794,
      0.9576860070228577
    ]
  ],
  "root_rot": [
    -0.34450802206993103,
    -0.006437637377530336,
    -0.938761293888092,
    0.16703076660633087,
    -0.9844416379928589,
    -0.0545463040471077,
    -0.9238046407699585,
    -0.17559365928173065,
    0.3402233123779297
  ],
  "root_trans": [
    -0.42516452074050903,
    0.3452754616737366,
    3.0404491424560547
  ]
}