{
  "betas": [
    -0.7723691463470459,
    0.8835713863372803,
    1.8150352239608765,
    0.7605425119400024,
    0.24545511603355408,
    0.4490159749984741,
    -0.27724993228912354,
    0.5473456382751465,
    0.14609205722808838,
    0.8188683390617371
  ],
  "joints": [
    [
      0.9886631369590759,
      -0.14952732622623444,
      -0.013667172752320766,
      0.1472778469324112,
      0.9834418296813965,
      -0.1056002825498581,
      0.02923099882900715,
      0.10239023715257645,
      0.9943147301673889
    ],
    [
      0.9898942112922668,
      0.14089030027389526,
      -0.016102787107229233,
      -0.12024908512830734,
      0.8941629528999329,
      0.4312920570373535,
      0.07516338676214218,
      -0.4249972105026245,
      0.9020686745643616
    ],
    [
      0.9958813190460205,
      -0.0906616747379303,
      0.0010224477155134082,
      0.09050651639699936,
      0.9933790564537048,
      -0.07075808942317963,
      0.005399366840720177,
      0.07055918127298355,
      0.9974930882453918
    ],
    [
      0.998521089553833,
      -0.006240494083613157,
      -0.054006606340408325,
      0.0011767810210585594,
      0.9956384301185608,
      -0.09328867495059967,
      0.05435321480035782,
      0.09308715164661407,
      0.9941732883453369
    ],
    [
      0.9995766282081604,
      -0.009918306954205036,
      -0.027350205928087234,
      0.000679272401612252,
      0.9477938413619995,
      -0.31888294219970703,
      0.029085133224725723,
      0.3187294006347656,
      0.9473993182182312
    ],
    [
      0.9980549216270447,
      0.050392843782901764,
      -0.0366988405585289,
      -0.049355775117874146,
      0.9983706474304199,
      0.02863704040646553,
      0.038082145154476166,
      -0.02677004225552082,
      0.9989159107208252
    ],
    [
      0.9929416179656982,
      0.0013919103657826781,
      0.118595652282238,
      -0.024786219000816345,
      0.9802871346473694,
      0.19601717591285706,
      -0.1159849613904953,
      -0.19757315516471863,
      0.9734023809432983
    ],
    [
      0.8619312047958374,
      -0.44435954093933105,
      -0.24417024850845337,
      0.41775214672088623,
      0.8953015208244324,
      -0.15465527772903442,
      0.2873285710811615,
      0.03129957616329193,
      0.9573204517364502
    ],
    [
      0.9933452606201172,
      0.045624393969774246,
      0.10575252771377563,
      -0.04284849762916565,
      0.9986785650253296,
      -0.028375212103128433,
      -0.10690738260746002,
      0.02365504577755928,
      0.9939875602722168
    ],
    [
      0.9422296285629272,
      -0.3337249159812927,
      0.0288261529058218,
      0.24821963906288147,
      0.7534114122390747,
      0.6088992953300476,
      -0.2249228060245514,
      -0.5665677785873413,
      0.7927236557006836
    ],
    [
      0.8322665095329285,
      0.25661805272102356,
      0.4914058446884155,
      -0.4138692319393158,
      0.8773666620254517,
      0.2427755743265152,
      -0.36884254217147827,
      -0.40543168783187866,
      0.8364092111587524
    ],
    [
      0.9096413254737854,
      -0.01058143936097622,
      -0.41525986790657043,
      -0.00771802943199873,
      0.9990724325180054,
      -0.0423644594848156,
      0.4153229594230652,
      0.041741449385881424,
      0.9087159037590027
    ],
    [
      0.9870209097862244,
      0.12419809401035309,
      0.10180629044771194,
      -0.12100964039564133,
      0.9919636845588684,
      -0.036942217499017715,
      -0.105576291680336,
      0.024143200367689133,
      0.9941180944442749
    ],
    [
      0.9068089127540588,
      0.015134579502046108,
      0.4212702214717865,
      -0.06562535464763641,
      0.9922392964363098,
      0.10561521351337433,
      -0.4164023995399475,
      -0.12341882288455963,
      0.9007646441459656
    ],
    [
      0.99397873878479,
      0.02267509698867798,
      -0.1072017103433609,
      -0.014734242111444473,
      0.9971275329589844,
      0.07429402321577072,
      0.1085783988237381,
      -0.07226713746786118,
      0.9914576411247253
    ],
    [
      0.565557062625885,
      0.8003995418548584,
      -0.19876064360141754,
      -0.7844845056533813,
      0.4477651119232178,
      -0.42905765771865845,
      -0.2544194757938385,
      0.39858123660087585,
      0.8811377286911011
    ],
    [
      0.899419367313385,
      -0.07988297939300537,
      0.4297250211238861,
      -0.015224569477140903,
      0.9768348932266235,
      0.21345233917236328,
      -0.4368215799331665,
      -0.1985255479812622,
      0.8773680329322815
    ],
    [
      -0.4155924916267395,
      -0.3032858669757843,
      -0.8574966788291931,
      -0.091376394033432,
      0.9519215226173401,
      -0.2923964858055115,
      0.9049493074417114,
      -0.04316281899809837,
      -0.4233246147632599
    ],
    [
      -0.6210430264472961,
      0.027842873707413673,
      0.7832817435264587,
      -0.25940462946891785,
      0.9357447028160095,
      -0.23893731832504272,
      -0.7396044731140137,
      -0.3515772521495819,
      -0.5739151239395142
    ],
    [
      0.9585888981819153,
      -0.2819008231163025,
      0.04048783704638481,
      0.2805442214012146,
      0.9102283120155334,
      -0.30459728837013245,
      0.04901304841041565,
      0.30334219336509705,
      0.9516203999519348
    ],
    [
      0.8403127193450928,
      0.5421007871627808,
      -0.00108220090623945,
      -0.4912247955799103,
      0.7606021761894226,
      -0.4244791269302368,
      -0.22928737103939056,
      0.35722681879997253,
      0.9054370522499084
    ],
    [
      0.7040444612503052,
      0.6119922995567322,
      -0.36025935411453247,
      -0.21995201706886292,
      0.6702679395675659,
      0.708774983882904,
      0.6752351522445679,
      -0.419769287109375,
      0.6065073609352112
    ],
    [
      0.918855607509613,
      -0.3359101414680481,
      0.20704767107963562,
      0.17604757845401764,
      0.8185738921165466,
      0.5467577576637268,
      -0.3531452715396881,
      -0.4659411907196045,
      0.8112874031066895
    ]
  ],
  "root_rot": [
    0.6084920763969421,
    0.034531936049461365,
    -0.7928082942962646,
    -0.10539552569389343,
    -0.9866854548454285,
    -0.1238691583275795,
    -0.7865298986434937,
    0.15893183648586273,
    -0.596750795841217
  ],
  "root_trans": [
    -0.6557867527008057,
    0.5986858010292053,
    2.469834089279175
  ]
}