{
  "betas": [
    -0.4223918318748474,
    0.5324587225914001,
    1.767917513847351,
    1.0461363792419434,
    0.5797528028488159,
    0.14978361129760742,
    -0.1730562150478363,
    0.6773063540458679,
    0.25454092025756836,
    1.062746524810791
  ],
  "joints": [
    [
      0.9779099822044373,
      -0.20895342528820038,
      0.005529032088816166,
      0.20896081626415253,
      0.9779236912727356,
      -0.0007922697113826871,
      -0.005241423845291138,
      0.0019301195861771703,
      0.9999844431877136
    ],
    [
      0.9573904871940613,
      0.2634468674659729,
      -0.11831800639629364,
      -0.19199013710021973,
      0.8866523504257202,
      0.4206985831260681,
      0.2157386690378189,
      -0.3800569474697113,
      0.899451732635498
    ],
    [
      0.9903548359870911,
      -0.133673757314682,
      -0.036449678242206573,
      0.13082578778266907,
      0.9888085126876831,
      -0.07171004265546799,
      0.04562750458717346,
      0.06624983251094818,
      0.996759295463562
    ],
    [
      0.9987996816635132,
      0.01748262718319893,
      -0.045755594968795776,
      -0.024450339376926422,
      0.9873815774917603,
      -0.15646027028560638,
      0.042442888021469116,
      0.15739120543003082,
      0.9866238832473755
    ],
    [
      0.9916597604751587,
      -0.04606444388628006,
      -0.1203702762722969,
      0.0044290171936154366,
      0.9455751776695251,
      -0.32537364959716797,
      0.12880729138851166,
      0.3221268355846405,
      0.9378928542137146
    ],
    [
      0.998137891292572,
      0.018898414447903633,
      -0.05799626559019089,
      -0.012803537771105766,
      0.9945244193077087,
      0.10371767729520798,
      0.059638794511556625,
      -0.1027819886803627,
      0.9929144978523254
    ],
    [
      0.9949753284454346,
      0.055895451456308365,
      0.08306480199098587,
      -0.0489947646856308,
      0.9953517913818359,
      -0.08291181176900864,
      -0.08731308579444885,
      0.07842546701431274,
      0.9930890798568726
    ],
    [
      0.9290989637374878,
      -0.30110347270965576,
      -0.21473641693592072,
      0.2773343026638031,
      0.9513725638389587,
      -0.1340741366147995,
      0.24466454982757568,
      0.06501436978578568,
      0.9674255847930908
    ],
    [
      0.9944525957107544,
      0.02921072393655777,
      0.10104818642139435,
      -0.024228407070040703,
      0.9984459280967712,
      -0.05018718168139458,
      -0.10235714912414551,
      0.047460537403821945,
      0.9936148524284363
    ],
    [
      0.9809051752090454,
      -0.14375197887420654,
      0.13099753856658936,
      0.06445755064487457,
      0.8757779598236084,
      0.4783911406993866,
      -0.1834944486618042,
      -0.46081259846687317,
      0.8683210611343384
    ],
    [
      0.9263355135917664,
      0.35753414034843445,
      0.11862527579069138,
      -0.36242058873176575,
      0.9317594766616821,
      0.021809624508023262,
      -0.10273253172636032,
      -0.06319525837898254,
      0.9926996231079102
    ],
    [
      0.9013288021087646,
      -0.06063288077712059,
      -0.4288705289363861,
      0.03225332871079445,
      0.996799886226654,
      -0.07314100116491318,
      0.43193289637565613,
      0.05209160968661308,
      0.9004000425338745
    ],
    [
      0.9801632761955261,
      0.18957723677158356,
      0.05779607594013214,
      -0.1922004371881485,
      0.9803786277770996,
      0.043780189007520676,
      -0.048362310975790024,
      -0.05402016639709473,
      0.9973679780960083
    ],
    [
      0.9436207413673401,
      -0.037309106439352036,
      0.32891958951950073,
      -0.030662409961223602,
      0.9795053601264954,
      0.19907018542289734,
      -0.32960566878318787,
      -0.197932168841362,
      0.9231376051902771
    ],
    [
      0.9897485375404358,
      -0.03463790565729141,
      -0.13855689764022827,
      0.04935292527079582,
      0.9933292269706726,
      0.10421814769506454,
      0.13402271270751953,
      -0.10998795181512833,
      0.9848556518554688
    ],
    [
      0.6371207237243652,
      0.7180627584457397,
      -0.28011253476142883,
      -0.7580608129501343,
      0.5180657505989075,
      -0.3961712718009949,
      -0.13935913145542145,
      0.464751273393631,
      0.8744056820869446
    ],
    [
      0.8462139964103699,
      -0.04956747964024544,
      0.5305326581001282,
      -0.08650743216276169,
      0.9696744084358215,
      0.22857800126075745,
      -0.5257740616798401,
      -0.23932091891765594,
      0.8162640929222107
    ],
    [
      -0.35614731907844543,
      -0.3261147737503052,
      -0.8756758570671082,
      -0.1585860699415207,
      0.9446232914924622,
      -0.28729304671287537,
      0.920874297618866,
      0.03655137121677399,
      -0.38814231753349304
    ],
    [
      -0.6410154700279236,
      0.03101920709013939,
      0.7669010162353516,
      -0.24751707911491394,
      0.9374464750289917,
      -0.24480493366718292,
      -0.7265222668647766,
      -0.3467448055744171,
      -0.5932399034500122
    ],
    [
      0.9545178413391113,
      -0.2960529029369354,
      0.035332582890987396,
      0.2953270673751831,
      0.922526478767395,
      -0.24844886362552643,
      0.04095875471830368,
      0.2475835382938385,
      0.9680004119873047
    ],
    [
      0.8191467523574829,
      0.5642449855804443,
      0.10308337956666946,
      -0.4598695933818817,
      0.7534666657447815,
      -0.4699019491672516,
      -0.3428097069263458,
      0.3375137448310852,
      0.8766788840293884
    ],
    [
      0.8477298617362976,
      0.3141472041606903,
      -0.4273940622806549,
      -0.2065035104751587,
      0.9376459121704102,
      0.2796006202697754,
      0.48857998847961426,
      -0.1487674117088318,
      0.8597429394721985
    ],
    [
      0.9351381063461304,
      -0.32677337527275085,
      0.13687902688980103,
      0.20268285274505615,
      0.8103278875350952,
      0.5498074293136597,
      -0.29057934880256653,
      -0.48640286922454834,
      0.82399982213974
    ]
  ],
  "root_rot": [
    -0.5462455153465271,
    0.021348148584365845,
    0.837352991104126,
    -0.3891666531562805,
    -0.8916974067687988,
    -0.2311384528875351,
    0.7417311072349548,
    -0.45212826132774353,
    0.49539369344711304
  ],
  "root_trans": [
    0.5005288124084473,
    0.588598906993866,
    3.0210211277008057
  ]
}