{
  "betas": [
    -0.7412974834442139,
    0.662720799446106,
    1.5243586301803589,
    0.5753828287124634,
    0.468782901763916,
    -0.2728027403354645,
    0.13453826308250427,
    0.6903609037399292,
    0.38896146416664124,
    1.1617032289505005
  ],
  "joints": [
    [
      0.9958221316337585,
      -0.05889720097184181,
      -0.06978071480989456,
      0.046335142105817795,
      0.9844157695770264,
      -0.16964249312877655,
      0.07868470996618271,
      0.16570046544075012,
      0.9830320477485657
    ],
    [
      0.9729262590408325,
      0.23094071447849274,
      -0.008986246772110462,
      -0.20710982382297516,
      0.888465940952301,
      0.4095531105995178,
      0.10256645828485489,
      -0.39660388231277466,
      0.9122419357299805
    ],
    [
      0.9987173080444336,
      -0.050451427698135376,
      0.004284970462322235,
      0.050605159252882004,
      0.991777241230011,
      -0.11754623055458069,
      0.0016806380590423942,
      0.11761230230331421,
      0.9930582046508789
    ],
    [
      0.9944748878479004,
      -0.03347661346197128,
      -0.09949404001235962,
      0.01976747438311577,
      0.9905518293380737,
      -0.13570690155029297,
      0.10309700667858124,
      0.13299036026000977,
      0.9857406616210938
    ],
    [
      0.9990362524986267,
      0.0306962039321661,
      0.031372200697660446,
      -0.01827166974544525,
      0.9407455921173096,
      -0.33862048387527466,
      -0.03990762680768967,
      0.33772093057632446,
      0.9403998255729675
    ],
    [
      0.9927695393562317,
      0.0970628559589386,
      -0.07062190026044846,
      -0.09693660587072372,
      0.9952768683433533,
      0.005220843944698572,
      0.07079509645700455,
      0.001662752591073513,
      0.9974895119667053
    ],
    [
      0.9943745732307434,
      0.10411868244409561,
      0.019453074783086777,
      -0.10510864108800888,
      0.9472757577896118,
      0.30268946290016174,
      0.013088212348520756,
      -0.30303141474723816,
      0.9528906941413879
    ],
    [
      0.9665837287902832,
      -0.22184033691883087,
      -0.12846313416957855,
      0.21454176306724548,
      0.9743250012397766,
      -0.06828411668539047,
      0.14031299948692322,
      0.03844161331653595,
      0.9893606901168823
    ],
    [
      0.9911972880363464,
      0.06688032299280167,
      0.11425818502902985,
      -0.06670201569795609,
      0.9977583885192871,
      -0.0053874473087489605,
      -0.11436238139867783,
      -0.0022812264505773783,
      0.9934364557266235
    ],
    [
      0.9580228328704834,
      -0.2852591872215271,
      0.028624732047319412,
      0.26272672414779663,
      0.9135153889656067,
      0.31058692932128906,
      -0.11474692821502686,
      -0.2900289297103882,
      0.950113832950592
    ],
    [
      0.9646515250205994,
      0.22282245755195618,
      0.14070382714271545,
      -0.2307939976453781,
      0.9720552563667297,
      0.04292743280529976,
      -0.1272066980600357,
      -0.07388361543416977,
      0.9891206622123718
    ],
    [
      0.9079357981681824,
      -0.08653853088617325,
      -0.41007760167121887,
      0.04761762171983719,
      0.993414580821991,
      -0.1042117327451706,
      0.4163953959941864,
      0.07509064674377441,
      0.9060774445533752
    ],
    [
      0.9451281428337097,
      0.30879926681518555,
      0.10665720701217651,
      -0.3123674690723419,
      0.9497883319854736,
      0.01812666282057762,
      -0.09570428729057312,
      -0.05044826492667198,
      0.994130551815033
    ],
    [
      0.8628745079040527,
      -0.1079709604382515,
      0.4937509596347809,
      -0.02347596548497677,
      0.9672989249229431,
      0.2525504529476166,
      -0.5048728585243225,
      -0.2295105904340744,
      0.8321228623390198
    ],
    [
      0.9858749508857727,
      -0.020117249339818954,
      -0.16627052426338196,
      0.037220314145088196,
      0.9942510724067688,
      0.1003965511918068,
      0.1632949411869049,
      -0.10516708344221115,
      0.9809560179710388
    ],
    [
      0.7522343397140503,
      0.6451643705368042,
      -0.1338149458169937,
      -0.6116587519645691,
      0.6082425117492676,
      -0.5058800578117371,
      -0.24498385190963745,
      0.46238943934440613,
      0.8521613478660583
    ],
    [
      0.8169416785240173,
      -0.06069407984614372,
      0.5735176801681519,
      -0.07845328748226166,
      0.9735071659088135,
      0.21477612853050232,
      -0.5713592171669006,
      -0.22045393288135529,
      0.7905369400978088
    ],
    [
      -0.415178120136261,
      -0.2690236270427704,
      -0.8690531253814697,
      -0.09302160888910294,
      0.9628230929374695,
      -0.2536112070083618,
      0.9049718976020813,
      -0.02445310167968273,
      -0.4247680902481079
    ],
    [
      -0.5032227635383606,
      -0.01770031824707985,
      0.8639754056930542,
      -0.19599997997283936,
      0.976072371006012,
      -0.09416340291500092,
      -0.8416357636451721,
      -0.21672433614730835,
      -0.49465110898017883
    ],
    [
      0.9869510531425476,
      -0.1364223062992096,
      -0.08553770929574966,
      0.11239000409841537,
      0.9640529751777649,
      -0.24077026546001434,
      0.11530932784080505,
      0.22801485657691956,
      0.9668055772781372
    ],
    [
      0.9737096428871155,
      0.07642011344432831,
      0.21459119021892548,
      -0.023226547986268997,
      0.9704445600509644,
      -0.24020370841026306,
      -0.22660526633262634,
      0.22890448570251465,
      0.9467061758041382
    ],
    [
      0.9648154973983765,
      0.16024760901927948,
      -0.2084507793188095,
      -0.12784680724143982,
      0.9786981344223022,
      0.1606396585702896,
      0.2297525256872177,
      -0.12833787500858307,
      0.9647502899169922
    ],
    [
      0.9861451387405396,
      -0.0870763510465622,
      0.14119292795658112,
      0.06096497178077698,
      0.9818287491798401,
      0.17970974743366241,
      -0.15427574515342712,
      -0.16861207783222198,
      0.9735342264175415
    ]
  ],
  "root_rot": [
    0.4528840184211731,
    0.04432828351855278,
    -0.8904667496681213,
    0.46625789999961853,
    -0.8630767464637756,
    0.19417011737823486,
    -0.7599339485168457,
    -0.5031237006187439,
    -0.4115420877933502
  ],
  "root_trans": [
    -0.5693883895874023,
    0.05664077401161194,
    3.332127571105957
  ]
}