{
  "betas": [
    -0.8845633864402771,
    0.04461252689361572,
    1.6211239099502563,
    0.6612428426742554,
    0.333219975233078,
    -0.25230345129966736,
    0.09695860743522644,
    0.7977844476699829,
    -0.12940987944602966,
    1.526926040649414
  ],
  "joints": [
    [
      0.9520466923713684,
      -0.27684706449508667,
      0.13024136424064636,
      0.29718121886253357,
      0.9379799962043762,
      -0.1785406917333603,
      -0.07273533940315247,
      0.20868435502052307,
      0.9752745032310486
    ],
    [
      0.9612115025520325,
      0.2401105910539627,
      -0.13571743667125702,
      -0.1437263935804367,
      0.8560283184051514,
      0.49654620885849,
      0.23540398478507996,
      -0.45777979493141174,
      0.8573344945907593
    ],
    [
      0.9985947608947754,
      -0.04755416885018349,
      -0.023390479385852814,
      0.04335701838135719,
      0.9868986010551453,
      -0.15540720522403717,
      0.030474290251731873,
      0.15417467057704926,
      0.9875735640525818
    ],
    [
      0.9877141118049622,
      0.01784581132233143,
      -0.15524922311306,
      -0.03392255678772926,
      0.9942538738250732,
      -0.10153059661388397,
      0.1525452584028244,
      0.10554966330528259,
      0.9826439619064331
    ],
    [
      0.9856139421463013,
      -0.09503216296434402,
      -0.13976441323757172,
      0.01979493908584118,
      0.886163592338562,
      -0.4629495441913605,
      0.16784922778606415,
      0.4535228908061981,
      0.8752963542938232
    ],
    [
      0.9983680248260498,
      0.009664472192525864,
      -0.056283146142959595,
      -0.005829711444675922,
      0.9976748824119568,
      0.06790302693843842,
      0.056808531284332275,
      -0.06746409833431244,
      0.996103048324585
    ],
    [
      0.9899646043777466,
      0.1395552009344101,
      -0.022235510870814323,
      -0.14050507545471191,
      0.9888536334037781,
      -0.04926294460892677,
      0.01511276513338089,
      0.05189277604222298,
      0.9985383152961731
    ],
    [
      0.9138199687004089,
      -0.20719458162784576,
      -0.3492901623249054,
      0.2683378756046295,
      0.9536262154579163,
      0.13635189831256866,
      0.3048408627510071,
      -0.21832886338233948,
      0.9270408153533936
    ],
    [
      0.9962599277496338,
      0.05997498333454132,
      0.062203384935855865,
      -0.05907047167420387,
      0.9981210231781006,
      -0.01628144271671772,
      -0.06306298822164536,
      0.012546163983643055,
      0.9979307055473328
    ],
    [
      0.9522459506988525,
      -0.27268317341804504,
      0.13737329840660095,
      0.12746715545654297,
      0.7638603448867798,
      0.6326684951782227,
      -0.2774520814418793,
      -0.5849454998970032,
      0.7621410489082336
    ],
    [
      0.9102091789245605,
      0.3771907687187195,
      0.1710156351327896,
      -0.3933252692222595,
      0.9165918231010437,
      0.07179644703865051,
      -0.12967056035995483,
      -0.13261455297470093,
      0.9826489686965942
    ],
    [
      0.945845365524292,
      -0.13336217403411865,
      -0.29595786333084106,
      0.088010773062706,
      0.9829170107841492,
      -0.16164250671863556,
      0.3124590218067169,
      0.12684133648872375,
      0.9414247870445251
    ],
    [
      0.9568504691123962,
      0.2782756984233856,
      -0.08366558700799942,
      -0.277635782957077,
      0.9604899883270264,
      0.01942403055727482,
      0.08576519787311554,
      0.00464266911149025,
      0.9963045716285706
    ],
    [
      0.9155753254890442,
      -0.1153632327914238,
      0.3852442502975464,
      0.018166249617934227,
      0.9688568115234375,
      0.24695472419261932,
      -0.40173596143722534,
      -0.21910721063613892,
      0.8891571164131165
    ],
    [
      0.9846899509429932,
      -0.06868185847997665,
      -0.1602138727903366,
      0.08901402354240417,
      0.9883577227592468,
      0.12339112162590027,
      0.14987389743328094,
      -0.1357632875442505,
      0.9793395400047302
    ],
    [
      0.6526935696601868,
      0.7410178184509277,
      -0.15774568915367126,
      -0.7240670323371887,
      0.5488361120223999,
      -0.41773903369903564,
      -0.22297553718090057,
      0.3868740200996399,
      0.8947684168815613
    ],
    [
      0.5668268203735352,
      -0.5262648463249207,
      0.6338396668434143,
      0.43245911598205566,
      0.8449203372001648,
      0.3147837519645691,
      -0.7012035846710205,
      0.09568184614181519,
      0.7065115571022034
    ],
    [
      0.45839276909828186,
      -0.25500592589378357,
      -0.8513799905776978,
      -0.20890407264232635,
      0.9001975059509277,
      -0.3821040689945221,
      0.8638489842414856,
      0.35301050543785095,
      0.35937225818634033
    ],
    [
      -0.5536333322525024,
      0.36218562722206116,
      0.7498744130134583,
      -0.06568458676338196,
      0.8786705732345581,
      -0.4728884994983673,
      -0.8301659822463989,
      -0.3110620379447937,
      -0.46267130970954895
    ],
    [
      0.9245753884315491,
      -0.36886051297187805,
      0.09540630877017975,
      0.35778477787971497,
      0.7545048594474792,
      -0.550193190574646,
      0.13096003234386444,
      0.5428299307823181,
      0.8295692801475525
    ],
    [
      0.81620192527771,
      0.5776816010475159,
      0.009920768439769745,
      -0.5233447551727295,
      0.7464869618415833,
      -0.41093510389328003,
      -0.24479536712169647,
      0.3302140235900879,
      0.9116107225418091
    ],
    [
      0.7790647149085999,
      0.23438411951065063,
      -0.5814828276634216,
      -0.14771905541419983,
      0.9700005054473877,
      0.19307538866996765,
      0.6092924475669861,
      -0.06452212482690811,
      0.7903161644935608
    ],
    [
      0.9589883089065552,
      -0.18364329636096954,
      0.21590887010097504,
      0.15008091926574707,
      0.9751716256141663,
      0.1628369390964508,
      -0.24045215547084808,
      -0.12375490367412567,
      0.9627395272254944
    ]
  ],
  "root_rot": [
    0.5849377512931824,
    0.019338306039571762,
    0.8108476996421814,
    -0.29220035672187805,
    -0.9275617599487305,
    0.23291242122650146,
    0.756615400314331,
    -0.3731692135334015,
    -0.5369152426719666
  ],
  "root_trans": [
    0.27659082412719727,
    0.7627770900726318,
    2.662480354309082
  ]
}