{
  "betas": [
    -0.8640606999397278,
    1.1427282094955444,
    1.373658299446106,
    0.2781086564064026,
    0.09488111734390259,
    -0.011809367686510086,
    0.4461708068847656,
    0.5714786052703857,
    0.23691904544830322,
    1.147027850151062
  ],
  "joints": [
    [
      0.9945866465568542,
      -0.05291635915637016,
      -0.08942769467830658,
      0.048674412071704865,
      0.9976136088371277,
      -0.048968687653541565,
      0.09180552512407303,
      0.0443507619202137,
      0.9947888255119324
    ],
    [
      0.9834188222885132,
      0.1780024617910385,
      -0.03467905521392822,
      -0.14776583015918732,
      0.8973749876022339,
      0.4157924950122833,
      0.10513220727443695,
      -0.4037737250328064,
      0.9087981581687927
    ],
    [
      0.9993117451667786,
      -0.03687543421983719,
      -0.004030028823763132,
      0.036113347858190536,
      0.9919361472129822,
      -0.12148475646972656,
      0.00847733486443758,
      0.12125560641288757,
      0.9925851225852966
    ],
    [
      0.9997307658195496,
      -0.011358316987752914,
      -0.020235182717442513,
      0.008251058869063854,
      0.9890267252922058,
      -0.1475059986114502,
      0.02168855257332325,
      0.14729930460453033,
      0.988854169845581
    ],
    [
      0.9985186457633972,
      0.03312918543815613,
      -0.04316287487745285,
      -0.04567282646894455,
      0.9414797425270081,
      -0.3339608907699585,
      0.029573122039437294,
      0.33543750643730164,
      0.9415981769561768
    ],
    [
      0.9992403984069824,
      0.015403103083372116,
      -0.035797297954559326,
      -0.01405424065887928,
      0.9991928339004517,
      0.037632036954164505,
      0.03634805604815483,
      -0.03710034489631653,
      0.998650312423706
    ],
    [
      0.9944743514060974,
      0.06507252901792526,
      0.08237910270690918,
      -0.06443027406930923,
      0.9978676438331604,
      -0.010433695279061794,
      -0.08288238942623138,
      0.00506833428516984,
      0.9965464472770691
    ],
    [
      0.9284974336624146,
      -0.3495246469974518,
      -0.12539947032928467,
      0.3080020546913147,
      0.9135258793830872,
      -0.26571640372276306,
      0.20743009448051453,
      0.20809371769428253,
      0.9558607339859009
    ],
    [
      0.9957841634750366,
      0.03943454101681709,
      0.08281884342432022,
      -0.03976183757185936,
      0.99920654296875,
      0.002305719768628478,
      -0.0826622024178505,
      -0.005589028354734182,
      0.9965620636940002
    ],
    [
      0.9442709684371948,
      -0.32885321974754333,
      -0.014419165439903736,
      0.2776184678077698,
      0.7720893025398254,
      0.5716695785522461,
      -0.17686249315738678,
      -0.5438140034675598,
      0.8203572630882263
    ],
    [
      0.9170121550559998,
      0.3865150511264801,
      0.09846212714910507,
      -0.38724637031555176,
      0.9218935370445251,
      -0.012350603938102722,
      -0.09554529190063477,
      -0.026803450658917427,
      0.9950641393661499
    ],
    [
      0.9498333930969238,
      -0.05010027065873146,
      -0.3087175488471985,
      0.028684301301836967,
      0.9968807101249695,
      -0.07352574169635773,
      0.3114382326602936,
      0.06098185479640961,
      0.9483076930046082
    ],
    [
      0.9818369746208191,
      0.10667694360017776,
      0.1568956822156906,
      -0.11238378286361694,
      0.993272066116333,
      0.027937794104218483,
      -0.15285977721214294,
      -0.04506288841366768,
      0.9872199892997742
    ],
    [
      0.9196854829788208,
      -0.06744737178087234,
      0.38681960105895996,
      -0.041513461619615555,
      0.9629133939743042,
      0.2665978670120239,
      -0.39045509696006775,
      -0.26124441623687744,
      0.8827775120735168
    ],
    [
      0.9678972959518433,
      -0.024005552753806114,
      -0.25019705295562744,
      0.09481319040060043,
      0.9567604660987854,
      0.2749907076358795,
      0.23277734220027924,
      -0.2898847162723541,
      0.928321897983551
    ],
    [
      0.6533944606781006,
      0.7233324646949768,
      -0.22330643236637115,
      -0.7307600378990173,
      0.5256484746932983,
      -0.435526579618454,
      -0.19764985144138336,
      0.44775405526161194,
      0.8720382452011108
    ],
    [
      0.6989212036132812,
      -0.4273701608181,
      0.5734664797782898,
      0.29288673400878906,
      0.9025421142578125,
      0.3156501352787018,
      -0.6524771451950073,
      -0.05265384167432785,
      0.7559768557548523
    ],
    [
      -0.5471758842468262,
      -0.28168538212776184,
      -0.7881953716278076,
      -0.07196277379989624,
      0.9540161490440369,
      -0.29098889231681824,
      0.8339183926582336,
      -0.10250137001276016,
      -0.5422855019569397
    ],
    [
      -0.3178110122680664,
      0.1971498429775238,
      0.9274308681488037,
      -0.34375494718551636,
      0.8876360058784485,
      -0.30648794770240784,
      -0.8836450576782227,
      -0.4162142276763916,
      -0.21432925760746002
    ],
    [
      0.9676344990730286,
      -0.25206732749938965,
      -0.012060831300914288,
      0.22777479887008667,
      0.8929580450057983,
      -0.3882584571838379,
      0.10863706469535828,
      0.3729451596736908,
      0.9214715957641602
    ],
    [
      0.9201604723930359,
      0.38137131929397583,
      0.08865967392921448,
      -0.3272951543331146,
      0.8734791874885559,
      -0.3604329824447632,
      -0.21490120887756348,
      0.30263832211494446,
      0.9285619854927063
    ],
    [
      0.9370944499969482,
      0.18770305812358856,
      -0.2943153977394104,
      -0.16655372083187103,
      0.9813882112503052,
      0.09558793902397156,
      0.30677980184555054,
      -0.04055560752749443,
      0.9509161114692688
    ],
    [
      0.9669072031974792,
      -0.20589198172092438,
      0.15066175162792206,
      0.18557660281658173,
      0.9728250503540039,
      0.13846583664417267,
      -0.17507652938365936,
      -0.1059243232011795,
      0.9788402915000916
    ]
  ],
  "root_rot": [
    -0.9988196492195129,
    -0.02913380041718483,
    -0.038868214935064316,
    0.024229416623711586,
    -0.992335855960846,
    0.12117096781730652,
    -0.04210050031542778,
    0.120086170732975,
    0.9918704628944397
  ],
  "root_trans": [
    0.35593634843826294,
    0.6424094438552856,
    2.9002761840820312
  ]
}