{
  "betas": [
    -1.1031310558319092,
    0.8003504276275635,
    1.7549628019332886,
    0.45545703172683716,
    0.3423117399215698,
    0.22538232803344727,
    -0.2726428508758545,
    0.4124749004840851,
    0.1309487223625183,
    0.9498195052146912
  ],
  "joints": [
    [
      0.9929147362709045,
      -0.11056134104728699,
      0.043548546731472015,
      0.1177610456943512,
      0.9645509719848633,
      -0.23616473376750946,
      -0.015894101932644844,
      0.23961977660655975,
      0.9707366824150085
    ],
    [
      0.9863385558128357,
      0.16440191864967346,
      -0.01040318887680769,
      -0.1451808214187622,
      0.8973872661590576,
      0.4166756272315979,
      0.07783796638250351,
      -0.40947291254997253,
      0.9089956879615784
    ],
    [
      0.9983119964599609,
      -0.057208750396966934,
      -0.010021152906119823,
      0.05655309557914734,
      0.9967917799949646,
      -0.05663882568478584,
      0.01322923880070448,
      0.05597648397088051,
      0.9983445405960083
    ],
    [
      0.9930769801139832,
      0.0644013062119484,
      -0.09823748469352722,
      -0.06979913264513016,
      0.9961768388748169,
      -0.0525340661406517,
      0.09447863698005676,
      0.059027258306741714,
      0.9937754273414612
    ],
    [
      0.9994984865188599,
      -0.028583059087395668,
      0.013630158267915249,
      0.03153806924819946,
      0.9372515082359314,
      -0.34722456336021423,
      -0.0028501430060714483,
      0.34748029708862305,
      0.9376829266548157
    ],
    [
      0.9962891340255737,
      0.03949366882443428,
      -0.07647348940372467,
      -0.04026848077774048,
      0.9991517663002014,
      -0.008615784347057343,
      0.07606834918260574,
      0.011663283221423626,
      0.9970343708992004
    ],
    [
      0.9938843250274658,
      -0.0042286645621061325,
      0.11034524440765381,
      -0.018448693677783012,
      0.9788635969161987,
      0.20368021726608276,
      -0.10887424647808075,
      -0.20447030663490295,
      0.9727991819381714
    ],
    [
      0.8788856267929077,
      -0.41426873207092285,
      -0.2365197092294693,
      0.43969374895095825,
      0.8958039283752441,
      0.06484437733888626,
      0.18501228094100952,
      -0.1609870195388794,
      0.9694605469703674
    ],
    [
      0.9955822825431824,
      0.05273592099547386,
      0.07768477499485016,
      -0.05157136544585228,
      0.9985259175300598,
      -0.01692279800772667,
      -0.07846270501613617,
      0.0128417257219553,
      0.996834397315979
    ],
    [
      0.9681158661842346,
      -0.24593491852283478,
      0.0476205088198185,
      0.14159588515758514,
      0.6940628290176392,
      0.7058522701263428,
      -0.20664532482624054,
      -0.6766039133071899,
      0.706756591796875
    ],
    [
      0.8025348782539368,
      0.2847309410572052,
      0.524276614189148,
      -0.5161688327789307,
      0.7720450758934021,
      0.3708316385746002,
      -0.29917794466018677,
      -0.5682206153869629,
      0.7665623426437378
    ],
    [
      0.9464754462242126,
      -0.04215855523943901,
      -0.32001054286956787,
      0.017415720969438553,
      0.9966593980789185,
      -0.07979162037372589,
      0.32230544090270996,
      0.06994760781526566,
      0.9440478682518005
    ],
    [
      0.99424809217453,
      0.008156411349773407,
      0.10679029673337936,
      -0.004033207427710295,
      0.9992400407791138,
      -0.03876941278576851,
      -0.10702536255121231,
      0.03811570629477501,
      0.9935253858566284
    ],
    [
      0.9084722399711609,
      0.08732710778713226,
      0.40872013568878174,
      -0.1791277378797531,
      0.964911162853241,
      0.19198879599571228,
      -0.37761279940605164,
      -0.24762961268424988,
      0.8922377228736877
    ],
    [
      0.9956497550010681,
      -0.0382961668074131,
      -0.08494049310684204,
      0.04673336073756218,
      0.9939217567443848,
      0.09967764467000961,
      0.08060692250728607,
      -0.1032135859131813,
      0.991387665271759
    ],
    [
      0.59283047914505,
      0.7785253524780273,
      -0.20603466033935547,
      -0.7708181142807007,
      0.4744523763656616,
      -0.42512860894203186,
      -0.23321978747844696,
      0.41084444522857666,
      0.8813713192939758
    ],
    [
      0.8333420157432556,
      -0.2927335798740387,
      0.46887972950935364,
      0.21123556792736053,
      0.9525262117385864,
      0.21925653517246246,
      -0.5108039379119873,
      -0.08367161452770233,
      0.8556158542633057
    ],
    [
      -0.4506723880767822,
      -0.31415119767189026,
      -0.8355857729911804,
      -0.0832735076546669,
      0.946744978427887,
      -0.3110297918319702,
      0.8887969851493835,
      -0.07059039920568466,
      -0.45283228158950806
    ],
    [
      -0.5524132251739502,
      0.0986010879278183,
      0.827718198299408,
      -0.1416194587945938,
      0.9674420952796936,
      -0.2097613662481308,
      -0.8214520812034607,
      -0.23309597373008728,
      -0.5204640030860901
    ],
    [
      0.9742105007171631,
      -0.22550007700920105,
      -0.007975121028721333,
      0.20694807171821594,
      0.907030463218689,
      -0.36669906973838806,
      0.08992435038089752,
      0.35559165477752686,
      0.9303054213523865
    ],
    [
      0.95908123254776,
      0.2766765356063843,
      0.06011125072836876,
      -0.23524697124958038,
      0.8968518376350403,
      -0.3745873272418976,
      -0.1575504094362259,
      0.3451186418533325,
      0.9252411127090454
    ],
    [
      0.8787373304367065,
      0.17038464546203613,
      -0.4458584785461426,
      -0.15825332701206207,
      0.9852814674377441,
      0.06462524086236954,
      0.4503071904182434,
      0.013769972138106823,
      0.8927675485610962
    ],
    [
      0.9412854313850403,
      -0.28496575355529785,
      0.18104223906993866,
      0.17794805765151978,
      0.8744751214981079,
      0.4512513279914856,
      -0.2869081199169159,
      -0.39254018664360046,
      0.873839795589447
    ]
  ],
  "root_rot": [
    0.9791991114616394,
    0.024778077378869057,
    -0.20138268172740936,
    0.027788961306214333,
    -0.9995400905609131,
    0.012137318961322308,
    -0.20098933577537537,
    -0.017481070011854172,
    -0.9794373512268066
  ],
  "root_trans": [
    -0.43896737694740295,
    0.5886800289154053,
    1.8770533800125122
  ]
}