{
  "betas": [
    -0.6698649525642395,
    1.0564298629760742,
    1.7695492506027222,
    0.7606966495513916,
    0.37341707944869995,
    0.23940452933311462,
    0.13767491281032562,
    0.5556803941726685,
    0.08631876856088638,
    1.0243432521820068
  ],
  "joints": [
    [
      0.9921619892120361,
      -0.12122821062803268,
      -0.030303310602903366,
      0.12075384706258774,
      0.9925364255905151,
      -0.017028870061039925,
      0.03214151784777641,
      0.013236155733466148,
      0.9993956685066223
    ],
    [
      0.9436448812484741,
      0.3245062828063965,
      -0.06503754109144211,
      -0.27198871970176697,
      0.8723464012145996,
      0.40624362230300903,
      0.18856386840343475,
      -0.36566027998924255,
      0.911447286605835
    ],
    [
      0.9974494576454163,
      -0.0685424655675888,
      -0.01991039700806141,
      0.06655260920524597,
      0.9939321279525757,
      -0.08757684379816055,
      0.02579231560230255,
      0.08602839708328247,
      0.9959587454795837
    ],
    [
      0.9979187250137329,
      0.0235613863915205,
      -0.060024894773960114,
      -0.03726158291101456,
      0.970411479473114,
      -0.23856471478939056,
      0.052627939730882645,
      0.2403048425912857,
      0.9692696928977966
    ],
    [
      0.9999565482139587,
      0.0031032213009893894,
      -0.00878818891942501,
      -0.006295613944530487,
      0.9201955199241638,
      -0.3914083242416382,
      0.006872226484119892,
      0.39144667983055115,
      0.9201750755310059
    ],
    [
      0.9967992901802063,
      0.03558668866753578,
      -0.07158814370632172,
      -0.029766667634248734,
      0.9962870478630066,
      0.08078405261039734,
      0.0741971805691719,
      -0.07839453965425491,
      0.9941574931144714
    ],
    [
      0.9968092441558838,
      0.05211525037884712,
      0.06046083942055702,
      -0.05568717047572136,
      0.9967046976089478,
      0.058979593217372894,
      -0.057187870144844055,
      -0.06215828284621239,
      0.9964265823364258
    ],
    [
      0.8914210796356201,
      -0.4424857199192047,
      -0.09785084426403046,
      0.42246830463409424,
      0.8895443081855774,
      -0.17387188971042633,
      0.16397850215435028,
      0.11365419626235962,
      0.979894757270813
    ],
    [
      0.990838885307312,
      0.06033509969711304,
      0.12082215398550034,
      -0.05574554577469826,
      0.9976021647453308,
      -0.04101547971367836,
      -0.12300712615251541,
      0.033904436975717545,
      0.9918264150619507
    ],
    [
      0.9705886244773865,
      -0.20024561882019043,
      0.1336393803358078,
      0.08355921506881714,
      0.8008079528808594,
      0.5930636525154114,
      -0.22577787935733795,
      -0.5644540190696716,
      0.7939874529838562
    ],
    [
      0.8225308656692505,
      0.5331283807754517,
      0.1980331391096115,
      -0.559251606464386,
      0.8214929103851318,
      0.11129689961671829,
      -0.1033472940325737,
      -0.2022954821586609,
      0.9738561511039734
    ],
    [
      0.9049867391586304,
      -0.11402661353349686,
      -0.4098743498325348,
      0.05657908320426941,
      0.9871128797531128,
      -0.14968933165073395,
      0.4216608703136444,
      0.11227653175592422,
      0.8997755646705627
    ],
    [
      0.9957993030548096,
      0.05907082185149193,
      0.06996019184589386,
      -0.06570716202259064,
      0.9931420087814331,
      0.09670407325029373,
      -0.06376800686120987,
      -0.10089472681283951,
      0.9928514957427979
    ],
    [
      0.9532559514045715,
      0.015322837047278881,
      0.3017752170562744,
      -0.07983843237161636,
      0.9759933948516846,
      0.2026391625404358,
      -0.2914256155490875,
      -0.2172602415084839,
      0.9315948486328125
    ],
    [
      0.9585620164871216,
      -0.05928907170891762,
      -0.2786460816860199,
      0.10011914372444153,
      0.9858211874961853,
      0.13465823233127594,
      0.26671141386032104,
      -0.15697607398033142,
      0.9509066939353943
    ],
    [
      0.5859723091125488,
      0.7454558610916138,
      -0.31769806146621704,
      -0.8017012476921082,
      0.47625237703323364,
      -0.3611907362937927,
      -0.11794726550579071,
      0.4663466811180115,
      0.8767035603523254
    ],
    [
      0.8997015357017517,
      -0.15316952764987946,
      0.4087495505809784,
      0.04519401118159294,
      0.9640673995018005,
      0.2617851793766022,
      -0.43415963649749756,
      -0.21705548465251923,
      0.8742952942848206
    ],
    [
      -0.39985936880111694,
      -0.35603561997413635,
      -0.8446010947227478,
      -0.18990109860897064,
      0.9336596727371216,
      -0.303672730922699,
      0.8966883420944214,
      0.03896432742476463,
      -0.440944105386734
    ],
    [
      -0.6610649228096008,
      0.017293842509388924,
      0.7501293420791626,
      -0.15320904552936554,
      0.9755602478981018,
      -0.1575092375278473,
      -0.7345203161239624,
      -0.21905045211315155,
      -0.6422590613365173
    ],
    [
      0.9867902994155884,
      -0.16077259182929993,
      -0.01992763578891754,
      0.14510031044483185,
      0.931826651096344,
      -0.3326335847377777,
      0.07204745709896088,
      0.3253480792045593,
      0.9428456425666809
    ],
    [
      0.9239823222160339,
      0.32735779881477356,
      0.1977209448814392,
      -0.23325736820697784,
      0.892103374004364,
      -0.3869659900665283,
      -0.3030638098716736,
      0.311429888010025,
      0.9006463885307312
    ],
    [
      0.7676284313201904,
      0.4610752463340759,
      -0.4451473653316498,
      -0.32224205136299133,
      0.8780608177185059,
      0.3537926971912384,
      0.5539914965629578,
      -0.12813611328601837,
      0.8226022720336914
    ],
    [
      0.9082070589065552,
      -0.3419892191886902,
      0.24125359952449799,
      0.2328052967786789,
      0.8918450474739075,
      0.38783255219459534,
      -0.34779539704322815,
      -0.29606711864471436,
      0.8895968794822693
    ]
  ],
  "root_rot": [
    -0.4251863956451416,
    -0.0331408865749836,
    0.9044989347457886,
    -0.05896798521280289,
    -0.9961920976638794,
    -0.06422017514705658,
    0.903182864189148,
    -0.08064202219247818,
    0.42161306738853455
  ],
  "root_trans": [
    0.5450382232666016,
    0.6076369881629944,
    2.268195152282715
  ]
}