{
  "betas": [
    -1.2711567878723145,
    0.4146330654621124,
    2.007493734359741,
    1.2342498302459717,
    0.6960535049438477,
    0.594059407711029,
    -0.6173700094223022,
    0.6453671455383301,
    -0.0177859365940094,
    1.0097780227661133
  ],
  "joints": [
    [
      0.9981195330619812,
      -0.033426206558942795,
      0.05138248950242996,
      0.045194026082754135,
      0.9675886631011963,
      -0.248454749584198,
      -0.04141221195459366,
      0.25030970573425293,
      0.9672797918319702
    ],
    [
      0.9564072489738464,
      0.2914513349533081,
      0.01847764663398266,
      -0.2759521007537842,
      0.8812122344970703,
      0.3838169276714325,
      0.09558124095201492,
      -0.3721841871738434,
      0.9232243895530701
    ],
    [
      0.9915726184844971,
      -0.12929494678974152,
      -0.008163081482052803,
      0.12891574203968048,
      0.9909781217575073,
      -0.03664756193757057,
      0.012827780097723007,
      0.03528636693954468,
      0.9992949366569519
    ],
    [
      0.9975275993347168,
      0.06453781574964523,
      -0.027811681851744652,
      -0.06564588844776154,
      0.9970018267631531,
      -0.04096407815814018,
      0.025084564462304115,
      0.0426885262131691,
      0.998773455619812
    ],
    [
      0.998162031173706,
      -0.04869542643427849,
      0.03607222065329552,
      0.06029975786805153,
      0.8573364615440369,
      -0.5112124085426331,
      -0.0060323202051222324,
      0.5124480128288269,
      0.8586969971656799
    ],
    [
      0.9992879629135132,
      0.016352714970707893,
      -0.034003011882305145,
      -0.014085568487644196,
      0.9977283477783203,
      0.06587749719619751,
      0.035003043711185455,
      -0.06535163521766663,
      0.9972482919692993
    ],
    [
      0.9552067518234253,
      -0.13665533065795898,
      0.2624984681606293,
      0.07543076574802399,
      0.9701301455497742,
      0.23055943846702576,
      -0.2861648499965668,
      -0.2004314661026001,
      0.9369828701019287
    ],
    [
      0.7920395731925964,
      -0.5885422229766846,
      -0.1621459424495697,
      0.5852673649787903,
      0.8075960278511047,
      -0.07246251404285431,
      0.17359566688537598,
      -0.037505537271499634,
      0.9841025471687317
    ],
    [
      0.9955361485481262,
      0.009503323584794998,
      0.09390172362327576,
      -0.005284458864480257,
      0.998969554901123,
      -0.04507562890648842,
      -0.09423334151506424,
      0.04437819495797157,
      0.9945605397224426
    ],
    [
      0.9513290524482727,
      -0.3060716986656189,
      0.03596051037311554,
      0.1953606903553009,
      0.6891962289810181,
      0.6977412700653076,
      -0.23834267258644104,
      -0.6567562818527222,
      0.7154467701911926
    ],
    [
      0.7539145946502686,
      0.120594821870327,
      0.6458092331886292,
      -0.4993683993816376,
      0.7439490556716919,
      0.44403937458992004,
      -0.42690035700798035,
      -0.6572645306587219,
      0.6210952997207642
    ],
    [
      0.9463629126548767,
      0.03658514469861984,
      -0.32102781534194946,
      -0.039004918187856674,
      0.9992384314537048,
      -0.001107460935600102,
      0.32074278593063354,
      0.013569722883403301,
      0.9470691680908203
    ],
    [
      0.99737548828125,
      0.014022200368344784,
      0.07103116810321808,
      -0.012025125324726105,
      0.9995223879814148,
      -0.02846512757241726,
      -0.07139639556407928,
      0.027536261826753616,
      0.9970677495002747
    ],
    [
      0.910221517086029,
      0.06992137432098389,
      0.4081761837005615,
      -0.14250448346138,
      0.9783328771591187,
      0.15019065141677856,
      -0.38883066177368164,
      -0.19487369060516357,
      0.9004637598991394
    ],
    [
      0.995927631855011,
      -0.08461616188287735,
      -0.031116219237446785,
      0.08712778985500336,
      0.992034375667572,
      0.09097570925951004,
      0.023170340806245804,
      -0.09331630915403366,
      0.9953668713569641
    ],
    [
      0.5156089663505554,
      0.8308912515640259,
      -0.20920602977275848,
      -0.8309611082077026,
      0.4253738820552826,
      -0.3585536777973175,
      -0.20892833173274994,
      0.35871556401252747,
      0.9097649455070496
    ],
    [
      0.9207137227058411,
      -0.04136849194765091,
      0.38803961873054504,
      -0.03987348452210426,
      0.979188084602356,
      0.19899915158748627,
      -0.38819611072540283,
      -0.19869375228881836,
      0.8999024033546448
    ],
    [
      -0.3213474750518799,
      -0.35435929894447327,
      -0.8781601190567017,
      -0.042090125381946564,
      0.9317736625671387,
      -0.36059150099754333,
      0.9460254311561584,
      -0.07891328632831573,
      -0.31433814764022827
    ],
    [
      -0.6097617149353027,
      0.043039076030254364,
      0.7914153933525085,
      -0.3785419464111328,
      0.8614645600318909,
      -0.33850371837615967,
      -0.6963452696800232,
      -0.5059905648231506,
      -0.5089960098266602
    ],
    [
      0.9334620237350464,
      -0.3551497459411621,
      0.05017288401722908,
      0.3540952801704407,
      0.89019376039505,
      -0.2866559326648712,
      0.05714220181107521,
      0.28534838557243347,
      0.956718921661377
    ],
    [
      0.8486032485961914,
      0.5278369784355164,
      -0.03550532087683678,
      -0.4841606914997101,
      0.7478299140930176,
      -0.454245388507843,
      -0.21321554481983185,
      0.4026644229888916,
      0.8901688456535339
    ],
    [
      0.6986386775970459,
      0.6940802335739136,
      -0.1736566573381424,
      -0.3130241334438324,
      0.5147717595100403,
      0.7981390953063965,
      0.6433660984039307,
      -0.5032520890235901,
      0.5769033432006836
    ],
    [
      0.9274399876594543,
      -0.36283546686172485,
      0.09058402478694916,
      0.2000310868024826,
      0.685958206653595,
      0.6996062397956848,
      -0.3159788250923157,
      -0.6307231783866882,
      0.7087634205818176
    ]
  ],
  "root_rot": [
    0.8199574947357178,
    0.028500594198703766,
    -0.5717144012451172,
    -0.1999836415052414,
    -0.9215627908706665,
    -0.3327591121196747,
    -0.5363544821739197,
    0.3871818780899048,
    -0.7499426603317261
  ],
  "root_trans": [
    -0.6966332197189331,
    0.7501299381256104,
    2.128131151199341
  ]
}