{
  "betas": [
    -1.3294086456298828,
    1.0887703895568848,
    2.041963577270508,
    0.7957257628440857,
    0.5921162962913513,
    0.04054766520857811,
    -0.3699844479560852,
    0.39600586891174316,
    0.23908434808254242,
    1.0007941722869873
  ],
  "joints": [
    [
      0.9963855147361755,
      -0.08449286967515945,
      0.008764988742768764,
      0.08493724465370178,
      0.9924668669700623,
      -0.08829061686992645,
      -0.001239032601006329,
      0.08871597051620483,
      0.9960561990737915
    ],
    [
      0.9847684502601624,
      0.17386984825134277,
      -0.0005650576204061508,
      -0.16011230647563934,
      0.9081056714057922,
      0.386921226978302,
      0.0677870661020279,
      -0.3809373676776886,
      0.9221125245094299
    ],
    [
      0.9987984895706177,
      -0.04878783971071243,
      0.004614073317497969,
      0.048925962299108505,
      0.998110294342041,
      -0.03717513754963875,
      -0.0027916596736758947,
      0.03735622018575668,
      0.9992980360984802
    ],
    [
      0.9956401586532593,
      0.08054204285144806,
      -0.047050170600414276,
      -0.08481161296367645,
      0.9916459918022156,
      -0.09718640148639679,
      0.03882952407002449,
      0.10075307637453079,
      0.9941534996032715
    ],
    [
      0.9987213015556335,
      -0.03082417882978916,
      0.0400727316737175,
      0.04491792619228363,
      0.9047722816467285,
      -0.42352035641670227,
      -0.02320202626287937,
      0.4247787296772003,
      0.9049999117851257
    ],
    [
      0.9955913424491882,
      0.04253300651907921,
      -0.0835987776517868,
      -0.042312007397413254,
      0.9990946650505066,
      0.004414294380694628,
      0.08371084928512573,
      -0.000857601233292371,
      0.9964896440505981
    ],
    [
      0.9955012798309326,
      -0.013330662623047829,
      0.09380576759576797,
      -0.011827807873487473,
      0.9648237824440002,
      0.26263129711151123,
      -0.09400708228349686,
      -0.26255929470062256,
      0.9603256583213806
    ],
    [
      0.8623190522193909,
      -0.44043904542922974,
      -0.24983857572078705,
      0.4822435677051544,
      0.8647885918617249,
      0.13993483781814575,
      0.15442480146884918,
      -0.24115152657032013,
      0.9581225514411926
    ],
    [
      0.9955568909645081,
      0.055472370237112045,
      0.07608705759048462,
      -0.0527951605618,
      0.9979285597801208,
      -0.03675898164510727,
      -0.07796856015920639,
      0.03257863223552704,
      0.9964233040809631
    ],
    [
      0.9600837230682373,
      -0.2796826958656311,
      -0.004109248053282499,
      0.18261516094207764,
      0.6156108379364014,
      0.7665996551513672,
      -0.21187496185302734,
      -0.7367502450942993,
      0.6421122550964355
    ],
    [
      0.7698115706443787,
      0.21300534904003143,
      0.6016800999641418,
      -0.5623316168785095,
      0.672290563583374,
      0.4814649820327759,
      -0.30194923281669617,
      -0.7089810371398926,
      0.6373167037963867
    ],
    [
      0.9623467326164246,
      -0.0824391320347786,
      -0.2590220868587494,
      0.06894902139902115,
      0.9957683682441711,
      -0.060756977647542953,
      0.26293474435806274,
      0.04060996323823929,
      0.9639585614204407
    ],
    [
      0.9991397261619568,
      0.003417092841118574,
      0.04132901877164841,
      -0.004022412933409214,
      0.9998857378959656,
      0.014572232030332088,
      -0.041274502873420715,
      -0.014725939370691776,
      0.9990392923355103
    ],
    [
      0.8775442242622375,
      0.15767180919647217,
      0.45283082127571106,
      -0.2977260947227478,
      0.9194583892822266,
      0.2568182051181793,
      -0.37586602568626404,
      -0.36018887162208557,
      0.8538084030151367
    ],
    [
      0.9986385107040405,
      -0.05208893120288849,
      0.002787034260109067,
      0.05145151913166046,
      0.9923993945121765,
      0.11178679019212723,
      -0.008588705211877823,
      -0.11149120330810547,
      0.9937282800674438
    ],
    [
      0.5483599901199341,
      0.7952682971954346,
      -0.25855326652526855,
      -0.830962061882019,
      0.4835079312324524,
      -0.27517664432525635,
      -0.09382669627666473,
      0.3657437860965729,
      0.9259741902351379
    ],
    [
      0.8427510857582092,
      -0.2678070366382599,
      0.46695831418037415,
      0.15164868533611298,
      0.9504438638687134,
      0.2714022099971771,
      -0.5165010690689087,
      -0.15791089832782745,
      0.8416001796722412
    ],
    [
      -0.3841210901737213,
      -0.31717053055763245,
      -0.8670951724052429,
      0.011970777064561844,
      0.937353789806366,
      -0.34817320108413696,
      0.9232051968574524,
      -0.1441204994916916,
      -0.3562605679035187
    ],
    [
      -0.5821603536605835,
      0.08025513589382172,
      0.8091034293174744,
      -0.22874853014945984,
      0.9387562274932861,
      -0.25770291686058044,
      -0.7802329063415527,
      -0.33510562777519226,
      -0.5281484127044678
    ],
    [
      0.9795165061950684,
      -0.20129607617855072,
      0.0052362349815666676,
      0.188958540558815,
      0.9098734259605408,
      -0.3693576753139496,
      0.06958593428134918,
      0.3627813160419464,
      0.9292726516723633
    ],
    [
      0.9371119737625122,
      0.3490082323551178,
      0.0037954654544591904,
      -0.32005244493484497,
      0.8636001944541931,
      -0.3895654082298279,
      -0.13923929631710052,
      0.3638516664505005,
      0.9209910035133362
    ],
    [
      0.9084177017211914,
      0.3093077540397644,
      -0.2812580168247223,
      -0.19330954551696777,
      0.9072965383529663,
      0.3734225034713745,
      0.37068691849708557,
      -0.2848537266254425,
      0.8839963674545288
    ],
    [
      0.9002282619476318,
      -0.39844411611557007,
      0.17558863759040833,
      0.26624733209609985,
      0.8228116631507874,
      0.5020889639854431,
      -0.34453079104423523,
      -0.4052446782588959,
      0.8468030095100403
    ]
  ],
  "root_rot": [
    0.9987624287605286,
    0.04669532924890518,
    0.017122622579336166,
    0.048731595277786255,
    -0.987605094909668,
    -0.1492026001214981,
    0.009943324141204357,
    0.14985236525535583,
    -0.9886584281921387
  ],
  "root_trans": [
    -0.3635844886302948,
    0.5598717927932739,
    1.8479933738708496
  ]
}