{
  "betas": [
    -0.820487916469574,
    1.0771756172180176,
    1.5280629396438599,
    0.3078657388687134,
    -0.24755114316940308,
    -0.41901135444641113,
    0.16306525468826294,
    0.5646267533302307,
    0.2816108763217926,
    1.139458417892456
  ],
  "joints": [
    [
      0.983365535736084,
      -0.18060407042503357,
      -0.019348399713635445,
      0.18120606243610382,
      0.9827857613563538,
      0.036007899791002274,
      0.01251215673983097,
      -0.03891497477889061,
      0.9991642236709595
    ],
    [
      0.9577520489692688,
      0.2738792598247528,
      -0.08775579929351807,
      -0.23186369240283966,
      0.9158551692962646,
      0.3277934193611145,
      0.17014741897583008,
      -0.2935974895954132,
      0.9406648278236389
    ],
    [
      0.9989794492721558,
      0.03223571181297302,
      0.031638748943805695,
      -0.02655508555471897,
      0.9857821464538574,
      -0.16591699421405792,
      -0.03653736412525177,
      0.16490748524665833,
      0.9856321215629578
    ],
    [
      0.9992980360984802,
      0.015690380707383156,
      -0.034018054604530334,
      -0.020337585359811783,
      0.9898168444633484,
      -0.14088691771030426,
      0.031461067497730255,
      0.14147986471652985,
      0.9894411563873291
    ],
    [
      0.9999318718910217,
      0.010801849886775017,
      0.004421527031809092,
      -0.009324328042566776,
      0.9671465754508972,
      -0.25404825806617737,
      -0.007020456716418266,
      0.25398972630500793,
      0.967181384563446
    ],
    [
      0.9962133169174194,
      0.019812073558568954,
      -0.08465561270713806,
      -0.01589859090745449,
      0.9987844824790955,
      0.04665498062968254,
      0.08547705411911011,
      -0.04513240605592728,
      0.9953173995018005
    ],
    [
      0.9920588135719299,
      0.12037180364131927,
      0.03646628558635712,
      -0.11703433841466904,
      0.9896630048751831,
      -0.08288680762052536,
      -0.046066563576459885,
      0.0779607892036438,
      0.9958915114402771
    ],
    [
      0.8962907791137695,
      -0.433419406414032,
      -0.09386315196752548,
      0.3717113435268402,
      0.8496773838996887,
      -0.37400397658348083,
      0.2418539971113205,
      0.3003263771533966,
      0.9226649403572083
    ],
    [
      0.9962366223335266,
      0.05979100987315178,
      0.0627501979470253,
      -0.05666103959083557,
      0.9971140623092651,
      -0.05052817985415459,
      -0.06559023261070251,
      0.04678253456950188,
      0.9967493414878845
    ],
    [
      0.9563541412353516,
      -0.26924872398376465,
      0.11354263126850128,
      0.17586547136306763,
      0.8406623601913452,
      0.5122091770172119,
      -0.23336264491081238,
      -0.46988511085510254,
      0.8513224720954895
    ],
    [
      0.893940269947052,
      0.44498729705810547,
      0.05345131829380989,
      -0.44755542278289795,
      0.8799868822097778,
      0.15911394357681274,
      0.02376723289489746,
      -0.16616080701351166,
      0.9858121871948242
    ],
    [
      0.9510884881019592,
      -0.18310166895389557,
      -0.24880585074424744,
      0.13242672383785248,
      0.9693111181259155,
      -0.20712105929851532,
      0.27909448742866516,
      0.1640419363975525,
      0.9461482167243958
    ],
    [
      0.9824703931808472,
      0.024101804941892624,
      0.184854194521904,
      -0.046409714967012405,
      0.9920092225074768,
      0.1173192486166954,
      -0.1805494725704193,
      -0.12384171783924103,
      0.9757382273674011
    ],
    [
      0.9517199993133545,
      0.057086460292339325,
      0.30161261558532715,
      -0.1591932773590088,
      0.9318890571594238,
      0.3259451687335968,
      -0.26246243715286255,
      -0.35822322964668274,
      0.8959852457046509
    ],
    [
      0.9690899848937988,
      -0.07805074751377106,
      -0.2340357005596161,
      0.13982295989990234,
      0.9553297758102417,
      0.2603740096092224,
      0.20325887203216553,
      -0.2850494086742401,
      0.9367138147354126
    ],
    [
      0.5520498156547546,
      0.7275886535644531,
      -0.40725404024124146,
      -0.8263744115829468,
      0.4123377501964569,
      -0.3835139274597168,
      -0.11111412197351456,
      0.5482630729675293,
      0.8288916349411011
    ],
    [
      0.7657526731491089,
      -0.4692435562610626,
      0.439810574054718,
      0.3683086633682251,
      0.8805696368217468,
      0.2982379198074341,
      -0.5272300243377686,
      -0.06639041751623154,
      0.8471249938011169
    ],
    [
      -0.4198633134365082,
      -0.4310648441314697,
      -0.7986851334571838,
      -0.22989287972450256,
      0.9018223285675049,
      -0.3658767640590668,
      0.8779886364936829,
      0.029993772506713867,
      -0.4777408540248871
    ],
    [
      -0.5604336857795715,
      0.2651236057281494,
      0.7846168279647827,
      -0.12251947820186615,
      0.9104124903678894,
      -0.395143061876297,
      -0.8190867304801941,
      -0.3175823390483856,
      -0.4777430295944214
    ],
    [
      0.9630753397941589,
      -0.25778743624687195,
      0.077662393450737,
      0.2637028992176056,
      0.8450409173965454,
      -0.46515223383903503,
      0.05428250506520271,
      0.4684564769268036,
      0.8818173408508301
    ],
    [
      0.9701416492462158,
      0.19616970419883728,
      0.1426277905702591,
      -0.14111293852329254,
      0.9348132014274597,
      -0.3259009122848511,
      -0.197262242436409,
      0.29604339599609375,
      0.934583306312561
    ],
    [
      0.8909255266189575,
      0.423053115606308,
      -0.16515980660915375,
      -0.31487393379211426,
      0.8374754190444946,
      0.4466424584388733,
      0.3272707462310791,
      -0.3459206521511078,
      0.8793365955352783
    ],
    [
      0.8799578547477722,
      -0.363482266664505,
      0.30586719512939453,
      0.241296648979187,
      0.896608829498291,
      0.37130656838417053,
      -0.4092065691947937,
      -0.2529294192790985,
      0.8766850233078003
    ]
  ],
  "root_rot": [
    -0.8206495642662048,
    -0.06672985106706619,
    0.5675222873687744,
    0.24290868639945984,
    -0.9396965503692627,
    0.2407606840133667,
    0.5172328352928162,
    0.3354361951351166,
    0.7873708009719849
  ],
  "root_trans": [
    0.543337345123291,
    0.7785723805427551,
    2.664267063140869
  ]
}