{
  "betas": [
    -0.7626448273658752,
    1.4857128858566284,
    1.3221442699432373,
    0.09603449702262878,
    -0.07660692930221558,
    0.28395330905914307,
    0.20580202341079712,
    0.4860999286174774,
    0.6687482595443726,
    1.082656979560852
  ],
  "joints": [
    [
      0.9966300129890442,
      -0.01943039335310459,
      -0.07969484478235245,
      0.005184730980545282,
      0.9845196604728699,
      -0.17519791424274445,
      0.08186529576778412,
      0.17419427633285522,
      0.9813025593757629
    ],
    [
      0.9944814443588257,
      0.09823828190565109,
      -0.03682330995798111,
      -0.06925086677074432,
      0.87833571434021,
      0.4730018079280853,
      0.07881011068820953,
      -0.4678414463996887,
      0.8802916407585144
    ],
    [
      0.9956907629966736,
      -0.091180220246315,
      -0.01691545732319355,
      0.08822079747915268,
      0.9875438213348389,
      -0.13028576970100403,
      0.02858424000442028,
      0.12823203206062317,
      0.9913322329521179
    ],
    [
      0.9976372718811035,
      -0.012409540824592113,
      -0.06757153570652008,
      0.0027594079729169607,
      0.9899954199790955,
      -0.14107297360897064,
      0.0686461478471756,
      0.14055319130420685,
      0.9876905679702759
    ],
    [
      0.9912631511688232,
      -0.027272451668977737,
      -0.12904898822307587,
      -0.040227893739938736,
      0.8692646026611328,
      -0.49270758032798767,
      0.12561507523059845,
      0.4935941994190216,
      0.860572874546051
    ],
    [
      0.9990071654319763,
      0.03688506409525871,
      -0.0249833595007658,
      -0.03695445880293846,
      0.9993141889572144,
      -0.002321450039744377,
      0.024880602955818176,
      0.003242391860112548,
      0.9996851086616516
    ],
    [
      0.9936081171035767,
      0.017103658989071846,
      0.11158112436532974,
      -0.037833914160728455,
      0.9817417860031128,
      0.1864178329706192,
      -0.10635542869567871,
      -0.18944783508777618,
      0.9761136770248413
    ],
    [
      0.9054782390594482,
      -0.3242054879665375,
      -0.2738611400127411,
      0.29392877221107483,
      0.9445544481277466,
      -0.14636488258838654,
      0.3061290979385376,
      0.05203454568982124,
      0.950566828250885
    ],
    [
      0.9915655255317688,
      0.046095188707113266,
      0.12113186717033386,
      -0.04678654298186302,
      0.998900830745697,
      0.0028680311515927315,
      -0.12086650729179382,
      -0.008511182852089405,
      0.992632269859314
    ],
    [
      0.9325425028800964,
      -0.3593056797981262,
      -0.035552553832530975,
      0.3383020758628845,
      0.8351106643676758,
      0.433753103017807,
      -0.1261596381664276,
      -0.4165206849575043,
      0.9003300666809082
    ],
    [
      0.8609610795974731,
      0.454100102186203,
      0.22921404242515564,
      -0.46622005105018616,
      0.8846676349639893,
      -0.001441280823200941,
      -0.20343272387981415,
      -0.1056232899427414,
      0.9733749628067017
    ],
    [
      0.9199392199516296,
      0.010720524936914444,
      -0.39191433787345886,
      -0.014880645088851452,
      0.9998605847358704,
      -0.007578847464174032,
      0.39177843928337097,
      0.012804017402231693,
      0.9199705123901367
    ],
    [
      0.9399871230125427,
      0.26175254583358765,
      0.21888315677642822,
      -0.24704459309577942,
      0.9645729064941406,
      -0.09256383031606674,
      -0.23535758256912231,
      0.032934900373220444,
      0.9713506698608398
    ],
    [
      0.9705848693847656,
      -0.06182879954576492,
      0.23268474638462067,
      0.03701241314411163,
      0.9932920932769775,
      0.10954893380403519,
      -0.23789718747138977,
      -0.09771431237459183,
      0.966362714767456
    ],
    [
      0.9969930648803711,
      0.06438063085079193,
      -0.043127961456775665,
      -0.05910065025091171,
      0.9917027950286865,
      0.11416074633598328,
      0.05011986196041107,
      -0.11126857250928879,
      0.9925257563591003
    ],
    [
      0.6511502265930176,
      0.7239134907722473,
      -0.22793130576610565,
      -0.7412293553352356,
      0.5420728325843811,
      -0.3958991765975952,
      -0.1630413830280304,
      0.4267391860485077,
      0.8895567655563354
    ],
    [
      0.7482019662857056,
      -0.4289182722568512,
      0.5061846971511841,
      0.32334086298942566,
      0.9019277095794678,
      0.2863164246082306,
      -0.5793483257293701,
      -0.05055229738354683,
      0.8135108947753906
    ],
    [
      -0.4588090479373932,
      -0.27777501940727234,
      -0.8439996242523193,
      -0.09852408617734909,
      0.9599247574806213,
      -0.2623690366744995,
      0.8830556273460388,
      -0.037223007529973984,
      -0.4677896797657013
    ],
    [
      -0.3028053641319275,
      0.2522560954093933,
      0.9190624356269836,
      -0.3614695370197296,
      0.861886203289032,
      -0.3556569814682007,
      -0.8818439245223999,
      -0.43990790843963623,
      -0.16980087757110596
    ],
    [
      0.9619426727294922,
      -0.2708737552165985,
      -0.035967569798231125,
      0.25391027331352234,
      0.9347186088562012,
      -0.24865758419036865,
      0.10097437351942062,
      0.23006181418895721,
      0.9679233431816101
    ],
    [
      0.9322995543479919,
      0.3606984615325928,
      -0.026723602786660194,
      -0.34445008635520935,
      0.8629046082496643,
      -0.36979687213897705,
      -0.11032523959875107,
      0.3539664149284363,
      0.9287282228469849
    ],
    [
      0.9733226895332336,
      0.04990382120013237,
      -0.22394779324531555,
      -0.041846491396427155,
      0.9982994198799133,
      0.040584731847047806,
      0.22559228539466858,
      -0.030130619183182716,
      0.9737557768821716
    ],
    [
      0.9877535700798035,
      -0.09548675268888474,
      0.12338978797197342,
      0.09269127994775772,
      0.9952951073646545,
      0.02821424975991249,
      -0.1255033314228058,
      -0.016431573778390884,
      0.9919570684432983
    ]
  ],
  "root_rot": [
    -0.5436990857124329,
    0.032480791211128235,
    -0.8386514782905579,
    -0.06537053734064102,
    -0.9978541135787964,
    0.0037331460043787956,
    -0.8367305397987366,
    0.0568528026342392,
    0.5446556806564331
  ],
  "root_trans": [
    -0.4012410044670105,
    0.5913701057434082,
    2.964815855026245
  ]
}