{
  "betas": [
    -0.15257665514945984,
    0.692415714263916,
    0.8920618295669556,
    0.44013088941574097,
    0.0795372724533081,
    -0.11148209124803543,
    -0.31344664096832275,
    0.8486531376838684,
    -0.10981950163841248,
    1.1770620346069336
  ],
  "joints": [
    [
      0.9900391101837158,
      -0.11334864050149918,
      0.08351408690214157,
      0.1263740509748459,
      0.9769183397293091,
      -0.17222125828266144,
      -0.06206539645791054,
      0.1810598075389862,
      0.9815117120742798
    ],
    [
      0.9744516015052795,
      0.19742359220981598,
      -0.10708900541067123,
      -0.12745757400989532,
      0.8786771297454834,
      0.4600880444049835,
      0.18492890894412994,
      -0.4346841871738434,
      0.8813914656639099
    ],
    [
      0.9962268471717834,
      0.08461425453424454,
      -0.019298922270536423,
      -0.08677898347377777,
      0.9742552638053894,
      -0.20807752013206482,
      0.0011957490351051092,
      0.2089671641588211,
      0.9779219627380371
    ],
    [
      0.9987375736236572,
      0.012056788429617882,
      -0.048762354999780655,
      -0.018155129626393318,
      0.9917845726013184,
      -0.12662442028522491,
      0.046835072338581085,
      0.1273498684167862,
      0.9907513856887817
    ],
    [
      0.9912217259407043,
      -0.08544175326824188,
      -0.10089193284511566,
      0.03254628926515579,
      0.8973285555839539,
      -0.44016149640083313,
      0.128141388297081,
      0.4330139756202698,
      0.892232358455658
    ],
    [
      0.9906957149505615,
      0.07748637348413467,
      -0.11188378930091858,
      -0.07858438789844513,
      0.9968926906585693,
      -0.0054306890815496445,
      0.11111532151699066,
      0.014172477647662163,
      0.9937065243721008
    ],
    [
      0.9437281489372253,
      0.2387709766626358,
      0.2288351058959961,
      -0.2662612497806549,
      0.9589592218399048,
      0.09747883677482605,
      -0.1961684226989746,
      -0.15292344987392426,
      0.9685722589492798
    ],
    [
      0.8473283052444458,
      -0.39278048276901245,
      -0.35743287205696106,
      0.37569281458854675,
      0.9190329313278198,
      -0.1193036362528801,
      0.37535274028778076,
      -0.033195625990629196,
      0.9262874126434326
    ],
    [
      0.9918769598007202,
      0.11492905020713806,
      0.05450890213251114,
      -0.11382721364498138,
      0.993236243724823,
      -0.02291666530072689,
      -0.05677400901913643,
      0.01652592234313488,
      0.9982501864433289
    ],
    [
      0.9650518298149109,
      -0.25636813044548035,
      0.054316624999046326,
      0.1589636653661728,
      0.7374640703201294,
      0.6564124226570129,
      -0.20833979547023773,
      -0.6248376965522766,
      0.7524442672729492
    ],
    [
      0.7875275015830994,
      0.5854864120483398,
      0.1923692375421524,
      -0.574553370475769,
      0.8104256391525269,
      -0.11444930732250214,
      -0.22290948033332825,
      -0.020394422113895416,
      0.9746256470680237
    ],
    [
      0.9446325302124023,
      -0.21191348135471344,
      -0.2505234181880951,
      0.19201542437076569,
      0.9761126637458801,
      -0.10165683180093765,
      0.2660815417766571,
      0.04792400076985359,
      0.9627584218978882
    ],
    [
      0.9518262147903442,
      0.2870936989784241,
      -0.10772165656089783,
      -0.2685776948928833,
      0.9500610828399658,
      0.1589026302099228,
      0.14796209335327148,
      -0.12231607735157013,
      0.9814000129699707
    ],
    [
      0.87519371509552,
      -0.23039837181568146,
      0.4253852069377899,
      0.053974051028490067,
      0.9203217625617981,
      0.3874204158782959,
      -0.4807523488998413,
      -0.3161081373691559,
      0.8178953528404236
    ],
    [
      0.9345518350601196,
      -0.14943605661392212,
      -0.32292667031288147,
      0.20767799019813538,
      0.9659987688064575,
      0.1540004014968872,
      0.28893357515335083,
      -0.2109861522912979,
      0.9338104724884033
    ],
    [
      0.8325760364532471,
      0.5537684559822083,
      0.012557918205857277,
      -0.5006091594696045,
      0.7619693279266357,
      -0.41084450483322144,
      -0.23708143830299377,
      0.33577266335487366,
      0.9116189479827881
    ],
    [
      0.8245336413383484,
      -0.19668187201023102,
      0.5305285453796387,
      0.09131345897912979,
      0.9716038107872009,
      0.21828392148017883,
      -0.55839604139328,
      -0.1315380334854126,
      0.8190797567367554
    ],
    [
      0.29159021377563477,
      -0.22117331624031067,
      -0.9306221008300781,
      -0.21360376477241516,
      0.9332775473594666,
      -0.28873252868652344,
      0.9323886632919312,
      0.282975971698761,
      0.22489114105701447
    ],
    [
      -0.5332090854644775,
      0.160234734416008,
      0.830670177936554,
      -0.2653869390487671,
      0.9006521105766296,
      -0.344086617231369,
      -0.803279459476471,
      -0.40391913056373596,
      -0.4377116858959198
    ],
    [
      0.9696585536003113,
      -0.2404984086751938,
      0.043849870562553406,
      0.2293698936700821,
      0.8329848647117615,
      -0.5035133361816406,
      0.0845678448677063,
      0.49829384684562683,
      0.8628739714622498
    ],
    [
      0.8744463920593262,
      0.48504629731178284,
      0.008575601503252983,
      -0.39901718497276306,
      0.7291813492774963,
      -0.5559493899345398,
      -0.27591440081596375,
      0.48272615671157837,
      0.8311718106269836
    ],
    [
      0.784084677696228,
      0.510816752910614,
      -0.3525301218032837,
      -0.2531013786792755,
      0.7817853689193726,
      0.5698696374893188,
      0.5667018294334412,
      -0.3576001822948456,
      0.7422743439674377
    ],
    [
      0.8890876173973083,
      -0.23016177117824554,
      0.395662397146225,
      0.15534496307373047,
      0.964807391166687,
      0.21216687560081482,
      -0.4305706322193146,
      -0.12717078626155853,
      0.8935527801513672
    ]
  ],
  "root_rot": [
    0.034228917211294174,
    -0.12323034554719925,
    0.9917874932289124,
    0.3693740963935852,
    -0.9205441474914551,
    -0.12712626159191132,
    0.9286501407623291,
    0.37069207429885864,
    0.014008867554366589
  ],
  "root_trans": [
    0.3980325162410736,
    0.483159601688385,
    2.202967405319214
  ]
}